
 20  20

  0  78   1  79   2  77   3  78   4  78   5  77   6  78   7  79   8  79   9  77  10  81  11  81  12  79  13  80  14  77  15  78  16  77  17  81  18  80  19  78 
  0  81   1  81   2  83   3  81   4  81   5  79   6  80   7  78   8  78   9  79  10  81  11  81  12  81  13  82  14  81  15  83  16  84  17  80  18  81  19  82 
  0  84   1  81   2  82   3  81   4  80   5  81   6  81   7  81   8  80   9  81  10  80  11  81  12  78  13  83  14  81  15  82  16  83  17  80  18  78  19  81 
  0  81   1  80   2  80   3  81   4  79   5  79   6  77   7  78   8  78   9  82  10  82  11  77  12  80  13  78  14  80  15  81  16  81  17  80  18  81  19  80 
  0  82   1  78   2  84   3  80   4  79   5  80   6  80   7  80   8  80   9  80  10  81  11  79  12  78  13  84  14  80  15  82  16  81  17  82  18  81  19  81 
  0  81   1  80   2  83   3  80   4  80   5  81   6  79   7  79   8  80   9  80  10  80  11  81  12  81  13  83  14  81  15  83  16  82  17  82  18  81  19  82 
  0  84   1  81   2  84   3  81   4  81   5  79   6  81   7  81   8  78   9  80  10  82  11  81  12  81  13  84  14  81  15  83  16  81  17  80  18  80  19  83 
  0  80   1  79   2  82   3  78   4  78   5  81   6  81   7  81   8  78   9  79  10  79  11  81  12  80  13  83  14  81  15  83  16  84  17  81  18  81  19  82 
  0  76   1  80   2  77   3  80   4  79   5  77   6  80   7  77   8  80   9  77  10  79  11  79  12  77  13  75  14  79  15  77  16  77  17  79  18  77  19  79 
  0  84   1  81   2  83   3  79   4  79   5  81   6  81   7  79   8  80   9  82  10  81  11  81  12  80  13  84  14  81  15  83  16  84  17  82  18  81  19  81 
  0  84   1  81   2  84   3  80   4  80   5  79   6  81   7  79   8  80   9  82  10  82  11  81  12  81  13  83  14  81  15  83  16  84  17  82  18  81  19  83 
  0  82   1  81   2  83   3  80   4  80   5  81   6  81   7  81   8  78   9  82  10  82  11  81  12  80  13  81  14  81  15  83  16  83  17  80  18  79  19  83 
  0  74   1  77   2  78   3  78   4  77   5  77   6  78   7  78   8  78   9  78  10  79  11  77  12  77  13  75  14  79  15  79  16  77  17  79  18  78  19  76 
  0  82   1  80   2  82   3  81   4  78   5  81   6  80   7  78   8  80   9  81  10  82  11  78  12  79  13  82  14  81  15  83  16  84  17  82  18  81  19  80 
  0  81   1  79   2  84   3  78   4  78   5  80   6  81   7  81   8  80   9  80  10  81  11  79  12  78  13  81  14  78  15  83  16  84  17  82  18  81  19  80 
  0  78   1  77   2  75   3  79   4  77   5  78   6  80   7  77   8  78   9  78  10  77  11  77  12  80  13  75  14  77  15  76  16  77  17  79  18  77  19  78 
  0  81   1  79   2  84   3  79   4  81   5  81   6  80   7  81   8  80   9  80  10  81  11  81  12  81  13  84  14  81  15  83  16  84  17  81  18  81  19  80 
  0  80   1  81   2  82   3  80   4  81   5  80   6  81   7  81   8  80   9  82  10  81  11  81  12  81  13  81  14  80  15  83  16  84  17  82  18  81  19  81 
  0  82   1  79   2  83   3  80   4  79   5  81   6  79   7  81   8  79   9  80  10  81  11  79  12  81  13  84  14  81  15  82  16  84  17  81  18  81  19  81 
  0  81   1  79   2  79   3  77   4  78   5  77   6  80   7  79   8  80   9  77  10  80  11  81  12  80  13  78  14  81  15  81  16  79  17  81  18  78  19  81 


