
 20  20

  0  71   1  69   2  72   3  72   4  67   5  70   6  73   7  68   8  73   9  73  10  71  11  69  12  71  13  72  14  69  15  71  16  70  17  67  18  68  19  71 
  0  71   1  67   2  72   3  69   4  67   5  69   6  68   7  68   8  71   9  69  10  67  11  67  12  70  13  71  14  70  15  69  16  69  17  69  18  67  19  69 
  0  73   1  70   2  71   3  71   4  67   5  71   6  73   7  68   8  72   9  73  10  69  11  69  12  71  13  73  14  70  15  70  16  68  17  68  18  69  19  69 
  0  69   1  70   2  68   3  70   4  67   5  70   6  70   7  69   8  70   9  69  10  69  11  68  12  69  13  69  14  67  15  69  16  70  17  68  18  70  19  71 
  0  69   1  70   2  72   3  72   4  69   5  69   6  73   7  67   8  72   9  73  10  69  11  67  12  69  13  72  14  67  15  72  16  70  17  69  18  70  19  70 
  0  66   1  66   2  65   3  64   4  67   5  65   6  66   7  69   8  63   9  66  10  65  11  67  12  65  13  65  14  67  15  66  16  66  17  68  18  66  19  67 
  0  65   1  66   2  66   3  64   4  67   5  65   6  67   7  67   8  65   9  67  10  68  11  67  12  66  13  67  14  66  15  65  16  67  17  69  18  66  19  66 
  0  72   1  68   2  72   3  71   4  69   5  71   6  73   7  67   8  71   9  73  10  71  11  70  12  71  13  72  14  68  15  72  16  70  17  69  18  69  19  69 
  0  65   1  66   2  64   3  64   4  67   5  68   6  63   7  68   8  66   9  64  10  68  11  66  12  66  13  67  14  67  15  65  16  68  17  68  18  67  19  66 
  0  73   1  69   2  69   3  72   4  69   5  71   6  73   7  69   8  73   9  73  10  69  11  67  12  69  13  71  14  67  15  72  16  70  17  68  18  70  19  69 
  0  69   1  66   2  67   3  67   4  67   5  67   6  65   7  69   8  68   9  68  10  65  11  66  12  65  13  68  14  67  15  68  16  68  17  67  18  66  19  69 
  0  71   1  67   2  72   3  70   4  68   5  71   6  72   7  68   8  69   9  73  10  71  11  68  12  71  13  70  14  70  15  69  16  69  17  69  18  67  19  71 
  0  70   1  67   2  71   3  72   4  69   5  70   6  73   7  69   8  69   9  71  10  70  11  67  12  69  13  70  14  69  15  71  16  67  17  69  18  70  19  71 
  0  72   1  68   2  69   3  70   4  69   5  69   6  70   7  67   8  73   9  71  10  70  11  68  12  69  13  71  14  68  15  69  16  69  17  67  18  70  19  71 
  0  66   1  67   2  65   3  64   4  68   5  67   6  66   7  67   8  64   9  63  10  68  11  66  12  65  13  63  14  66  15  65  16  68  17  69  18  66  19  67 
  0  68   1  66   2  66   3  69   4  67   5  69   6  70   7  67   8  69   9  66  10  68  11  68  12  67  13  69  14  66  15  66  16  67  17  67  18  69  19  67 
  0  72   1  69   2  72   3  71   4  69   5  70   6  72   7  68   8  72   9  71  10  71  11  68  12  71  13  73  14  70  15  72  16  67  17  68  18  69  19  69 
  0  63   1  66   2  67   3  65   4  67   5  68   6  64   7  68   8  65   9  63  10  66  11  66  12  66  13  64  14  66  15  67  16  66  17  69  18  67  19  65 
  0  69   1  69   2  66   3  68   4  68   5  67   6  70   7  68   8  67   9  67  10  68  11  70  12  70  13  66  14  69  15  66  16  70  17  68  18  68  19  68 
  0  71   1  68   2  70   3  72   4  68   5  68   6  73   7  67   8  72   9  70  10  71  11  69  12  69  13  73  14  70  15  69  16  68  17  68  18  70  19  69 


