
 20  20

  0  82   1  85   2  85   3  84   4  83   5  82   6  86   7  84   8  86   9  86  10  87  11  86  12  84  13  86  14  86  15  84  16  83  17  85  18  86  19  84 
  0  90   1  89   2  85   3  86   4  90   5  88   6  84   7  85   8  85   9  86  10  87  11  84  12  85  13  86  14  87  15  86  16  85  17  86  18  87  19  86 
  0  89   1  87   2  84   3  86   4  86   5  88   6  85   7  87   8  84   9  86  10  86  11  86  12  85  13  85  14  86  15  86  16  88  17  87  18  87  19  86 
  0  90   1  88   2  86   3  86   4  89   5  88   6  86   7  87   8  86   9  86  10  87  11  86  12  87  13  86  14  89  15  85  16  88  17  89  18  87  19  86 
  0  86   1  84   2  84   3  86   4  88   5  84   6  85   7  84   8  86   9  84  10  85  11  85  12  87  13  84  14  88  15  84  16  85  17  84  18  86  19  84 
  0  89   1  89   2  86   3  84   4  90   5  87   6  85   7  85   8  84   9  84  10  87  11  85  12  85  13  86  14  90  15  85  16  88  17  90  18  85  19  86 
  0  85   1  86   2  84   3  85   4  84   5  84   6  86   7  87   8  84   9  84  10  87  11  85  12  85  13  86  14  85  15  86  16  84  17  84  18  85  19  86 
  0  86   1  83   2  84   3  86   4  85   5  84   6  84   7  86   8  84   9  84  10  84  11  86  12  83  13  84  14  86  15  86  16  85  17  83  18  83  19  85 
  0  84   1  87   2  86   3  85   4  86   5  84   6  87   7  85   8  84   9  85  10  84  11  84  12  87  13  84  14  87  15  85  16  85  17  88  18  87  19  86 
  0  87   1  89   2  85   3  86   4  87   5  86   6  84   7  86   8  86   9  86  10  84  11  85  12  87  13  86  14  86  15  86  16  87  17  86  18  87  19  86 
  0  81   1  82   2  84   3  84   4  82   5  82   6  84   7  83   8  84   9  84  10  83  11  86  12  85  13  84  14  82  15  84  16  82  17  80  18  83  19  84 
  0  83   1  84   2  86   3  84   4  83   5  85   6  86   7  83   8  85   9  86  10  86  11  84  12  84  13  86  14  85  15  86  16  82  17  82  18  83  19  86 
  0  81   1  82   2  86   3  85   4  80   5  83   6  83   7  83   8  84   9  86  10  83  11  85  12  83  13  84  14  80  15  84  16  82  17  80  18  84  19  84 
  0  83   1  84   2  86   3  86   4  83   5  82   6  84   7  85   8  84   9  84  10  86  11  84  12  85  13  84  14  84  15  84  16  84  17  80  18  83  19  84 
  0  87   1  86   2  86   3  84   4  85   5  85   6  87   7  85   8  86   9  85  10  87  11  86  12  87  13  85  14  89  15  86  16  87  17  86  18  87  19  85 
  0  90   1  87   2  86   3  85   4  88   5  86   6  87   7  86   8  85   9  86  10  87  11  86  12  85  13  85  14  90  15  85  16  88  17  88  18  87  19  86 
  0  82   1  84   2  86   3  86   4  84   5  84   6  83   7  85   8  85   9  84  10  83  11  86  12  86  13  86  14  81  15  84  16  83  17  84  18  84  19  86 
  0  90   1  88   2  84   3  86   4  88   5  88   6  87   7  85   8  85   9  85  10  87  11  86  12  85  13  85  14  90  15  86  16  86  17  90  18  87  19  86 
  0  87   1  87   2  86   3  85   4  88   5  86   6  87   7  87   8  86   9  85  10  87  11  86  12  87  13  85  14  90  15  84  16  88  17  89  18  87  19  86 
  0  84   1  82   2  85   3  85   4  82   5  86   6  84   7  83   8  84   9  84  10  83  11  84  12  85  13  86  14  84  15  84  16  85  17  81  18  85  19  86 


