
 20  20

  0  53   1  53   2  52   3  57   4  54   5  55   6  54   7  54   8  57   9  54  10  56  11  57  12  55  13  56  14  54  15  56  16  55  17  54  18  52  19  55 
  0  57   1  58   2  56   3  56   4  57   5  55   6  57   7  58   8  55   9  54  10  59  11  57  12  57  13  55  14  56  15  55  16  57  17  55  18  57  19  57 
  0  51   1  55   2  52   3  57   4  56   5  56   6  51   7  54   8  57   9  56  10  52  11  55  12  55  13  54  14  53  15  54  16  55  17  55  18  52  19  55 
  0  60   1  58   2  59   3  57   4  58   5  57   6  59   7  58   8  57   9  58  10  60  11  55  12  60  13  57  14  59  15  58  16  57  17  58  18  60  19  56 
  0  61   1  56   2  59   3  55   4  59   5  56   6  59   7  58   8  55   9  56  10  58  11  57  12  57  13  58  14  59  15  58  16  55  17  58  18  60  19  57 
  0  54   1  55   2  56   3  57   4  54   5  56   6  52   7  54   8  55   9  57  10  56  11  55  12  54  13  54  14  53  15  54  16  55  17  54  18  57  19  57 
  0  55   1  54   2  55   3  57   4  57   5  55   6  56   7  54   8  57   9  58  10  56  11  56  12  55  13  55  14  58  15  56  16  57  17  58  18  56  19  55 
  0  59   1  57   2  61   3  57   4  56   5  57   6  60   7  57   8  55   9  56  10  57  11  57  12  60  13  56  14  59  15  60  16  57  17  57  18  57  19  55 
  0  57   1  57   2  55   3  55   4  59   5  55   6  57   7  54   8  55   9  54  10  56  11  55  12  55  13  54  14  59  15  56  16  57  17  54  18  57  19  57 
  0  54   1  58   2  55   3  55   4  55   5  55   6  56   7  58   8  56   9  57  10  56  11  55  12  57  13  56  14  57  15  56  16  55  17  57  18  55  19  56 
  0  54   1  55   2  56   3  57   4  57   5  57   6  55   7  57   8  55   9  57  10  58  11  55  12  54  13  56  14  57  15  58  16  55  17  55  18  55  19  57 
  0  55   1  54   2  52   3  55   4  55   5  55   6  55   7  57   8  57   9  57  10  55  11  57  12  57  13  57  14  56  15  55  16  55  17  55  18  55  19  57 
  0  61   1  59   2  57   3  55   4  58   5  55   6  59   7  55   8  57   9  58  10  58  11  56  12  60  13  56  14  59  15  58  16  56  17  58  18  58  19  57 
  0  54   1  56   2  51   3  57   4  54   5  55   6  52   7  57   8  56   9  54  10  52  11  55  12  54  13  54  14  54  15  53  16  56  17  54  18  53  19  57 
  0  59   1  57   2  57   3  57   4  59   5  56   6  59   7  58   8  55   9  55  10  57  11  56  12  56  13  58  14  56  15  60  16  57  17  56  18  57  19  56 
  0  59   1  60   2  61   3  57   4  57   5  57   6  61   7  57   8  56   9  57  10  60  11  55  12  58  13  58  14  59  15  60  16  55  17  56  18  60  19  56 
  0  59   1  56   2  57   3  56   4  59   5  57   6  61   7  57   8  56   9  57  10  56  11  57  12  56  13  58  14  57  15  58  16  57  17  58  18  59  19  57 
  0  56   1  54   2  56   3  57   4  58   5  55   6  54   7  55   8  55   9  56  10  56  11  57  12  54  13  55  14  58  15  55  16  57  17  58  18  58  19  55 
  0  60   1  58   2  59   3  56   4  58   5  57   6  61   7  57   8  57   9  58  10  60  11  57  12  58  13  57  14  58  15  58  16  57  17  57  18  57  19  57 
  0  52   1  54   2  54   3  55   4  53   5  55   6  51   7  54   8  56   9  54  10  53  11  55  12  55  13  54  14  55  15  54  16  55  17  54  18  52  19  57 


