
 20  20

  0  46   1  46   2  48   3  50   4  46   5  48   6  46   7  51   8  47   9  51  10  48  11  46  12  50  13  48  14  49  15  51  16  47  17  50  18  48  19  50 
  0  52   1  52   2  52   3  50   4  53   5  52   6  51   7  49   8  52   9  52  10  55  11  55  12  50  13  53  14  50  15  51  16  53  17  49  18  51  19  50 
  0  45   1  47   2  47   3  49   4  46   5  48   6  45   7  51   8  47   9  47  10  45  11  45  12  49  13  48  14  51  15  49  16  47  17  48  18  45  19  48 
  0  53   1  50   2  51   3  52   4  49   5  48   6  49   7  49   8  52   9  50  10  51  11  50  12  49  13  49  14  51  15  49  16  49  17  52  18  52  19  48 
  0  53   1  51   2  50   3  50   4  53   5  52   6  49   7  51   8  49   9  51  10  53  11  49  12  50  13  53  14  49  15  50  16  51  17  49  18  52  19  49 
  0  47   1  45   2  45   3  50   4  46   5  48   6  46   7  51   8  46   9  47  10  47  11  45  12  47  13  47  14  49  15  48  16  45  17  48  18  45  19  48 
  0  54   1  52   2  55   3  52   4  50   5  49   6  55   7  51   8  51   9  52  10  55  11  55  12  51  13  52  14  51  15  51  16  54  17  52  18  51  19  51 
  0  48   1  49   2  51   3  48   4  52   5  51   6  49   7  51   8  48   9  49  10  50  11  50  12  48  13  49  14  49  15  50  16  50  17  48  18  48  19  49 
  0  53   1  50   2  50   3  51   4  49   5  51   6  50   7  49   8  52   9  53  10  51  11  50  12  49  13  50  14  49  15  52  16  51  17  51  18  53  19  51 
  0  46   1  47   2  45   3  49   4  46   5  49   6  47   7  50   8  46   9  48  10  48  11  45  12  47  13  50  14  49  15  47  16  46  17  51  18  45  19  51 
  0  52   1  54   2  54   3  50   4  53   5  52   6  54   7  49   8  54   9  52  10  52  11  52  12  51  13  53  14  51  15  51  16  55  17  52  18  54  19  52 
  0  55   1  55   2  55   3  50   4  54   5  52   6  55   7  51   8  54   9  53  10  54  11  55  12  53  13  52  14  51  15  51  16  53  17  52  18  54  19  50 
  0  50   1  52   2  53   3  52   4  50   5  48   6  52   7  50   8  53   9  53  10  50  11  49  12  49  13  49  14  51  15  51  16  52  17  51  18  51  19  49 
  0  46   1  48   2  47   3  48   4  47   5  50   6  46   7  49   8  46   9  47  10  47  11  48  12  47  13  48  14  51  15  47  16  45  17  49  18  49  19  51 
  0  45   1  45   2  45   3  48   4  46   5  50   6  45   7  50   8  46   9  47  10  45  11  45  12  47  13  47  14  50  15  47  16  46  17  48  18  45  19  48 
  0  55   1  54   2  53   3  51   4  52   5  51   6  54   7  49   8  54   9  53  10  55  11  53  12  53  13  53  14  50  15  52  16  53  17  52  18  55  19  52 
  0  52   1  54   2  55   3  49   4  52   5  52   6  51   7  49   8  52   9  52  10  54  11  51  12  51  13  52  14  51  15  50  16  54  17  51  18  51  19  52 
  0  52   1  52   2  55   3  52   4  54   5  50   6  55   7  51   8  54   9  50  10  52  11  55  12  51  13  53  14  51  15  53  16  54  17  52  18  54  19  51 
  0  52   1  52   2  49   3  48   4  51   5  52   6  50   7  50   8  51   9  50  10  52  11  53  12  50  13  51  14  51  15  52  16  49  17  48  18  52  19  49 
  0  48   1  46   2  48   3  49   4  51   5  48   6  50   7  49   8  48   9  48  10  49  11  46  12  50  13  47  14  49  15  47  16  49  17  51  18  50  19  51 


