
 20  20

  0  65   1  68   2  63   3  68   4  65   5  67   6  68   7  68   8  68   9  65  10  68  11  65  12  65  13  67  14  66  15  67  16  68  17  68  18  66  19  64 
  0  63   1  65   2  66   3  67   4  67   5  68   6  66   7  67   8  65   9  68  10  66  11  63  12  66  13  65  14  66  15  65  16  65  17  67  18  66  19  64 
  0  71   1  69   2  71   3  69   4  69   5  69   6  68   7  71   8  70   9  67  10  68  11  71  12  71  13  69  14  69  15  71  16  71  17  67  18  68  19  70 
  0  64   1  67   2  65   3  66   4  65   5  65   6  68   7  67   8  65   9  66  10  67  11  63  12  64  13  65  14  64  15  64  16  63  17  66  18  68  19  67 
  0  66   1  69   2  66   3  69   4  69   5  70   6  68   7  68   8  70   9  68  10  66  11  67  12  66  13  69  14  70  15  67  16  70  17  66  18  66  19  70 
  0  65   1  66   2  66   3  65   4  69   5  66   6  67   7  69   8  68   9  65  10  67  11  66  12  65  13  68  14  69  15  69  16  69  17  68  18  68  19  67 
  0  64   1  65   2  63   3  63   4  65   5  66   6  68   7  63   8  64   9  65  10  66  11  64  12  63  13  65  14  62  15  63  16  64  17  67  18  68  19  63 
  0  67   1  66   2  67   3  69   4  68   5  69   6  68   7  66   8  65   9  68  10  67  11  68  12  65  13  66  14  66  15  68  16  67  17  68  18  68  19  69 
  0  66   1  65   2  66   3  69   4  69   5  70   6  66   7  69   8  68   9  68  10  66  11  69  12  66  13  68  14  70  15  69  16  70  17  68  18  66  19  67 
  0  66   1  65   2  66   3  65   4  66   5  69   6  66   7  65   8  67   9  67  10  66  11  65  12  69  13  66  14  66  15  67  16  67  17  68  18  68  19  68 
  0  66   1  65   2  68   3  69   4  65   5  65   6  66   7  68   8  66   9  67  10  66  11  67  12  65  13  68  14  66  15  66  16  69  17  66  18  68  19  66 
  0  62   1  65   2  64   3  65   4  67   5  65   6  68   7  66   8  66   9  68  10  66  11  62  12  64  13  66  14  64  15  66  16  63  17  68  18  67  19  66 
  0  72   1  67   2  72   3  71   4  67   5  70   6  68   7  71   8  68   9  69  10  68  11  70  12  71  13  66  14  70  15  71  16  70  17  66  18  66  19  69 
  0  69   1  69   2  68   3  69   4  69   5  68   6  67   7  67   8  69   9  67  10  68  11  69  12  69  13  69  14  69  15  70  16  69  17  68  18  67  19  67 
  0  65   1  65   2  63   3  67   4  68   5  64   6  68   7  66   8  64   9  66  10  68  11  66  12  65  13  67  14  64  15  64  16  67  17  66  18  68  19  65 
  0  65   1  68   2  68   3  65   4  66   5  64   6  66   7  65   8  67   9  68  10  67  11  65  12  65  13  68  14  68  15  66  16  66  17  68  18  68  19  67 
  0  69   1  66   2  66   3  66   4  65   5  68   6  68   7  69   8  67   9  67  10  68  11  69  12  65  13  65  14  66  15  65  16  67  17  66  18  66  19  66 
  0  72   1  69   2  71   3  68   4  67   5  68   6  66   7  70   8  69   9  69  10  68  11  70  12  72  13  69  14  69  15  71  16  69  17  67  18  68  19  71 
  0  65   1  65   2  65   3  63   4  68   5  64   6  68   7  66   8  64   9  65  10  68  11  64  12  67  13  66  14  65  15  65  16  66  17  68  18  67  19  67 
  0  71   1  67   2  70   3  70   4  66   5  69   6  68   7  71   8  67   9  67  10  66  11  70  12  68  13  66  14  70  15  69  16  68  17  68  18  67  19  69 


