
 20  20

  0   8   1   4   2   6   3   4   4   4   5   4   6   4   7   5   8   4   9   6  10   8  11   4  12   3  13   8  14   4  15   5  16   5  17   3  18   8  19   7 
  0   8   1   2   2   7   3   3   4   5   5   3   6   4   7   5   8   4   9   3  10   5  11   4  12   2  13   8  14   2  15   4  16   3  17   4  18   5  19   7 
  0   4   1   3   2   5   3   3   4   5   5   4   6   5   7   4   8   4   9   2  10   4  11   2  12   2  13   2  14   2  15   3  16   3  17   2  18   6  19   6 
  0   1   1   4   2   1   3   1   4   1   5   2   6   2   7   4   8   2   9   2  10   1  11   2  12   4  13   1  14   2  15   4  16   1  17   4  18   1  19   2 
  0   4   1   4   2   1   3   2   4   1   5   4   6   4   7   3   8   4   9   1  10   1  11   4  12   4  13   1  14   3  15   1  16   3  17   2  18   2  19   1 
  0   4   1   4   2   7   3   6   4   2   5   4   6   3   7   4   8   4   9   3  10   5  11   4  12   4  13   6  14   2  15   5  16   5  17   2  18   5  19   7 
  0   1   1   4   2   5   3   3   4   3   5   4   6   3   7   4   8   3   9   1  10   1  11   3  12   3  13   3  14   2  15   1  16   2  17   4  18   3  19   4 
  0   1   1   2   2   1   3   1   4   3   5   4   6   2   7   1   8   2   9   4  10   1  11   4  12   3  13   1  14   4  15   1  16   2  17   2  18   1  19   1 
  0   5   1   4   2   2   3   3   4   4   5   2   6   2   7   4   8   2   9   5  10   4  11   3  12   4  13   5  14   2  15   3  16   5  17   4  18   2  19   1 
  0   8   1   4   2   6   3   6   4   5   5   4   6   6   7   5   8   3   9   6  10   8  11   4  12   4  13   6  14   2  15   3  16   3  17   3  18   8  19   7 
  0   7   1   4   2   8   3   6   4   5   5   4   6   5   7   5   8   4   9   6  10   6  11   4  12   2  13   8  14   4  15   5  16   5  17   2  18   8  19   6 
  0   1   1   2   2   1   3   3   4   3   5   2   6   1   7   1   8   2   9   1  10   1  11   3  12   2  13   1  14   2  15   1  16   4  17   2  18   1  19   2 
  0   7   1   4   2   6   3   6   4   4   5   4   6   6   7   4   8   4   9   4  10   7  11   2  12   2  13   8  14   3  15   5  16   4  17   4  18   7  19   5 
  0   1   1   3   2   1   3   2   4   3   5   2   6   1   7   1   8   2   9   1  10   1  11   2  12   2  13   1  14   3  15   1  16   2  17   2  18   1  19   1 
  0   4   1   3   2   7   3   3   4   5   5   3   6   4   7   2   8   4   9   6  10   4  11   3  12   4  13   4  14   4  15   4  16   5  17   4  18   8  19   6 
  0   1   1   2   2   1   3   1   4   1   5   2   6   1   7   1   8   3   9   2  10   1  11   4  12   3  13   1  14   2  15   3  16   1  17   2  18   1  19   1 
  0   6   1   4   2   7   3   3   4   2   5   4   6   2   7   3   8   4   9   3  10   6  11   4  12   4  13   6  14   4  15   2  16   5  17   4  18   3  19   4 
  0   6   1   2   2   7   3   3   4   5   5   4   6   4   7   5   8   2   9   3  10   5  11   2  12   2  13   5  14   2  15   3  16   5  17   2  18   7  19   6 
  0   2   1   3   2   1   3   2   4   2   5   3   6   2   7   2   8   3   9   2  10   3  11   4  12   2  13   3  14   4  15   5  16   5  17   4  18   3  19   2 
  0   7   1   4   2   8   3   4   4   5   5   4   6   6   7   4   8   2   9   6  10   6  11   4  12   4  13   8  14   4  15   3  16   4  17   3  18   6  19   5 


