
 20  20

  0  45   1  44   2  45   3  46   4  44   5  44   6  45   7  44   8  45   9  46  10  43  11  43  12  45  13  46  14  44  15  44  16  43  17  43  18  44  19  45 
  0  42   1  43   2  45   3  45   4  46   5  45   6  46   7  44   8  45   9  45  10  45  11  44  12  43  13  45  14  46  15  43  16  46  17  45  18  45  19  46 
  0  39   1  41   2  43   3  42   4  44   5  42   6  41   7  43   8  43   9  40  10  44  11  43  12  43  13  40  14  40  15  43  16  40  17  40  18  43  19  44 
  0  49   1  46   2  44   3  47   4  48   5  49   6  46   7  47   8  46   9  46  10  45  11  49  12  45  13  48  14  48  15  45  16  49  17  47  18  48  19  48 
  0  47   1  45   2  43   3  45   4  43   5  46   6  43   7  44   8  46   9  46  10  45  11  47  12  43  13  47  14  46  15  43  16  45  17  47  18  48  19  44 
  0  43   1  47   2  45   3  45   4  47   5  45   6  44   7  47   8  45   9  47  10  43  11  45  12  43  13  45  14  45  15  43  16  43  17  43  18  44  19  46 
  0  49   1  46   2  44   3  47   4  47   5  49   6  48   7  47   8  44   9  46  10  43  11  48  12  45  13  48  14  48  15  43  16  49  17  48  18  49  19  48 
  0  45   1  45   2  44   3  47   4  44   5  48   6  46   7  46   8  43   9  46  10  44  11  47  12  45  13  48  14  48  15  44  16  47  17  47  18  49  19  44 
  0  40   1  39   2  43   3  42   4  41   5  41   6  40   7  42   8  44   9  42  10  45  11  39  12  45  13  40  14  40  15  45  16  42  17  41  18  41  19  41 
  0  39   1  40   2  43   3  43   4  43   5  40   6  40   7  44   8  42   9  42  10  43  11  40  12  43  13  43  14  41  15  43  16  41  17  40  18  41  19  43 
  0  45   1  45   2  44   3  46   4  44   5  44   6  45   7  46   8  46   9  46  10  45  11  46  12  43  13  44  14  43  15  43  16  43  17  45  18  45  19  47 
  0  48   1  46   2  44   3  45   4  47   5  45   6  48   7  46   8  46   9  48  10  43  11  46  12  45  13  48  14  48  15  45  16  47  17  46  18  48  19  48 
  0  46   1  45   2  45   3  45   4  47   5  47   6  46   7  45   8  44   9  48  10  45  11  47  12  44  13  45  14  48  15  43  16  47  17  48  18  49  19  45 
  0  47   1  45   2  43   3  44   4  44   5  43   6  46   7  46   8  45   9  47  10  45  11  47  12  45  13  45  14  47  15  45  16  43  17  47  18  43  19  44 
  0  42   1  43   2  45   3  42   4  42   5  46   6  46   7  43   8  45   9  45  10  45  11  43  12  43  13  42  14  42  15  43  16  43  17  44  18  43  19  46 
  0  44   1  41   2  45   3  45   4  43   5  45   6  42   7  43   8  46   9  45  10  44  11  45  12  45  13  42  14  45  15  45  16  44  17  46  18  42  19  43 
  0  46   1  47   2  45   3  44   4  46   5  45   6  43   7  46   8  43   9  46  10  44  11  44  12  45  13  43  14  43  15  45  16  46  17  43  18  48  19  43 
  0  49   1  49   2  43   3  46   4  48   5  48   6  47   7  44   8  43   9  48  10  44  11  49  12  45  13  45  14  47  15  45  16  47  17  48  18  49  19  45 
  0  41   1  44   2  45   3  41   4  44   5  43   6  45   7  41   8  43   9  42  10  43  11  41  12  45  13  43  14  43  15  43  16  40  17  41  18  43  19  42 
  0  43   1  40   2  44   3  45   4  40   5  40   6  43   7  45   8  45   9  44  10  43  11  40  12  43  13  42  14  40  15  44  16  44  17  41  18  40  19  42 


