
 20  20

  0  79   1  77   2  78   3  78   4  75   5  75   6  75   7  76   8  75   9  76  10  75  11  75  12  76  13  75  14  76  15  74  16  78  17  77  18  73  19  77 
  0  75   1  74   2  75   3  75   4  75   5  77   6  75   7  76   8  75   9  76  10  74  11  75  12  74  13  76  14  75  15  73  16  77  17  77  18  76  19  76 
  0  77   1  76   2  78   3  77   4  78   5  78   6  74   7  76   8  75   9  76  10  75  11  73  12  77  13  75  14  77  15  75  16  76  17  77  18  74  19  78 
  0  69   1  69   2  70   3  70   4  70   5  70   6  74   7  75   8  74   9  73  10  75  11  73  12  71  13  75  14  73  15  74  16  69  17  71  18  75  19  70 
  0  74   1  76   2  77   3  77   4  73   5  77   6  75   7  76   8  74   9  76  10  72  11  73  12  72  13  76  14  75  15  73  16  74  17  75  18  75  19  75 
  0  69   1  72   2  73   3  71   4  72   5  70   6  73   7  74   8  74   9  73  10  74  11  73  12  74  13  74  14  70  15  73  16  71  17  73  18  72  19  70 
  0  76   1  75   2  77   3  77   4  77   5  76   6  73   7  76   8  75   9  77  10  76  11  74  12  73  13  73  14  75  15  75  16  77  17  73  18  74  19  76 
  0  78   1  74   2  75   3  74   4  75   5  75   6  75   7  76   8  73   9  78  10  73  11  74  12  73  13  73  14  74  15  75  16  74  17  75  18  75  19  78 
  0  73   1  75   2  74   3  76   4  72   5  74   6  73   7  74   8  73   9  74  10  72  11  75  12  72  13  76  14  74  15  73  16  73  17  76  18  76  19  73 
  0  76   1  77   2  73   3  75   4  77   5  74   6  73   7  74   8  73   9  76  10  74  11  75  12  77  13  73  14  77  15  75  16  78  17  77  18  74  19  76 
  0  75   1  76   2  73   3  76   4  76   5  72   6  75   7  75   8  75   9  75  10  75  11  73  12  73  13  75  14  72  15  73  16  76  17  76  18  75  19  72 
  0  73   1  74   2  74   3  70   4  72   5  73   6  75   7  75   8  74   9  71  10  72  11  74  12  74  13  74  14  73  15  73  16  74  17  73  18  75  19  73 
  0  77   1  76   2  75   3  74   4  76   5  74   6  75   7  74   8  73   9  78  10  76  11  75  12  75  13  74  14  78  15  75  16  76  17  73  18  73  19  77 
  0  73   1  72   2  73   3  72   4  72   5  70   6  73   7  74   8  75   9  70  10  73  11  73  12  73  13  72  14  69  15  73  16  70  17  72  18  75  19  74 
  0  77   1  79   2  76   3  77   4  78   5  78   6  75   7  76   8  75   9  78  10  76  11  75  12  77  13  75  14  79  15  75  16  79  17  77  18  75  19  77 
  0  71   1  72   2  71   3  70   4  70   5  70   6  74   7  72   8  74   9  71  10  75  11  74  12  72  13  75  14  71  15  73  16  71  17  74  18  72  19  72 
  0  72   1  69   2  72   3  70   4  74   5  71   6  74   7  72   8  73   9  72  10  74  11  73  12  71  13  75  14  73  15  73  16  71  17  73  18  73  19  71 
  0  71   1  72   2  71   3  73   4  72   5  73   6  75   7  75   8  73   9  72  10  75  11  73  12  71  13  73  14  70  15  74  16  71  17  71  18  72  19  72 
  0  75   1  74   2  74   3  72   4  74   5  75   6  74   7  75   8  75   9  74  10  76  11  74  12  75  13  75  14  74  15  75  16  75  17  74  18  73  19  71 
  0  75   1  74   2  75   3  78   4  76   5  78   6  74   7  76   8  75   9  75  10  74  11  75  12  73  13  74  14  76  15  74  16  74  17  75  18  75  19  75 


