
 20  20

  0  94   1  95   2  93   3  92   4  92   5  95   6  95   7  94   8  93   9  92  10  96  11  94  12  95  13  94  14  95  15  93  16  93  17  94  18  93  19  95 
  0  99   1  96   2  99   3  99   4  99   5  97   6  99   7  98   8  99   9  99  10  97  11  98  12  97  13  99  14  99  15  99  16  99  17  99  18  99  19  98 
  0  99   1  99   2  95   3  96   4  96   5  98   6  95   7  97   8  97   9  98  10  95  11  95  12  97  13  98  14  95  15  98  16  97  17  95  18  95  19  98 
  0  99   1  98   2  99   3  99   4  97   5  98   6  97   7  98   8  99   9  99  10  95  11  96  12  95  13  99  14  99  15  99  16  97  17  99  18  99  19  98 
  0  99   1  99   2  96   3  97   4  98   5  96   6  99   7  98   8  96   9  98  10  95  11  98  12  95  13  99  14  96  15  98  16  97  17  99  18  99  19  96 
  0  99   1  98   2  98   3  99   4  99   5  96   6  99   7  98   8  98   9  96  10  95  11  98  12  95  13  97  14  97  15  99  16  99  17  96  18  99  19  98 
  0  91   1  95   2  92   3  94   4  94   5  93   6  93   7  94   8  91   9  92  10  95  11  94  12  96  13  92  14  92  15  93  16  92  17  93  18  91  19  94 
  0  98   1  96   2  99   3  98   4  96   5  96   6  96   7  96   8  95   9  99  10  95  11  97  12  95  13  98  14  99  15  99  16  99  17  98  18  96  19  96 
  0  91   1  93   2  95   3  95   4  92   5  93   6  93   7  96   8  94   9  95  10  95  11  94  12  95  13  95  14  92  15  94  16  92  17  93  18  95  19  94 
  0  91   1  93   2  91   3  92   4  94   5  92   6  93   7  94   8  91   9  93  10  95  11  94  12  95  13  92  14  93  15  91  16  92  17  94  18  93  19  94 
  0  99   1  99   2  98   3  99   4  99   5  98   6  99   7  98   8  99   9  99  10  97  11  98  12  97  13  99  14  99  15  98  16  99  17  99  18  98  19  96 
  0  99   1  99   2  99   3  96   4  98   5  96   6  99   7  98   8  99   9  99  10  96  11  97  12  97  13  96  14  99  15  97  16  98  17  97  18  99  19  98 
  0  94   1  93   2  91   3  93   4  92   5  92   6  96   7  96   8  94   9  95  10  96  11  94  12  97  13  93  14  95  15  92  16  95  17  92  18  91  19  94 
  0  99   1  96   2  99   3  99   4  97   5  99   6  97   7  98   8  97   9  99  10  95  11  98  12  97  13  98  14  99  15  99  16  98  17  98  18  99  19  95 
  0  93   1  93   2  91   3  94   4  94   5  93   6  93   7  95   8  91   9  93  10  95  11  95  12  96  13  94  14  93  15  91  16  94  17  94  18  93  19  94 
  0  94   1  96   2  94   3  95   4  94   5  98   6  97   7  95   8  97   9  96  10  97  11  97  12  95  13  94  14  98  15  98  16  95  17  96  18  97  19  98 
  0  94   1  93   2  93   3  96   4  96   5  93   6  93   7  95   8  96   9  93  10  97  11  95  12  96  13  96  14  95  15  96  16  95  17  94  18  94  19  96 
  0  96   1  96   2  97   3  95   4  96   5  94   6  98   7  96   8  98   9  94  10  95  11  94  12  97  13  96  14  94  15  97  16  96  17  98  18  96  19  96 
  0  95   1  96   2  96   3  95   4  94   5  98   6  97   7  94   8  94   9  98  10  96  11  98  12  95  13  95  14  94  15  94  16  98  17  97  18  98  19  97 
  0  93   1  96   2  95   3  95   4  93   5  95   6  96   7  96   8  95   9  95  10  95  11  94  12  95  13  92  14  93  15  94  16  92  17  92  18  94  19  94 


