
 20  20

  0  32   1  30   2  26   3  28   4  30   5  30   6  29   7  30   8  29   9  29  10  29  11  32  12  29  13  30  14  29  15  30  16  28  17  30  18  28  19  26 
  0  25   1  29   2  28   3  27   4  29   5  29   6  28   7  28   8  25   9  25  10  26  11  28  12  27  13  26  14  25  15  26  16  28  17  26  18  26  19  28 
  0  24   1  25   2  26   3  26   4  24   5  27   6  28   7  28   8  28   9  29  10  26  11  25  12  27  13  25  14  29  15  26  16  27  17  25  18  29  19  27 
  0  27   1  28   2  27   3  26   4  26   5  30   6  26   7  28   8  28   9  26  10  27  11  29  12  28  13  28  14  29  15  27  16  27  17  26  18  27  19  28 
  0  29   1  30   2  26   3  28   4  30   5  30   6  30   7  27   8  28   9  28  10  30  11  28  12  26  13  31  14  26  15  28  16  27  17  30  18  26  19  27 
  0  30   1  29   2  28   3  26   4  28   5  30   6  28   7  29   8  26   9  29  10  30  11  28  12  29  13  31  14  29  15  30  16  28  17  30  18  27  19  27 
  0  30   1  28   2  28   3  28   4  27   5  27   6  30   7  30   8  26   9  27  10  30  11  30  12  26  13  28  14  29  15  32  16  28  17  29  18  29  19  28 
  0  32   1  29   2  28   3  27   4  30   5  30   6  29   7  30   8  27   9  29  10  29  11  32  12  27  13  32  14  29  15  31  16  28  17  30  18  29  19  28 
  0  24   1  26   2  27   3  28   4  24   5  25   6  25   7  25   8  25   9  25  10  24  11  26  12  28  13  24  14  28  15  26  16  26  17  26  18  25  19  26 
  0  22   1  23   2  26   3  26   4  24   5  24   6  24   7  24   8  25   9  26  10  25  11  23  12  25  13  22  14  25  15  24  16  28  17  26  18  25  19  27 
  0  31   1  30   2  28   3  26   4  27   5  26   6  30   7  30   8  29   9  29  10  27  11  30  12  26  13  27  14  28  15  30  16  27  17  30  18  27  19  28 
  0  32   1  30   2  27   3  28   4  28   5  30   6  30   7  29   8  27   9  29  10  29  11  32  12  27  13  32  14  29  15  29  16  28  17  28  18  28  19  26 
  0  32   1  30   2  28   3  27   4  30   5  30   6  30   7  28   8  29   9  29  10  29  11  30  12  29  13  32  14  29  15  32  16  28  17  30  18  27  19  27 
  0  29   1  29   2  27   3  28   4  27   5  27   6  29   7  30   8  28   9  29  10  28  11  30  12  27  13  28  14  27  15  30  16  27  17  27  18  28  19  26 
  0  25   1  23   2  28   3  26   4  25   5  28   6  25   7  26   8  28   9  25  10  27  11  26  12  27  13  25  14  25  15  24  16  26  17  24  18  25  19  28 
  0  24   1  27   2  28   3  26   4  24   5  27   6  25   7  25   8  26   9  26  10  24  11  25  12  25  13  23  14  28  15  23  16  26  17  25  18  27  19  28 
  0  23   1  26   2  26   3  26   4  24   5  24   6  24   7  24   8  28   9  27  10  27  11  22  12  27  13  22  14  26  15  26  16  28  17  24  18  25  19  27 
  0  25   1  23   2  26   3  27   4  24   5  27   6  25   7  25   8  25   9  26  10  26  11  22  12  25  13  25  14  28  15  25  16  26  17  26  18  26  19  28 
  0  28   1  29   2  27   3  28   4  30   5  28   6  28   7  29   8  28   9  27  10  27  11  30  12  27  13  28  14  27  15  30  16  28  17  30  18  27  19  28 
  0  31   1  29   2  26   3  26   4  30   5  28   6  28   7  29   8  29   9  26  10  27  11  30  12  26  13  30  14  27  15  30  16  26  17  26  18  29  19  26 


