
 20  20

  0  25   1  27   2  27   3  28   4  27   5  29   6  29   7  25   8  29   9  27  10  29  11  29  12  29  13  28  14  25  15  29  16  27  17  26  18  28  19  26 
  0  22   1  24   2  22   3  26   4  27   5  24   6  26   7  25   8  25   9  22  10  22  11  23  12  24  13  22  14  23  15  24  16  26  17  22  18  23  19  24 
  0  24   1  27   2  28   3  28   4  27   5  26   6  27   7  27   8  25   9  26  10  27  11  27  12  26  13  25  14  24  15  27  16  27  17  24  18  27  19  28 
  0  25   1  27   2  25   3  28   4  28   5  25   6  27   7  23   8  28   9  23  10  24  11  23  12  26  13  27  14  25  15  27  16  28  17  24  18  25  19  28 
  0  28   1  30   2  29   3  27   4  26   5  28   6  28   7  28   8  30   9  29  10  28  11  28  12  27  13  30  14  29  15  27  16  28  17  27  18  28  19  30 
  0  25   1  27   2  24   3  26   4  26   5  23   6  26   7  25   8  24   9  25  10  24  11  24  12  23  13  22  14  25  15  25  16  26  17  22  18  26  19  26 
  0  30   1  27   2  29   3  26   4  26   5  26   6  29   7  26   8  26   9  27  10  28  11  29  12  30  13  26  14  26  15  28  16  26  17  29  18  26  19  30 
  0  32   1  27   2  30   3  28   4  28   5  29   6  27   7  27   8  27   9  28  10  29  11  29  12  30  13  32  14  29  15  29  16  28  17  29  18  28  19  29 
  0  22   1  24   2  22   3  28   4  27   5  23   6  24   7  23   8  24   9  25  10  22  11  26  12  26  13  25  14  25  15  22  16  26  17  22  18  23  19  26 
  0  32   1  29   2  30   3  26   4  28   5  32   6  29   7  30   8  30   9  32  10  32  11  29  12  30  13  31  14  30  15  32  16  28  17  29  18  30  19  30 
  0  22   1  26   2  22   3  28   4  26   5  25   6  26   7  23   8  24   9  24  10  24  11  23  12  23  13  23  14  23  15  25  16  26  17  22  18  23  19  24 
  0  28   1  29   2  28   3  28   4  27   5  31   6  29   7  26   8  30   9  30  10  28  11  29  12  26  13  29  14  28  15  29  16  27  17  27  18  27  19  26 
  0  30   1  29   2  29   3  26   4  27   5  29   6  27   7  26   8  30   9  29  10  27  11  27  12  29  13  30  14  27  15  29  16  28  17  28  18  27  19  26 
  0  23   1  25   2  22   3  28   4  26   5  22   6  25   7  23   8  24   9  24  10  24  11  23  12  23  13  22  14  24  15  22  16  27  17  23  18  24  19  27 
  0  22   1  24   2  22   3  26   4  28   5  25   6  24   7  25   8  26   9  24  10  23  11  23  12  26  13  23  14  24  15  22  16  26  17  22  18  23  19  26 
  0  30   1  30   2  30   3  28   4  27   5  29   6  29   7  28   8  29   9  31  10  29  11  31  12  31  13  30  14  28  15  32  16  27  17  30  18  28  19  28 
  0  32   1  28   2  30   3  28   4  26   5  31   6  30   7  28   8  28   9  32  10  29  11  28  12  31  13  31  14  29  15  32  16  28  17  31  18  31  19  30 
  0  29   1  28   2  29   3  28   4  27   5  29   6  28   7  30   8  28   9  28  10  32  11  28  12  28  13  29  14  31  15  30  16  28  17  29  18  29  19  29 
  0  30   1  26   2  28   3  26   4  26   5  30   6  26   7  30   8  30   9  28  10  27  11  30  12  26  13  29  14  30  15  29  16  27  17  29  18  29  19  29 
  0  30   1  27   2  30   3  28   4  28   5  31   6  27   7  29   8  30   9  32  10  32  11  29  12  31  13  30  14  31  15  29  16  28  17  31  18  30  19  30 


