
 20  20

  0  49   1  49   2  47   3  46   4  49   5  49   6  46   7  43   8  48   9  45  10  49  11  46  12  47  13  43  14  46  15  45  16  47  17  48  18  46  19  43 
  0  40   1  39   2  43   3  45   4  39   5  42   6  42   7  44   8  40   9  43  10  42  11  41  12  41  13  43  14  45  15  43  16  43  17  40  18  43  19  43 
  0  39   1  42   2  44   3  43   4  42   5  42   6  41   7  43   8  40   9  44  10  39  11  41  12  41  13  45  14  42  15  43  16  41  17  40  18  40  19  43 
  0  42   1  41   2  44   3  46   4  45   5  43   6  45   7  43   8  42   9  45  10  44  11  44  12  44  13  45  14  46  15  45  16  44  17  42  18  43  19  45 
  0  44   1  42   2  46   3  44   4  43   5  41   6  41   7  45   8  41   9  45  10  43  11  46  12  46  13  43  14  44  15  45  16  43  17  44  18  42  19  45 
  0  39   1  39   2  41   3  42   4  39   5  39   6  40   7  45   8  40   9  43  10  39  11  41  12  41  13  43  14  44  15  43  16  42  17  40  18  41  19  43 
  0  46   1  46   2  44   3  45   4  48   5  46   6  48   7  45   8  48   9  45  10  48  11  46  12  47  13  44  14  46  15  45  16  47  17  46  18  47  19  44 
  0  41   1  41   2  41   3  43   4  44   5  43   6  43   7  44   8  41   9  43  10  44  11  44  12  41  13  45  14  42  15  44  16  43  17  43  18  42  19  43 
  0  46   1  42   2  46   3  42   4  46   5  45   6  46   7  45   8  46   9  45  10  43  11  46  12  43  13  43  14  45  15  43  16  42  17  45  18  45  19  44 
  0  46   1  48   2  47   3  43   4  46   5  46   6  45   7  44   8  47   9  45  10  47  11  46  12  47  13  45  14  46  15  45  16  44  17  47  18  46  19  44 
  0  44   1  47   2  46   3  43   4  44   5  44   6  46   7  45   8  46   9  44  10  44  11  43  12  43  13  43  14  43  15  45  16  46  17  46  18  46  19  43 
  0  40   1  39   2  41   3  44   4  43   5  43   6  43   7  43   8  40   9  44  10  40  11  41  12  44  13  43  14  45  15  43  16  44  17  41  18  40  19  43 
  0  49   1  46   2  44   3  44   4  46   5  49   6  45   7  43   8  46   9  43  10  47  11  44  12  47  13  45  14  46  15  45  16  44  17  45  18  45  19  45 
  0  45   1  41   2  42   3  44   4  42   5  42   6  45   7  44   8  45   9  45  10  41  11  42  12  46  13  45  14  43  15  44  16  43  17  44  18  46  19  45 
  0  46   1  48   2  45   3  46   4  44   5  45   6  48   7  45   8  44   9  45  10  46  11  46  12  47  13  45  14  44  15  44  16  43  17  45  18  47  19  44 
  0  42   1  43   2  44   3  42   4  42   5  42   6  41   7  43   8  45   9  43  10  42  11  45  12  45  13  45  14  43  15  43  16  45  17  42  18  42  19  45 
  0  45   1  43   2  42   3  42   4  42   5  43   6  42   7  44   8  41   9  45  10  44  11  44  12  41  13  44  14  45  15  43  16  41  17  45  18  43  19  43 
  0  47   1  44   2  46   3  43   4  46   5  47   6  44   7  45   8  46   9  43  10  44  11  43  12  46  13  43  14  45  15  43  16  45  17  44  18  43  19  43 
  0  39   1  41   2  44   3  44   4  39   5  40   6  42   7  43   8  40   9  43  10  39  11  44  12  44  13  44  14  42  15  43  16  41  17  42  18  42  19  45 
  0  43   1  40   2  43   3  44   4  43   5  41   6  43   7  43   8  43   9  45  10  41  11  41  12  41  13  45  14  45  15  43  16  41  17  43  18  42  19  43 


