
 20  20

  0  19   1  22   2  22   3  21   4  18   5  22   6  19   7  19   8  21   9  21  10  19  11  19  12  18  13  21  14  21  15  18  16  19  17  18  18  21  19  19 
  0  25   1  23   2  25   3  19   4  24   5  21   6  24   7  22   8  21   9  25  10  23  11  21  12  25  13  24  14  21  15  22  16  19  17  22  18  22  19  22 
  0  19   1  21   2  17   3  21   4  19   5  18   6  21   7  20   8  19   9  18  10  21  11  21  12  21  13  17  14  21  15  20  16  20  17  22  18  22  19  19 
  0  19   1  21   2  18   3  19   4  21   5  22   6  22   7  18   8  20   9  22  10  21  11  19  12  19  13  21  14  20  15  20  16  20  17  19  18  18  19  21 
  0  15   1  18   2  18   3  19   4  17   5  17   6  17   7  20   8  19   9  18  10  20  11  19  12  19  13  17  14  17  15  17  16  20  17  18  18  18  19  19 
  0  22   1  18   2  22   3  19   4  22   5  20   6  19   7  22   8  20   9  19  10  21  11  19  12  21  13  20  14  21  15  21  16  19  17  20  18  20  19  19 
  0  21   1  19   2  23   3  20   4  22   5  21   6  20   7  22   8  20   9  24  10  21  11  19  12  22  13  21  14  22  15  20  16  19  17  19  18  20  19  21 
  0  15   1  17   2  19   3  21   4  16   5  18   6  18   7  20   8  19   9  18  10  17  11  21  12  15  13  16  14  20  15  17  16  19  17  19  18  21  19  18 
  0  21   1  18   2  21   3  20   4  22   5  20   6  22   7  22   8  19   9  18  10  20  11  19  12  20  13  20  14  21  15  21  16  20  17  20  18  22  19  20 
  0  16   1  17   2  15   3  19   4  17   5  20   6  18   7  18   8  21   9  17  10  19  11  20  12  18  13  17  14  17  15  18  16  20  17  18  18  20  19  20 
  0  25   1  21   2  24   3  19   4  24   5  23   6  21   7  22   8  21   9  25  10  23  11  21  12  23  13  25  14  21  15  21  16  21  17  22  18  22  19  22 
  0  16   1  17   2  16   3  20   4  19   5  17   6  16   7  18   8  20   9  17  10  18  11  19  12  16  13  17  14  17  15  19  16  21  17  18  18  21  19  19 
  0  21   1  21   2  23   3  21   4  22   5  23   6  23   7  21   8  21   9  22  10  23  11  21  12  24  13  24  14  22  15  22  16  21  17  19  18  19  19  22 
  0  16   1  17   2  15   3  19   4  18   5  20   6  16   7  18   8  20   9  16  10  18  11  21  12  16  13  15  14  17  15  18  16  19  17  18  18  18  19  18 
  0  25   1  23   2  25   3  21   4  24   5  23   6  24   7  20   8  21   9  24  10  21  11  21  12  23  13  25  14  22  15  21  16  21  17  22  18  20  19  22 
  0  19   1  19   2  17   3  19   4  18   5  19   6  17   7  18   8  19   9  19  10  19  11  19  12  16  13  16  14  17  15  19  16  19  17  21  18  20  19  20 
  0  19   1  20   2  16   3  21   4  16   5  17   6  19   7  21   8  21   9  16  10  17  11  19  12  15  13  18  14  17  15  17  16  19  17  20  18  21  19  21 
  0  20   1  20   2  20   3  19   4  19   5  19   6  19   7  19   8  19   9  19  10  17  11  21  12  19  13  21  14  21  15  21  16  21  17  18  18  19  19  18 
  0  25   1  23   2  24   3  21   4  23   5  23   6  24   7  22   8  21   9  24  10  23  11  21  12  25  13  23  14  21  15  23  16  20  17  21  18  22  19  22 
  0  19   1  19   2  19   3  21   4  22   5  19   6  23   7  20   8  19   9  22  10  18  11  21  12  20  13  21  14  19  15  22  16  21  17  21  18  20  19  19 


