
 20  20

  0  63   1  63   2  62   3  60   4  60   5  63   6  62   7  61   8  64   9  63  10  64  11  63  12  63  13  62  14  63  15  63  16  63  17  64  18  61  19  64 
  0  62   1  59   2  59   3  61   4  61   5  61   6  62   7  61   8  60   9  62  10  60  11  61  12  59  13  61  14  60  15  61  16  61  17  62  18  63  19  63 
  0  67   1  67   2  67   3  65   4  64   5  63   6  62   7  65   8  64   9  65  10  63  11  64  12  66  13  63  14  65  15  64  16  63  17  64  18  63  19  64 
  0  65   1  65   2  66   3  64   4  64   5  64   6  62   7  65   8  64   9  65  10  64  11  63  12  66  13  62  14  64  15  64  16  63  17  63  18  63  19  64 
  0  64   1  67   2  64   3  66   4  64   5  63   6  63   7  65   8  62   9  62  10  63  11  62  12  65  13  63  14  64  15  64  16  63  17  66  18  63  19  64 
  0  63   1  62   2  60   3  60   4  63   5  62   6  61   7  60   8  61   9  61  10  62  11  62  12  62  13  62  14  60  15  63  16  63  17  64  18  61  19  61 
  0  65   1  65   2  62   3  63   4  63   5  62   6  63   7  65   8  60   9  62  10  62  11  63  12  64  13  63  14  61  15  60  16  61  17  63  18  63  19  60 
  0  67   1  64   2  66   3  63   4  63   5  63   6  63   7  64   8  61   9  65  10  61  11  63  12  65  13  63  14  64  15  64  16  63  17  62  18  63  19  61 
  0  59   1  59   2  61   3  62   4  58   5  60   6  61   7  62   8  63   9  61  10  63  11  60  12  59  13  63  14  59  15  62  16  61  17  61  18  63  19  60 
  0  64   1  65   2  61   3  63   4  61   5  62   6  63   7  63   8  61   9  63  10  63  11  62  12  62  13  62  14  64  15  62  16  62  17  62  18  63  19  61 
  0  61   1  60   2  59   3  61   4  63   5  62   6  61   7  63   8  62   9  62  10  63  11  61  12  63  13  63  14  61  15  63  16  62  17  61  18  62  19  60 
  0  62   1  63   2  65   3  66   4  63   5  63   6  63   7  62   8  62   9  63  10  64  11  61  12  65  13  61  14  64  15  64  16  63  17  61  18  63  19  61 
  0  67   1  67   2  65   3  67   4  65   5  63   6  63   7  64   8  62   9  65  10  63  11  64  12  67  13  61  14  63  15  64  16  61  17  66  18  61  19  63 
  0  58   1  59   2  60   3  60   4  63   5  63   6  61   7  61   8  60   9  61  10  62  11  60  12  58  13  63  14  60  15  60  16  62  17  61  18  61  19  63 
  0  61   1  60   2  61   3  62   4  64   5  61   6  63   7  60   8  64   9  61  10  61  11  60  12  64  13  62  14  62  15  60  16  63  17  62  18  63  19  64 
  0  63   1  67   2  65   3  67   4  62   5  64   6  62   7  62   8  64   9  63  10  64  11  61  12  63  13  63  14  63  15  63  16  62  17  62  18  61  19  63 
  0  60   1  59   2  58   3  60   4  61   5  63   6  62   7  62   8  61   9  59  10  60  11  62  12  60  13  61  14  62  15  63  16  61  17  61  18  61  19  61 
  0  65   1  63   2  67   3  67   4  65   5  62   6  63   7  63   8  64   9  63  10  61  11  61  12  64  13  63  14  65  15  64  16  63  17  63  18  63  19  63 
  0  59   1  59   2  62   3  59   4  62   5  61   6  61   7  61   8  62   9  59  10  60  11  62  12  58  13  63  14  61  15  61  16  63  17  61  18  63  19  60 
  0  59   1  57   2  57   3  57   4  58   5  61   6  63   7  59   8  62   9  59  10  60  11  60  12  57  13  61  14  60  15  62  16  61  17  58  18  63  19  60 


