
 20  20

  0  92   1  95   2  94   3  93   4  97   5  96   6  95   7  94   8  94   9  92  10  95  11  96  12  92  13  95  14  96  15  92  16  93  17  95  18  93  19  92 
  0  93   1  95   2  94   3  92   4  96   5  96   6  94   7  95   8  96   9  92  10  95  11  98  12  94  13  92  14  93  15  95  16  93  17  96  18  94  19  92 
  0  98   1  98   2  98   3  99   4  96   5  95   6  98   7  96   8  96   9  97  10  96  11  96  12  96  13  99  14  95  15  97  16  97  17  97  18  98  19  98 
  0  94   1  98   2  94   3  92   4  98   5  95   6  95   7  95   8  97   9  95  10  92  11  97  12  93  13  93  14  93  15  94  16  96  17  95  18  93  19  93 
  0  96   1  98   2  94   3  96   4  98   5  98   6  95   7  95   8  94   9  96  10  94  11  96  12  94  13  93  14  96  15  95  16  96  17  95  18  94  19  95 
  0  96   1  97   2  94   3  95   4  98   5  97   6  96   7  95   8  98   9  95  10  94  11  98  12  96  13  96  14  98  15  95  16  96  17  95  18  94  19  95 
  0  99   1  98   2  96   3  96   4  98   5  98   6  99   7  99   8  96   9  99  10  99  11  98  12  98  13  97  14  97  15  96  16  98  17  98  18  98  19  98 
  0  96   1  95   2  98   3  97   4  97   5  95   6  97   7  97   8  94   9  96  10  94  11  97  12  93  13  95  14  94  15  93  16  93  17  95  18  93  19  96 
  0  99   1  97   2  99   3  99   4  98   5  99   6  99   7  99   8  99   9  99  10  99  11  96  12  99  13  99  14  99  15  99  16  99  17  99  18  99  19  99 
  0  99   1  99   2  99   3  99   4  98   5  99   6  98   7  99   8  99   9  99  10  98  11  97  12  99  13  99  14  99  15  98  16  98  17  96  18  99  19  99 
  0  99   1  98   2  99   3  99   4  96   5  98   6  98   7  99   8  97   9  98  10  99  11  98  12  99  13  99  14  97  15  99  16  98  17  99  18  99  19  99 
  0  95   1  98   2  95   3  97   4  96   5  95   6  98   7  98   8  95   9  96  10  94  11  97  12  95  13  95  14  97  15  95  16  95  17  97  18  98  19  97 
  0  96   1  98   2  98   3  97   4  96   5  97   6  98   7  97   8  95   9  95  10  98  11  98  12  98  13  96  14  98  15  97  16  98  17  96  18  96  19  98 
  0  99   1  99   2  99   3  99   4  98   5  99   6  99   7  98   8  99   9  99  10  99  11  96  12  99  13  99  14  99  15  99  16  99  17  99  18  98  19  99 
  0  99   1  98   2  99   3  99   4  98   5  98   6  99   7  99   8  97   9  99  10  98  11  97  12  98  13  99  14  98  15  98  16  99  17  98  18  99  19  99 
  0  98   1  98   2  99   3  99   4  98   5  99   6  97   7  98   8  97   9  99  10  99  11  98  12  98  13  99  14  99  15  99  16  99  17  98  18  97  19  99 
  0  99   1  96   2  99   3  99   4  98   5  97   6  99   7  99   8  99   9  99  10  99  11  98  12  99  13  99  14  99  15  99  16  97  17  96  18  98  19  99 
  0  99   1  99   2  99   3  99   4  98   5  99   6  99   7  99   8  99   9  99  10  99  11  98  12  99  13  99  14  99  15  99  16  99  17  99  18  99  19  99 
  0  94   1  98   2  94   3  95   4  96   5  95   6  95   7  95   8  96   9  95  10  94  11  98  12  96  13  92  14  93  15  93  16  93  17  95  18  95  19  94 
  0  98   1  96   2  95   3  96   4  96   5  96   6  98   7  94   8  94   9  95  10  97  11  98  12  98  13  98  14  97  15  94  16  97  17  96  18  97  19  94 


