
 20  20

  0  91   1  89   2  87   3  88   4  87   5  88   6  86   7  86   8  86   9  90  10  89  11  87  12  89  13  91  14  87  15  91  16  91  17  89  18  88  19  87 
  0  86   1  83   2  86   3  84   4  87   5  84   6  87   7  84   8  87   9  84  10  85  11  87  12  85  13  84  14  87  15  86  16  86  17  85  18  86  19  86 
  0  89   1  86   2  87   3  87   4  85   5  86   6  87   7  85   8  86   9  88  10  86  11  86  12  88  13  91  14  85  15  89  16  90  17  89  18  85  19  89 
  0  90   1  87   2  88   3  88   4  85   5  88   6  85   7  87   8  86   9  86  10  87  11  87  12  86  13  90  14  87  15  88  16  89  17  85  18  85  19  88 
  0  86   1  84   2  85   3  85   4  87   5  85   6  87   7  87   8  85   9  84  10  86  11  87  12  85  13  88  14  86  15  86  16  87  17  87  18  88  19  85 
  0  85   1  86   2  86   3  84   4  85   5  86   6  85   7  86   8  85   9  85  10  83  11  85  12  83  13  85  14  87  15  85  16  84  17  86  18  84  19  84 
  0  81   1  84   2  85   3  86   4  85   5  86   6  85   7  84   8  86   9  83  10  83  11  86  12  82  13  82  14  87  15  81  16  83  17  84  18  84  19  83 
  0  87   1  85   2  86   3  86   4  87   5  88   6  86   7  88   8  85   9  85  10  89  11  86  12  88  13  86  14  87  15  89  16  88  17  88  18  86  19  85 
  0  89   1  89   2  87   3  87   4  85   5  87   6  87   7  88   8  87   9  90  10  89  11  87  12  90  13  91  14  87  15  91  16  91  17  87  18  88  19  89 
  0  91   1  88   2  88   3  87   4  87   5  88   6  86   7  86   8  87   9  91  10  87  11  86  12  89  13  91  14  85  15  88  16  91  17  89  18  85  19  89 
  0  89   1  88   2  88   3  87   4  87   5  86   6  87   7  85   8  85   9  89  10  86  11  87  12  88  13  88  14  86  15  87  16  89  17  89  18  86  19  86 
  0  88   1  84   2  86   3  85   4  87   5  84   6  87   7  88   8  86   9  86  10  86  11  85  12  86  13  87  14  86  15  84  16  85  17  85  18  87  19  86 
  0  84   1  84   2  84   3  87   4  86   5  87   6  87   7  84   8  87   9  86  10  84  11  86  12  83  13  84  14  85  15  82  16  85  17  84  18  86  19  85 
  0  85   1  86   2  85   3  84   4  87   5  84   6  87   7  84   8  87   9  82  10  87  11  85  12  85  13  85  14  87  15  83  16  82  17  87  18  84  19  84 
  0  81   1  85   2  87   3  86   4  85   5  87   6  85   7  84   8  85   9  82  10  86  11  85  12  85  13  85  14  87  15  81  16  84  17  85  18  84  19  84 
  0  82   1  85   2  85   3  86   4  86   5  85   6  87   7  84   8  87   9  82  10  86  11  85  12  86  13  86  14  87  15  85  16  83  17  83  18  84  19  87 
  0  91   1  89   2  88   3  88   4  87   5  88   6  87   7  88   8  87   9  91  10  89  11  85  12  88  13  89  14  85  15  91  16  91  17  89  18  88  19  89 
  0  86   1  84   2  88   3  85   4  87   5  88   6  85   7  84   8  87   9  89  10  84  11  85  12  87  13  86  14  87  15  89  16  88  17  86  18  84  19  88 
  0  89   1  89   2  86   3  88   4  86   5  88   6  87   7  86   8  86   9  87  10  88  11  85  12  88  13  91  14  86  15  87  16  91  17  88  18  85  19  89 
  0  88   1  89   2  88   3  85   4  86   5  85   6  85   7  88   8  86   9  88  10  85  11  86  12  87  13  87  14  87  15  88  16  89  17  86  18  86  19  88 


