
 20  20

  0  99   1  96   2  97   3  97   4  99   5  99   6  96   7  98   8  98   9  98  10  99  11  97  12  98  13  97  14  98  15  99  16  96  17  99  18  97  19  96 
  0  97   1  94   2  98   3  96   4  95   5  96   6  98   7  95   8  94   9  95  10  97  11  95  12  95  13  96  14  98  15  95  16  96  17  94  18  96  19  96 
  0  99   1  99   2  99   3  98   4  97   5  99   6  99   7  97   8  99   9  96  10  99  11  97  12  99  13  99  14  98  15  97  16  98  17  96  18  98  19  97 
  0  94   1  96   2  98   3  96   4  99   5  96   6  99   7  95   8  95   9  98  10  98  11  96  12  95  13  97  14  97  15  96  16  98  17  94  18  96  19  97 
  0  99   1  99   2  99   3  99   4  97   5  99   6  99   7  99   8  99   9  99  10  98  11  99  12  98  13  99  14  97  15  99  16  97  17  98  18  98  19  96 
  0  95   1  96   2  98   3  93   4  96   5  94   6  96   7  95   8  94   9  98  10  95  11  93  12  93  13  95  14  98  15  95  16  96  17  98  18  97  19  96 
  0  95   1  97   2  94   3  92   4  96   5  93   6  95   7  94   8  94   9  96  10  97  11  94  12  95  13  97  14  96  15  93  16  96  17  97  18  96  19  97 
  0  94   1  94   2  96   3  92   4  96   5  93   6  95   7  94   8  94   9  95  10  95  11  94  12  95  13  96  14  97  15  95  16  98  17  96  18  98  19  97 
  0  99   1  97   2  96   3  99   4  99   5  99   6  98   7  99   8  99   9  98  10  96  11  99  12  99  13  99  14  98  15  99  16  98  17  97  18  98  19  97 
  0  95   1  99   2  99   3  99   4  95   5  99   6  98   7  96   8  97   9  98  10  95  11  95  12  98  13  96  14  96  15  96  16  98  17  99  18  98  19  98 
  0  99   1  99   2  99   3  98   4  99   5  99   6  98   7  99   8  97   9  99  10  98  11  98  12  99  13  98  14  98  15  99  16  98  17  99  18  97  19  98 
  0  99   1  98   2  98   3  99   4  95   5  95   6  98   7  95   8  96   9  95  10  96  11  97  12  97  13  98  14  98  15  96  16  96  17  95  18  96  19  97 
  0  92   1  97   2  97   3  93   4  95   5  96   6  95   7  96   8  97   9  95  10  95  11  93  12  94  13  96  14  98  15  95  16  96  17  94  18  98  19  96 
  0  92   1  94   2  95   3  92   4  95   5  93   6  95   7  93   8  94   9  96  10  97  11  93  12  93  13  96  14  96  15  92  16  96  17  95  18  97  19  97 
  0  99   1  99   2  98   3  98   4  99   5  98   6  97   7  98   8  99   9  98  10  99  11  98  12  98  13  97  14  98  15  99  16  96  17  99  18  97  19  98 
  0  97   1  95   2  96   3  99   4  99   5  98   6  97   7  97   8  99   9  99  10  98  11  99  12  97  13  96  14  96  15  99  16  96  17  96  18  98  19  97 
  0  99   1  97   2  98   3  99   4  96   5  97   6  99   7  99   8  99   9  99  10  98  11  99  12  97  13  97  14  98  15  98  16  96  17  98  18  98  19  97 
  0  99   1  97   2  99   3  99   4  98   5  99   6  96   7  99   8  99   9  98  10  96  11  99  12  99  13  97  14  96  15  99  16  97  17  99  18  96  19  98 
  0  99   1  99   2  97   3  99   4  99   5  97   6  99   7  99   8  97   9  99  10  97  11  99  12  97  13  99  14  96  15  99  16  96  17  97  18  98  19  96 
  0  93   1  96   2  96   3  96   4  97   5  96   6  98   7  93   8  94   9  97  10  95  11  93  12  94  13  97  14  97  15  94  16  96  17  97  18  96  19  96 


