
 20  20

  0  73   1  74   2  72   3  72   4  74   5  72   6  74   7  73   8  75   9  73  10  73  11  73  12  75  13  72  14  73  15  75  16  72  17  75  18  76  19  77 
  0  76   1  73   2  75   3  72   4  72   5  73   6  73   7  75   8  75   9  72  10  75  11  76  12  73  13  72  14  77  15  74  16  73  17  74  18  76  19  77 
  0  76   1  74   2  74   3  75   4  73   5  75   6  74   7  76   8  75   9  73  10  77  11  78  12  76  13  76  14  76  15  73  16  76  17  75  18  76  19  77 
  0  68   1  74   2  71   3  72   4  72   5  71   6  72   7  71   8  71   9  70  10  69  11  69  12  70  13  70  14  68  15  71  16  71  17  73  18  71  19  69 
  0  72   1  72   2  75   3  71   4  71   5  72   6  72   7  75   8  72   9  73  10  74  11  72  12  75  13  72  14  74  15  75  16  73  17  72  18  74  19  71 
  0  69   1  74   2  73   3  73   4  71   5  71   6  72   7  73   8  74   9  70  10  71  11  73  12  70  13  71  14  69  15  74  16  71  17  71  18  73  19  71 
  0  75   1  74   2  73   3  73   4  72   5  72   6  72   7  75   8  75   9  74  10  74  11  75  12  74  13  75  14  75  15  74  16  75  17  73  18  76  19  75 
  0  72   1  72   2  73   3  71   4  73   5  71   6  72   7  74   8  71   9  72  10  72  11  74  12  70  13  71  14  73  15  74  16  75  17  73  18  71  19  73 
  0  68   1  72   2  73   3  70   4  71   5  71   6  72   7  73   8  71   9  70  10  70  11  68  12  71  13  70  14  68  15  71  16  70  17  71  18  70  19  69 
  0  72   1  72   2  73   3  72   4  75   5  73   6  72   7  73   8  72   9  73  10  71  11  72  12  72  13  71  14  74  15  73  16  75  17  73  18  71  19  75 
  0  68   1  72   2  71   3  72   4  71   5  71   6  74   7  70   8  74   9  71  10  69  11  68  12  72  13  70  14  70  15  73  16  73  17  73  18  72  19  69 
  0  77   1  74   2  75   3  73   4  75   5  74   6  72   7  76   8  73   9  76  10  75  11  76  12  76  13  75  14  74  15  74  16  75  17  72  18  74  19  77 
  0  71   1  72   2  71   3  72   4  71   5  71   6  72   7  70   8  71   9  70  10  69  11  68  12  72  13  70  14  68  15  71  16  70  17  71  18  70  19  70 
  0  76   1  73   2  75   3  74   4  73   5  72   6  74   7  73   8  72   9  72  10  74  11  74  12  76  13  73  14  74  15  75  16  72  17  75  18  76  19  75 
  0  69   1  72   2  71   3  74   4  71   5  74   6  72   7  74   8  72   9  70  10  71  11  73  12  70  13  74  14  73  15  71  16  72  17  72  18  70  19  70 
  0  72   1  73   2  75   3  71   4  72   5  71   6  74   7  71   8  75   9  70  10  74  11  71  12  74  13  72  14  72  15  73  16  72  17  72  18  71  19  74 
  0  69   1  72   2  71   3  71   4  73   5  74   6  73   7  73   8  71   9  71  10  71  11  68  12  70  13  73  14  72  15  73  16  70  17  71  18  72  19  70 
  0  69   1  72   2  73   3  70   4  71   5  73   6  72   7  73   8  74   9  72  10  73  11  72  12  71  13  70  14  71  15  71  16  73  17  74  18  72  19  72 
  0  74   1  74   2  74   3  70   4  71   5  71   6  74   7  72   8  71   9  74  10  74  11  72  12  70  13  72  14  74  15  71  16  70  17  72  18  70  19  72 
  0  74   1  74   2  71   3  71   4  72   5  75   6  72   7  73   8  72   9  73  10  71  11  71  12  71  13  75  14  75  15  75  16  71  17  71  18  74  19  72 


