
 20  20

  0  70   1  72   2  72   3  70   4  73   5  72   6  72   7  70   8  74   9  72  10  71  11  70  12  70  13  69  14  72  15  72  16  74  17  74  18  72  19  70 
  0  74   1  72   2  74   3  72   4  72   5  75   6  71   7  71   8  74   9  74  10  72  11  75  12  72  13  73  14  75  15  73  16  75  17  72  18  72  19  74 
  0  74   1  74   2  77   3  76   4  74   5  73   6  72   7  76   8  74   9  74  10  78  11  74  12  73  13  74  14  74  15  72  16  75  17  75  18  73  19  73 
  0  78   1  75   2  75   3  76   4  73   5  74   6  73   7  75   8  73   9  72  10  76  11  75  12  75  13  77  14  74  15  74  16  72  17  75  18  77  19  75 
  0  77   1  76   2  75   3  74   4  76   5  75   6  74   7  74   8  74   9  74  10  76  11  75  12  76  13  77  14  75  15  74  16  75  17  75  18  77  19  77 
  0  68   1  73   2  69   3  71   4  70   5  71   6  71   7  71   8  73   9  72  10  72  11  70  12  70  13  73  14  72  15  74  16  74  17  71  18  72  19  70 
  0  69   1  73   2  73   3  73   4  73   5  73   6  71   7  70   8  73   9  72  10  72  11  73  12  73  13  71  14  72  15  72  16  71  17  72  18  70  19  71 
  0  78   1  74   2  75   3  76   4  74   5  75   6  75   7  74   8  72   9  74  10  78  11  75  12  76  13  77  14  75  15  74  16  74  17  75  18  77  19  74 
  0  75   1  76   2  76   3  74   4  75   5  76   6  75   7  74   8  73   9  74  10  76  11  73  12  76  13  75  14  75  15  72  16  72  17  73  18  76  19  76 
  0  78   1  76   2  77   3  74   4  76   5  74   6  75   7  76   8  74   9  74  10  77  11  74  12  77  13  75  14  75  15  74  16  73  17  73  18  77  19  77 
  0  69   1  74   2  70   3  71   4  70   5  70   6  74   7  72   8  74   9  72  10  72  11  74  12  74  13  74  14  73  15  72  16  72  17  71  18  70  19  70 
  0  72   1  70   2  70   3  73   4  71   5  73   6  74   7  72   8  72   9  73  10  68  11  72  12  70  13  69  14  72  15  72  16  71  17  71  18  71  19  72 
  0  78   1  75   2  76   3  75   4  75   5  76   6  75   7  74   8  74   9  74  10  78  11  76  12  77  13  76  14  75  15  74  16  75  17  75  18  77  19  75 
  0  78   1  76   2  77   3  74   4  74   5  74   6  73   7  76   8  73   9  74  10  76  11  76  12  77  13  77  14  75  15  74  16  73  17  75  18  77  19  77 
  0  78   1  74   2  77   3  76   4  76   5  76   6  73   7  74   8  73   9  74  10  78  11  76  12  77  13  74  14  74  15  74  16  72  17  73  18  76  19  75 
  0  71   1  72   2  70   3  74   4  74   5  73   6  71   7  70   8  72   9  72  10  73  11  71  12  71  13  71  14  72  15  72  16  72  17  71  18  74  19  72 
  0  72   1  74   2  73   3  74   4  73   5  72   6  71   7  73   8  74   9  74  10  72  11  71  12  69  13  73  14  71  15  72  16  71  17  71  18  69  19  69 
  0  74   1  73   2  72   3  73   4  74   5  71   6  71   7  74   8  72   9  72  10  70  11  72  12  75  13  75  14  72  15  73  16  72  17  72  18  72  19  73 
  0  77   1  76   2  77   3  75   4  75   5  74   6  74   7  76   8  72   9  74  10  75  11  76  12  77  13  77  14  75  15  74  16  73  17  75  18  74  19  75 
  0  77   1  76   2  77   3  75   4  73   5  76   6  73   7  76   8  74   9  74  10  77  11  75  12  77  13  76  14  74  15  72  16  75  17  73  18  77  19  77 


