
 20  20

  0  17   1  16   2  17   3  15   4  16   5  16   6  14   7  15   8  16   9  15  10  16  11  15  12  14  13  18  14  18  15  15  16  17  17  17  18  15  19  17 
  0  11   1  15   2  13   3  13   4  12   5  15   6  12   7  13   8  13   9  15  10  12  11  15  12  12  13  13  14  10  15  16  16  12  17  12  18  13  19  11 
  0  14   1  16   2  13   3  14   4  15   5  14   6  12   7  13   8  16   9  16  10  14  11  16  12  12  13  16  14  13  15  15  16  13  17  12  18  16  19  12 
  0  13   1  14   2  17   3  16   4  14   5  14   6  16   7  12   8  15   9  13  10  13  11  16  12  16  13  16  14  12  15  14  16  12  17  15  18  14  19  13 
  0  10   1  14   2  13   3  13   4  12   5  14   6  13   7  14   8  12   9  16  10  12  11  16  12  11  13  11  14  10  15  14  16  14  17  12  18  16  19  13 
  0  10   1  12   2  13   3  15   4  12   5  14   6  12   7  13   8  14   9  13  10  12  11  14  12  11  13  11  14  11  15  16  16  15  17  14  18  13  19  12 
  0  20   1  18   2  17   3  14   4  18   5  14   6  18   7  18   8  16   9  17  10  16  11  16  12  17  13  15  14  19  15  15  16  17  17  18  18  15  19  15 
  0  10   1  12   2  13   3  13   4  13   5  16   6  14   7  12   8  12   9  13  10  12  11  14  12  12  13  12  14  10  15  14  16  12  17  12  18  13  19  12 
  0  19   1  16   2  17   3  17   4  15   5  14   6  18   7  19   8  18   9  17  10  15  11  16  12  16  13  17  14  19  15  15  16  15  17  17  18  15  19  17 
  0  20   1  18   2  17   3  17   4  18   5  14   6  19   7  19   8  18   9  17  10  18  11  14  12  19  13  19  14  20  15  15  16  18  17  17  18  17  19  17 
  0  17   1  14   2  17   3  17   4  14   5  16   6  14   7  18   8  17   9  16  10  14  11  16  12  16  13  18  14  18  15  14  16  18  17  15  18  14  19  18 
  0  12   1  15   2  13   3  13   4  13   5  16   6  15   7  15   8  16   9  16  10  16  11  14  12  11  13  11  14  14  15  16  16  13  17  16  18  13  19  13 
  0  11   1  14   2  13   3  15   4  12   5  15   6  12   7  11   8  14   9  14  10  14  11  14  12  14  13  14  14  10  15  14  16  12  17  15  18  13  19  14 
  0  19   1  17   2  15   3  17   4  18   5  15   6  18   7  19   8  18   9  15  10  18  11  16  12  18  13  16  14  18  15  16  16  17  17  16  18  17  19  16 
  0  19   1  18   2  17   3  17   4  18   5  16   6  17   7  19   8  18   9  14  10  17  11  14  12  19  13  19  14  20  15  14  16  18  17  18  18  17  19  18 
  0  20   1  18   2  17   3  17   4  18   5  15   6  19   7  16   8  17   9  17  10  15  11  16  12  19  13  19  14  20  15  15  16  17  17  16  18  17  19  19 
  0  10   1  12   2  13   3  13   4  12   5  14   6  12   7  15   8  12   9  13  10  12  11  14  12  11  13  12  14  12  15  14  16  14  17  12  18  13  19  15 
  0  19   1  16   2  17   3  14   4  15   5  15   6  16   7  19   8  18   9  15  10  17  11  14  12  16  13  19  14  17  15  14  16  14  17  14  18  17  19  15 
  0  18   1  15   2  17   3  17   4  17   5  16   6  15   7  16   8  16   9  17  10  16  11  16  12  17  13  17  14  15  15  14  16  16  17  16  18  17  19  15 
  0  20   1  18   2  17   3  16   4  18   5  15   6  17   7  17   8  16   9  15  10  18  11  15  12  17  13  19  14  19  15  16  16  17  17  18  18  15  19  18 


