
 20  20

  0  42   1  39   2  41   3  39   4  38   5  40   6  40   7  41   8  40   9  40  10  38  11  39  12  40  13  41  14  39  15  41  16  41  17  39  18  38  19  40 
  0  40   1  38   2  38   3  39   4  40   5  38   6  38   7  38   8  39   9  39  10  39  11  38  12  40  13  40  14  39  15  38  16  40  17  40  18  40  19  40 
  0  36   1  39   2  39   3  37   4  38   5  37   6  38   7  39   8  38   9  38  10  38  11  40  12  38  13  38  14  40  15  38  16  37  17  38  18  38  19  36 
  0  42   1  40   2  39   3  42   4  40   5  42   6  38   7  39   8  38   9  40  10  40  11  38  12  38  13  37  14  40  15  40  16  39  17  39  18  39  19  39 
  0  43   1  40   2  42   3  43   4  40   5  43   6  41   7  41   8  40   9  41  10  40  11  39  12  39  13  42  14  39  15  43  16  39  17  40  18  38  19  42 
  0  41   1  37   2  40   3  39   4  40   5  40   6  37   7  41   8  38   9  41  10  38  11  40  12  39  13  38  14  39  15  41  16  41  17  40  18  40  19  39 
  0  40   1  37   2  37   3  40   4  39   5  38   6  38   7  37   8  40   9  36  10  38  11  39  12  38  13  40  14  38  15  36  16  40  17  39  18  40  19  38 
  0  35   1  37   2  35   3  35   4  39   5  35   6  35   7  38   8  38   9  35  10  40  11  38  12  38  13  36  14  40  15  35  16  39  17  38  18  39  19  36 
  0  42   1  39   2  42   3  39   4  40   5  39   6  39   7  41   8  38   9  42  10  40  11  40  12  38  13  39  14  39  15  39  16  38  17  38  18  38  19  41 
  0  38   1  37   2  37   3  36   4  40   5  39   6  39   7  38   8  40   9  39  10  40  11  39  12  40  13  36  14  40  15  36  16  39  17  39  18  38  19  37 
  0  40   1  40   2  42   3  39   4  40   5  41   6  41   7  40   8  38   9  41  10  38  11  39  12  38  13  38  14  38  15  40  16  40  17  40  18  38  19  40 
  0  39   1  39   2  36   3  39   4  38   5  36   6  39   7  41   8  38   9  38  10  40  11  38  12  40  13  36  14  40  15  37  16  37  17  39  18  40  19  36 
  0  44   1  41   2  44   3  41   4  40   5  41   6  41   7  41   8  39   9  44  10  40  11  40  12  38  13  40  14  40  15  43  16  39  17  39  18  40  19  40 
  0  37   1  37   2  37   3  35   4  39   5  37   6  37   7  37   8  39   9  35  10  40  11  40  12  38  13  38  14  40  15  37  16  37  17  39  18  40  19  36 
  0  42   1  39   2  38   3  42   4  38   5  39   6  42   7  41   8  38   9  40  10  38  11  40  12  39  13  42  14  38  15  38  16  40  17  40  18  38  19  39 
  0  42   1  39   2  42   3  41   4  38   5  42   6  41   7  39   8  40   9  41  10  38  11  40  12  40  13  42  14  38  15  43  16  39  17  39  18  40  19  42 
  0  36   1  37   2  39   3  39   4  38   5  39   6  36   7  40   8  38   9  37  10  39  11  40  12  38  13  40  14  40  15  37  16  37  17  40  18  38  19  37 
  0  42   1  39   2  42   3  40   4  39   5  41   6  39   7  41   8  40   9  41  10  40  11  40  12  40  13  39  14  39  15  42  16  41  17  40  18  39  19  42 
  0  37   1  41   2  36   3  36   4  39   5  36   6  37   7  40   8  40   9  40  10  40  11  40  12  40  13  40  14  39  15  38  16  37  17  40  18  40  19  40 
  0  41   1  38   2  40   3  39   4  38   5  39   6  37   7  38   8  40   9  40  10  39  11  40  12  39  13  40  14  38  15  37  16  41  17  38  18  40  19  39 


