
 20  20

  0  12   1  11   2  14   3  15   4  14   5  11   6  12   7  12   8  13   9  13  10  16  11  14  12  13  13  11  14  12  15  15  16  15  17  14  18  14  19  14 
  0  14   1  13   2  16   3  16   4  14   5  16   6  14   7  15   8  17   9  16  10  14  11  16  12  14  13  15  14  17  15  14  16  13  17  14  18  17  19  16 
  0  15   1  14   2  13   3  15   4  13   5  14   6  13   7  13   8  15   9  13  10  14  11  14  12  17  13  15  14  13  15  14  16  13  17  15  18  16  19  16 
  0  17   1  17   2  15   3  14   4  15   5  17   6  16   7  17   8  16   9  15  10  14  11  16  12  17  13  17  14  17  15  16  16  18  17  16  18  17  19  15 
  0  11   1  12   2  16   3  15   4  16   5  12   6  12   7  13   8  15   9  16  10  15  11  15  12  13  13  13  14  14  15  15  16  16  17  14  18  14  19  13 
  0  19   1  19   2  16   3  16   4  17   5  18   6  17   7  16   8  16   9  16  10  16  11  16  12  16  13  19  14  17  15  16  16  18  17  14  18  18  19  15 
  0  20   1  18   2  18   3  17   4  19   5  17   6  19   7  18   8  15   9  19  10  16  11  16  12  17  13  17  14  18  15  16  16  17  17  15  18  19  19  15 
  0  15   1  12   2  15   3  15   4  12   5  13   6  12   7  13   8  13   9  11  10  14  11  16  12  13  13  13  14  15  15  14  16  12  17  15  18  14  19  14 
  0  20   1  19   2  16   3  17   4  19   5  19   6  19   7  18   8  17   9  19  10  14  11  16  12  15  13  17  14  18  15  14  16  18  17  16  18  18  19  17 
  0  10   1  11   2  14   3  13   4  14   5  11   6  11   7  15   8  13   9  12  10  16  11  14  12  14  13  14  14  13  15  14  16  12  17  14  18  12  19  15 
  0  12   1  11   2  13   3  13   4  14   5  11   6  11   7  13   8  13   9  13  10  16  11  14  12  13  13  13  14  16  15  16  16  14  17  14  18  12  19  14 
  0  17   1  15   2  14   3  13   4  17   5  15   6  17   7  14   8  13   9  15  10  14  11  14  12  13  13  15  14  17  15  14  16  14  17  14  18  14  19  15 
  0  14   1  15   2  18   3  15   4  15   5  16   6  18   7  14   8  15   9  15  10  15  11  14  12  15  13  17  14  16  15  14  16  16  17  16  18  14  19  17 
  0  15   1  14   2  14   3  14   4  15   5  12   6  15   7  15   8  13   9  13  10  16  11  16  12  16  13  14  14  13  15  14  16  13  17  14  18  15  19  15 
  0  10   1  12   2  12   3  13   4  11   5  12   6  11   7  13   8  13   9  12  10  14  11  15  12  13  13  12  14  13  15  14  16  14  17  15  18  11  19  14 
  0  14   1  15   2  14   3  13   4  13   5  14   6  14   7  13   8  15   9  13  10  14  11  15  12  16  13  13  14  15  15  15  16  13  17  14  18  12  19  14 
  0  14   1  16   2  14   3  17   4  16   5  13   6  13   7  17   8  17   9  14  10  16  11  14  12  16  13  17  14  16  15  15  16  17  17  16  18  15  19  17 
  0  10   1  11   2  12   3  15   4  11   5  11   6  11   7  14   8  14   9  12  10  15  11  14  12  14  13  11  14  12  15  14  16  12  17  14  18  11  19  13 
  0  17   1  18   2  18   3  17   4  19   5  18   6  16   7  18   8  16   9  19  10  16  11  15  12  17  13  19  14  18  15  16  16  18  17  16  18  19  19  15 
  0  20   1  19   2  16   3  16   4  19   5  19   6  19   7  17   8  17   9  17  10  16  11  16  12  15  13  19  14  18  15  14  16  15  17  14  18  17  19  16 


