
 20  20

  0  94   1  95   2  96   3  95   4  97   5  96   6  97   7  95   8  97   9  92  10  94  11  94  12  96  13  94  14  94  15  93  16  96  17  95  18  97  19  95 
  0  99   1  99   2  98   3  99   4  98   5  98   6  96   7  99   8  99   9  99  10  99  11  98  12  98  13  99  14  97  15  98  16  97  17  99  18  98  19  98 
  0  99   1  96   2  99   3  97   4  98   5  97   6  99   7  97   8  97   9  99  10  99  11  98  12  96  13  96  14  99  15  98  16  98  17  99  18  98  19  99 
  0  92   1  95   2  96   3  92   4  96   5  98   6  95   7  94   8  94   9  93  10  95  11  95  12  96  13  96  14  94  15  93  16  96  17  92  18  94  19  94 
  0  99   1  99   2  96   3  98   4  97   5  98   6  99   7  99   8  98   9  99  10  99  11  99  12  97  13  99  14  99  15  99  16  98  17  99  18  99  19  99 
  0  99   1  96   2  98   3  97   4  97   5  98   6  99   7  99   8  97   9  99  10  99  11  98  12  98  13  99  14  99  15  99  16  98  17  98  18  97  19  97 
  0  99   1  98   2  98   3  99   4  98   5  97   6  98   7  99   8  99   9  99  10  99  11  99  12  98  13  99  14  97  15  98  16  97  17  99  18  99  19  99 
  0  99   1  97   2  99   3  99   4  96   5  98   6  99   7  99   8  98   9  99  10  99  11  99  12  97  13  99  14  98  15  99  16  98  17  99  18  99  19  99 
  0  98   1  99   2  98   3  98   4  96   5  98   6  96   7  98   8  99   9  96  10  96  11  98  12  98  13  97  14  99  15  99  16  96  17  96  18  99  19  97 
  0  96   1  94   2  97   3  96   4  98   5  98   6  96   7  94   8  98   9  97  10  94  11  97  12  98  13  95  14  95  15  95  16  96  17  95  18  97  19  94 
  0  92   1  95   2  95   3  95   4  98   5  96   6  96   7  94   8  95   9  95  10  97  11  96  12  96  13  94  14  94  15  96  16  96  17  95  18  94  19  97 
  0  94   1  97   2  96   3  92   4  96   5  96   6  97   7  95   8  93   9  93  10  93  11  95  12  96  13  94  14  96  15  97  16  96  17  96  18  94  19  95 
  0  99   1  97   2  96   3  99   4  97   5  96   6  98   7  99   8  97   9  99  10  99  11  96  12  97  13  99  14  98  15  97  16  98  17  97  18  96  19  98 
  0  97   1  96   2  98   3  98   4  96   5  96   6  98   7  95   8  99   9  97  10  95  11  98  12  96  13  96  14  96  15  98  16  97  17  99  18  97  19  96 
  0  96   1  99   2  99   3  97   4  96   5  96   6  96   7  98   8  99   9  96  10  99  11  99  12  97  13  97  14  99  15  99  16  98  17  96  18  96  19  96 
  0  93   1  97   2  97   3  93   4  96   5  98   6  97   7  92   8  95   9  96  10  96  11  94  12  96  13  95  14  94  15  95  16  96  17  93  18  97  19  96 
  0  97   1  98   2  97   3  95   4  98   5  97   6  95   7  97   8  97   9  94  10  98  11  97  12  96  13  97  14  96  15  95  16  98  17  98  18  94  19  96 
  0  98   1  96   2  95   3  98   4  98   5  96   6  99   7  97   8  95   9  95  10  95  11  97  12  96  13  99  14  95  15  95  16  96  17  95  18  95  19  96 
  0  96   1  97   2  96   3  99   4  97   5  97   6  97   7  96   8  98   9  99  10  97  11  99  12  96  13  96  14  98  15  99  16  98  17  99  18  95  19  95 
  0  97   1  94   2  98   3  96   4  98   5  98   6  95   7  96   8  95   9  95  10  97  11  98  12  96  13  97  14  95  15  95  16  96  17  95  18  95  19  94 


