
 20  20

  0  26   1  26   2  22   3  22   4  25   5  24   6  25   7  22   8  24   9  24  10  25  11  24  12  20  13  26  14  25  15  23  16  26  17  21  18  25  19  23 
  0  21   1  23   2  21   3  20   4  24   5  24   6  21   7  23   8  22   9  22  10  21  11  23  12  20  13  25  14  25  15  21  16  24  17  23  18  24  19  22 
  0  18   1  18   2  21   3  22   4  21   5  18   6  19   7  19   8  20   9  20  10  21  11  18  12  20  13  19  14  21  15  21  16  17  17  22  18  19  19  20 
  0  21   1  19   2  22   3  20   4  22   5  21   6  21   7  19   8  20   9  21  10  22  11  22  12  22  13  18  14  21  15  19  16  21  17  23  18  19  19  22 
  0  22   1  21   2  22   3  20   4  21   5  22   6  23   7  20   8  23   9  23  10  23  11  23  12  20  13  24  14  22  15  20  16  23  17  22  18  25  19  20 
  0  23   1  20   2  20   3  22   4  21   5  22   6  23   7  23   8  20   9  20  10  19  11  21  12  22  13  19  14  19  15  22  16  23  17  21  18  21  19  19 
  0  16   1  16   2  20   3  20   4  18   5  17   6  17   7  19   8  17   9  19  10  17  11  19  12  20  13  16  14  19  15  20  16  19  17  19  18  18  19  19 
  0  21   1  21   2  22   3  22   4  23   5  24   6  24   7  21   8  20   9  24  10  23  11  22  12  21  13  20  14  24  15  21  16  20  17  21  18  22  19  21 
  0  16   1  18   2  21   3  20   4  18   5  20   6  17   7  19   8  18   9  18  10  17  11  20  12  22  13  19  14  17  15  19  16  16  17  19  18  18  19  22 
  0  24   1  25   2  21   3  22   4  20   5  22   6  22   7  21   8  21   9  22  10  24  11  22  12  21  13  24  14  21  15  22  16  21  17  20  18  21  19  23 
  0  19   1  16   2  21   3  22   4  20   5  17   6  17   7  19   8  19   9  18  10  17  11  18  12  20  13  17  14  16  15  21  16  16  17  19  18  18  19  19 
  0  22   1  22   2  22   3  20   4  22   5  23   6  23   7  19   8  23   9  20  10  19  11  21  12  20  13  20  14  22  15  20  16  21  17  21  18  20  19  21 
  0  21   1  23   2  20   3  20   4  22   5  23   6  25   7  22   8  25   9  24  10  22  11  21  12  22  13  24  14  25  15  23  16  25  17  21  18  23  19  23 
  0  20   1  23   2  22   3  22   4  21   5  24   6  23   7  21   8  24   9  23  10  24  11  21  12  20  13  23  14  23  15  21  16  24  17  23  18  20  19  20 
  0  20   1  23   2  20   3  22   4  19   5  20   6  19   7  21   8  19   9  22  10  22  11  23  12  22  13  23  14  23  15  23  16  20  17  23  18  22  19  22 
  0  20   1  18   2  21   3  22   4  17   5  17   6  19   7  19   8  16   9  21  10  19  11  18  12  21  13  16  14  17  15  18  16  17  17  22  18  18  19  19 
  0  17   1  18   2  20   3  20   4  18   5  21   6  20   7  21   8  17   9  21  10  19  11  20  12  22  13  20  14  20  15  21  16  21  17  22  18  19  19  21 
  0  21   1  19   2  21   3  20   4  23   5  23   6  21   7  19   8  21   9  19  10  20  11  20  12  22  13  21  14  22  15  20  16  20  17  21  18  19  19  19 
  0  20   1  23   2  20   3  22   4  22   5  22   6  21   7  23   8  20   9  23  10  23  11  23  12  20  13  20  14  22  15  19  16  20  17  22  18  19  19  22 
  0  26   1  24   2  22   3  22   4  24   5  23   6  23   7  23   8  25   9  24  10  24  11  24  12  22  13  24  14  26  15  21  16  25  17  23  18  25  19  21 


