
 20  20

  0  75   1  73   2  76   3  74   4  72   5  72   6  75   7  74   8  75   9  74  10  72  11  72  12  74  13  74  14  73  15  72  16  75  17  74  18  74  19  73 
  0  78   1  77   2  75   3  75   4  77   5  72   6  75   7  74   8  75   9  77  10  75  11  73  12  73  13  75  14  77  15  74  16  75  17  76  18  73  19  74 
  0  74   1  77   2  78   3  73   4  77   5  74   6  73   7  74   8  76   9  74  10  76  11  76  12  75  13  74  14  76  15  74  16  75  17  74  18  73  19  75 
  0  71   1  70   2  70   3  70   4  72   5  73   6  73   7  74   8  68   9  69  10  70  11  70  12  71  13  70  14  71  15  72  16  73  17  69  18  74  19  71 
  0  68   1  69   2  70   3  71   4  71   5  74   6  72   7  73   8  68   9  70  10  72  11  73  12  71  13  70  14  68  15  74  16  74  17  70  18  71  19  71 
  0  78   1  76   2  76   3  74   4  74   5  74   6  75   7  73   8  76   9  74  10  73  11  76  12  75  13  74  14  78  15  74  16  73  17  78  18  73  19  73 
  0  74   1  72   2  73   3  71   4  74   5  74   6  74   7  72   8  73   9  71  10  70  11  73  12  71  13  72  14  72  15  74  16  75  17  70  18  72  19  73 
  0  69   1  69   2  70   3  70   4  71   5  72   6  72   7  72   8  68   9  69  10  72  11  71  12  71  13  72  14  71  15  73  16  71  17  71  18  72  19  73 
  0  77   1  75   2  75   3  74   4  74   5  74   6  75   7  74   8  76   9  75  10  75  11  73  12  75  13  73  14  78  15  74  16  75  17  78  18  75  19  75 
  0  68   1  69   2  68   3  71   4  72   5  72   6  74   7  72   8  68   9  70  10  70  11  71  12  73  13  70  14  71  15  72  16  73  17  71  18  71  19  72 
  0  78   1  77   2  78   3  76   4  77   5  74   6  75   7  72   8  77   9  77  10  75  11  75  12  75  13  75  14  78  15  72  16  73  17  75  18  74  19  75 
  0  72   1  70   2  72   3  73   4  71   5  74   6  75   7  72   8  73   9  71  10  71  11  72  12  73  13  73  14  73  15  74  16  72  17  72  18  73  19  75 
  0  72   1  74   2  69   3  70   4  71   5  74   6  71   7  72   8  71   9  72  10  72  11  71  12  74  13  71  14  71  15  73  16  71  17  71  18  72  19  71 
  0  75   1  75   2  74   3  75   4  72   5  72   6  72   7  74   8  74   9  75  10  75  11  75  12  75  13  72  14  74  15  73  16  74  17  72  18  74  19  75 
  0  68   1  69   2  68   3  72   4  69   5  73   6  72   7  72   8  68   9  69  10  70  11  71  12  71  13  70  14  68  15  74  16  71  17  68  18  72  19  72 
  0  75   1  74   2  76   3  73   4  75   5  72   6  72   7  72   8  74   9  72  10  76  11  76  12  74  13  72  14  75  15  72  16  73  17  73  18  75  19  73 
  0  76   1  73   2  76   3  74   4  72   5  74   6  71   7  74   8  74   9  76  10  73  11  73  12  75  13  74  14  74  15  73  16  74  17  76  18  74  19  71 
  0  76   1  74   2  73   3  73   4  75   5  73   6  73   7  74   8  73   9  75  10  72  11  74  12  72  13  73  14  74  15  72  16  74  17  77  18  73  19  75 
  0  68   1  69   2  71   3  70   4  71   5  74   6  71   7  72   8  71   9  70  10  70  11  70  12  72  13  70  14  71  15  72  16  71  17  71  18  72  19  71 
  0  73   1  75   2  76   3  75   4  73   5  73   6  75   7  74   8  75   9  73  10  72  11  75  12  75  13  75  14  77  15  73  16  74  17  75  18  75  19  72 


