
 20  20

  0  54   1  50   2  53   3  51   4  53   5  52   6  53   7  51   8  51   9  51  10  54  11  49  12  53  13  50  14  53  15  53  16  51  17  52  18  52  19  49 
  0  45   1  47   2  48   3  49   4  46   5  48   6  46   7  51   8  46   9  47  10  46  11  50  12  49  13  48  14  46  15  47  16  51  17  48  18  48  19  48 
  0  47   1  48   2  47   3  49   4  46   5  50   6  48   7  49   8  45   9  45  10  47  11  48  12  48  13  48  14  48  15  50  16  49  17  48  18  46  19  48 
  0  52   1  52   2  52   3  51   4  54   5  51   6  50   7  50   8  53   9  51  10  51  11  51  12  51  13  52  14  53  15  51  16  51  17  50  18  52  19  49 
  0  47   1  47   2  47   3  49   4  46   5  50   6  45   7  49   8  47   9  46  10  47  11  48  12  50  13  49  14  49  15  47  16  49  17  51  18  49  19  49 
  0  47   1  47   2  49   3  49   4  47   5  48   6  48   7  51   8  46   9  45  10  47  11  48  12  47  13  49  14  48  15  49  16  51  17  48  18  46  19  49 
  0  51   1  48   2  48   3  51   4  48   5  49   6  50   7  51   8  48   9  49  10  48  11  49  12  50  13  50  14  49  15  50  16  49  17  50  18  50  19  50 
  0  48   1  47   2  49   3  49   4  46   5  48   6  48   7  49   8  45   9  45  10  46  11  50  12  47  13  48  14  46  15  47  16  49  17  48  18  47  19  50 
  0  55   1  53   2  51   3  51   4  54   5  51   6  55   7  51   8  54   9  52  10  54  11  51  12  50  13  50  14  54  15  53  16  51  17  52  18  51  19  51 
  0  53   1  53   2  52   3  51   4  51   5  52   6  52   7  51   8  49   9  51  10  51  11  49  12  51  13  52  14  50  15  49  16  51  17  49  18  52  19  51 
  0  51   1  52   2  51   3  51   4  52   5  51   6  53   7  51   8  53   9  53  10  53  11  50  12  51  13  51  14  50  15  51  16  50  17  49  18  54  19  51 
  0  50   1  53   2  49   3  50   4  49   5  52   6  49   7  51   8  51   9  53  10  52  11  50  12  53  13  50  14  49  15  51  16  49  17  50  18  49  19  48 
  0  51   1  52   2  49   3  50   4  51   5  51   6  50   7  50   8  51   9  52  10  54  11  52  12  53  13  52  14  51  15  49  16  50  17  51  18  51  19  52 
  0  52   1  52   2  53   3  51   4  54   5  52   6  51   7  49   8  55   9  53  10  50  11  50  12  51  13  52  14  52  15  50  16  50  17  52  18  51  19  52 
  0  51   1  52   2  48   3  51   4  48   5  48   6  52   7  49   8  50   9  48  10  52  11  49  12  50  13  52  14  48  15  50  16  51  17  48  18  48  19  52 
  0  55   1  53   2  51   3  51   4  54   5  52   6  52   7  50   8  55   9  55  10  52  11  50  12  51  13  50  14  52  15  51  16  50  17  52  18  54  19  50 
  0  50   1  50   2  49   3  51   4  52   5  50   6  52   7  49   8  50   9  50  10  53  11  52  12  51  13  51  14  50  15  51  16  49  17  50  18  52  19  52 
  0  51   1  52   2  49   3  49   4  50   5  52   6  54   7  49   8  51   9  52  10  53  11  50  12  49  13  50  14  53  15  49  16  51  17  50  18  53  19  51 
  0  45   1  48   2  47   3  51   4  46   5  48   6  46   7  49   8  47   9  47  10  46  11  48  12  48  13  48  14  46  15  47  16  49  17  50  18  46  19  48 
  0  46   1  47   2  48   3  49   4  46   5  48   6  46   7  49   8  47   9  45  10  46  11  48  12  47  13  48  14  47  15  47  16  49  17  50  18  48  19  48 


