
 20  20

  0  49   1  49   2  48   3  50   4  49   5  47   6  46   7  47   8  49   9  50  10  50  11  49  12  49  13  48  14  49  15  49  16  50  17  48  18  51  19  47 
  0  50   1  52   2  49   3  51   4  49   5  49   6  53   7  53   8  49   9  49  10  49  11  50  12  54  13  51  14  51  15  53  16  49  17  49  18  51  19  52 
  0  47   1  50   2  48   3  49   4  49   5  48   6  47   7  47   8  49   9  47  10  49  11  49  12  46  13  48  14  50  15  47  16  49  17  49  18  51  19  47 
  0  49   1  51   2  50   3  50   4  48   5  47   6  50   7  47   8  48   9  48  10  49  11  51  12  50  13  48  14  50  15  51  16  49  17  49  18  50  19  47 
  0  55   1  52   2  52   3  50   4  51   5  52   6  55   7  53   8  51   9  53  10  51  11  51  12  53  13  52  14  51  15  52  16  49  17  51  18  50  19  52 
  0  47   1  50   2  50   3  49   4  50   5  51   6  47   7  48   8  51   9  47  10  49  11  50  12  51  13  49  14  51  15  51  16  51  17  51  18  51  19  51 
  0  45   1  49   2  49   3  49   4  48   5  46   6  46   7  47   8  48   9  48  10  49  11  49  12  47  13  49  14  50  15  47  16  49  17  50  18  51  19  47 
  0  53   1  51   2  52   3  51   4  52   5  54   6  55   7  52   8  50   9  52  10  50  11  51  12  52  13  52  14  51  15  52  16  50  17  53  18  51  19  54 
  0  53   1  50   2  52   3  51   4  49   5  52   6  54   7  52   8  51   9  53  10  51  11  50  12  51  13  51  14  51  15  51  16  49  17  52  18  49  19  50 
  0  49   1  48   2  50   3  49   4  48   5  51   6  51   7  51   8  50   9  50  10  50  11  51  12  51  13  52  14  49  15  48  16  49  17  50  18  51  19  48 
  0  47   1  49   2  50   3  51   4  50   5  46   6  47   7  47   8  50   9  48  10  49  11  51  12  48  13  51  14  51  15  48  16  50  17  47  18  51  19  49 
  0  50   1  48   2  52   3  51   4  49   5  47   6  51   7  48   8  49   9  48  10  50  11  51  12  51  13  48  14  51  15  47  16  49  17  47  18  49  19  47 
  0  49   1  48   2  48   3  51   4  48   5  50   6  49   7  49   8  49   9  50  10  49  11  51  12  50  13  51  14  51  15  48  16  51  17  49  18  49  19  49 
  0  47   1  48   2  50   3  51   4  51   5  50   6  49   7  47   8  50   9  48  10  49  11  50  12  47  13  49  14  51  15  48  16  50  17  47  18  49  19  48 
  0  47   1  51   2  49   3  51   4  49   5  51   6  49   7  49   8  49   9  49  10  51  11  51  12  49  13  48  14  49  15  49  16  51  17  49  18  51  19  50 
  0  52   1  50   2  50   3  49   4  52   5  50   6  50   7  50   8  50   9  52  10  49  11  50  12  53  13  49  14  49  15  53  16  50  17  53  18  49  19  50 
  0  51   1  51   2  52   3  49   4  48   5  50   6  50   7  48   8  49   9  48  10  51  11  49  12  51  13  52  14  51  15  48  16  49  17  50  18  51  19  51 
  0  51   1  52   2  49   3  49   4  49   5  49   6  50   7  48   8  50   9  52  10  51  11  49  12  52  13  52  14  51  15  51  16  51  17  51  18  50  19  48 
  0  55   1  51   2  51   3  51   4  50   5  52   6  54   7  53   8  52   9  52  10  51  11  49  12  55  13  52  14  51  15  52  16  51  17  53  18  51  19  52 
  0  45   1  48   2  50   3  51   4  50   5  47   6  45   7  50   8  48   9  49  10  50  11  49  12  48  13  48  14  49  15  49  16  49  17  48  18  51  19  46 


