
 20  20

  0  30   1  27   2  29   3  32   4  28   5  30   6  29   7  29   8  27   9  26  10  31  11  26  12  28  13  29  14  27  15  29  16  31  17  32  18  30  19  31 
  0  29   1  28   2  26   3  28   4  26   5  26   6  30   7  26   8  27   9  29  10  28  11  27  12  27  13  26  14  27  15  26  16  30  17  29  18  29  19  29 
  0  27   1  28   2  25   3  27   4  25   5  24   6  27   7  25   8  28   9  28  10  23  11  28  12  27  13  25  14  25  15  25  16  23  17  23  18  24  19  24 
  0  30   1  29   2  29   3  31   4  29   5  29   6  27   7  28   8  28   9  28  10  30  11  29  12  27  13  29  14  28  15  31  16  31  17  27  18  27  19  31 
  0  25   1  29   2  25   3  25   4  27   5  28   6  25   7  29   8  26   9  27  10  25  11  28  12  26  13  25  14  28  15  27  16  27  17  27  18  28  19  24 
  0  26   1  25   2  26   3  30   4  28   5  28   6  26   7  29   8  28   9  25  10  30  11  26  12  26  13  26  14  25  15  30  16  26  17  28  18  25  19  27 
  0  26   1  26   2  27   3  30   4  26   5  28   6  28   7  29   8  28   9  28  10  30  11  28  12  28  13  27  14  25  15  30  16  26  17  28  18  29  19  29 
  0  27   1  25   2  25   3  25   4  25   5  25   6  25   7  25   8  26   9  28  10  28  11  27  12  26  13  28  14  27  15  24  16  27  17  23  18  27  19  25 
  0  29   1  26   2  25   3  25   4  25   5  27   6  26   7  26   8  26   9  25  10  27  11  27  12  27  13  28  14  25  15  26  16  28  17  27  18  25  19  29 
  0  26   1  25   2  27   3  27   4  26   5  29   6  25   7  28   8  27   9  27  10  28  11  26  12  26  13  27  14  28  15  28  16  29  17  28  18  27  19  27 
  0  26   1  27   2  25   3  23   4  25   5  24   6  26   7  25   8  27   9  26  10  26  11  27  12  26  13  27  14  25  15  24  16  24  17  22  18  24  19  24 
  0  23   1  24   2  25   3  22   4  27   5  24   6  25   7  26   8  26   9  26  10  23  11  26  12  26  13  26  14  26  15  22  16  25  17  22  18  26  19  23 
  0  28   1  30   2  25   3  27   4  26   5  26   6  26   7  29   8  26   9  25  10  30  11  28  12  26  13  28  14  26  15  27  16  27  17  29  18  28  19  29 
  0  32   1  28   2  29   3  32   4  27   5  31   6  31   7  29   8  26   9  29  10  31  11  29  12  28  13  29  14  29  15  32  16  31  17  29  18  29  19  30 
  0  26   1  28   2  28   3  24   4  28   5  24   6  24   7  25   8  27   9  28  10  24  11  26  12  27  13  25  14  27  15  28  16  24  17  26  18  27  19  25 
  0  28   1  28   2  26   3  29   4  28   5  31   6  30   7  26   8  26   9  27  10  27  11  29  12  26  13  27  14  29  15  28  16  29  17  30  18  27  19  29 
  0  27   1  30   2  29   3  30   4  27   5  29   6  29   7  28   8  26   9  25  10  28  11  29  12  26  13  29  14  25  15  26  16  26  17  27  18  27  19  29 
  0  26   1  29   2  29   3  28   4  27   5  29   6  30   7  27   8  26   9  28  10  30  11  28  12  26  13  28  14  29  15  27  16  28  17  29  18  29  19  27 
  0  26   1  29   2  27   3  29   4  29   5  26   6  25   7  25   8  28   9  26  10  26  11  27  12  26  13  29  14  28  15  29  16  26  17  29  18  29  19  26 
  0  30   1  26   2  29   3  31   4  29   5  31   6  27   7  26   8  28   9  29  10  27  11  29  12  28  13  29  14  29  15  29  16  30  17  27  18  26  19  31 


