
 20  20

  0  24   1  26   2  26   3  23   4  27   5  27   6  27   7  27   8  27   9  25  10  24  11  23  12  27  13  25  14  26  15  25  16  23  17  24  18  26  19  26 
  0  22   1  25   2  23   3  24   4  22   5  23   6  24   7  27   8  24   9  24  10  24  11  23  12  23  13  27  14  21  15  22  16  24  17  24  18  25  19  24 
  0  22   1  25   2  24   3  22   4  27   5  26   6  23   7  25   8  24   9  25  10  24  11  25  12  25  13  27  14  22  15  22  16  24  17  24  18  25  19  27 
  0  23   1  23   2  26   3  21   4  22   5  26   6  23   7  26   8  22   9  23  10  24  11  24  12  22  13  25  14  24  15  21  16  23  17  25  18  25  19  26 
  0  26   1  27   2  28   3  28   4  26   5  27   6  28   7  26   8  28   9  27  10  28  11  27  12  25  13  25  14  29  15  28  16  25  17  28  18  26  19  26 
  0  25   1  25   2  25   3  25   4  25   5  26   6  25   7  26   8  24   9  22  10  24  11  27  12  25  13  27  14  23  15  25  16  23  17  27  18  26  19  24 
  0  30   1  30   2  27   3  28   4  27   5  28   6  29   7  27   8  31   9  29  10  25  11  28  12  30  13  27  14  31  15  29  16  30  17  26  18  27  19  28 
  0  26   1  25   2  28   3  28   4  26   5  24   6  26   7  27   8  24   9  25  10  28  11  27  12  26  13  27  14  24  15  25  16  26  17  25  18  27  19  25 
  0  25   1  29   2  27   3  25   4  28   5  27   6  27   7  26   8  29   9  27  10  28  11  27  12  27  13  25  14  26  15  25  16  27  17  29  18  25  19  25 
  0  29   1  29   2  28   3  29   4  28   5  25   6  26   7  27   8  25   9  27  10  28  11  28  12  29  13  26  14  28  15  28  16  27  17  27  18  26  19  25 
  0  29   1  30   2  29   3  30   4  30   5  29   6  30   7  27   8  28   9  28  10  26  11  26  12  30  13  25  14  29  15  28  16  26  17  29  18  25  19  25 
  0  22   1  23   2  23   3  25   4  25   5  25   6  26   7  25   8  23   9  23  10  25  11  25  12  22  13  25  14  25  15  25  16  22  17  24  18  27  19  24 
  0  29   1  30   2  29   3  30   4  29   5  29   6  30   7  27   8  31   9  30  10  28  11  29  12  28  13  27  14  31  15  29  16  30  17  29  18  27  19  28 
  0  27   1  25   2  26   3  27   4  25   5  26   6  28   7  27   8  26   9  27  10  27  11  25  12  27  13  25  14  27  15  26  16  27  17  28  18  25  19  27 
  0  28   1  27   2  25   3  24   4  26   5  24   6  25   7  27   8  26   9  26  10  25  11  25  12  25  13  25  14  26  15  28  16  24  17  24  18  27  19  26 
  0  21   1  22   2  25   3  24   4  22   5  23   6  23   7  25   8  23   9  22  10  24  11  24  12  22  13  27  14  24  15  22  16  22  17  24  18  27  19  24 
  0  31   1  29   2  29   3  30   4  30   5  26   6  29   7  27   8  28   9  30  10  26  11  29  12  27  13  27  14  29  15  29  16  29  17  29  18  27  19  28 
  0  31   1  29   2  29   3  29   4  27   5  27   6  28   7  26   8  31   9  30  10  28  11  29  12  29  13  25  14  31  15  31  16  30  17  26  18  27  19  28 
  0  28   1  26   2  28   3  28   4  25   5  25   6  26   7  27   8  27   9  26  10  24  11  25  12  26  13  26  14  25  15  28  16  28  17  26  18  26  19  25 
  0  25   1  29   2  27   3  29   4  28   5  28   6  28   7  25   8  28   9  26  10  27  11  29  12  29  13  25  14  25  15  29  16  27  17  26  18  25  19  24 


