
 20  20

  0  86   1  85   2  83   3  86   4  87   5  83   6  86   7  86   8  87   9  86  10  85  11  85  12  84  13  84  14  84  15  86  16  87  17  86  18  83  19  86 
  0  89   1  87   2  85   3  86   4  86   5  87   6  86   7  84   8  87   9  84  10  86  11  87  12  86  13  86  14  88  15  86  16  88  17  86  18  88  19  86 
  0  88   1  88   2  88   3  87   4  88   5  88   6  84   7  85   8  90   9  87  10  84  11  87  12  86  13  89  14  85  15  86  16  90  17  84  18  87  19  86 
  0  82   1  81   2  85   3  83   4  84   5  80   6  84   7  86   8  80   9  83  10  84  11  83  12  84  13  81  14  81  15  83  16  80  17  85  18  83  19  86 
  0  87   1  86   2  88   3  86   4  87   5  89   6  84   7  84   8  89   9  84  10  86  11  86  12  85  13  89  14  87  15  87  16  85  17  86  18  88  19  86 
  0  88   1  88   2  88   3  87   4  85   5  86   6  86   7  85   8  86   9  87  10  86  11  84  12  87  13  87  14  86  15  88  16  90  17  84  18  89  19  84 
  0  84   1  82   2  84   3  83   4  83   5  85   6  86   7  84   8  84   9  85  10  84  11  84  12  84  13  83  14  84  15  85  16  83  17  83  18  85  19  84 
  0  90   1  85   2  88   3  87   4  86   5  88   6  86   7  86   8  86   9  87  10  86  11  86  12  85  13  87  14  85  15  90  16  88  17  84  18  89  19  86 
  0  80   1  81   2  83   3  83   4  83   5  80   6  85   7  86   8  81   9  84  10  84  11  83  12  83  13  82  14  81  15  81  16  80  17  83  18  83  19  85 
  0  80   1  81   2  84   3  85   4  82   5  80   6  84   7  84   8  80   9  84  10  84  11  84  12  83  13  81  14  81  15  82  16  80  17  83  18  82  19  84 
  0  84   1  85   2  83   3  86   4  83   5  84   6  86   7  85   8  82   9  85  10  86  11  83  12  83  13  86  14  85  15  82  16  82  17  85  18  83  19  84 
  0  88   1  89   2  88   3  84   4  87   5  86   6  86   7  85   8  89   9  85  10  86  11  84  12  86  13  86  14  88  15  88  16  88  17  87  18  88  19  86 
  0  85   1  89   2  87   3  87   4  86   5  88   6  84   7  84   8  88   9  87  10  84  11  86  12  87  13  87  14  88  15  89  16  86  17  84  18  87  19  86 
  0  90   1  89   2  88   3  84   4  88   5  87   6  84   7  86   8  90   9  85  10  86  11  87  12  86  13  88  14  89  15  87  16  90  17  87  18  88  19  86 
  0  84   1  84   2  84   3  85   4  84   5  85   6  85   7  84   8  82   9  85  10  84  11  85  12  84  13  85  14  84  15  81  16  84  17  83  18  82  19  86 
  0  85   1  86   2  84   3  85   4  85   5  85   6  86   7  84   8  85   9  84  10  86  11  87  12  87  13  88  14  88  15  88  16  85  17  84  18  85  19  86 
  0  84   1  83   2  86   3  83   4  86   5  85   6  84   7  86   8  83   9  83  10  84  11  83  12  85  13  84  14  82  15  84  16  84  17  83  18  82  19  86 
  0  87   1  86   2  88   3  84   4  87   5  89   6  86   7  85   8  90   9  85  10  84  11  86  12  87  13  90  14  89  15  89  16  90  17  84  18  87  19  85 
  0  90   1  87   2  88   3  87   4  88   5  90   6  86   7  86   8  88   9  86  10  86  11  87  12  87  13  90  14  89  15  90  16  89  17  87  18  90  19  84 
  0  83   1  85   2  85   3  84   4  85   5  87   6  86   7  84   8  85   9  87  10  85  11  86  12  86  13  85  14  85  15  87  16  86  17  85  18  84  19  86 


