
 20  20

  0  28   1  29   2  29   3  30   4  28   5  26   6  28   7  28   8  28   9  27  10  31  11  27  12  28  13  27  14  27  15  31  16  28  17  27  18  27  19  27 
  0  26   1  25   2  24   3  24   4  27   5  25   6  25   7  28   8  24   9  26  10  26  11  28  12  26  13  27  14  27  15  27  16  26  17  27  18  25  19  25 
  0  23   1  23   2  25   3  24   4  25   5  27   6  24   7  25   8  27   9  25  10  27  11  23  12  24  13  27  14  23  15  26  16  24  17  27  18  25  19  26 
  0  26   1  25   2  24   3  26   4  28   5  25   6  28   7  24   8  24   9  26  10  26  11  25  12  24  13  25  14  24  15  27  16  28  17  26  18  25  19  27 
  0  28   1  30   2  27   3  27   4  27   5  26   6  30   7  26   8  27   9  26  10  28  11  26  12  28  13  27  14  27  15  30  16  28  17  27  18  27  19  27 
  0  29   1  29   2  30   3  29   4  31   5  25   6  30   7  29   8  28   9  25  10  29  11  30  12  28  13  25  14  29  15  29  16  29  17  25  18  30  19  27 
  0  31   1  30   2  28   3  31   4  30   5  27   6  28   7  29   8  29   9  27  10  30  11  29  12  26  13  27  14  29  15  31  16  30  17  27  18  30  19  27 
  0  26   1  26   2  27   3  27   4  30   5  27   6  29   7  29   8  25   9  27  10  29  11  29  12  25  13  27  14  27  15  27  16  27  17  27  18  26  19  25 
  0  27   1  28   2  30   3  26   4  27   5  25   6  29   7  29   8  29   9  27  10  29  11  28  12  27  13  25  14  27  15  29  16  27  17  25  18  27  19  25 
  0  29   1  29   2  30   3  28   4  27   5  26   6  27   7  30   8  29   9  27  10  30  11  26  12  28  13  27  14  29  15  30  16  26  17  26  18  27  19  27 
  0  23   1  23   2  25   3  23   4  26   5  25   6  27   7  24   8  27   9  26  10  27  11  25  12  27  13  26  14  26  15  23  16  25  17  27  18  24  19  27 
  0  27   1  23   2  24   3  26   4  24   5  26   6  23   7  25   8  28   9  25  10  26  11  26  12  24  13  27  14  24  15  24  16  23  17  27  18  26  19  25 
  0  26   1  23   2  26   3  22   4  23   5  26   6  23   7  27   8  26   9  27  10  24  11  25  12  24  13  27  14  24  15  26  16  24  17  27  18  24  19  27 
  0  31   1  30   2  30   3  31   4  30   5  27   6  29   7  30   8  29   9  27  10  31  11  28  12  28  13  27  14  29  15  29  16  29  17  27  18  30  19  25 
  0  28   1  28   2  29   3  30   4  30   5  25   6  28   7  28   8  28   9  27  10  28  11  29  12  28  13  25  14  26  15  30  16  26  17  27  18  29  19  27 
  0  24   1  26   2  25   3  25   4  24   5  27   6  25   7  25   8  28   9  25  10  24  11  24  12  26  13  27  14  27  15  26  16  28  17  26  18  27  19  25 
  0  25   1  22   2  22   3  21   4  22   5  25   6  23   7  26   8  26   9  26  10  24  11  25  12  26  13  25  14  24  15  22  16  25  17  25  18  23  19  26 
  0  23   1  23   2  24   3  22   4  21   5  27   6  25   7  23   8  25   9  25  10  24  11  25  12  26  13  25  14  23  15  22  16  26  17  26  18  26  19  25 
  0  28   1  28   2  29   3  29   4  28   5  27   6  27   7  27   8  26   9  27  10  27  11  28  12  27  13  25  14  28  15  30  16  30  17  27  18  26  19  26 
  0  26   1  26   2  24   3  24   4  28   5  26   6  24   7  27   8  26   9  26  10  24  11  24  12  24  13  25  14  27  15  24  16  25  17  27  18  24  19  25 


