
 20  20

  0  74   1  80   2  75   3  79   4  78   5  75   6  79   7  78   8  79   9  75  10  74  11  80  12  75  13  74  14  74  15  76  16  74  17  75  18  75  19  74 
  0  78   1  79   2  77   3  79   4  79   5  77   6  80   7  77   8  80   9  77  10  78  11  78  12  80  13  79  14  77  15  79  16  76  17  76  18  76  19  80 
  0  82   1  78   2  81   3  81   4  80   5  80   6  81   7  81   8  79   9  83  10  80  11  78  12  80  13  83  14  83  15  82  16  82  17  83  18  83  19  83 
  0  78   1  80   2  76   3  79   4  80   5  75   6  79   7  79   8  79   9  78  10  78  11  78  12  79  13  77  14  75  15  76  16  74  17  77  18  79  19  76 
  0  80   1  80   2  80   3  79   4  79   5  83   6  79   7  82   8  79   9  80  10  79  11  79  12  80  13  83  14  79  15  80  16  82  17  83  18  79  19  83 
  0  77   1  80   2  76   3  78   4  78   5  76   6  77   7  78   8  77   9  75  10  79  11  80  12  75  13  75  14  77  15  77  16  75  17  76  18  76  19  78 
  0  79   1  78   2  79   3  80   4  80   5  79   6  80   7  81   8  78   9  79  10  82  11  80  12  82  13  82  14  82  15  79  16  80  17  82  18  81  19  82 
  0  80   1  78   2  78   3  80   4  80   5  78   6  80   7  78   8  77   9  80  10  78  11  80  12  78  13  81  14  80  15  82  16  82  17  79  18  82  19  82 
  0  74   1  78   2  75   3  80   4  78   5  76   6  79   7  76   8  80   9  74  10  77  11  79  12  75  13  76  14  76  15  79  16  77  17  76  18  75  19  77 
  0  81   1  80   2  79   3  81   4  80   5  82   6  80   7  79   8  81   9  82  10  81  11  78  12  80  13  84  14  82  15  82  16  80  17  83  18  82  19  81 
  0  76   1  80   2  80   3  80   4  80   5  79   6  81   7  78   8  80   9  78  10  77  11  78  12  76  13  80  14  79  15  76  16  76  17  80  18  79  19  77 
  0  82   1  78   2  80   3  80   4  80   5  82   6  81   7  79   8  81   9  82  10  80  11  80  12  80  13  82  14  81  15  79  16  80  17  78  18  79  19  82 
  0  81   1  80   2  81   3  80   4  79   5  81   6  81   7  81   8  81   9  84  10  80  11  78  12  80  13  81  14  81  15  79  16  81  17  84  18  83  19  80 
  0  76   1  78   2  77   3  77   4  80   5  79   6  77   7  77   8  79   9  77  10  75  11  78  12  77  13  79  14  79  15  77  16  75  17  79  18  80  19  79 
  0  83   1  78   2  80   3  78   4  80   5  81   6  80   7  82   8  80   9  82  10  80  11  79  12  81  13  80  14  80  15  81  16  83  17  83  18  82  19  83 
  0  84   1  79   2  83   3  80   4  79   5  81   6  79   7  80   8  79   9  83  10  82  11  80  12  83  13  83  14  81  15  80  16  84  17  84  18  83  19  84 
  0  82   1  79   2  81   3  80   4  78   5  79   6  80   7  81   8  81   9  79  10  81  11  79  12  81  13  78  14  80  15  81  16  81  17  81  18  78  19  78 
  0  79   1  80   2  81   3  80   4  78   5  81   6  79   7  81   8  81   9  79  10  79  11  79  12  78  13  81  14  79  15  79  16  80  17  78  18  81  19  81 
  0  83   1  80   2  81   3  79   4  80   5  83   6  81   7  82   8  80   9  84  10  81  11  80  12  82  13  81  14  82  15  80  16  80  17  84  18  83  19  84 
  0  80   1  80   2  82   3  81   4  78   5  80   6  78   7  79   8  81   9  82  10  79  11  80  12  81  13  79  14  79  15  81  16  81  17  80  18  79  19  81 


