
 20  20

  0  83   1  83   2  86   3  85   4  86   5  83   6  87   7  86   8  84   9  87  10  86  11  85  12  84  13  84  14  82  15  86  16  82  17  82  18  85  19  85 
  0  88   1  86   2  89   3  86   4  87   5  87   6  87   7  90   8  89   9  87  10  86  11  90  12  86  13  87  14  89  15  86  16  88  17  87  18  86  19  88 
  0  86   1  85   2  88   3  85   4  88   5  85   6  87   7  87   8  88   9  87  10  86  11  87  12  85  13  86  14  85  15  84  16  86  17  87  18  85  19  85 
  0  80   1  84   2  81   3  84   4  82   5  85   6  84   7  84   8  82   9  84  10  85  11  82  12  86  13  86  14  84  15  84  16  84  17  84  18  86  19  84 
  0  82   1  82   2  85   3  84   4  82   5  86   6  86   7  80   8  83   9  83  10  84  11  80  12  84  13  83  14  82  15  84  16  84  17  82  18  84  19  83 
  0  84   1  84   2  85   3  86   4  86   5  86   6  86   7  87   8  87   9  84  10  85  11  84  12  85  13  87  14  85  15  86  16  85  17  84  18  85  19  84 
  0  80   1  82   2  81   3  85   4  82   5  83   6  83   7  80   8  81   9  83  10  84  11  81  12  84  13  85  14  83  15  86  16  83  17  81  18  86  19  83 
  0  82   1  82   2  81   3  84   4  83   5  83   6  85   7  80   8  81   9  86  10  84  11  82  12  84  13  83  14  81  15  86  16  84  17  82  18  86  19  84 
  0  84   1  86   2  83   3  85   4  85   5  84   6  85   7  86   8  85   9  86  10  86  11  82  12  86  13  87  14  84  15  86  16  86  17  84  18  86  19  85 
  0  84   1  83   2  87   3  86   4  84   5  83   6  83   7  85   8  85   9  85  10  84  11  85  12  84  13  86  14  84  15  86  16  85  17  85  18  84  19  84 
  0  87   1  88   2  89   3  86   4  87   5  84   6  87   7  86   8  89   9  86  10  85  11  86  12  86  13  86  14  88  15  86  16  85  17  89  18  84  19  89 
  0  89   1  88   2  87   3  86   4  85   5  84   6  87   7  89   8  86   9  86  10  86  11  87  12  86  13  84  14  89  15  86  16  88  17  89  18  85  19  89 
  0  81   1  84   2  84   3  86   4  83   5  83   6  84   7  85   8  86   9  83  10  86  11  81  12  85  13  83  14  82  15  85  16  82  17  84  18  86  19  82 
  0  82   1  82   2  83   3  84   4  83   5  83   6  83   7  83   8  83   9  83  10  84  11  81  12  85  13  83  14  81  15  84  16  82  17  82  18  84  19  83 
  0  84   1  84   2  84   3  85   4  82   5  83   6  83   7  84   8  85   9  83  10  86  11  84  12  84  13  84  14  83  15  86  16  84  17  86  18  86  19  82 
  0  84   1  82   2  82   3  84   4  84   5  83   6  83   7  80   8  84   9  85  10  86  11  80  12  85  13  86  14  84  15  86  16  83  17  82  18  84  19  82 
  0  89   1  87   2  86   3  85   4  84   5  86   6  87   7  87   8  87   9  86  10  86  11  89  12  85  13  86  14  87  15  86  16  88  17  86  18  85  19  88 
  0  83   1  84   2  84   3  86   4  85   5  83   6  86   7  82   8  84   9  83  10  84  11  84  12  86  13  84  14  85  15  86  16  86  17  86  18  84  19  86 
  0  85   1  86   2  87   3  85   4  87   5  87   6  86   7  86   8  85   9  85  10  86  11  87  12  84  13  85  14  84  15  84  16  87  17  84  18  84  19  86 
  0  87   1  83   2  87   3  84   4  84   5  85   6  85   7  85   8  84   9  86  10  84  11  87  12  84  13  86  14  86  15  86  16  83  17  85  18  86  19  85 


