
 20  20

  0  45   1  42   2  45   3  44   4  43   5  43   6  44   7  44   8  43   9  41  10  44  11  43  12  45  13  45  14  42  15  44  16  43  17  45  18  45  19  43 
  0  46   1  48   2  44   3  46   4  48   5  46   6  44   7  46   8  43   9  47  10  46  11  43  12  45  13  44  14  45  15  43  16  46  17  43  18  43  19  46 
  0  42   1  40   2  43   3  42   4  40   5  42   6  39   7  42   8  43   9  40  10  42  11  42  12  40  13  45  14  40  15  43  16  42  17  45  18  43  19  43 
  0  39   1  40   2  43   3  43   4  40   5  42   6  39   7  43   8  44   9  41  10  43  11  44  12  41  13  43  14  41  15  43  16  42  17  43  18  43  19  44 
  0  42   1  43   2  42   3  42   4  44   5  43   6  42   7  42   8  43   9  43  10  42  11  42  12  39  13  43  14  41  15  44  16  45  17  45  18  43  19  42 
  0  44   1  43   2  42   3  42   4  42   5  42   6  41   7  42   8  43   9  41  10  42  11  44  12  41  13  43  14  44  15  45  16  43  17  45  18  43  19  44 
  0  45   1  45   2  44   3  46   4  45   5  43   6  45   7  46   8  45   9  45  10  44  11  46  12  48  13  43  14  45  15  43  16  43  17  45  18  45  19  44 
  0  42   1  40   2  44   3  42   4  41   5  42   6  41   7  44   8  43   9  41  10  42  11  44  12  41  13  44  14  42  15  43  16  44  17  43  18  43  19  42 
  0  44   1  44   2  44   3  42   4  43   5  46   6  44   7  45   8  45   9  44  10  43  11  46  12  43  13  44  14  45  15  43  16  43  17  43  18  44  19  43 
  0  47   1  47   2  45   3  46   4  47   5  44   6  47   7  43   8  43   9  45  10  46  11  43  12  43  13  45  14  46  15  45  16  45  17  45  18  44  19  46 
  0  40   1  41   2  42   3  43   4  40   5  43   6  40   7  42   8  45   9  41  10  42  11  43  12  40  13  45  14  43  15  45  16  42  17  44  18  43  19  43 
  0  49   1  47   2  46   3  46   4  46   5  44   6  49   7  46   8  45   9  48  10  44  11  46  12  49  13  45  14  48  15  45  16  46  17  44  18  45  19  45 
  0  43   1  45   2  44   3  43   4  43   5  42   6  44   7  42   8  44   9  43  10  44  11  42  12  45  13  45  14  44  15  45  16  44  17  43  18  43  19  44 
  0  49   1  48   2  44   3  46   4  45   5  45   6  49   7  46   8  45   9  48  10  45  11  45  12  49  13  45  14  47  15  45  16  46  17  45  18  45  19  45 
  0  42   1  46   2  46   3  45   4  45   5  43   6  45   7  46   8  43   9  43  10  43  11  42  12  42  13  45  14  44  15  44  16  42  17  45  18  45  19  43 
  0  49   1  48   2  44   3  46   4  48   5  46   6  48   7  45   8  45   9  47  10  46  11  45  12  49  13  44  14  48  15  45  16  45  17  44  18  45  19  46 
  0  41   1  40   2  42   3  43   4  42   5  44   6  40   7  42   8  43   9  40  10  42  11  43  12  39  13  44  14  41  15  43  16  43  17  43  18  43  19  42 
  0  41   1  42   2  45   3  42   4  45   5  42   6  45   7  45   8  45   9  44  10  42  11  45  12  42  13  45  14  43  15  45  16  42  17  45  18  43  19  44 
  0  49   1  47   2  46   3  46   4  48   5  46   6  49   7  46   8  45   9  47  10  45  11  45  12  49  13  43  14  48  15  45  16  46  17  44  18  43  19  46 
  0  42   1  43   2  42   3  43   4  44   5  44   6  41   7  42   8  45   9  43  10  42  11  42  12  40  13  45  14  41  15  43  16  42  17  43  18  44  19  42 


