
 20  20

  0   8   1  10   2   7   3  10   4  10   5   8   6   6   7   7   8   8   9   5  10   8  11   9  12   7  13   7  14   9  15   8  16   7  17   6  18   9  19   6 
  0  11   1   8   2   7   3   9   4   8   5   9   6  10   7   8   8  10   9   9  10   8  11   9  12  11  13   9  14   9  15   9  16  12  17   9  18   9  19  11 
  0  10   1  10   2  10   3   9   4  10   5   8   6  10   7   8   8   8   9   9  10   8  11   8  12  10  13   7  14  10  15   8  16   7  17   8  18   6  19  10 
  0   6   1  10   2   7   3   8   4   8   5  10   6  11   7   7   8   8   9   7  10   9  11  10  12   7  13  10  14   9  15   7  16   9  17   9  18   6  19   6 
  0  12   1   8   2  11   3  10   4   8   5  10   6   8   7   9   8   8   9   8  10   9  11   9  12   8  13  11  14   8  15  11  16  11  17  11  18  12  19   8 
  0  12   1  10   2  10   3  11   4   8   5  12   6   9   7  10   8   8   9  11  10  10  11  12  12  11  13  10  14  10  15  10  16  13  17   9  18  10  19  10 
  0   9   1   8   2  10   3  11   4   8   5  11   6  11   7   7   8  10   9  10  10   9  11  10  12  11  13  11  14   9  15  10  16   6  17   7  18   6  19  10 
  0   8   1   8   2   7   3  11   4  10   5  11   6  11   7   9   8   8   9   7  10  10  11   9  12   9  13  11  14  10  15   7  16   9  17  11  18   9  19   9 
  0  12   1   8   2  11   3   8   4  10   5   9   6  11   7  11   8   8   9  11  10  10  11  12  12   9  13  11  14  10  15   8  16   8  17  11  18  11  19  10 
  0   8   1   8   2   9   3   7   4  10   5   9   6   8   7   7   8  10   9   7  10  10  11   8  12  10  13   7  14  10  15   7  16   6  17   8  18   7  19   6 
  0   5   1   8   2   8   3   6   4   8   5   7   6   6   7   7   8   8   9   6  10   8  11   9  12   7  13   7  14  10  15   5  16   8  17   7  18   7  19   5 
  0   7   1   9   2   6   3   6   4  10   5   6   6   8   7   8   8   9   9   4  10   9  11   6  12   7  13   9  14   9  15   5  16   4  17   5  18   5  19   5 
  0  12   1   8   2  12   3   9   4   8   5  12   6  11   7  11   8   9   9  13  10   8  11   9  12   9  13  10  14   8  15  12  16   9  17  10  18  13  19  13 
  0  12   1   9   2  12   3  11   4   8   5  12   6  12   7   9   8  10   9  14  10  10  11  12  12  10  13  11  14   8  15  13  16  12  17  13  18  14  19  13 
  0   8   1   9   2   8   3   6   4   8   5   9   6   7   7   7   8   9   9   6  10   8  11   6  12  10  13   8  14  10  15   5  16   4  17   5  18   7  19   5 
  0  10   1   8   2   8   3  12   4   8   5   9   6  12   7   8   8  10   9   9  10  10  11   9  12  10  13   9  14   8  15  10  16  12  17  11  18  11  19   8 
  0   4   1  10   2   7   3   6   4   8   5   6   6   9   7   7   8  10   9   8  10  10  11   6  12   7  13  10  14   8  15   5  16   6  17   5  18   7  19   4 
  0  11   1  10   2   9   3  12   4  10   5   9   6   9   7  11   8   8   9  12  10   9  11   9  12   9  13  10  14   9  15  13  16  14  17  12  18  11  19  11 
  0  11   1  10   2  11   3  12   4  10   5  12   6  12   7  11   8  10   9  12  10   8  11  12  12  11  13  11  14  10  15  11  16  14  17  13  18  14  19  13 
  0   4   1   9   2   6   3   6   4   8   5   6   6   8   7   9   8   9   9   4  10   8  11   6  12   7  13   7  14  10  15   7  16   7  17   7  18   6  19   5 


