
 20  20

  0  55   1  51   2  50   3  49   4  50   5  54   6  54   7  52   8  53   9  52  10  53  11  51  12  51  13  53  14  53  15  51  16  53  17  51  18  51  19  53 
  0  47   1  51   2  51   3  49   4  51   5  46   6  50   7  50   8  50   9  47  10  51  11  47  12  51  13  50  14  50  15  49  16  47  17  46  18  51  19  46 
  0  45   1  49   2  49   3  50   4  49   5  45   6  46   7  48   8  47   9  47  10  47  11  47  12  50  13  48  14  48  15  48  16  47  17  46  18  48  19  45 
  0  55   1  49   2  51   3  50   4  51   5  55   6  54   7  54   8  53   9  54  10  53  11  53  12  51  13  53  14  52  15  53  16  55  17  55  18  53  19  53 
  0  54   1  49   2  51   3  52   4  51   5  53   6  53   7  51   8  53   9  53  10  52  11  55  12  49  13  53  14  51  15  51  16  55  17  52  18  52  19  54 
  0  52   1  51   2  49   3  51   4  49   5  53   6  52   7  52   8  49   9  50  10  49  11  54  12  50  13  53  14  52  15  50  16  53  17  52  18  51  19  51 
  0  55   1  51   2  51   3  50   4  49   5  53   6  53   7  54   8  52   9  55  10  53  11  55  12  51  13  53  14  54  15  53  16  55  17  54  18  51  19  55 
  0  53   1  49   2  49   3  51   4  49   5  51   6  52   7  53   8  49   9  54  10  51  11  53  12  50  13  51  14  51  15  51  16  52  17  52  18  50  19  50 
  0  50   1  51   2  51   3  52   4  50   5  53   6  52   7  51   8  52   9  51  10  51  11  51  12  49  13  53  14  52  15  51  16  51  17  50  18  53  19  54 
  0  49   1  49   2  49   3  51   4  51   5  49   6  48   7  49   8  51   9  48  10  49  11  48  12  51  13  51  14  47  15  47  16  50  17  49  18  51  19  48 
  0  52   1  50   2  49   3  50   4  49   5  49   6  51   7  51   8  48   9  51  10  50  11  51  12  51  13  50  14  51  15  52  16  50  17  51  18  51  19  49 
  0  45   1  49   2  50   3  51   4  49   5  46   6  49   7  50   8  47   9  47  10  47  11  48  12  50  13  49  14  49  15  48  16  45  17  49  18  47  19  45 
  0  53   1  50   2  51   3  52   4  50   5  55   6  53   7  54   8  53   9  55  10  51  11  53  12  49  13  51  14  53  15  52  16  54  17  55  18  53  19  55 
  0  51   1  49   2  50   3  52   4  51   5  53   6  52   7  51   8  50   9  51  10  50  11  53  12  49  13  53  14  53  15  52  16  54  17  51  18  53  19  50 
  0  49   1  49   2  49   3  48   4  49   5  49   6  46   7  48   8  48   9  45  10  49  11  45  12  51  13  47  14  47  15  47  16  48  17  48  18  49  19  47 
  0  48   1  49   2  51   3  51   4  49   5  49   6  46   7  46   8  47   9  48  10  50  11  49  12  51  13  49  14  46  15  49  16  49  17  49  18  47  19  47 
  0  47   1  49   2  51   3  49   4  51   5  45   6  48   7  46   8  47   9  46  10  47  11  45  12  49  13  47  14  48  15  47  16  48  17  45  18  48  19  48 
  0  49   1  51   2  49   3  49   4  49   5  48   6  45   7  49   8  49   9  47  10  50  11  49  12  50  13  48  14  48  15  47  16  47  17  46  18  48  19  48 
  0  51   1  51   2  49   3  49   4  51   5  54   6  52   7  51   8  51   9  53  10  53  11  53  12  51  13  50  14  51  15  53  16  52  17  53  18  51  19  52 
  0  49   1  51   2  49   3  50   4  51   5  48   6  47   7  48   8  47   9  47  10  47  11  45  12  51  13  47  14  50  15  48  16  47  17  46  18  50  19  49 


