
 20  20

  0  70   1  74   2  71   3  71   4  75   5  75   6  74   7  71   8  72   9  75  10  70  11  70  12  72  13  72  14  75  15  73  16  72  17  72  18  72  19  75 
  0  72   1  73   2  71   3  71   4  72   5  75   6  75   7  74   8  72   9  75  10  70  11  71  12  71  13  75  14  73  15  75  16  74  17  73  18  74  19  75 
  0  77   1  78   2  77   3  75   4  74   5  75   6  73   7  75   8  76   9  76  10  77  11  78  12  79  13  76  14  75  15  74  16  78  17  77  18  78  19  74 
  0  76   1  75   2  74   3  78   4  76   5  75   6  74   7  77   8  73   9  76  10  74  11  77  12  76  13  74  14  76  15  74  16  76  17  78  18  78  19  74 
  0  72   1  72   2  72   3  73   4  72   5  73   6  74   7  72   8  76   9  75  10  74  11  74  12  72  13  72  14  73  15  73  16  75  17  75  18  75  19  73 
  0  73   1  72   2  75   3  74   4  75   5  75   6  74   7  72   8  76   9  76  10  75  11  75  12  74  13  73  14  73  15  74  16  73  17  73  18  74  19  73 
  0  75   1  75   2  72   3  74   4  75   5  74   6  75   7  72   8  76   9  75  10  75  11  75  12  72  13  72  14  74  15  73  16  76  17  74  18  74  19  75 
  0  73   1  72   2  76   3  75   4  76   5  75   6  74   7  72   8  72   9  73  10  72  11  74  12  75  13  72  14  75  15  75  16  72  17  72  18  73  19  73 
  0  71   1  72   2  73   3  75   4  75   5  75   6  75   7  73   8  73   9  72  10  71  11  73  12  71  13  73  14  73  15  74  16  73  17  73  18  75  19  73 
  0  76   1  76   2  76   3  72   4  74   5  73   6  73   7  73   8  74   9  75  10  73  11  74  12  72  13  72  14  75  15  75  16  73  17  72  18  73  19  73 
  0  76   1  78   2  77   3  77   4  74   5  75   6  75   7  74   8  76   9  76  10  75  11  79  12  78  13  74  14  76  15  75  16  77  17  76  18  77  19  74 
  0  69   1  70   2  72   3  70   4  73   5  75   6  74   7  71   8  72   9  72  10  70  11  70  12  70  13  72  14  73  15  74  16  72  17  69  18  72  19  74 
  0  74   1  74   2  74   3  71   4  73   5  73   6  74   7  72   8  72   9  75  10  71  11  74  12  72  13  72  14  73  15  75  16  75  17  71  18  71  19  75 
  0  78   1  75   2  75   3  77   4  75   5  75   6  73   7  77   8  76   9  76  10  76  11  76  12  77  13  76  14  74  15  75  16  76  17  77  18  78  19  74 
  0  78   1  77   2  76   3  75   4  74   5  75   6  75   7  77   8  76   9  76  10  75  11  75  12  79  13  74  14  73  15  74  16  76  17  79  18  74  19  75 
  0  78   1  78   2  77   3  77   4  76   5  75   6  75   7  74   8  75   9  75  10  78  11  75  12  77  13  73  14  76  15  75  16  78  17  79  18  76  19  75 
  0  78   1  77   2  75   3  77   4  76   5  75   6  75   7  74   8  76   9  76  10  75  11  78  12  78  13  75  14  76  15  73  16  75  17  76  18  75  19  74 
  0  79   1  78   2  77   3  78   4  77   5  73   6  75   7  77   8  76   9  74  10  75  11  76  12  79  13  74  14  75  15  74  16  76  17  78  18  75  19  73 
  0  71   1  71   2  73   3  72   4  73   5  73   6  74   7  71   8  75   9  74  10  74  11  74  12  73  13  72  14  72  15  73  16  73  17  72  18  73  19  75 
  0  79   1  76   2  76   3  78   4  75   5  74   6  75   7  75   8  76   9  76  10  78  11  77  12  75  13  74  14  73  15  74  16  75  17  76  18  76  19  73 


