
 20  20

  0   8   1   7   2   6   3   6   4   7   5   8   6   4   7   7   8   7   9   7  10   7  11   5  12   6  13   2  14   4  15   3  16   5  17   8  18   7  19   3 
  0   1   1   1   2   1   3   1   4   1   5   1   6   2   7   1   8   1   9   1  10   1  11   1  12   1  13   2  14   4  15   2  16   1  17   1  18   1  19   1 
  0   2   1   3   2   2   3   5   4   4   5   2   6   2   7   3   8   3   9   5  10   4  11   1  12   3  13   3  14   3  15   1  16   3  17   3  18   3  19   4 
  0   5   1   2   2   1   3   5   4   5   5   2   6   5   7   1   8   2   9   4  10   5  11   3  12   2  13   2  14   4  15   1  16   1  17   2  18   1  19   4 
  0   1   1   1   2   1   3   1   4   1   5   1   6   1   7   1   8   1   9   1  10   1  11   1  12   1  13   2  14   4  15   1  16   2  17   1  18   1  19   1 
  0   3   1   2   2   1   3   1   4   4   5   1   6   3   7   1   8   1   9   1  10   4  11   2  12   1  13   4  14   4  15   4  16   4  17   2  18   3  19   3 
  0   1   1   1   2   1   3   1   4   1   5   1   6   3   7   1   8   1   9   2  10   2  11   1  12   1  13   3  14   2  15   1  16   3  17   1  18   1  19   3 
  0   7   1   6   2   6   3   7   4   7   5   8   6   6   7   8   8   5   9   7  10   7  11   7  12   8  13   3  14   2  15   3  16   5  17   8  18   6  19   5 
  0   1   1   4   2   3   3   2   4   3   5   1   6   4   7   1   8   2   9   1  10   3  11   2  12   3  13   4  14   4  15   1  16   1  17   3  18   1  19   3 
  0   5   1   6   2   6   3   2   4   6   5   3   6   6   7   6   8   2   9   4  10   2  11   2  12   2  13   2  14   2  15   2  16   5  17   5  18   2  19   4 
  0   8   1   4   2   5   3   3   4   5   5   4   6   4   7   8   8   4   9   5  10   3  11   7  12   7  13   4  14   2  15   3  16   5  17   6  18   4  19   5 
  0   5   1   6   2   4   3   4   4   4   5   5   6   6   7   6   8   6   9   6  10   5  11   6  12   5  13   4  14   4  15   3  16   5  17   7  18   6  19   5 
  0   2   1   1   2   2   3   3   4   1   5   1   6   1   7   1   8   1   9   1  10   1  11   1  12   1  13   2  14   2  15   1  16   1  17   2  18   2  19   4 
  0   1   1   1   2   1   3   1   4   1   5   1   6   3   7   1   8   2   9   1  10   1  11   1  12   1  13   2  14   4  15   1  16   4  17   1  18   1  19   3 
  0   1   1   3   2   3   3   1   4   4   5   2   6   4   7   3   8   3   9   5  10   4  11   1  12   5  13   2  14   2  15   2  16   3  17   1  18   4  19   1 
  0   1   1   1   2   1   3   4   4   4   5   1   6   4   7   1   8   1   9   4  10   1  11   3  12   1  13   4  14   3  15   3  16   1  17   1  18   4  19   3 
  0   1   1   1   2   2   3   1   4   1   5   1   6   1   7   1   8   2   9   1  10   1  11   1  12   1  13   2  14   2  15   3  16   1  17   1  18   1  19   1 
  0   1   1   1   2   1   3   1   4   1   5   1   6   2   7   1   8   1   9   1  10   1  11   2  12   1  13   3  14   2  15   1  16   2  17   1  18   1  19   1 
  0   1   1   2   2   3   3   1   4   1   5   1   6   1   7   1   8   1   9   1  10   1  11   1  12   2  13   2  14   2  15   1  16   1  17   1  18   1  19   1 
  0   1   1   1   2   1   3   2   4   1   5   1   6   2   7   1   8   1   9   1  10   1  11   1  12   1  13   2  14   2  15   2  16   3  17   1  18   1  19   4 


