
 20  20

  0  38   1  34   2  34   3  34   4  34   5  34   6  36   7  32   8  36   9  35  10  33  11  35  12  38  13  34  14  36  15  35  16  37  17  37  18  32  19  34 
  0  36   1  33   2  34   3  33   4  33   5  31   6  34   7  32   8  34   9  35  10  32  11  33  12  33  13  34  14  32  15  33  16  34  17  32  18  32  19  33 
  0  32   1  29   2  30   3  31   4  33   5  31   6  30   7  34   8  33   9  31  10  34  11  31  12  33  13  31  14  31  15  34  16  30  17  33  18  32  19  32 
  0  31   1  29   2  29   3  28   4  33   5  30   6  32   7  32   8  31   9  34  10  31  11  31  12  30  13  31  14  29  15  34  16  31  17  31  18  32  19  32 
  0  30   1  29   2  28   3  29   4  30   5  30   6  30   7  33   8  28   9  31  10  33  11  31  12  29  13  31  14  33  15  33  16  32  17  31  18  32  19  32 
  0  33   1  32   2  34   3  33   4  33   5  31   6  31   7  32   8  35   9  35  10  32  11  34  12  35  13  31  14  33  15  33  16  34  17  35  18  32  19  32 
  0  38   1  38   2  35   3  36   4  36   5  35   6  36   7  34   8  37   9  33  10  34  11  35  12  37  13  35  14  35  15  33  16  36  17  35  18  34  19  32 
  0  33   1  29   2  33   3  30   4  31   5  32   6  30   7  32   8  29   9  32  10  33  11  32  12  32  13  32  14  30  15  31  16  31  17  32  18  33  19  33 
  0  33   1  32   2  30   3  31   4  30   5  31   6  30   7  34   8  32   9  32  10  32  11  31  12  32  13  31  14  32  15  31  16  32  17  30  18  33  19  34 
  0  35   1  35   2  32   3  33   4  33   5  32   6  31   7  32   8  33   9  34  10  34  11  34  12  31  13  32  14  32  15  35  16  34  17  35  18  34  19  34 
  0  34   1  34   2  31   3  35   4  32   5  31   6  34   7  34   8  32   9  34  10  34  11  31  12  35  13  31  14  31  15  35  16  31  17  35  18  33  19  33 
  0  38   1  38   2  35   3  38   4  34   5  34   6  36   7  33   8  38   9  34  10  35  11  35  12  38  13  35  14  36  15  34  16  37  17  37  18  33  19  32 
  0  29   1  28   2  31   3  30   4  31   5  31   6  33   7  32   8  28   9  31  10  33  11  31  12  31  13  33  14  29  15  31  16  31  17  32  18  32  19  32 
  0  38   1  38   2  38   3  35   4  36   5  36   6  34   7  34   8  35   9  34  10  35  11  35  12  38  13  35  14  37  15  33  16  37  17  34  18  34  19  34 
  0  37   1  35   2  35   3  37   4  34   5  35   6  36   7  33   8  34   9  34  10  35  11  32  12  38  13  35  14  36  15  32  16  37  17  35  18  32  19  34 
  0  30   1  30   2  28   3  31   4  32   5  30   6  30   7  32   8  32   9  34  10  32  11  32  12  28  13  33  14  32  15  33  16  33  17  33  18  34  19  32 
  0  38   1  37   2  38   3  36   4  34   5  36   6  36   7  34   8  36   9  34  10  35  11  35  12  38  13  35  14  37  15  35  16  37  17  36  18  32  19  34 
  0  37   1  37   2  33   3  33   4  36   5  35   6  34   7  34   8  37   9  35  10  33  11  33  12  34  13  35  14  32  15  35  16  35  17  35  18  34  19  33 
  0  31   1  34   2  33   3  30   4  32   5  33   6  34   7  33   8  32   9  33  10  32  11  31  12  34  13  33  14  33  15  33  16  31  17  33  18  34  19  32 
  0  33   1  34   2  36   3  33   4  36   5  35   6  33   7  34   8  34   9  35  10  35  11  34  12  36  13  32  14  33  15  34  16  35  17  35  18  32  19  34 


