
 20  20

  0  71   1  67   2  69   3  71   4  66   5  68   6  68   7  69   8  69   9  72  10  68  11  70  12  68  13  67  14  67  15  69  16  71  17  69  18  69  19  69 
  0  70   1  68   2  69   3  69   4  68   5  72   6  67   7  72   8  71   9  70  10  68  11  72  12  69  13  68  14  67  15  68  16  70  17  69  18  69  19  70 
  0  70   1  66   2  69   3  68   4  67   5  69   6  68   7  71   8  69   9  70  10  70  11  72  12  69  13  69  14  67  15  68  16  71  17  67  18  69  19  72 
  0  71   1  68   2  70   3  70   4  68   5  72   6  67   7  72   8  71   9  70  10  70  11  70  12  69  13  69  14  70  15  71  16  70  17  68  18  70  19  72 
  0  64   1  66   2  66   3  65   4  66   5  65   6  67   7  68   8  65   9  67  10  68  11  67  12  66  13  65  14  68  15  65  16  66  17  66  18  67  19  66 
  0  70   1  68   2  68   3  69   4  68   5  68   6  68   7  69   8  71   9  69  10  68  11  71  12  69  13  66  14  70  15  69  16  71  17  70  18  69  19  72 
  0  69   1  68   2  71   3  71   4  67   5  72   6  68   7  72   8  69   9  70  10  67  11  72  12  68  13  67  14  68  15  71  16  71  17  70  18  67  19  70 
  0  67   1  66   2  68   3  66   4  66   5  65   6  67   7  65   8  64   9  63  10  66  11  65  12  66  13  65  14  64  15  67  16  67  17  65  18  66  19  63 
  0  68   1  67   2  68   3  68   4  66   5  69   6  68   7  67   8  68   9  66  10  65  11  68  12  65  13  65  14  69  15  69  16  65  17  67  18  66  19  65 
  0  66   1  66   2  64   3  67   4  68   5  66   6  66   7  63   8  68   9  65  10  66  11  66  12  65  13  65  14  65  15  66  16  68  17  65  18  64  19  63 
  0  72   1  66   2  68   3  70   4  68   5  72   6  66   7  69   8  71   9  70  10  70  11  69  12  68  13  68  14  70  15  70  16  70  17  68  18  70  19  71 
  0  71   1  67   2  70   3  71   4  66   5  72   6  68   7  71   8  70   9  69  10  70  11  70  12  69  13  67  14  70  15  70  16  71  17  70  18  70  19  72 
  0  66   1  68   2  65   3  69   4  66   5  65   6  66   7  68   8  66   9  65  10  69  11  67  12  68  13  65  14  65  15  65  16  69  17  65  18  66  19  66 
  0  64   1  66   2  63   3  65   4  66   5  64   6  66   7  62   8  63   9  62  10  67  11  65  12  66  13  66  14  65  15  63  16  65  17  64  18  65  19  65 
  0  66   1  66   2  65   3  66   4  66   5  62   6  67   7  65   8  63   9  66  10  65  11  66  12  68  13  67  14  65  15  67  16  65  17  65  18  66  19  62 
  0  62   1  67   2  63   3  65   4  66   5  63   6  66   7  62   8  63   9  63  10  64  11  63  12  65  13  67  14  66  15  63  16  65  17  65  18  64  19  64 
  0  65   1  67   2  63   3  67   4  67   5  62   6  68   7  66   8  65   9  64  10  64  11  66  12  65  13  66  14  64  15  63  16  64  17  65  18  66  19  63 
  0  66   1  68   2  69   3  66   4  66   5  69   6  68   7  68   8  69   9  67  10  68  11  66  12  68  13  67  14  66  15  67  16  66  17  69  18  70  19  68 
  0  65   1  66   2  63   3  63   4  67   5  62   6  68   7  62   8  63   9  62  10  66  11  64  12  67  13  67  14  67  15  64  16  63  17  66  18  67  19  65 
  0  70   1  68   2  71   3  69   4  66   5  72   6  66   7  70   8  69   9  72  10  70  11  71  12  67  13  69  14  68  15  71  16  70  17  69  18  69  19  70 


