
 20  20

  0  54   1  53   2  54   3  56   4  53   5  52   6  55   7  55   8  51   9  54  10  52  11  56  12  55  13  53  14  53  15  54  16  54  17  53  18  54  19  54 
  0  61   1  57   2  61   3  57   4  59   5  57   6  57   7  56   8  59   9  58  10  57  11  57  12  58  13  60  14  59  15  57  16  59  17  60  18  60  19  58 
  0  59   1  59   2  61   3  57   4  57   5  59   6  57   7  57   8  61   9  58  10  61  11  58  12  57  13  59  14  58  15  61  16  59  17  60  18  59  19  59 
  0  61   1  59   2  61   3  57   4  57   5  58   6  56   7  57   8  59   9  56  10  59  11  57  12  59  13  60  14  59  15  61  16  58  17  60  18  60  19  59 
  0  56   1  55   2  54   3  57   4  55   5  55   6  55   7  56   8  56   9  54  10  56  11  55  12  54  13  53  14  55  15  56  16  56  17  55  18  55  19  54 
  0  51   1  53   2  51   3  57   4  54   5  52   6  57   7  57   8  53   9  54  10  53  11  53  12  56  13  54  14  53  15  54  16  55  17  52  18  55  19  54 
  0  55   1  55   2  56   3  55   4  57   5  53   6  57   7  55   8  55   9  54  10  55  11  56  12  53  13  55  14  57  15  54  16  57  17  56  18  53  19  56 
  0  55   1  54   2  53   3  57   4  54   5  53   6  56   7  56   8  52   9  54  10  55  11  56  12  55  13  52  14  57  15  55  16  53  17  55  18  53  19  52 
  0  61   1  57   2  61   3  56   4  59   5  60   6  56   7  55   8  60   9  58  10  61  11  59  12  59  13  59  14  58  15  61  16  58  17  60  18  59  19  60 
  0  61   1  59   2  60   3  56   4  58   5  60   6  55   7  55   8  61   9  58  10  61  11  59  12  59  13  60  14  57  15  60  16  57  17  60  18  59  19  59 
  0  59   1  58   2  59   3  57   4  59   5  59   6  56   7  55   8  60   9  58  10  61  11  58  12  58  13  58  14  59  15  61  16  58  17  60  18  58  19  60 
  0  55   1  55   2  56   3  57   4  54   5  55   6  57   7  55   8  53   9  54  10  55  11  58  12  57  13  57  14  57  15  54  16  55  17  55  18  53  19  53 
  0  57   1  54   2  58   3  55   4  55   5  56   6  57   7  57   8  58   9  55  10  57  11  58  12  55  13  54  14  55  15  58  16  55  17  54  18  57  19  55 
  0  57   1  55   2  54   3  55   4  55   5  55   6  56   7  57   8  55   9  58  10  56  11  58  12  57  13  56  14  54  15  56  16  54  17  58  18  54  19  54 
  0  60   1  56   2  58   3  56   4  58   5  60   6  55   7  56   8  61   9  58  10  61  11  56  12  59  13  58  14  58  15  59  16  57  17  60  18  60  19  60 
  0  58   1  54   2  57   3  57   4  57   5  58   6  55   7  55   8  58   9  54  10  56  11  56  12  58  13  54  14  57  15  56  16  56  17  56  18  55  19  58 
  0  53   1  53   2  53   3  56   4  55   5  53   6  55   7  55   8  52   9  57  10  53  11  53  12  56  13  54  14  56  15  52  16  53  17  55  18  55  19  54 
  0  61   1  59   2  60   3  57   4  57   5  58   6  56   7  55   8  60   9  58  10  61  11  57  12  59  13  58  14  59  15  61  16  59  17  60  18  60  19  60 
  0  57   1  57   2  56   3  55   4  57   5  56   6  57   7  57   8  58   9  57  10  58  11  56  12  55  13  54  14  58  15  57  16  54  17  56  18  56  19  58 
  0  51   1  53   2  51   3  57   4  56   5  54   6  56   7  56   8  52   9  54  10  51  11  53  12  54  13  55  14  53  15  53  16  56  17  52  18  53  19  54 


