
 20  20

  0  58   1  59   2  58   3  57   4  57   5  58   6  55   7  55   8  59   9  59  10  59  11  59  12  58  13  59  14  57  15  56  16  58  17  59  18  56  19  57 
  0  55   1  55   2  54   3  56   4  56   5  54   6  55   7  51   8  56   9  55  10  53  11  55  12  55  13  55  14  55  15  52  16  54  17  56  18  56  19  54 
  0  51   1  52   2  55   3  57   4  53   5  55   6  55   7  51   8  52   9  52  10  55  11  53  12  56  13  52  14  55  15  51  16  55  17  54  18  54  19  56 
  0  56   1  55   2  56   3  57   4  56   5  55   6  57   7  52   8  57   9  53  10  53  11  57  12  55  13  55  14  55  15  52  16  57  17  56  18  56  19  55 
  0  58   1  54   2  54   3  55   4  54   5  54   6  56   7  54   8  56   9  55  10  56  11  54  12  54  13  54  14  57  15  58  16  54  17  56  18  55  19  57 
  0  60   1  59   2  57   3  57   4  59   5  56   6  57   7  59   8  58   9  56  10  59  11  60  12  56  13  56  14  56  15  60  16  59  17  58  18  55  19  57 
  0  55   1  54   2  57   3  57   4  58   5  56   6  55   7  58   8  57   9  56  10  58  11  56  12  55  13  57  14  57  15  58  16  57  17  56  18  55  19  58 
  0  54   1  55   2  57   3  55   4  57   5  58   6  57   7  54   8  54   9  58  10  57  11  57  12  54  13  54  14  55  15  55  16  54  17  54  18  56  19  58 
  0  54   1  53   2  54   3  55   4  52   5  54   6  55   7  51   8  52   9  52  10  55  11  54  12  55  13  55  14  55  15  51  16  53  17  53  18  54  19  56 
  0  51   1  52   2  55   3  56   4  54   5  54   6  55   7  51   8  52   9  53  10  54  11  52  12  54  13  54  14  57  15  51  16  55  17  53  18  54  19  57 
  0  58   1  56   2  57   3  57   4  57   5  56   6  55   7  58   8  59   9  57  10  55  11  58  12  54  13  57  14  57  15  57  16  59  17  56  18  54  19  55 
  0  55   1  55   2  58   3  57   4  58   5  56   6  57   7  57   8  57   9  58  10  58  11  59  12  58  13  56  14  57  15  58  16  57  17  58  18  58  19  55 
  0  59   1  60   2  57   3  55   4  58   5  56   6  56   7  61   8  60   9  57  10  59  11  60  12  56  13  57  14  57  15  60  16  59  17  56  18  58  19  57 
  0  53   1  53   2  54   3  57   4  53   5  54   6  56   7  53   8  54   9  55  10  53  11  55  12  55  13  55  14  57  15  51  16  55  17  54  18  54  19  54 
  0  53   1  52   2  55   3  55   4  54   5  55   6  55   7  51   8  53   9  52  10  53  11  53  12  55  13  52  14  55  15  51  16  53  17  53  18  56  19  56 
  0  61   1  58   2  56   3  56   4  58   5  56   6  56   7  59   8  58   9  57  10  58  11  57  12  55  13  60  14  57  15  61  16  57  17  58  18  55  19  58 
  0  57   1  58   2  57   3  55   4  54   5  54   6  55   7  53   8  55   9  57  10  55  11  55  12  57  13  55  14  55  15  56  16  55  17  56  18  56  19  57 
  0  53   1  54   2  54   3  56   4  56   5  55   6  57   7  52   8  52   9  56  10  54  11  52  12  54  13  54  14  57  15  52  16  57  17  54  18  54  19  57 
  0  57   1  60   2  58   3  55   4  56   5  56   6  57   7  58   8  59   9  60  10  59  11  56  12  57  13  59  14  55  15  58  16  56  17  58  18  55  19  58 
  0  52   1  53   2  54   3  55   4  52   5  54   6  55   7  51   8  52   9  52  10  54  11  52  12  55  13  54  14  56  15  53  16  54  17  53  18  54  19  56 


