
 20  20

  0  99   1  95   2  99   3  99   4  98   5  96   6  95   7  97   8  94   9  97  10  96  11  95  12  96  13  96  14  96  15  96  16  97  17  95  18  98  19  99 
  0  96   1  97   2  96   3  96   4  95   5  97   6  98   7  98   8  95   9  98  10  98  11  95  12  97  13  94  14  95  15  95  16  94  17  97  18  96  19  98 
  0  98   1  95   2  99   3  95   4  97   5  96   6  98   7  96   8  98   9  94  10  95  11  97  12  94  13  98  14  95  15  95  16  97  17  97  18  98  19  96 
  0  96   1  97   2  94   3  95   4  96   5  97   6  98   7  95   8  96   9  98  10  94  11  96  12  95  13  94  14  95  15  94  16  96  17  95  18  94  19  96 
  0  97   1  95   2  97   3  98   4  97   5  96   6  97   7  94   8  96   9  96  10  97  11  95  12  94  13  94  14  97  15  96  16  98  17  95  18  98  19  98 
  0  91   1  93   2  92   3  94   4  96   5  97   6  93   7  95   8  95   9  94  10  93  11  95  12  94  13  94  14  95  15  93  16  92  17  96  18  94  19  94 
  0  98   1  96   2  99   3  99   4  98   5  97   6  96   7  99   8  95   9  98  10  96  11  97  12  99  13  98  14  95  15  99  16  98  17  95  18  96  19  99 
  0  93   1  95   2  95   3  95   4  98   5  97   6  98   7  97   8  94   9  95  10  95  11  97  12  96  13  96  14  96  15  93  16  94  17  95  18  95  19  97 
  0  94   1  94   2  94   3  95   4  94   5  96   6  93   7  93   8  96   9  94  10  93  11  95  12  93  13  92  14  95  15  94  16  92  17  95  18  95  19  92 
  0  99   1  99   2  99   3  99   4  97   5  97   6  98   7  99   8  98   9  98  10  97  11  97  12  99  13  99  14  97  15  99  16  99  17  97  18  98  19  99 
  0  95   1  95   2  95   3  93   4  96   5  97   6  95   7  95   8  94   9  95  10  93  11  95  12  93  13  93  14  95  15  94  16  96  17  96  18  97  19  94 
  0  99   1  97   2  96   3  96   4  98   5  95   6  98   7  95   8  96   9  95  10  95  11  96  12  95  13  98  14  97  15  98  16  97  17  95  18  98  19  98 
  0  96   1  97   2  98   3  98   4  96   5  96   6  96   7  99   8  95   9  95  10  99  11  96  12  99  13  98  14  96  15  98  16  97  17  95  18  96  19  99 
  0  94   1  97   2  96   3  95   4  97   5  96   6  93   7  97   8  97   9  95  10  94  11  97  12  95  13  95  14  97  15  93  16  95  17  96  18  95  19  95 
  0  99   1  98   2  99   3  99   4  96   5  97   6  99   7  99   8  96   9  95  10  98  11  95  12  96  13  99  14  95  15  99  16  99  17  96  18  98  19  99 
  0  91   1  94   2  93   3  95   4  94   5  95   6  96   7  93   8  94   9  94  10  95  11  95  12  93  13  93  14  97  15  93  16  93  17  95  18  96  19  92 
  0  91   1  93   2  92   3  92   4  94   5  96   6  93   7  93   8  96   9  94  10  93  11  95  12  94  13  95  14  95  15  93  16  92  17  96  18  95  19  93 
  0  94   1  96   2  95   3  93   4  96   5  96   6  95   7  95   8  96   9  96  10  93  11  97  12  95  13  92  14  95  15  96  16  94  17  96  18  94  19  92 
  0  97   1  93   2  95   3  95   4  97   5  95   6  95   7  94   8  94   9  97  10  95  11  95  12  93  13  96  14  96  15  93  16  95  17  96  18  94  19  95 
  0  92   1  94   2  92   3  95   4  95   5  95   6  95   7  94   8  97   9  95  10  93  11  95  12  97  13  92  14  95  15  93  16  94  17  97  18  96  19  92 


