
 20  20

  0  98   1  96   2  96   3  97   4  96   5  97   6  95   7  99   8  96   9  97  10  95  11  95  12  96  13  99  14  97  15  99  16  98  17  98  18  96  19  96 
  0  92   1  95   2  95   3  93   4  96   5  93   6  95   7  95   8  93   9  95  10  93  11  96  12  95  13  96  14  95  15  96  16  96  17  96  18  94  19  95 
  0  99   1  96   2  95   3  97   4  99   5  99   6  96   7  99   8  99   9  95  10  96  11  99  12  98  13  97  14  98  15  97  16  98  17  96  18  96  19  96 
  0  93   1  93   2  95   3  96   4  95   5  96   6  96   7  96   8  96   9  94  10  96  11  97  12  96  13  92  14  97  15  96  16  94  17  96  18  97  19  96 
  0  99   1  99   2  97   3  99   4  99   5  99   6  97   7  99   8  99   9  97  10  99  11  97  12  99  13  99  14  97  15  99  16  99  17  98  18  98  19  97 
  0  94   1  94   2  97   3  95   4  97   5  96   6  97   7  94   8  94   9  94  10  95  11  96  12  94  13  96  14  95  15  94  16  97  17  96  18  94  19  96 
  0  95   1  94   2  95   3  93   4  95   5  95   6  95   7  91   8  92   9  94  10  94  11  93  12  96  13  93  14  97  15  93  16  96  17  94  18  93  19  95 
  0  98   1  96   2  96   3  99   4  99   5  99   6  98   7  98   8  96   9  97  10  99  11  99  12  98  13  99  14  96  15  99  16  99  17  98  18  98  19  96 
  0  94   1  95   2  95   3  96   4  94   5  95   6  95   7  96   8  95   9  94  10  94  11  93  12  93  13  94  14  94  15  94  16  96  17  97  18  97  19  96 
  0  96   1  93   2  95   3  95   4  92   5  94   6  94   7  94   8  95   9  95  10  96  11  95  12  92  13  93  14  95  15  92  16  95  17  95  18  95  19  97 
  0  98   1  97   2  97   3  98   4  94   5  96   6  96   7  96   8  95   9  97  10  94  11  98  12  97  13  94  14  97  15  98  16  97  17  95  18  95  19  97 
  0  99   1  99   2  97   3  99   4  99   5  99   6  97   7  99   8  99   9  98  10  99  11  99  12  99  13  99  14  96  15  99  16  99  17  98  18  99  19  97 
  0  96   1  97   2  97   3  95   4  95   5  94   6  95   7  98   8  97   9  97  10  97  11  95  12  98  13  96  14  95  15  95  16  96  17  95  18  94  19  95 
  0  96   1  95   2  95   3  94   4  93   5  95   6  95   7  96   8  95   9  97  10  97  11  96  12  96  13  96  14  95  15  96  16  93  17  98  18  96  19  96 
  0  93   1  92   2  95   3  94   4  92   5  95   6  94   7  93   8  93   9  94  10  94  11  93  12  93  13  95  14  95  15  94  16  95  17  96  18  93  19  95 
  0  97   1  99   2  97   3  99   4  99   5  98   6  99   7  98   8  97   9  97  10  99  11  97  12  99  13  99  14  98  15  97  16  99  17  97  18  98  19  97 
  0  99   1  98   2  95   3  96   4  96   5  98   6  99   7  98   8  98   9  98  10  97  11  96  12  95  13  96  14  98  15  99  16  99  17  98  18  98  19  96 
  0  99   1  99   2  96   3  97   4  98   5  99   6  97   7  99   8  99   9  97  10  99  11  97  12  97  13  99  14  95  15  99  16  99  17  97  18  98  19  97 
  0  99   1  98   2  97   3  96   4  97   5  97   6  98   7  99   8  99   9  95  10  96  11  97  12  96  13  99  14  97  15  99  16  95  17  98  18  97  19  97 
  0  93   1  92   2  95   3  94   4  91   5  94   6  93   7  93   8  94   9  94  10  92  11  93  12  92  13  92  14  94  15  93  16  94  17  94  18  94  19  95 


