
 20  20

  0  45   1  44   2  43   3  43   4  46   5  43   6  44   7  46   8  44   9  46  10  44  11  43  12  45  13  44  14  42  15  43  16  45  17  42  18  46  19  46 
  0  44   1  45   2  42   3  42   4  44   5  42   6  46   7  44   8  45   9  42  10  46  11  45  12  43  13  43  14  44  15  45  16  44  17  43  18  46  19  42 
  0  39   1  43   2  43   3  44   4  42   5  40   6  42   7  40   8  42   9  41  10  41  11  42  12  43  13  42  14  40  15  44  16  41  17  42  18  43  19  43 
  0  45   1  45   2  48   3  44   4  45   5  48   6  46   7  46   8  47   9  47  10  47  11  45  12  45  13  46  14  44  15  44  16  45  17  43  18  45  19  48 
  0  46   1  45   2  45   3  45   4  43   5  46   6  44   7  44   8  45   9  46  10  43  11  45  12  45  13  43  14  47  15  45  16  46  17  44  18  46  19  43 
  0  48   1  45   2  47   3  46   4  44   5  47   6  46   7  47   8  47   9  43  10  46  11  48  12  45  13  48  14  48  15  45  16  46  17  45  18  46  19  44 
  0  41   1  44   2  43   3  43   4  42   5  40   6  41   7  40   8  43   9  42  10  41  11  40  12  43  13  39  14  40  15  43  16  42  17  44  18  42  19  40 
  0  45   1  43   2  44   3  45   4  43   5  43   6  46   7  43   8  42   9  45  10  46  11  46  12  44  13  46  14  44  15  44  16  44  17  46  18  44  19  46 
  0  43   1  45   2  44   3  43   4  45   5  45   6  43   7  43   8  46   9  44  10  45  11  47  12  43  13  46  14  47  15  45  16  47  17  46  18  46  19  46 
  0  49   1  45   2  48   3  46   4  46   5  48   6  46   7  47   8  46   9  47  10  47  11  48  12  45  13  49  14  48  15  45  16  47  17  46  18  45  19  48 
  0  43   1  45   2  42   3  43   4  44   5  42   6  42   7  42   8  42   9  44  10  43  11  43  12  45  13  44  14  42  15  44  16  41  17  42  18  43  19  41 
  0  44   1  45   2  41   3  43   4  43   5  44   6  41   7  43   8  43   9  43  10  43  11  42  12  43  13  43  14  41  15  45  16  41  17  45  18  42  19  41 
  0  42   1  45   2  44   3  42   4  42   5  43   6  41   7  40   8  41   9  44  10  41  11  44  12  44  13  43  14  42  15  43  16  42  17  42  18  45  19  43 
  0  49   1  44   2  47   3  45   4  45   5  47   6  47   7  48   8  47   9  47  10  47  11  46  12  45  13  49  14  47  15  44  16  47  17  45  18  44  19  46 
  0  45   1  45   2  45   3  46   4  46   5  46   6  45   7  47   8  45   9  45  10  46  11  47  12  45  13  48  14  45  15  45  16  44  17  44  18  43  19  48 
  0  46   1  45   2  44   3  46   4  44   5  47   6  44   7  44   8  43   9  44  10  45  11  45  12  45  13  47  14  45  15  43  16  45  17  44  18  43  19  45 
  0  44   1  43   2  44   3  46   4  45   5  47   6  44   7  45   8  43   9  46  10  44  11  46  12  45  13  44  14  43  15  43  16  44  17  45  18  43  19  43 
  0  48   1  43   2  46   3  46   4  46   5  47   6  49   7  48   8  47   9  47  10  45  11  45  12  45  13  49  14  47  15  45  16  47  17  46  18  45  19  47 
  0  42   1  45   2  44   3  44   4  43   5  40   6  44   7  44   8  41   9  43  10  42  11  42  12  45  13  41  14  43  15  44  16  42  17  45  18  42  19  44 
  0  39   1  45   2  41   3  44   4  42   5  40   6  40   7  43   8  43   9  41  10  41  11  41  12  43  13  42  14  40  15  45  16  44  17  44  18  42  19  41 


