
 20  20

  0  38   1  37   2  37   3  39   4  37   5  37   6  38   7  39   8  38   9  39  10  39  11  39  12  41  13  40  14  37  15  38  16  36  17  40  18  39  19  38 
  0  38   1  39   2  39   3  39   4  39   5  38   6  40   7  38   8  42   9  39  10  40  11  40  12  42  13  40  14  40  15  38  16  41  17  39  18  38  19  40 
  0  33   1  37   2  37   3  35   4  37   5  37   6  35   7  37   8  33   9  35  10  39  11  36  12  33  13  34  14  36  15  36  16  34  17  37  18  36  19  36 
  0  39   1  39   2  39   3  41   4  38   5  37   6  38   7  37   8  39   9  42  10  37  11  37  12  39  13  40  14  40  15  41  16  37  17  39  18  39  19  40 
  0  38   1  39   2  37   3  40   4  37   5  39   6  39   7  37   8  39   9  40  10  36  11  40  12  37  13  40  14  40  15  36  16  39  17  38  18  39  19  37 
  0  36   1  39   2  37   3  36   4  37   5  38   6  38   7  37   8  38   9  35  10  37  11  38  12  35  13  38  14  38  15  35  16  35  17  39  18  38  19  36 
  0  34   1  37   2  37   3  35   4  38   5  38   6  33   7  37   8  36   9  35  10  36  11  36  12  33  13  33  14  37  15  34  16  37  17  36  18  37  19  33 
  0  35   1  37   2  37   3  37   4  37   5  39   6  36   7  39   8  35   9  37  10  39  11  38  12  35  13  35  14  40  15  38  16  36  17  39  18  40  19  36 
  0  36   1  39   2  37   3  35   4  38   5  37   6  36   7  38   8  33   9  34  10  36  11  34  12  35  13  34  14  37  15  35  16  36  17  35  18  38  19  33 
  0  40   1  39   2  38   3  38   4  39   5  39   6  40   7  39   8  43   9  41  10  40  11  39  12  41  13  39  14  37  15  42  16  41  17  39  18  38  19  39 
  0  34   1  38   2  37   3  35   4  39   5  37   6  35   7  37   8  33   9  34  10  38  11  34  12  33  13  36  14  38  15  34  16  35  17  37  18  37  19  34 
  0  39   1  38   2  39   3  36   4  39   5  37   6  40   7  37   8  38   9  39  10  40  11  36  12  40  13  36  14  39  15  39  16  38  17  38  18  39  19  37 
  0  41   1  37   2  38   3  37   4  37   5  38   6  38   7  39   8  39   9  37  10  36  11  39  12  39  13  41  14  36  15  38  16  37  17  40  18  36  19  39 
  0  39   1  38   2  38   3  38   4  37   5  38   6  39   7  37   8  37   9  41  10  37  11  36  12  39  13  39  14  37  15  38  16  38  17  37  18  38  19  37 
  0  42   1  39   2  37   3  39   4  39   5  38   6  40   7  38   8  42   9  39  10  40  11  40  12  39  13  41  14  40  15  40  16  39  17  38  18  40  19  41 
  0  36   1  39   2  39   3  36   4  38   5  38   6  36   7  37   8  36   9  38  10  36  11  39  12  35  13  34  14  36  15  39  16  39  17  38  18  39  19  36 
  0  39   1  37   2  37   3  37   4  38   5  37   6  40   7  38   8  39   9  41  10  37  11  40  12  42  13  41  14  38  15  41  16  40  17  41  18  37  19  39 
  0  37   1  39   2  38   3  39   4  38   5  38   6  36   7  39   8  36   9  35  10  39  11  37  12  38  13  37  14  36  15  38  16  34  17  38  18  37  19  35 
  0  33   1  37   2  37   3  35   4  38   5  37   6  33   7  37   8  33   9  35  10  38  11  35  12  34  13  34  14  38  15  36  16  35  17  35  18  36  19  33 
  0  39   1  39   2  37   3  37   4  39   5  37   6  38   7  39   8  38   9  39  10  38  11  40  12  37  13  36  14  38  15  40  16  36  17  36  18  36  19  37 


