
 20  20

  0  54   1  52   2  54   3  51   4  50   5  53   6  54   7  53   8  52   9  49  10  52  11  53  12  53  13  51  14  53  15  51  16  51  17  53  18  52  19  53 
  0  47   1  50   2  45   3  48   4  50   5  49   6  48   7  47   8  47   9  49  10  48  11  48  12  49  13  49  14  48  15  48  16  47  17  47  18  48  19  47 
  0  48   1  50   2  49   3  48   4  51   5  49   6  48   7  48   8  46   9  49  10  50  11  47  12  48  13  51  14  49  15  49  16  47  17  50  18  49  19  47 
  0  53   1  52   2  53   3  50   4  49   5  50   6  52   7  55   8  51   9  51  10  50  11  50  12  53  13  49  14  51  15  50  16  51  17  53  18  52  19  50 
  0  48   1  50   2  49   3  48   4  51   5  48   6  49   7  47   8  50   9  49  10  47  11  47  12  47  13  49  14  50  15  49  16  47  17  47  18  51  19  50 
  0  55   1  51   2  55   3  52   4  49   5  53   6  54   7  53   8  53   9  51  10  53  11  53  12  53  13  50  14  52  15  53  16  51  17  53  18  52  19  52 
  0  49   1  50   2  48   3  50   4  51   5  50   6  48   7  46   8  48   9  49  10  49  11  48  12  48  13  49  14  49  15  49  16  47  17  47  18  48  19  50 
  0  46   1  48   2  49   3  48   4  49   5  50   6  49   7  48   8  47   9  51  10  50  11  49  12  50  13  50  14  48  15  49  16  48  17  47  18  48  19  47 
  0  50   1  48   2  46   3  48   4  51   5  49   6  51   7  48   8  50   9  49  10  47  11  50  12  49  13  51  14  47  15  47  16  51  17  48  18  48  19  48 
  0  52   1  51   2  53   3  49   4  51   5  53   6  54   7  54   8  54   9  51  10  52  11  53  12  50  13  51  14  50  15  51  16  53  17  53  18  52  19  53 
  0  48   1  48   2  46   3  49   4  49   5  47   6  47   7  45   8  46   9  50  10  49  11  47  12  48  13  51  14  49  15  49  16  47  17  47  18  50  19  47 
  0  45   1  48   2  45   3  48   4  51   5  47   6  48   7  47   8  49   9  49  10  47  11  47  12  49  13  51  14  48  15  47  16  48  17  49  18  48  19  49 
  0  46   1  51   2  50   3  50   4  50   5  48   6  51   7  49   8  49   9  49  10  50  11  49  12  49  13  49  14  51  15  50  16  49  17  48  18  48  19  47 
  0  48   1  51   2  49   3  50   4  51   5  51   6  49   7  48   8  50   9  50  10  52  11  48  12  48  13  51  14  49  15  51  16  49  17  50  18  49  19  48 
  0  48   1  48   2  48   3  48   4  49   5  49   6  48   7  45   8  49   9  49  10  47  11  47  12  47  13  49  14  47  15  50  16  50  17  47  18  48  19  47 
  0  54   1  52   2  53   3  52   4  51   5  53   6  50   7  51   8  53   9  49  10  49  11  51  12  53  13  50  14  50  15  51  16  50  17  51  18  49  19  52 
  0  52   1  52   2  51   3  50   4  51   5  52   6  52   7  53   8  51   9  49  10  52  11  50  12  51  13  50  14  50  15  53  16  52  17  53  18  50  19  53 
  0  53   1  51   2  53   3  52   4  49   5  53   6  52   7  51   8  52   9  50  10  53  11  52  12  52  13  51  14  52  15  53  16  51  17  51  18  50  19  49 
  0  48   1  48   2  48   3  48   4  50   5  49   6  47   7  47   8  46   9  49  10  48  11  48  12  48  13  49  14  50  15  47  16  50  17  47  18  50  19  50 
  0  45   1  48   2  48   3  48   4  49   5  47   6  46   7  45   8  46   9  50  10  47  11  47  12  47  13  49  14  48  15  49  16  47  17  47  18  49  19  47 


