
 20  20

  0  74   1  76   2  79   3  78   4  76   5  75   6  78   7  74   8  75   9  75  10  78  11  78  12  75  13  75  14  75  15  76  16  74  17  78  18  74  19  77 
  0  76   1  76   2  77   3  77   4  75   5  77   6  77   7  75   8  77   9  78  10  80  11  80  12  78  13  76  14  78  15  75  16  78  17  78  18  79  19  77 
  0  84   1  79   2  81   3  78   4  80   5  84   6  78   7  84   8  81   9  80  10  78  11  80  12  84  13  83  14  83  15  81  16  84  17  80  18  81  19  78 
  0  84   1  82   2  81   3  80   4  81   5  84   6  80   7  84   8  81   9  84  10  80  11  82  12  84  13  83  14  84  15  82  16  83  17  78  18  84  19  81 
  0  74   1  77   2  77   3  79   4  77   5  74   6  79   7  74   8  75   9  74  10  78  11  78  12  77  13  76  14  77  15  75  16  75  17  79  18  76  19  78 
  0  81   1  82   2  81   3  81   4  79   5  81   6  81   7  82   8  80   9  78  10  78  11  78  12  81  13  78  14  82  15  81  16  80  17  78  18  82  19  78 
  0  75   1  76   2  78   3  77   4  77   5  74   6  79   7  74   8  75   9  74  10  78  11  77  12  77  13  77  14  75  15  75  16  77  17  80  18  74  19  78 
  0  84   1  80   2  81   3  81   4  83   5  82   6  80   7  84   8  81   9  84  10  80  11  82  12  82  13  83  14  82  15  83  16  84  17  80  18  82  19  81 
  0  79   1  78   2  80   3  80   4  77   5  77   6  80   7  78   8  79   9  79  10  80  11  79  12  77  13  79  14  80  15  77  16  77  17  78  18  78  19  77 
  0  75   1  76   2  77   3  77   4  76   5  77   6  77   7  74   8  75   9  75  10  78  11  79  12  74  13  78  14  75  15  77  16  74  17  78  18  75  19  78 
  0  79   1  82   2  77   3  80   4  78   5  79   6  81   7  80   8  78   9  80  10  79  11  82  12  80  13  82  14  78  15  80  16  78  17  80  18  78  19  80 
  0  74   1  77   2  78   3  77   4  75   5  74   6  77   7  74   8  75   9  74  10  79  11  77  12  75  13  76  14  74  15  75  16  75  17  79  18  74  19  79 
  0  81   1  81   2  80   3  78   4  79   5  82   6  81   7  81   8  79   9  80  10  80  11  81  12  78  13  79  14  79  15  81  16  79  17  80  18  80  19  78 
  0  77   1  79   2  79   3  80   4  76   5  79   6  80   7  76   8  76   9  79  10  80  11  80  12  77  13  79  14  79  15  78  16  78  17  79  18  76  19  79 
  0  84   1  80   2  81   3  79   4  83   5  84   6  79   7  84   8  83   9  84  10  80  11  82  12  84  13  81  14  84  15  83  16  82  17  79  18  84  19  80 
  0  82   1  79   2  81   3  79   4  81   5  79   6  81   7  80   8  81   9  81  10  79  11  82  12  83  13  82  14  79  15  80  16  80  17  80  18  79  19  80 
  0  75   1  78   2  80   3  78   4  78   5  75   6  80   7  77   8  77   9  78  10  80  11  77  12  74  13  76  14  74  15  79  16  75  17  80  18  74  19  77 
  0  77   1  78   2  77   3  77   4  78   5  74   6  77   7  77   8  76   9  74  10  78  11  79  12  77  13  77  14  75  15  76  16  77  17  78  18  74  19  78 
  0  75   1  76   2  77   3  77   4  75   5  74   6  77   7  74   8  75   9  74  10  78  11  78  12  77  13  76  14  74  15  75  16  77  17  78  18  74  19  77 
  0  77   1  77   2  78   3  78   4  77   5  80   6  78   7  80   8  79   9  77  10  78  11  77  12  80  13  78  14  77  15  76  16  77  17  78  18  77  19  77 


