
 20  20

  0  86   1  90   2  88   3  87   4  90   5  88   6  89   7  90   8  88   9  90  10  92  11  89  12  90  13  89  14  92  15  90  16  90  17  92  18  88  19  89 
  0  96   1  90   2  93   3  96   4  92   5  94   6  91   7  92   8  96   9  91  10  92  11  94  12  90  13  94  14  92  15  94  16  92  17  92  18  96  19  94 
  0  90   1  90   2  92   3  91   4  91   5  92   6  92   7  92   8  90   9  90  10  92  11  91  12  92  13  90  14  93  15  94  16  91  17  92  18  91  19  90 
  0  90   1  90   2  90   3  93   4  90   5  91   6  93   7  90   8  93   9  90  10  90  11  90  12  91  13  92  14  93  15  93  16  92  17  92  18  93  19  89 
  0  96   1  92   2  93   3  94   4  92   5  94   6  93   7  92   8  95   9  92  10  91  11  94  12  90  13  94  14  93  15  94  16  92  17  92  18  96  19  96 
  0  93   1  92   2  91   3  94   4  92   5  92   6  93   7  92   8  91   9  90  10  91  11  90  12  90  13  90  14  91  15  91  16  91  17  90  18  91  19  93 
  0  90   1  92   2  92   3  90   4  90   5  91   6  90   7  92   8  92   9  90  10  91  11  92  12  90  13  89  14  93  15  93  16  92  17  91  18  89  19  90 
  0  93   1  91   2  92   3  96   4  92   5  94   6  93   7  92   8  93   9  92  10  92  11  94  12  92  13  94  14  91  15  94  16  91  17  90  18  93  19  96 
  0  93   1  92   2  93   3  93   4  91   5  94   6  91   7  92   8  92   9  92  10  90  11  94  12  92  13  94  14  91  15  94  16  91  17  91  18  93  19  93 
  0  91   1  90   2  87   3  89   4  91   5  90   6  91   7  92   8  90   9  91  10  90  11  89  12  92  13  90  14  92  15  92  16  90  17  90  18  88  19  90 
  0  94   1  92   2  94   3  93   4  92   5  93   6  93   7  92   8  96   9  92  10  92  11  92  12  92  13  93  14  93  15  93  16  92  17  92  18  96  19  96 
  0  89   1  92   2  90   3  88   4  90   5  88   6  92   7  90   8  88   9  92  10  90  11  89  12  91  13  90  14  91  15  88  16  90  17  91  18  91  19  90 
  0  88   1  91   2  88   3  86   4  90   5  90   6  91   7  90   8  90   9  91  10  90  11  90  12  91  13  89  14  90  15  91  16  90  17  92  18  86  19  86 
  0  89   1  92   2  90   3  91   4  90   5  93   6  89   7  90   8  93   9  92  10  90  11  92  12  90  13  90  14  90  15  91  16  90  17  92  18  90  19  93 
  0  89   1  90   2  87   3  89   4  92   5  91   6  89   7  90   8  86   9  90  10  90  11  88  12  90  13  90  14  89  15  89  16  90  17  90  18  89  19  88 
  0  92   1  92   2  95   3  96   4  92   5  93   6  93   7  91   8  95   9  90  10  91  11  93  12  90  13  91  14  91  15  94  16  92  17  92  18  92  19  95 
  0  86   1  90   2  87   3  86   4  90   5  88   6  91   7  90   8  87   9  92  10  92  11  88  12  92  13  88  14  89  15  88  16  90  17  92  18  86  19  87 
  0  92   1  90   2  89   3  89   4  90   5  89   6  90   7  90   8  89   9  92  10  91  11  93  12  90  13  91  14  93  15  92  16  90  17  92  18  93  19  89 
  0  91   1  91   2  90   3  92   4  92   5  90   6  89   7  92   8  93   9  91  10  90  11  90  12  90  13  92  14  89  15  90  16  92  17  90  18  90  19  90 
  0  91   1  92   2  92   3  90   4  90   5  89   6  89   7  90   8  90   9  92  10  92  11  88  12  90  13  90  14  91  15  89  16  90  17  92  18  89  19  89 


