
 20  20

  0  16   1  20   2  21   3  19   4  18   5  20   6  21   7  19   8  20   9  17  10  18  11  20  12  19  13  20  14  17  15  18  16  19  17  19  18  18  19  17 
  0  21   1  22   2  20   3  20   4  22   5  22   6  19   7  21   8  22   9  22  10  19  11  20  12  19  13  20  14  22  15  21  16  22  17  20  18  21  19  22 
  0  20   1  21   2  21   3  19   4  21   5  21   6  21   7  23   8  21   9  21  10  20  11  21  12  20  13  22  14  21  15  22  16  21  17  19  18  19  19  22 
  0  17   1  22   2  21   3  19   4  18   5  19   6  21   7  19   8  20   9  19  10  20  11  22  12  22  13  20  14  21  15  22  16  19  17  21  18  19  19  19 
  0  16   1  20   2  22   3  20   4  17   5  19   6  20   7  19   8  21   9  19  10  20  11  22  12  19  13  17  14  18  15  19  16  21  17  18  18  19  19  17 
  0  22   1  22   2  22   3  20   4  21   5  20   6  21   7  22   8  22   9  25  10  25  11  20  12  23  13  23  14  25  15  21  16  22  17  23  18  23  19  21 
  0  20   1  22   2  21   3  22   4  20   5  22   6  22   7  19   8  22   9  19  10  22  11  22  12  19  13  22  14  21  15  22  16  21  17  18  18  21  19  21 
  0  21   1  20   2  20   3  20   4  19   5  19   6  18   7  19   8  20   9  20  10  21  11  21  12  21  13  18  14  21  15  18  16  22  17  21  18  19  19  19 
  0  25   1  20   2  21   3  20   4  23   5  23   6  23   7  22   8  22   9  21  10  25  11  21  12  21  13  23  14  26  15  21  16  23  17  24  18  24  19  22 
  0  20   1  20   2  20   3  22   4  17   5  20   6  21   7  19   8  20   9  20  10  21  11  21  12  21  13  20  14  20  15  20  16  18  17  17  18  18  19  17 
  0  24   1  22   2  20   3  20   4  23   5  22   6  20   7  23   8  22   9  23  10  23  11  21  12  23  13  24  14  22  15  20  16  24  17  20  18  23  19  23 
  0  22   1  22   2  20   3  23   4  19   5  22   6  22   7  23   8  22   9  19  10  19  11  21  12  19  13  20  14  21  15  23  16  19  17  20  18  21  19  20 
  0  16   1  22   2  20   3  21   4  18   5  21   6  20   7  20   8  21   9  17  10  19  11  20  12  19  13  20  14  17  15  18  16  18  17  19  18  21  19  17 
  0  17   1  20   2  22   3  20   4  20   5  21   6  20   7  20   8  20   9  17  10  19  11  22  12  22  13  19  14  17  15  20  16  19  17  21  18  19  19  17 
  0  20   1  20   2  20   3  19   4  21   5  19   6  20   7  23   8  21   9  19  10  19  11  20  12  23  13  20  14  21  15  20  16  21  17  21  18  19  19  20 
  0  21   1  20   2  21   3  23   4  24   5  20   6  22   7  20   8  21   9  21  10  23  11  20  12  23  13  24  14  23  15  24  16  23  17  24  18  20  19  22 
  0  26   1  20   2  22   3  23   4  22   5  22   6  22   7  21   8  22   9  24  10  25  11  22  12  21  13  22  14  23  15  23  16  24  17  26  18  22  19  25 
  0  16   1  20   2  21   3  20   4  19   5  21   6  18   7  19   8  20   9  17  10  17  11  20  12  20  13  18  14  17  15  18  16  18  17  17  18  20  19  17 
  0  23   1  22   2  22   3  23   4  24   5  23   6  24   7  21   8  20   9  25  10  25  11  22  12  21  13  25  14  25  15  24  16  24  17  25  18  23  19  23 
  0  22   1  22   2  21   3  23   4  25   5  23   6  24   7  20   8  22   9  22  10  25  11  21  12  20  13  25  14  23  15  22  16  21  17  25  18  22  19  23 


