
 20  20

  0  58   1  58   2  57   3  56   4  55   5  58   6  56   7  58   8  55   9  60  10  56  11  59  12  57  13  56  14  60  15  59  16  55  17  60  18  56  19  56 
  0  53   1  53   2  56   3  55   4  55   5  53   6  54   7  53   8  56   9  52  10  57  11  53  12  56  13  54  14  54  15  55  16  57  17  53  18  55  19  56 
  0  51   1  53   2  52   3  56   4  55   5  53   6  54   7  53   8  54   9  51  10  55  11  54  12  55  13  54  14  51  15  51  16  55  17  53  18  57  19  55 
  0  57   1  56   2  54   3  55   4  57   5  54   6  58   7  55   8  55   9  57  10  57  11  55  12  57  13  58  14  57  15  57  16  55  17  54  18  57  19  55 
  0  59   1  56   2  59   3  57   4  55   5  57   6  55   7  54   8  57   9  56  10  57  11  55  12  55  13  58  14  58  15  56  16  57  17  59  18  55  19  54 
  0  59   1  59   2  58   3  55   4  55   5  55   6  57   7  58   8  56   9  59  10  56  11  57  12  57  13  58  14  59  15  59  16  55  17  55  18  57  19  55 
  0  55   1  55   2  54   3  56   4  57   5  57   6  53   7  54   8  57   9  57  10  55  11  56  12  55  13  54  14  57  15  57  16  57  17  54  18  57  19  53 
  0  59   1  55   2  58   3  55   4  57   5  55   6  57   7  57   8  55   9  59  10  55  11  58  12  55  13  55  14  59  15  58  16  55  17  60  18  57  19  56 
  0  55   1  54   2  57   3  55   4  56   5  56   6  56   7  58   8  55   9  57  10  55  11  54  12  55  13  56  14  58  15  56  16  57  17  57  18  56  19  57 
  0  55   1  53   2  53   3  57   4  57   5  57   6  55   7  57   8  57   9  56  10  56  11  56  12  57  13  55  14  57  15  55  16  57  17  57  18  55  19  57 
  0  60   1  57   2  60   3  55   4  55   5  58   6  59   7  56   8  58   9  61  10  57  11  61  12  57  13  59  14  60  15  58  16  57  17  59  18  55  19  57 
  0  51   1  53   2  55   3  56   4  56   5  54   6  53   7  54   8  55   9  51  10  55  11  54  12  56  13  54  14  52  15  51  16  57  17  52  18  55  19  56 
  0  54   1  58   2  55   3  55   4  56   5  55   6  54   7  54   8  58   9  58  10  55  11  56  12  57  13  55  14  55  15  56  16  57  17  58  18  56  19  58 
  0  59   1  57   2  60   3  55   4  56   5  55   6  56   7  55   8  57   9  60  10  55  11  59  12  56  13  59  14  59  15  60  16  57  17  57  18  55  19  58 
  0  55   1  57   2  57   3  56   4  56   5  56   6  55   7  59   8  58   9  57  10  55  11  57  12  55  13  58  14  56  15  58  16  56  17  57  18  55  19  55 
  0  55   1  58   2  59   3  55   4  56   5  56   6  55   7  55   8  55   9  56  10  56  11  57  12  57  13  55  14  59  15  56  16  55  17  55  18  55  19  57 
  0  54   1  56   2  54   3  57   4  55   5  56   6  54   7  56   8  55   9  57  10  56  11  57  12  56  13  55  14  54  15  54  16  56  17  54  18  55  19  57 
  0  54   1  53   2  55   3  55   4  55   5  54   6  54   7  53   8  55   9  55  10  55  11  54  12  56  13  56  14  54  15  54  16  55  17  54  18  56  19  55 
  0  56   1  59   2  57   3  55   4  55   5  59   6  60   7  58   8  55   9  59  10  57  11  56  12  55  13  58  14  56  15  57  16  55  17  56  18  56  19  56 
  0  51   1  56   2  52   3  55   4  55   5  54   6  54   7  53   8  56   9  52  10  57  11  51  12  56  13  54  14  52  15  53  16  56  17  55  18  55  19  55 


