
 20  20

  0  13   1  17   2  13   3  14   4  16   5  16   6  15   7  16   8  13   9  15  10  14  11  15  12  14  13  16  14  16  15  15  16  13  17  13  18  14  19  13 
  0  14   1  18   2  15   3  14   4  17   5  15   6  16   7  16   8  18   9  15  10  18  11  17  12  16  13  15  14  15  15  17  16  16  17  16  18  18  19  16 
  0  17   1  17   2  18   3  15   4  17   5  15   6  18   7  17   8  15   9  14  10  18  11  16  12  14  13  14  14  15  15  17  16  16  17  14  18  15  19  17 
  0  18   1  19   2  20   3  18   4  16   5  16   6  18   7  17   8  21   9  21  10  18  11  16  12  16  13  18  14  16  15  16  16  18  17  19  18  18  19  18 
  0  13   1  16   2  16   3  16   4  17   5  17   6  16   7  16   8  17   9  17  10  13  11  16  12  16  13  18  14  15  15  17  16  16  17  15  18  16  19  14 
  0  20   1  19   2  18   3  15   4  17   5  15   6  15   7  16   8  17   9  20  10  15  11  16  12  15  13  16  14  15  15  17  16  17  17  17  18  15  19  19 
  0  20   1  19   2  18   3  16   4  17   5  17   6  19   7  17   8  19   9  18  10  20  11  18  12  17  13  18  14  18  15  17  16  19  17  16  18  19  19  18 
  0  15   1  14   2  16   3  17   4  15   5  17   6  17   7  16   8  15   9  17  10  17  11  16  12  15  13  16  14  18  15  15  16  15  17  16  18  14  19  17 
  0  17   1  15   2  17   3  16   4  17   5  15   6  16   7  16   8  17   9  13  10  16  11  18  12  17  13  16  14  18  15  15  16  17  17  16  18  14  19  15 
  0  15   1  13   2  14   3  14   4  17   5  17   6  14   7  16   8  17   9  16  10  17  11  17  12  14  13  17  14  14  15  16  16  14  17  16  18  17  19  16 
  0  15   1  14   2  17   3  17   4  15   5  15   6  14   7  17   8  15   9  18  10  15  11  15  12  17  13  18  14  17  15  16  16  17  17  15  18  15  19  16 
  0  21   1  19   2  20   3  16   4  17   5  17   6  19   7  16   8  20   9  21  10  20  11  17  12  16  13  18  14  18  15  17  16  21  17  19  18  19  19  18 
  0  14   1  14   2  14   3  16   4  15   5  15   6  14   7  15   8  14   9  15  10  13  11  16  12  14  13  17  14  14  15  16  16  14  17  14  18  16  19  13 
  0  21   1  19   2  18   3  18   4  17   5  15   6  19   7  17   8  21   9  19  10  19  11  18  12  18  13  18  14  16  15  17  16  19  17  19  18  17  19  19 
  0  16   1  15   2  17   3  18   4  16   5  15   6  16   7  16   8  17   9  20  10  18  11  17  12  16  13  15  14  18  15  16  16  20  17  19  18  15  19  19 
  0  13   1  13   2  11   3  14   4  16   5  16   6  13   7  15   8  11   9  13  10  12  11  16  12  14  13  15  14  16  15  17  16  11  17  13  18  13  19  13 
  0  17   1  15   2  17   3  15   4  17   5  16   6  14   7  15   8  18   9  15  10  18  11  17  12  16  13  18  14  18  15  15  16  15  17  15  18  15  19  18 
  0  21   1  17   2  19   3  18   4  17   5  15   6  19   7  15   8  18   9  21  10  20  11  18  12  16  13  18  14  18  15  16  16  21  17  19  18  18  19  18 
  0  21   1  19   2  19   3  16   4  16   5  15   6  17   7  15   8  21   9  21  10  18  11  16  12  17  13  16  14  18  15  17  16  21  17  17  18  19  19  19 
  0  11   1  15   2  11   3  14   4  16   5  17   6  13   7  15   8  11   9  13  10  12  11  14  12  14  13  14  14  14  15  16  16  11  17  13  18  14  19  13 


