
 20  20

  0  25   1  26   2  26   3  24   4  26   5  28   6  28   7  25   8  26   9  26  10  27  11  25  12  28  13  26  14  28  15  27  16  28  17  27  18  24  19  23 
  0  25   1  25   2  27   3  23   4  27   5  25   6  23   7  23   8  25   9  23  10  26  11  28  12  26  13  25  14  26  15  26  16  24  17  27  18  26  19  26 
  0  26   1  26   2  26   3  25   4  27   5  25   6  26   7  23   8  25   9  23  10  26  11  25  12  26  13  25  14  24  15  25  16  24  17  27  18  26  19  25 
  0  28   1  28   2  28   3  27   4  26   5  25   6  27   7  24   8  25   9  26  10  28  11  25  12  27  13  26  14  25  15  26  16  25  17  25  18  25  19  28 
  0  23   1  26   2  26   3  26   4  28   5  25   6  23   7  24   8  27   9  24  10  28  11  25  12  24  13  25  14  24  15  25  16  25  17  28  18  26  19  25 
  0  31   1  29   2  26   3  29   4  28   5  28   6  29   7  28   8  29   9  30  10  28  11  29  12  27  13  29  14  31  15  30  16  30  17  27  18  32  19  32 
  0  25   1  27   2  28   3  26   4  26   5  26   6  25   7  24   8  28   9  27  10  28  11  28  12  27  13  26  14  24  15  26  16  25  17  28  18  24  19  27 
  0  24   1  25   2  28   3  22   4  27   5  25   6  26   7  23   8  25   9  23  10  26  11  26  12  25  13  27  14  24  15  23  16  26  17  27  18  25  19  24 
  0  26   1  29   2  28   3  24   4  28   5  28   6  24   7  24   8  25   9  27  10  27  11  26  12  27  13  25  14  24  15  26  16  29  17  25  18  28  19  27 
  0  26   1  25   2  26   3  23   4  28   5  27   6  24   7  27   8  28   9  25  10  28  11  28  12  24  13  26  14  28  15  26  16  25  17  28  18  26  19  27 
  0  27   1  29   2  28   3  30   4  27   5  26   6  29   7  29   8  25   9  27  10  26  11  26  12  27  13  25  14  25  15  30  16  25  17  25  18  30  19  29 
  0  28   1  29   2  28   3  29   4  27   5  29   6  31   7  28   8  26   9  32  10  27  11  29  12  30  13  27  14  29  15  28  16  30  17  29  18  28  19  29 
  0  25   1  25   2  26   3  24   4  26   5  25   6  26   7  27   8  25   9  23  10  28  11  28  12  24  13  27  14  27  15  23  16  26  17  27  18  25  19  24 
  0  26   1  29   2  26   3  24   4  28   5  26   6  26   7  24   8  29   9  26  10  26  11  28  12  26  13  25  14  24  15  25  16  25  17  27  18  24  19  24 
  0  22   1  28   2  26   3  22   4  26   5  25   6  26   7  24   8  25   9  24  10  26  11  28  12  26  13  25  14  27  15  25  16  24  17  27  18  24  19  22 
  0  25   1  26   2  27   3  29   4  28   5  25   6  28   7  25   8  29   9  26  10  26  11  25  12  29  13  27  14  29  15  25  16  29  17  27  18  26  19  28 
  0  23   1  26   2  28   3  25   4  26   5  25   6  27   7  26   8  25   9  23  10  28  11  28  12  26  13  25  14  26  15  27  16  28  17  27  18  27  19  25 
  0  24   1  27   2  26   3  25   4  27   5  25   6  27   7  25   8  25   9  23  10  28  11  25  12  28  13  25  14  28  15  26  16  26  17  25  18  25  19  23 
  0  27   1  26   2  27   3  27   4  27   5  27   6  23   7  25   8  28   9  24  10  26  11  28  12  24  13  25  14  24  15  23  16  28  17  27  18  24  19  23 
  0  30   1  28   2  28   3  31   4  28   5  27   6  29   7  30   8  29   9  31  10  28  11  28  12  30  13  29  14  27  15  29  16  30  17  29  18  28  19  32 


