
 20  20

  0  27   1  33   2  28   3  32   4  33   5  32   6  29   7  31   8  31   9  29  10  31  11  32  12  32  13  30  14  32  15  31  16  30  17  33  18  31  19  31 
  0  27   1  33   2  28   3  28   4  30   5  28   6  28   7  31   8  29   9  29  10  32  11  30  12  28  13  31  14  30  15  30  16  32  17  32  18  31  19  28 
  0  32   1  31   2  32   3  28   4  32   5  32   6  31   7  31   8  31   9  33  10  31  11  31  12  30  13  31  14  31  15  33  16  30  17  32  18  31  19  31 
  0  33   1  33   2  34   3  30   4  31   5  33   6  34   7  31   8  34   9  31  10  31  11  31  12  34  13  31  14  33  15  33  16  32  17  33  18  31  19  31 
  0  30   1  31   2  32   3  33   4  33   5  29   6  32   7  31   8  30   9  29  10  33  11  32  12  33  13  30  14  30  15  31  16  31  17  33  18  31  19  31 
  0  28   1  33   2  32   3  31   4  33   5  31   6  33   7  32   8  32   9  29  10  31  11  32  12  31  13  33  14  30  15  33  16  31  17  33  18  31  19  30 
  0  31   1  31   2  30   3  32   4  30   5  31   6  32   7  31   8  29   9  32  10  33  11  31  12  31  13  32  14  30  15  31  16  30  17  31  18  33  19  32 
  0  28   1  31   2  30   3  31   4  33   5  31   6  31   7  33   8  28   9  30  10  31  11  32  12  28  13  31  14  33  15  30  16  30  17  33  18  31  19  28 
  0  37   1  33   2  36   3  36   4  34   5  34   6  35   7  32   8  37   9  35  10  33  11  34  12  34  13  34  14  33  15  34  16  33  17  31  18  33  19  36 
  0  30   1  31   2  34   3  32   4  34   5  33   6  34   7  31   8  30   9  32  10  33  11  32  12  31  13  31  14  31  15  33  16  31  17  31  18  33  19  33 
  0  35   1  33   2  35   3  33   4  33   5  35   6  36   7  33   8  33   9  34  10  33  11  33  12  33  13  32  14  33  15  34  16  33  17  33  18  33  19  34 
  0  33   1  31   2  32   3  34   4  34   5  34   6  35   7  33   8  36   9  34  10  33  11  34  12  31  13  34  14  31  15  31  16  32  17  32  18  32  19  32 
  0  35   1  33   2  36   3  35   4  32   5  34   6  36   7  32   8  37   9  33  10  31  11  32  12  34  13  35  14  31  15  33  16  32  17  31  18  33  19  36 
  0  33   1  33   2  32   3  36   4  34   5  32   6  32   7  32   8  36   9  34  10  33  11  33  12  32  13  35  14  34  15  34  16  34  17  32  18  33  19  36 
  0  28   1  33   2  29   3  30   4  30   5  33   6  30   7  31   8  32   9  31  10  33  11  33  12  33  13  30  14  30  15  33  16  33  17  33  18  33  19  33 
  0  34   1  31   2  32   3  33   4  33   5  34   6  33   7  32   8  35   9  35  10  33  11  34  12  34  13  32  14  32  15  32  16  33  17  31  18  33  19  35 
  0  32   1  31   2  31   3  28   4  30   5  32   6  31   7  33   8  28   9  29  10  31  11  30  12  30  13  31  14  31  15  31  16  32  17  31  18  33  19  30 
  0  27   1  31   2  28   3  28   4  31   5  28   6  30   7  31   8  27   9  29  10  31  11  32  12  28  13  29  14  30  15  31  16  30  17  31  18  31  19  28 
  0  34   1  31   2  30   3  33   4  31   5  33   6  34   7  33   8  34   9  33  10  32  11  33  12  31  13  34  14  30  15  33  16  33  17  32  18  31  19  34 
  0  33   1  33   2  30   3  30   4  34   5  31   6  31   7  33   8  33   9  30  10  31  11  30  12  32  13  32  14  30  15  31  16  32  17  33  18  32  19  33 


