
 20  20

  0  28   1  31   2  32   3  29   4  30   5  32   6  29   7  32   8  31   9  29  10  31  11  33  12  32  13  31  14  32  15  33  16  31  17  29  18  28  19  30 
  0  28   1  29   2  31   3  30   4  32   5  29   6  31   7  29   8  29   9  31  10  32  11  31  12  29  13  29  14  30  15  32  16  31  17  30  18  29  19  30 
  0  29   1  29   2  32   3  31   4  30   5  29   6  29   7  28   8  30   9  32  10  31  11  31  12  32  13  31  14  31  15  31  16  31  17  32  18  30  19  31 
  0  32   1  33   2  34   3  34   4  32   5  35   6  32   7  34   8  34   9  32  10  31  11  33  12  33  13  32  14  31  15  34  16  32  17  33  18  34  19  32 
  0  37   1  35   2  34   3  34   4  36   5  35   6  34   7  34   8  35   9  34  10  33  11  32  12  34  13  35  14  34  15  33  16  33  17  34  18  37  19  34 
  0  37   1  35   2  33   3  33   4  36   5  35   6  35   7  33   8  34   9  33  10  33  11  33  12  35  13  33  14  34  15  34  16  32  17  33  18  36  19  34 
  0  35   1  36   2  34   3  33   4  33   5  35   6  34   7  36   8  33   9  36  10  33  11  33  12  34  13  35  14  32  15  33  16  33  17  33  18  34  19  34 
  0  34   1  34   2  34   3  36   4  33   5  35   6  34   7  33   8  32   9  33  10  32  11  33  12  32  13  34  14  33  15  33  16  32  17  34  18  37  19  33 
  0  34   1  34   2  31   3  35   4  33   5  33   6  32   7  32   8  35   9  36  10  33  11  33  12  32  13  32  14  34  15  33  16  33  17  33  18  35  19  33 
  0  27   1  28   2  31   3  31   4  28   5  29   6  30   7  28   8  29   9  29  10  32  11  32  12  31  13  29  14  31  15  32  16  31  17  29  18  30  19  30 
  0  31   1  35   2  31   3  32   4  31   5  35   6  34   7  34   8  35   9  33  10  33  11  32  12  34  13  32  14  30  15  32  16  33  17  35  18  32  19  34 
  0  27   1  30   2  33   3  28   4  30   5  32   6  32   7  32   8  30   9  28  10  32  11  33  12  32  13  32  14  32  15  30  16  31  17  32  18  31  19  30 
  0  27   1  29   2  30   3  30   4  28   5  31   6  30   7  28   8  29   9  30  10  31  11  31  12  29  13  32  14  30  15  31  16  31  17  28  18  30  19  31 
  0  32   1  33   2  34   3  33   4  35   5  31   6  35   7  34   8  31   9  33  10  31  11  33  12  31  13  31  14  31  15  34  16  31  17  35  18  34  19  32 
  0  27   1  30   2  32   3  28   4  28   5  30   6  30   7  29   8  30   9  28  10  31  11  31  12  29  13  29  14  31  15  31  16  32  17  28  18  28  19  30 
  0  27   1  28   2  32   3  28   4  31   5  29   6  29   7  28   8  31   9  30  10  31  11  31  12  29  13  30  14  30  15  30  16  31  17  28  18  30  19  30 
  0  33   1  31   2  33   3  31   4  33   5  35   6  31   7  33   8  31   9  33  10  33  11  31  12  31  13  32  14  31  15  32  16  31  17  31  18  35  19  33 
  0  33   1  31   2  33   3  33   4  34   5  30   6  30   7  32   8  33   9  32  10  31  11  32  12  32  13  30  14  30  15  32  16  33  17  30  18  29  19  31 
  0  31   1  30   2  33   3  32   4  31   5  29   6  31   7  31   8  29   9  30  10  31  11  31  12  32  13  31  14  30  15  33  16  33  17  28  18  27  19  32 
  0  32   1  33   2  34   3  31   4  34   5  35   6  32   7  32   8  31   9  34  10  31  11  33  12  33  13  33  14  30  15  33  16  33  17  31  18  33  19  33 


