
 20  20

  0  24   1  23   2  22   3  21   4  22   5  24   6  21   7  22   8  20   9  22  10  23  11  20  12  20  13  20  14  20  15  22  16  23  17  20  18  22  19  24 
  0  25   1  22   2  23   3  22   4  20   5  26   6  24   7  22   8  24   9  22  10  21  11  23  12  26  13  21  14  22  15  24  16  23  17  23  18  22  19  23 
  0  21   1  19   2  22   3  20   4  20   5  22   6  22   7  22   8  19   9  20  10  19  11  23  12  19  13  21  14  21  15  20  16  21  17  21  18  20  19  20 
  0  21   1  23   2  23   3  21   4  22   5  23   6  20   7  21   8  25   9  21  10  23  11  23  12  24  13  20  14  20  15  21  16  24  17  23  18  20  19  22 
  0  17   1  19   2  20   3  20   4  20   5  21   6  18   7  22   8  18   9  22  10  20  11  20  12  17  13  19  14  22  15  20  16  19  17  19  18  20  19  21 
  0  22   1  20   2  23   3  22   4  20   5  19   6  23   7  20   8  19   9  22  10  19  11  23  12  18  13  23  14  19  15  23  16  21  17  22  18  22  19  23 
  0  20   1  21   2  20   3  20   4  21   5  19   6  19   7  20   8  22   9  20  10  23  11  21  12  20  13  23  14  22  15  20  16  21  17  23  18  22  19  22 
  0  19   1  19   2  22   3  22   4  22   5  22   6  20   7  22   8  18   9  20  10  23  11  21  12  18  13  20  14  20  15  19  16  22  17  19  18  21  19  21 
  0  23   1  23   2  23   3  20   4  20   5  26   6  24   7  22   8  24   9  22  10  21  11  22  12  24  13  21  14  21  15  24  16  22  17  25  18  22  19  23 
  0  19   1  19   2  21   3  20   4  21   5  20   6  22   7  20   8  20   9  22  10  21  11  19  12  19  13  21  14  22  15  21  16  21  17  18  18  20  19  21 
  0  19   1  22   2  21   3  20   4  20   5  20   6  18   7  20   8  18   9  21  10  19  11  22  12  18  13  19  14  22  15  21  16  19  17  21  18  22  19  18 
  0  21   1  22   2  22   3  22   4  22   5  23   6  23   7  20   8  24   9  22  10  21  11  22  12  21  13  23  14  23  15  21  16  21  17  23  18  21  19  21 
  0  22   1  21   2  20   3  22   4  21   5  22   6  19   7  22   8  21   9  20  10  22  11  20  12  20  13  23  14  23  15  19  16  21  17  23  18  22  19  20 
  0  23   1  22   2  23   3  21   4  22   5  25   6  24   7  21   8  24   9  21  10  21  11  23  12  26  13  21  14  20  15  21  16  21  17  25  18  21  19  23 
  0  24   1  23   2  22   3  20   4  22   5  20   6  23   7  22   8  23   9  22  10  21  11  23  12  23  13  20  14  21  15  22  16  23  17  20  18  20  19  23 
  0  16   1  19   2  21   3  20   4  21   5  17   6  18   7  20   8  18   9  20  10  20  11  21  12  16  13  19  14  19  15  18  16  18  17  18  18  22  19  18 
  0  17   1  20   2  20   3  20   4  20   5  19   6  18   7  20   8  20   9  20  10  20  11  22  12  20  13  20  14  20  15  19  16  21  17  17  18  21  19  21 
  0  17   1  20   2  20   3  21   4  22   5  19   6  19   7  20   8  19   9  21  10  19  11  19  12  21  13  19  14  21  15  20  16  19  17  18  18  20  19  22 
  0  16   1  20   2  21   3  22   4  21   5  16   6  19   7  22   8  18   9  20  10  20  11  19  12  16  13  18  14  21  15  18  16  18  17  18  18  20  19  18 
  0  23   1  22   2  20   3  22   4  22   5  23   6  21   7  21   8  23   9  20  10  21  11  22  12  22  13  20  14  23  15  22  16  24  17  21  18  20  19  21 


