
 20  20

  0  62   1  63   2  65   3  62   4  61   5  64   6  63   7  62   8  62   9  63  10  61  11  63  12  63  13  63  14  65  15  63  16  62  17  63  18  64  19  62 
  0  57   1  61   2  60   3  59   4  59   5  58   6  58   7  58   8  62   9  60  10  63  11  58  12  61  13  59  14  59  15  62  16  58  17  60  18  58  19  58 
  0  59   1  61   2  60   3  57   4  60   5  57   6  57   7  58   8  59   9  59  10  62  11  60  12  61  13  58  14  59  15  62  16  58  17  60  18  58  19  59 
  0  66   1  61   2  63   3  63   4  66   5  67   6  64   7  66   8  65   9  64  10  63  11  64  12  63  13  66  14  64  15  62  16  65  17  61  18  66  19  66 
  0  58   1  62   2  58   3  62   4  61   5  59   6  58   7  62   8  61   9  58  10  63  11  60  12  61  13  58  14  59  15  63  16  58  17  60  18  62  19  58 
  0  63   1  63   2  66   3  62   4  63   5  66   6  64   7  65   8  64   9  66  10  61  11  63  12  63  13  66  14  65  15  62  16  63  17  61  18  63  19  63 
  0  65   1  63   2  64   3  64   4  64   5  65   6  64   7  66   8  62   9  66  10  62  11  65  12  63  13  65  14  62  15  64  16  63  17  62  18  67  19  64 
  0  60   1  61   2  60   3  63   4  59   5  62   6  61   7  60   8  60   9  61  10  61  11  61  12  63  13  62  14  62  15  62  16  62  17  62  18  59  19  59 
  0  64   1  63   2  63   3  67   4  63   5  64   6  65   7  66   8  65   9  66  10  63  11  66  12  63  13  65  14  65  15  63  16  66  17  64  18  67  19  66 
  0  57   1  61   2  58   3  59   4  62   5  59   6  57   7  59   8  59   9  61  10  61  11  61  12  61  13  60  14  60  15  61  16  60  17  61  18  59  19  59 
  0  67   1  61   2  66   3  67   4  66   5  65   6  65   7  64   8  65   9  66  10  61  11  65  12  63  13  64  14  65  15  64  16  65  17  63  18  67  19  65 
  0  61   1  61   2  65   3  62   4  65   5  63   6  64   7  61   8  60   9  62  10  63  11  61  12  63  13  61  14  63  15  62  16  62  17  60  18  62  19  64 
  0  60   1  61   2  60   3  60   4  61   5  62   6  58   7  61   8  63   9  59  10  63  11  59  12  61  13  60  14  62  15  63  16  60  17  60  18  61  19  63 
  0  57   1  61   2  58   3  57   4  58   5  60   6  57   7  58   8  60   9  59  10  61  11  59  12  63  13  60  14  60  15  60  16  60  17  60  18  58  19  60 
  0  61   1  62   2  61   3  63   4  61   5  60   6  60   7  62   8  61   9  63  10  63  11  60  12  61  13  64  14  60  15  63  16  60  17  60  18  61  19  62 
  0  58   1  61   2  59   3  60   4  61   5  60   6  61   7  59   8  59   9  61  10  63  11  62  12  61  13  59  14  60  15  60  16  61  17  62  18  61  19  61 
  0  65   1  62   2  66   3  64   4  64   5  64   6  64   7  63   8  63   9  66  10  62  11  66  12  63  13  63  14  64  15  63  16  66  17  63  18  63  19  64 
  0  59   1  63   2  58   3  59   4  60   5  60   6  59   7  60   8  59   9  59  10  63  11  62  12  61  13  62  14  63  15  61  16  62  17  61  18  59  19  58 
  0  62   1  63   2  64   3  63   4  63   5  64   6  64   7  65   8  63   9  61  10  61  11  64  12  61  13  62  14  61  15  61  16  62  17  62  18  63  19  65 
  0  67   1  63   2  64   3  67   4  65   5  65   6  67   7  66   8  63   9  65  10  63  11  65  12  63  13  64  14  64  15  64  16  66  17  63  18  67  19  66 


