
 20  20

  0   8   1   8   2  10   3   8   4  11   5  10   6   8   7   9   8  10   9  11  10   9  11   9  12   8  13   7  14  10  15  11  16   9  17  12  18   9  19  11 
  0   8   1  10   2  10   3   9   4   9   5   9   6  10   7   7   8  10   9   8  10  11  11  11  12  11  13  11  14   8  15   9  16  12  17  11  18  11  19  11 
  0   9   1   8   2  11   3  11   4  10   5  11   6  11   7   8   8   8   9  13  10  11  11  12  12  10  13  10  14  12  15  10  16  11  17  11  18  13  19   8 
  0  10   1  10   2  10   3   8   4  11   5   9   6  10   7   7   8  10   9   7  10   8  11  10  12   7  13   7  14  10  15  10  16   8  17   9  18   8  19  11 
  0   7   1   9   2  10   3   7   4  10   5   9   6   8   7   8   8   8   9   5  10   5  11   6  12   7  13   5  14   5  15   6  16   8  17  10  18   6  19   7 
  0   7   1   8   2  10   3   7   4  10   5   9   6   8   7   7   8   8   9   7  10   5  11   6  12   9  13   7  14   5  15   8  16   8  17   8  18   6  19   7 
  0  11   1  12   2  12   3  11   4   9   5  11   6  10   7  13   8   9   9  12  10  11  11  12  12   9  13  12  14  12  15  13  16  12  17   9  18  10  19   9 
  0   8   1   8   2   9   3   9   4   9   5   9   6   8   7   7   8   8   9   9  10   6  11   7  12   9  13   9  14   8  15   6  16   8  17   9  18   6  19   9 
  0   9   1  10   2   8   3  11   4   9   5   9   6  11   7   7   8   8   9  10  10   8  11   8  12   7  13   9  14   7  15   9  16  10  17  11  18   9  19  11 
  0  12   1  11   2  12   3  12   4  11   5  11   6  12   7  10   8  12   9  15  10  15  11  15  12  10  13  12  14  15  15  13  16  11  17  12  18  12  19  12 
  0  11   1   9   2   9   3   9   4   9   5   9   6  10   7  13   8  11   9  13  10  12  11  14  12  13  13  13  14  10  15  11  16  12  17  10  18  10  19  12 
  0  15   1  12   2  12   3  13   4   9   5  11   6  12   7  13   8  12   9  12  10  15  11  15  12  12  13  12  14  15  15  14  16  12  17  11  18  14  19  12 
  0   7   1   8   2   8   3   7   4   9   5   9   6   8   7  10   8   8   9   5  10   6  11   7  12  10  13   7  14   7  15   6  16   8  17   8  18   7  19   7 
  0  11   1  12   2  12   3  13   4   9   5  10   6  12   7  10   8  10   9  14  10  10  11  10  12   9  13  13  14  13  15  13  16  12  17  12  18  13  19  11 
  0   8   1  11   2  10   3   9   4  10   5  10   6  11   7   9   8   8   9   8  10   6  11   5  12   7  13   7  14   6  15   8  16   8  17  10  18   6  19  10 
  0   7   1   8   2  10   3   9   4  11   5   9   6   8   7   7   8   8   9   6  10   7  11   5  12   8  13   5  14   5  15   6  16   8  17   8  18   6  19   8 
  0  15   1  12   2   9   3  13   4   9   5  11   6  11   7  12   8  12   9  14  10  12  11  12  12  12  13  11  14  15  15  14  16  10  17   9  18  12  19  10 
  0  11   1   9   2   9   3   7   4  11   5   9   6  11   7  11   8   9   9   8  10   7  11  11  12   7  13   9  14   8  15   8  16  11  17  11  18   7  19  10 
  0  10   1   8   2   8   3  11   4  10   5  11   6  10   7   7   8  10   9   8  10  10  11   9  12  10  13  10  14   7  15   9  16   8  17   8  18   6  19   7 
  0   5   1   8   2   8   3   7   4  10   5  10   6   8   7   8   8  10   9   5  10   5  11   5  12   8  13   7  14   5  15   8  16   8  17   9  18   6  19   8 


