
 20  20

  0  33   1  32   2  34   3  31   4  32   5  34   6  31   7  33   8  30   9  30  10  32  11  33  12  34  13  34  14  31  15  34  16  34  17  31  18  34  19  31 
  0  30   1  28   2  34   3  28   4  30   5  32   6  30   7  30   8  31   9  30  10  28  11  32  12  29  13  32  14  32  15  33  16  29  17  31  18  29  19  29 
  0  32   1  31   2  33   3  33   4  31   5  34   6  31   7  32   8  32   9  34  10  33  11  33  12  33  13  34  14  32  15  32  16  32  17  31  18  32  19  33 
  0  34   1  32   2  33   3  34   4  34   5  33   6  32   7  34   8  33   9  36  10  32  11  36  12  33  13  34  14  32  15  33  16  36  17  32  18  34  19  32 
  0  32   1  34   2  34   3  33   4  33   5  34   6  32   7  31   8  33   9  31  10  31  11  33  12  31  13  32  14  31  15  34  16  30  17  32  18  30  19  34 
  0  29   1  32   2  34   3  29   4  30   5  32   6  32   7  31   8  31   9  32  10  30  11  30  12  29  13  32  14  33  15  31  16  31  17  31  18  30  19  32 
  0  30   1  29   2  34   3  30   4  32   5  32   6  32   7  29   8  30   9  29  10  29  11  31  12  31  13  32  14  31  15  32  16  29  17  34  18  29  19  29 
  0  33   1  31   2  32   3  34   4  35   5  34   6  32   7  35   8  31   9  31  10  34  11  33  12  32  13  33  14  32  15  32  16  31  17  35  18  34  19  32 
  0  30   1  30   2  34   3  32   4  32   5  32   6  32   7  30   8  33   9  34  10  32  11  32  12  32  13  34  14  34  15  35  16  31  17  33  18  33  19  34 
  0  35   1  36   2  33   3  37   4  37   5  33   6  32   7  33   8  33   9  36  10  36  11  32  12  37  13  32  14  32  15  35  16  34  17  35  18  36  19  35 
  0  28   1  30   2  33   3  28   4  32   5  32   6  32   7  28   8  32   9  31  10  28  11  31  12  30  13  33  14  31  15  32  16  30  17  34  18  31  19  29 
  0  28   1  29   2  32   3  30   4  31   5  34   6  32   7  30   8  29   9  32  10  30  11  33  12  29  13  34  14  33  15  33  16  32  17  34  18  29  19  29 
  0  32   1  31   2  34   3  34   4  33   5  32   6  33   7  33   8  31   9  35  10  35  11  31  12  35  13  34  14  34  15  32  16  32  17  35  18  33  19  31 
  0  31   1  35   2  34   3  35   4  35   5  34   6  33   7  34   8  33   9  33  10  34  11  32  12  34  13  34  14  33  15  34  16  34  17  35  18  34  19  31 
  0  37   1  36   2  34   3  38   4  37   5  34   6  34   7  36   8  35   9  37  10  38  11  36  12  37  13  34  14  34  15  34  16  37  17  35  18  36  19  35 
  0  33   1  33   2  34   3  32   4  33   5  33   6  32   7  32   8  32   9  35  10  33  11  31  12  32  13  33  14  33  15  35  16  34  17  35  18  34  19  33 
  0  30   1  33   2  32   3  31   4  30   5  32   6  33   7  33   8  29   9  29  10  29  11  32  12  30  13  33  14  33  15  31  16  29  17  34  18  32  19  31 
  0  38   1  38   2  34   3  35   4  37   5  33   6  36   7  38   8  37   9  36  10  36  11  35  12  37  13  34  14  33  15  34  16  37  17  34  18  37  19  37 
  0  35   1  32   2  34   3  32   4  34   5  32   6  35   7  32   8  33   9  35  10  33  11  35  12  32  13  32  14  35  15  33  16  34  17  35  18  35  19  33 
  0  33   1  36   2  33   3  33   4  31   5  33   6  34   7  32   8  32   9  35  10  34  11  34  12  34  13  32  14  34  15  35  16  33  17  31  18  31  19  35 


