
 20  20

  0  91   1  95   2  92   3  95   4  95   5  93   6  93   7  93   8  92   9  90  10  92  11  92  12  91  13  90  14  93  15  92  16  90  17  92  18  93  19  93 
  0  93   1  92   2  93   3  91   4  90   5  92   6  91   7  92   8  90   9  91  10  92  11  92  12  89  13  89  14  92  15  91  16  92  17  93  18  93  19  92 
  0  94   1  92   2  91   3  90   4  94   5  91   6  90   7  91   8  92   9  93  10  90  11  93  12  94  13  91  14  93  15  91  16  91  17  93  18  89  19  91 
  0  88   1  87   2  88   3  89   4  89   5  86   6  90   7  92   8  90   9  88  10  89  11  89  12  90  13  88  14  88  15  89  16  90  17  88  18  89  19  89 
  0  95   1  94   2  93   3  96   4  91   5  96   6  93   7  91   8  92   9  94  10  94  11  94  12  92  13  94  14  93  15  94  16  92  17  94  18  90  19  90 
  0  96   1  95   2  92   3  96   4  95   5  94   6  91   7  91   8  91   9  93  10  93  11  94  12  92  13  94  14  93  15  94  16  91  17  94  18  93  19  93 
  0  89   1  87   2  91   3  91   4  88   5  88   6  89   7  89   8  92   9  88  10  89  11  92  12  92  13  88  14  88  15  90  16  90  17  92  18  89  19  89 
  0  93   1  92   2  93   3  93   4  93   5  91   6  93   7  93   8  90   9  91  10  94  11  92  12  90  13  94  14  94  15  94  16  91  17  93  18  90  19  93 
  0  91   1  95   2  91   3  92   4  94   5  91   6  91   7  92   8  90   9  91  10  90  11  92  12  93  13  91  14  91  15  90  16  92  17  90  18  90  19  90 
  0  87   1  88   2  91   3  87   4  87   5  87   6  91   7  92   8  90   9  89  10  88  11  91  12  91  13  89  14  90  15  91  16  91  17  88  18  90  19  89 
  0  90   1  90   2  92   3  90   4  88   5  88   6  91   7  90   8  90   9  89  10  90  11  92  12  92  13  88  14  88  15  91  16  90  17  92  18  90  19  89 
  0  89   1  89   2  88   3  88   4  89   5  86   6  91   7  90   8  90   9  91  10  91  11  88  12  88  13  88  14  89  15  90  16  90  17  88  18  89  19  90 
  0  95   1  92   2  94   3  93   4  93   5  96   6  91   7  91   8  90   9  94  10  92  11  94  12  94  13  93  14  92  15  91  16  92  17  94  18  91  19  93 
  0  94   1  96   2  93   3  96   4  93   5  96   6  93   7  93   8  92   9  94  10  93  11  94  12  92  13  94  14  95  15  94  16  92  17  92  18  91  19  93 
  0  86   1  86   2  89   3  87   4  87   5  88   6  91   7  89   8  92   9  88  10  90  11  88  12  88  13  89  14  87  15  88  16  90  17  89  18  90  19  89 
  0  89   1  92   2  89   3  90   4  89   5  93   6  89   7  89   8  90   9  89  10  90  11  92  12  93  13  90  14  90  15  92  16  90  17  93  18  90  19  93 
  0  95   1  95   2  91   3  93   4  91   5  95   6  90   7  91   8  92   9  94  10  91  11  90  12  90  13  94  14  95  15  91  16  92  17  91  18  93  19  93 
  0  86   1  86   2  88   3  86   4  87   5  89   6  89   7  89   8  90   9  88  10  90  11  90  12  91  13  88  14  90  15  88  16  90  17  89  18  91  19  92 
  0  92   1  88   2  93   3  90   4  91   5  90   6  93   7  89   8  92   9  91  10  89  11  92  12  89  13  89  14  90  15  90  16  91  17  89  18  90  19  93 
  0  90   1  90   2  89   3  90   4  90   5  91   6  92   7  92   8  92   9  91  10  91  11  93  12  89  13  90  14  90  15  93  16  90  17  91  18  90  19  90 


