
 20  20

  0  46   1  47   2  49   3  45   4  45   5  48   6  47   7  48   8  46   9  46  10  45  11  45  12  45  13  45  14  45  15  44  16  45  17  45  18  44  19  47 
  0  43   1  44   2  44   3  42   4  44   5  43   6  41   7  44   8  44   9  45  10  44  11  44  12  44  13  45  14  44  15  45  16  42  17  42  18  42  19  44 
  0  42   1  42   2  40   3  42   4  41   5  40   6  39   7  43   8  44   9  42  10  40  11  44  12  43  13  43  14  43  15  45  16  44  17  41  18  43  19  40 
  0  45   1  45   2  46   3  44   4  46   5  46   6  43   7  44   8  43   9  45  10  46  11  43  12  43  13  45  14  43  15  43  16  46  17  46  18  45  19  46 
  0  41   1  41   2  41   3  43   4  41   5  42   6  40   7  40   8  44   9  43  10  40  11  42  12  43  13  43  14  45  15  44  16  42  17  43  18  42  19  41 
  0  44   1  43   2  44   3  46   4  43   5  47   6  45   7  46   8  46   9  44  10  43  11  43  12  45  13  45  14  44  15  45  16  44  17  45  18  47  19  47 
  0  44   1  45   2  44   3  44   4  44   5  46   6  42   7  42   8  46   9  44  10  42  11  46  12  45  13  43  14  45  15  45  16  43  17  42  18  46  19  43 
  0  47   1  46   2  48   3  46   4  45   5  48   6  48   7  48   8  44   9  46  10  46  11  46  12  43  13  45  14  45  15  45  16  46  17  47  18  45  19  47 
  0  41   1  41   2  41   3  42   4  45   5  45   6  43   7  43   8  42   9  42  10  42  11  44  12  44  13  45  14  44  15  45  16  43  17  45  18  42  19  41 
  0  43   1  42   2  43   3  43   4  44   5  42   6  46   7  42   8  44   9  44  10  45  11  45  12  43  13  45  14  45  15  45  16  46  17  42  18  45  19  42 
  0  46   1  44   2  44   3  42   4  45   5  44   6  44   7  45   8  43   9  43  10  46  11  43  12  45  13  44  14  45  15  43  16  45  17  45  18  42  19  46 
  0  44   1  45   2  47   3  43   4  44   5  45   6  48   7  45   8  46   9  44  10  44  11  45  12  45  13  43  14  45  15  44  16  46  17  43  18  45  19  45 
  0  41   1  41   2  41   3  42   4  41   5  40   6  39   7  40   8  43   9  42  10  42  11  42  12  44  13  45  14  43  15  45  16  44  17  41  18  41  19  41 
  0  45   1  44   2  45   3  45   4  45   5  41   6  42   7  44   8  42   9  43  10  43  11  43  12  45  13  43  14  45  15  43  16  45  17  45  18  44  19  45 
  0  44   1  41   2  42   3  45   4  41   5  41   6  42   7  41   8  42   9  45  10  41  11  43  12  43  13  45  14  45  15  43  16  45  17  41  18  44  19  45 
  0  46   1  46   2  45   3  43   4  47   5  45   6  45   7  43   8  43   9  43  10  45  11  45  12  44  13  44  14  45  15  45  16  44  17  44  18  46  19  43 
  0  46   1  46   2  45   3  43   4  46   5  46   6  48   7  45   8  44   9  43  10  46  11  46  12  45  13  43  14  44  15  45  16  45  17  47  18  46  19  44 
  0  39   1  41   2  39   3  42   4  41   5  42   6  41   7  42   8  42   9  42  10  41  11  43  12  43  13  43  14  43  15  43  16  42  17  41  18  43  19  40 
  0  45   1  47   2  48   3  43   4  47   5  45   6  48   7  48   8  46   9  43  10  46  11  46  12  45  13  45  14  44  15  45  16  44  17  44  18  46  19  48 
  0  41   1  45   2  42   3  44   4  45   5  41   6  44   7  45   8  46   9  44  10  43  11  46  12  45  13  45  14  45  15  43  16  44  17  41  18  43  19  41 


