
 20  20

  0  57   1  57   2  59   3  57   4  62   5  61   6  57   7  58   8  60   9  61  10  62  11  60  12  61  13  58  14  57  15  60  16  59  17  59  18  60  19  61 
  0  62   1  66   2  62   3  62   4  61   5  61   6  64   7  63   8  64   9  63  10  65  11  64  12  62  13  65  14  63  15  62  16  62  17  61  18  63  19  61 
  0  59   1  58   2  60   3  57   4  59   5  61   6  57   7  57   8  60   9  61  10  60  11  59  12  59  13  58  14  57  15  60  16  59  17  59  18  60  19  61 
  0  64   1  61   2  60   3  63   4  60   5  62   6  64   7  61   8  64   9  61  10  63  11  62  12  63  13  61  14  61  15  63  16  64  17  61  18  63  19  63 
  0  57   1  60   2  60   3  59   4  62   5  62   6  60   7  57   8  61   9  61  10  59  11  61  12  60  13  58  14  59  15  62  16  61  17  59  18  60  19  62 
  0  57   1  57   2  60   3  57   4  59   5  62   6  59   7  59   8  60   9  63  10  59  11  60  12  59  13  58  14  58  15  60  16  59  17  60  18  62  19  61 
  0  65   1  66   2  63   3  65   4  62   5  61   6  66   7  62   8  62   9  63  10  61  11  64  12  64  13  63  14  62  15  63  16  62  17  64  18  64  19  61 
  0  61   1  58   2  63   3  60   4  61   5  61   6  59   7  60   8  59   9  63  10  61  11  61  12  60  13  61  14  59  15  61  16  63  17  60  18  60  19  61 
  0  66   1  64   2  65   3  66   4  65   5  61   6  64   7  66   8  62   9  62  10  64  11  65  12  65  13  66  14  65  15  63  16  65  17  64  18  64  19  63 
  0  57   1  57   2  61   3  57   4  59   5  61   6  59   7  57   8  58   9  62  10  59  11  59  12  60  13  58  14  57  15  60  16  59  17  60  18  61  19  62 
  0  63   1  59   2  63   3  59   4  63   5  63   6  59   7  62   8  63   9  63  10  61  11  63  12  63  13  61  14  60  15  60  16  63  17  61  18  61  19  63 
  0  61   1  60   2  63   3  61   4  59   5  63   6  62   7  62   8  63   9  63  10  62  11  59  12  62  13  62  14  61  15  63  16  59  17  62  18  60  19  63 
  0  67   1  67   2  65   3  67   4  65   5  61   6  67   7  67   8  64   9  62  10  65  11  64  12  63  13  65  14  65  15  64  16  65  17  64  18  64  19  63 
  0  60   1  63   2  62   3  61   4  60   5  63   6  60   7  63   8  62   9  62  10  62  11  64  12  64  13  62  14  64  15  62  16  61  17  64  18  62  19  62 
  0  62   1  60   2  62   3  62   4  63   5  61   6  62   7  61   8  59   9  61  10  61  11  61  12  60  13  63  14  59  15  61  16  59  17  61  18  60  19  61 
  0  65   1  65   2  65   3  65   4  65   5  62   6  64   7  64   8  66   9  63  10  65  11  62  12  65  13  65  14  66  15  62  16  65  17  65  18  62  19  63 
  0  60   1  63   2  63   3  64   4  61   5  63   6  62   7  61   8  62   9  61  10  63  11  64  12  61  13  63  14  61  15  62  16  63  17  64  18  63  19  62 
  0  57   1  58   2  59   3  57   4  60   5  63   6  59   7  57   8  58   9  63  10  59  11  60  12  59  13  58  14  59  15  60  16  60  17  61  18  60  19  62 
  0  63   1  63   2  63   3  62   4  61   5  63   6  61   7  61   8  64   9  63  10  60  11  60  12  64  13  63  14  63  15  61  16  64  17  60  18  63  19  63 
  0  58   1  57   2  59   3  57   4  59   5  61   6  60   7  58   8  58   9  61  10  59  11  59  12  60  13  58  14  59  15  61  16  62  17  62  18  60  19  61 


