
 20  20

  0  66   1  62   2  61   3  66   4  61   5  64   6  62   7  61   8  62   9  60  10  65  11  63  12  64  13  66  14  60  15  63  16  62  17  62  18  65  19  66 
  0  64   1  61   2  62   3  65   4  62   5  65   6  61   7  62   8  62   9  61  10  63  11  63  12  61  13  66  14  60  15  63  16  62  17  63  18  63  19  64 
  0  66   1  61   2  60   3  66   4  62   5  65   6  62   7  63   8  60   9  61  10  63  11  61  12  63  13  66  14  62  15  63  16  62  17  63  18  63  19  63 
  0  57   1  60   2  61   3  58   4  62   5  61   6  62   7  62   8  61   9  62  10  61  11  62  12  59  13  60  14  62  15  59  16  61  17  62  18  60  19  60 
  0  56   1  60   2  61   3  59   4  60   5  56   6  60   7  59   8  61   9  62  10  59  11  60  12  58  13  57  14  62  15  60  16  60  17  61  18  57  19  56 
  0  58   1  62   2  60   3  59   4  61   5  60   6  60   7  61   8  60   9  60  10  59  11  59  12  60  13  60  14  60  15  59  16  62  17  59  18  58  19  56 
  0  64   1  62   2  60   3  66   4  62   5  64   6  62   7  63   8  60   9  61  10  65  11  63  12  64  13  66  14  60  15  62  16  60  17  60  18  63  19  62 
  0  65   1  61   2  60   3  66   4  62   5  66   6  62   7  62   8  60   9  61  10  64  11  63  12  62  13  66  14  62  15  63  16  62  17  62  18  65  19  66 
  0  60   1  62   2  60   3  62   4  61   5  58   6  60   7  62   8  62   9  62  10  58  11  59  12  59  13  59  14  60  15  60  16  62  17  59  18  62  19  60 
  0  63   1  62   2  61   3  66   4  62   5  64   6  62   7  63   8  62   9  62  10  64  11  63  12  61  13  64  14  62  15  61  16  60  17  60  18  64  19  66 
  0  56   1  60   2  61   3  59   4  60   5  59   6  60   7  59   8  60   9  60  10  56  11  60  12  58  13  56  14  60  15  59  16  62  17  59  18  57  19  58 
  0  65   1  60   2  62   3  66   4  61   5  65   6  62   7  63   8  62   9  61  10  66  11  61  12  64  13  65  14  62  15  62  16  62  17  62  18  65  19  63 
  0  57   1  61   2  62   3  59   4  60   5  57   6  62   7  59   8  62   9  61  10  58  11  60  12  60  13  57  14  62  15  59  16  62  17  60  18  62  19  58 
  0  63   1  62   2  62   3  64   4  60   5  66   6  62   7  62   8  62   9  62  10  65  11  61  12  61  13  65  14  60  15  63  16  60  17  62  18  64  19  64 
  0  64   1  60   2  62   3  63   4  60   5  62   6  60   7  63   8  62   9  62  10  62  11  63  12  63  13  63  14  60  15  60  16  60  17  61  18  63  19  61 
  0  56   1  62   2  60   3  56   4  62   5  56   6  60   7  59   8  62   9  60  10  59  11  61  12  58  13  56  14  60  15  60  16  62  17  59  18  60  19  56 
  0  63   1  60   2  61   3  60   4  60   5  60   6  60   7  59   8  61   9  60  10  62  11  62  12  60  13  62  14  60  15  63  16  60  17  60  18  63  19  61 
  0  56   1  60   2  61   3  59   4  60   5  59   6  62   7  59   8  62   9  61  10  59  11  59  12  59  13  56  14  60  15  59  16  60  17  60  18  58  19  59 
  0  63   1  62   2  60   3  59   4  62   5  59   6  61   7  59   8  60   9  60  10  60  11  60  12  60  13  61  14  62  15  61  16  60  17  63  18  60  19  61 
  0  63   1  60   2  61   3  64   4  60   5  65   6  62   7  62   8  62   9  62  10  66  11  63  12  64  13  65  14  60  15  61  16  62  17  63  18  65  19  65 


