
 20  20

  0  83   1  79   2  82   3  83   4  83   5  79   6  79   7  79   8  82   9  79  10  80  11  83  12  81  13  79  14  80  15  82  16  82  17  79  18  83  19  83 
  0  81   1  80   2  81   3  81   4  80   5  84   6  81   7  85   8  80   9  83  10  80  11  82  12  82  13  80  14  80  15  81  16  80  17  83  18  85  19  81 
  0  85   1  81   2  80   3  83   4  81   5  82   6  81   7  82   8  83   9  81  10  81  11  83  12  80  13  80  14  82  15  81  16  82  17  81  18  83  19  83 
  0  82   1  81   2  83   3  81   4  83   5  81   6  79   7  82   8  84   9  81  10  81  11  81  12  79  13  82  14  80  15  81  16  79  17  84  18  84  19  82 
  0  83   1  81   2  83   3  82   4  82   5  83   6  80   7  84   8  82   9  82  10  79  11  82  12  81  13  83  14  81  15  83  16  82  17  83  18  85  19  84 
  0  82   1  81   2  83   3  83   4  84   5  81   6  81   7  82   8  83   9  83  10  81  11  80  12  79  13  80  14  79  15  81  16  81  17  80  18  81  19  84 
  0  85   1  79   2  82   3  83   4  82   5  83   6  81   7  85   8  81   9  83  10  80  11  83  12  82  13  81  14  82  15  83  16  80  17  80  18  84  19  80 
  0  75   1  79   2  77   3  77   4  79   5  79   6  79   7  75   8  76   9  78  10  79  11  77  12  79  13  78  14  78  15  78  16  80  17  77  18  76  19  76 
  0  82   1  80   2  80   3  82   4  84   5  82   6  81   7  80   8  84   9  82  10  79  11  79  12  82  13  82  14  79  15  82  16  81  17  81  18  81  19  84 
  0  79   1  79   2  80   3  77   4  76   5  78   6  80   7  78   8  76   9  79  10  79  11  80  12  80  13  80  14  79  15  80  16  80  17  80  18  78  19  80 
  0  78   1  81   2  80   3  79   4  80   5  76   6  81   7  78   8  76   9  80  10  79  11  80  12  78  13  81  14  80  15  79  16  79  17  76  18  80  19  80 
  0  78   1  79   2  80   3  78   4  77   5  76   6  81   7  79   8  78   9  81  10  79  11  80  12  79  13  79  14  79  15  79  16  78  17  80  18  80  19  79 
  0  84   1  81   2  83   3  82   4  83   5  81   6  79   7  84   8  83   9  82  10  81  11  83  12  82  13  82  14  80  15  82  16  82  17  84  18  82  19  84 
  0  79   1  80   2  78   3  82   4  78   5  80   6  81   7  80   8  81   9  80  10  81  11  81  12  78  13  79  14  81  15  81  16  82  17  79  18  78  19  80 
  0  80   1  81   2  81   3  80   4  80   5  78   6  80   7  80   8  82   9  80  10  81  11  78  12  82  13  80  14  82  15  78  16  78  17  81  18  78  19  79 
  0  78   1  80   2  78   3  78   4  76   5  76   6  81   7  75   8  76   9  78  10  79  11  78  12  78  13  77  14  78  15  78  16  79  17  76  18  76  19  76 
  0  84   1  81   2  81   3  83   4  84   5  82   6  80   7  85   8  84   9  81  10  80  11  83  12  81  13  83  14  82  15  82  16  81  17  84  18  84  19  82 
  0  84   1  81   2  81   3  83   4  80   5  82   6  81   7  81   8  80   9  83  10  81  11  80  12  79  13  83  14  81  15  83  16  81  17  80  18  84  19  80 
  0  78   1  79   2  79   3  78   4  76   5  76   6  81   7  77   8  77   9  79  10  79  11  77  12  78  13  77  14  79  15  77  16  78  17  76  18  78  19  76 
  0  81   1  81   2  82   3  79   4  82   5  81   6  79   7  82   8  80   9  83  10  81  11  81  12  82  13  83  14  81  15  81  16  81  17  81  18  84  19  84 


