
 20  20

  0  69   1  68   2  72   3  73   4  72   5  71   6  71   7  71   8  70   9  74  10  72  11  69  12  70  13  73  14  71  15  72  16  71  17  71  18  69  19  72 
  0  72   1  69   2  73   3  74   4  74   5  69   6  73   7  73   8  72   9  72  10  73  11  71  12  69  13  71  14  71  15  71  16  72  17  70  18  69  19  72 
  0  75   1  75   2  72   3  74   4  74   5  77   6  74   7  78   8  73   9  74  10  74  11  75  12  77  13  73  14  74  15  74  16  75  17  76  18  76  19  73 
  0  74   1  72   2  73   3  74   4  72   5  72   6  72   7  73   8  75   9  72  10  72  11  76  12  76  13  76  14  72  15  75  16  72  17  72  18  75  19  72 
  0  70   1  72   2  72   3  73   4  73   5  73   6  74   7  70   8  73   9  73  10  72  11  72  12  69  13  71  14  71  15  74  16  71  17  72  18  73  19  74 
  0  73   1  72   2  73   3  75   4  72   5  72   6  73   7  76   8  71   9  72  10  72  11  73  12  76  13  75  14  75  15  72  16  72  17  76  18  73  19  74 
  0  75   1  73   2  73   3  75   4  72   5  76   6  75   7  75   8  75   9  72  10  72  11  74  12  72  13  74  14  73  15  71  16  74  17  75  18  72  19  73 
  0  69   1  70   2  72   3  73   4  72   5  71   6  74   7  73   8  70   9  74  10  74  11  72  12  71  13  70  14  71  15  73  16  71  17  70  18  73  19  74 
  0  78   1  78   2  74   3  75   4  74   5  77   6  73   7  78   8  74   9  74  10  74  11  76  12  78  13  76  14  76  15  75  16  75  17  77  18  78  19  72 
  0  73   1  70   2  72   3  74   4  72   5  71   6  74   7  71   8  73   9  73  10  72  11  69  12  71  13  70  14  74  15  72  16  71  17  72  18  70  19  72 
  0  72   1  71   2  73   3  72   4  73   5  74   6  75   7  73   8  72   9  73  10  74  11  74  12  72  13  74  14  71  15  75  16  73  17  75  18  73  19  73 
  0  72   1  76   2  74   3  74   4  74   5  74   6  75   7  74   8  72   9  72  10  73  11  74  12  75  13  72  14  76  15  71  16  72  17  75  18  74  19  74 
  0  74   1  75   2  74   3  72   4  72   5  75   6  75   7  73   8  73   9  72  10  72  11  73  12  77  13  73  14  76  15  73  16  75  17  75  18  74  19  72 
  0  71   1  68   2  74   3  71   4  72   5  69   6  71   7  69   8  72   9  74  10  73  11  70  12  71  13  72  14  70  15  71  16  71  17  69  18  71  19  72 
  0  71   1  68   2  74   3  73   4  73   5  72   6  74   7  68   8  71   9  73  10  72  11  69  12  69  13  73  14  70  15  74  16  71  17  71  18  72  19  74 
  0  68   1  68   2  72   3  71   4  72   5  70   6  73   7  68   8  71   9  72  10  74  11  70  12  69  13  71  14  70  15  71  16  73  17  69  18  68  19  72 
  0  75   1  78   2  72   3  76   4  74   5  76   6  75   7  78   8  75   9  74  10  74  11  74  12  78  13  74  14  76  15  75  16  75  17  76  18  75  19  73 
  0  68   1  68   2  74   3  70   4  72   5  69   6  72   7  69   8  70   9  72  10  74  11  69  12  68  13  71  14  70  15  71  16  72  17  69  18  68  19  72 
  0  70   1  69   2  74   3  70   4  72   5  72   6  72   7  72   8  71   9  73  10  72  11  73  12  72  13  73  14  70  15  71  16  73  17  69  18  69  19  72 
  0  74   1  73   2  72   3  76   4  72   5  72   6  74   7  73   8  74   9  72  10  74  11  76  12  72  13  75  14  74  15  75  16  73  17  76  18  76  19  72 


