
 20  20

  0  17   1  19   2  16   3  14   4  15   5  17   6  18   7  16   8  19   9  14  10  16  11  16  12  15  13  16  14  16  15  14  16  18  17  16  18  16  19  14 
  0  19   1  20   2  17   3  17   4  20   5  17   6  19   7  16   8  19   9  16  10  18  11  16  12  19  13  17  14  16  15  16  16  18  17  18  18  18  19  16 
  0  17   1  13   2  15   3  16   4  17   5  16   6  15   7  15   8  13   9  16  10  14  11  17  12  16  13  15  14  14  15  16  16  15  17  16  18  13  19  14 
  0  10   1  11   2  11   3  13   4  13   5  16   6  12   7  16   8  10   9  14  10  11  11  13  12  12  13  15  14  15  15  14  16  12  17  11  18  12  19  14 
  0  13   1  16   2  15   3  13   4  16   5  16   6  14   7  16   8  14   9  16  10  13  11  13  12  17  13  13  14  16  15  15  16  14  17  17  18  15  19  15 
  0  14   1  14   2  15   3  13   4  15   5  17   6  17   7  14   8  13   9  14  10  16  11  14  12  16  13  13  14  16  15  14  16  13  17  15  18  17  19  14 
  0  11   1  14   2  12   3  16   4  14   5  13   6  11   7  14   8  10   9  16  10  13  11  14  12  13  13  12  14  14  15  14  16  12  17  14  18  12  19  14 
  0  14   1  13   2  12   3  13   4  15   5  17   6  14   7  14   8  12   9  16  10  12  11  16  12  14  13  15  14  16  15  14  16  17  17  16  18  16  19  14 
  0  10   1  11   2  12   3  15   4  10   5  15   6  14   7  14   8  12   9  14  10  11  11  13  12  10  13  13  14  15  15  15  16  13  17  10  18  12  19  15 
  0  15   1  12   2  11   3  14   4  12   5  13   6  11   7  16   8  14   9  15  10  15  11  16  12  12  13  16  14  15  15  14  16  15  17  15  18  15  19  15 
  0  20   1  18   2  19   3  17   4  19   5  16   6  16   7  16   8  20   9  16  10  17  11  17  12  17  13  18  14  14  15  16  16  18  17  20  18  17  19  15 
  0  16   1  17   2  16   3  17   4  18   5  15   6  19   7  16   8  16   9  14  10  15  11  14  12  16  13  18  14  16  15  16  16  16  17  16  18  14  19  15 
  0  20   1  20   2  19   3  17   4  19   5  16   6  18   7  14   8  20   9  14  10  19  11  17  12  20  13  18  14  14  15  16  16  16  17  20  18  18  19  16 
  0  20   1  20   2  18   3  15   4  20   5  15   6  17   7  16   8  18   9  16  10  18  11  17  12  20  13  15  14  14  15  16  16  15  17  19  18  15  19  14 
  0  12   1  12   2  11   3  14   4  12   5  15   6  14   7  14   8  10   9  14  10  13  11  13  12  11  13  14  14  14  15  14  16  15  17  11  18  15  19  14 
  0  17   1  18   2  14   3  16   4  15   5  14   6  16   7  14   8  14   9  15  10  15  11  13  12  18  13  14  14  15  15  16  16  18  17  15  18  14  19  14 
  0  19   1  16   2  18   3  16   4  20   5  16   6  19   7  14   8  20   9  14  10  18  11  15  12  18  13  17  14  14  15  16  16  15  17  17  18  15  19  16 
  0  12   1  12   2  12   3  16   4  11   5  15   6  15   7  16   8  13   9  14  10  14  11  14  12  15  13  15  14  16  15  14  16  13  17  11  18  16  19  16 
  0  10   1  12   2  13   3  13   4  10   5  13   6  11   7  14   8  12   9  16  10  11  11  15  12  11  13  12  14  14  15  16  16  12  17  10  18  12  19  14 
  0  17   1  17   2  15   3  16   4  19   5  17   6  15   7  16   8  20   9  16  10  17  11  17  12  18  13  18  14  15  15  16  16  18  17  17  18  15  19  16 


