
 20  20

  0  95   1  89   2  91   3  94   4  90   5  91   6  92   7  91   8  91   9  93  10  91  11  92  12  91  13  92  14  92  15  93  16  91  17  91  18  90  19  92 
  0  90   1  89   2  90   3  91   4  90   5  91   6  91   7  89   8  87   9  87  10  91  11  88  12  91  13  90  14  87  15  87  16  90  17  91  18  89  19  87 
  0  91   1  91   2  92   3  93   4  89   5  91   6  92   7  93   8  92   9  92  10  93  11  93  12  91  13  92  14  92  15  91  16  91  17  90  18  91  19  92 
  0  92   1  92   2  93   3  93   4  92   5  91   6  91   7  94   8  92   9  91  10  92  11  91  12  92  13  91  14  91  15  91  16  91  17  95  18  93  19  91 
  0  86   1  89   2  87   3  86   4  90   5  89   6  88   7  86   8  90   9  90  10  89  11  86  12  89  13  89  14  86  15  90  16  89  17  86  18  89  19  89 
  0  87   1  89   2  89   3  89   4  90   5  91   6  89   7  88   8  91   9  87  10  90  11  90  12  90  13  89  14  89  15  91  16  91  17  88  18  89  19  87 
  0  94   1  90   2  92   3  93   4  89   5  90   6  92   7  93   8  92   9  89  10  92  11  92  12  90  13  89  14  94  15  90  16  91  17  90  18  93  19  91 
  0  87   1  88   2  86   3  85   4  88   5  89   6  88   7  86   8  87   9  87  10  88  11  88  12  86  13  90  14  86  15  89  16  89  17  85  18  87  19  87 
  0  95   1  92   2  95   3  93   4  92   5  91   6  92   7  95   8  90   9  90  10  92  11  94  12  93  13  92  14  92  15  92  16  89  17  95  18  91  19  93 
  0  89   1  88   2  89   3  92   4  92   5  91   6  91   7  92   8  89   9  90  10  88  11  91  12  90  13  90  14  92  15  92  16  91  17  92  18  89  19  89 
  0  92   1  91   2  88   3  90   4  91   5  91   6  91   7  90   8  90   9  90  10  90  11  91  12  90  13  88  14  91  15  89  16  89  17  90  18  91  19  91 
  0  92   1  91   2  90   3  88   4  88   5  91   6  92   7  90   8  91   9  90  10  88  11  89  12  90  13  92  14  92  15  90  16  89  17  91  18  92  19  91 
  0  89   1  90   2  89   3  89   4  89   5  90   6  89   7  91   8  92   9  91  10  89  11  92  12  92  13  89  14  89  15  93  16  89  17  93  18  93  19  89 
  0  85   1  88   2  85   3  85   4  88   5  91   6  88   7  85   8  87   9  89  10  88  11  86  12  86  13  89  14  86  15  87  16  89  17  86  18  87  19  86 
  0  87   1  88   2  90   3  88   4  89   5  91   6  89   7  90   8  87   9  87  10  88  11  90  12  91  13  90  14  91  15  90  16  89  17  86  18  91  19  91 
  0  89   1  91   2  86   3  86   4  90   5  91   6  90   7  86   8  87   9  87  10  87  11  86  12  87  13  90  14  87  15  87  16  89  17  89  18  90  19  88 
  0  87   1  91   2  87   3  89   4  90   5  91   6  90   7  88   8  90   9  90  10  89  11  87  12  90  13  88  14  88  15  89  16  90  17  88  18  91  19  90 
  0  92   1  92   2  93   3  94   4  92   5  91   6  92   7  91   8  93   9  89  10  92  11  94  12  92  13  92  14  94  15  89  16  89  17  92  18  93  19  92 
  0  93   1  92   2  90   3  91   4  89   5  91   6  89   7  92   8  91   9  92  10  90  11  94  12  92  13  90  14  92  15  89  16  89  17  92  18  92  19  90 
  0  85   1  90   2  88   3  88   4  89   5  91   6  90   7  86   8  88   9  87  10  88  11  87  12  87  13  89  14  86  15  88  16  91  17  85  18  87  19  88 


