
 20  20

  0  17   1  19   2  15   3  18   4  19   5  20   6  19   7  18   8  20   9  15  10  18  11  17  12  17  13  18  14  17  15  17  16  19  17  16  18  17  19  17 
  0  21   1  17   2  17   3  18   4  19   5  19   6  18   7  19   8  18   9  16  10  16  11  17  12  20  13  16  14  21  15  17  16  19  17  17  18  17  19  16 
  0  17   1  15   2  15   3  16   4  16   5  16   6  14   7  18   8  18   9  17  10  18  11  14  12  18  13  14  14  14  15  16  16  16  17  16  18  16  19  15 
  0  16   1  14   2  17   3  17   4  17   5  16   6  16   7  12   8  15   9  16  10  17  11  16  12  16  13  14  14  13  15  17  16  15  17  17  18  15  19  15 
  0  15   1  15   2  15   3  18   4  16   5  16   6  14   7  15   8  17   9  18  10  16  11  15  12  16  13  18  14  17  15  17  16  15  17  15  18  16  19  17 
  0  15   1  15   2  17   3  17   4  17   5  16   6  16   7  14   8  17   9  17  10  14  11  17  12  15  13  16  14  14  15  16  16  14  17  17  18  15  19  16 
  0  11   1  12   2  15   3  15   4  14   5  14   6  13   7  11   8  12   9  14  10  14  11  13  12  12  13  15  14  12  15  15  16  11  17  16  18  15  19  15 
  0  19   1  16   2  17   3  15   4  17   5  17   6  15   7  17   8  16   9  16  10  17  11  17  12  19  13  17  14  17  15  15  16  16  17  17  18  15  19  16 
  0  15   1  18   2  15   3  16   4  15   5  18   6  17   7  17   8  17   9  16  10  17  11  18  12  17  13  14  14  14  15  17  16  17  17  17  18  15  19  16 
  0  18   1  18   2  16   3  17   4  15   5  14   6  15   7  17   8  16   9  17  10  18  11  15  12  18  13  18  14  15  15  16  16  17  17  16  18  17  19  15 
  0  14   1  12   2  15   3  14   4  16   5  12   6  13   7  12   8  14   9  16  10  15  11  15  12  12  13  14  14  15  15  15  16  15  17  15  18  15  19  15 
  0  12   1  15   2  15   3  17   4  15   5  15   6  15   7  14   8  15   9  16  10  17  11  13  12  12  13  14  14  14  15  15  16  15  17  17  18  16  19  15 
  0  16   1  15   2  15   3  17   4  17   5  16   6  15   7  16   8  17   9  18  10  14  11  17  12  15  13  18  14  17  15  17  16  15  17  16  18  17  19  15 
  0  17   1  14   2  15   3  15   4  18   5  14   6  17   7  18   8  14   9  16  10  15  11  16  12  16  13  14  14  18  15  17  16  14  17  15  18  15  19  15 
  0  20   1  20   2  17   3  18   4  16   5  18   6  18   7  18   8  17   9  17  10  18  11  16  12  17  13  18  14  19  15  17  16  21  17  17  18  15  19  15 
  0  17   1  14   2  17   3  17   4  14   5  14   6  15   7  14   8  17   9  18  10  14  11  16  12  16  13  16  14  17  15  15  16  13  17  15  18  15  19  15 
  0  21   1  20   2  17   3  18   4  16   5  20   6  19   7  18   8  20   9  15  10  17  11  18  12  18  13  17  14  17  15  15  16  19  17  17  18  17  19  17 
  0  14   1  16   2  17   3  14   4  13   5  15   6  16   7  11   8  16   9  14  10  16  11  16  12  13  13  14  14  13  15  16  16  11  17  15  18  15  19  15 
  0  12   1  14   2  15   3  16   4  13   5  15   6  13   7  13   8  13   9  15  10  14  11  14  12  12  13  15  14  14  15  16  16  11  17  15  18  15  19  16 
  0  21   1  20   2  16   3  18   4  19   5  20   6  19   7  21   8  19   9  17  10  18  11  18  12  20  13  18  14  21  15  15  16  21  17  17  18  17  19  17 


