
 20  20

  0   7   1   7   2   9   3   8   4   6   5   8   6  10   7   9   8   7   9   9  10   7  11   9  12   6  13   9  14   8  15   7  16   9  17  10  18   8  19   7 
  0   8   1  11   2  10   3  11   4   9   5   8   6   7   7   6   8  10   9   9  10   8  11   6  12  10  13   7  14  10  15  10  16   8  17   8  18  10  19   7 
  0   8   1  11   2   7   3  11   4  11   5  11   6   7   7   9   8   8   9  11  10  11  11   9  12   9  13  11  14  10  15  10  16   9  17  10  18   9  19   7 
  0   8   1   7   2   4   3   9   4   6   5   7   6   8   7   9   8   6   9   6  10   8  11   5  12   8  13   9  14   8  15   5  16   7  17   8  18   8  19   7 
  0  14   1  11   2  14   3  11   4  13   5  13   6  12   7  13   8  10   9  12  10  11  11  13  12  12  13  11  14  10  15  13  16  14  17  10  18  10  19  11 
  0   7   1   9   2   7   3   9   4   5   5   5   6   7   7   8   8   7   9   4  10   7  11   5  12   6  13   7  14  10  15   7  16   8  17   9  18   9  19   8 
  0  10   1  11   2  11   3  12   4  11   5  10   6  10   7  12   8  12   9  14  10  11  11  12  12   9  13  11  14   9  15  13  16  13  17   9  18  10  19  11 
  0  13   1   9   2  14   3  12   4  13   5  13   6  11   7  10   8   9   9  12  10  11  11  13  12  11  13  11  14   9  15  10  16  12  17  10  18  10  19  10 
  0  12   1   9   2  12   3   9   4  13   5   9   6   9   7  10   8  12   9  12  10  11  11   9  12  11  13   9  14  10  15  12  16  13  17  10  18  10  19  11 
  0  12   1  12   2   8   3   8   4  10   5  12   6  10   7  10   8   8   9  10  10  11  11  10  12  10  13   7  14  10  15   9  16  10  17   8  18   8  19   9 
  0   8   1   8   2  10   3  11   4   9   5   6   6   8   7   8   8  10   9   8  10   8  11   9  12   9  13   8  14   8  15   9  16  10  17   8  18   8  19  10 
  0  11   1   9   2   9   3  11   4   8   5   7   6  11   7   9   8   8   9  10  10  11  11  11  12   8  13  10  14  10  15  11  16   8  17  10  18   8  19   9 
  0  11   1   8   2   8   3   7   4   8   5   9   6  10   7  10   8   8   9  10  10  11  11   7  12   8  13   9  14   8  15   9  16   8  17   8  18  10  19   7 
  0   4   1   7   2   4   3   8   4   5   5   6   6   6   7   7   8   6   9   6  10   7  11   5  12   6  13   8  14  10  15   5  16   5  17   8  18  10  19   7 
  0  11   1   9   2  11   3   8   4   7   5   7   6   7   7  11   8  11   9   9  10   8  11   8  12   9  13   8  14   9  15   8  16   8  17   9  18  10  19  10 
  0   8   1   6   2   7   3   9   4  10   5   7   6   8   7   7   8   8   9   7  10   9  11   8  12  10  13   9  14  10  15  10  16   7  17  10  18   8  19  10 
  0  13   1  12   2  13   3  10   4  13   5  10   6  11   7   9   8  12   9  13  10   8  11  13  12  12  13   8  14  10  15  11  16  10  17  10  18  10  19   8 
  0   9   1  10   2  10   3  10   4   9   5   8   6  10   7  11   8  11   9   8  10   7  11   8  12   9  13   7  14   9  15  10  16   7  17   9  18   8  19  11 
  0   8   1   6   2   6   3   7   4   6   5   6   6   8   7   9   8   6   9   6  10   7  11   8  12   9  13   9  14   8  15   9  16   6  17   8  18  10  19   9 
  0  14   1   9   2  14   3  10   4  13   5  13   6  12   7  12   8  11   9  14  10   9  11  13  12  12  13   9  14  10  15  11  16  13  17   9  18  10  19  11 


