
 20  20

  0  87   1  86   2  90   3  86   4  86   5  89   6  86   7  88   8  85   9  87  10  88  11  90  12  87  13  86  14  87  15  86  16  86  17  87  18  86  19  87 
  0  82   1  84   2  86   3  86   4  85   5  84   6  84   7  83   8  86   9  85  10  85  11  86  12  84  13  86  14  86  15  84  16  83  17  83  18  86  19  87 
  0  87   1  89   2  89   3  86   4  87   5  87   6  84   7  88   8  86   9  86  10  87  11  85  12  87  13  85  14  85  15  86  16  87  17  84  18  88  19  87 
  0  84   1  86   2  85   3  85   4  88   5  84   6  87   7  85   8  83   9  86  10  87  11  85  12  87  13  85  14  84  15  86  16  84  17  86  18  88  19  87 
  0  84   1  84   2  84   3  84   4  82   5  84   6  84   7  85   8  83   9  82  10  86  11  86  12  82  13  84  14  86  15  84  16  83  17  84  18  86  19  87 
  0  84   1  84   2  83   3  85   4  83   5  85   6  84   7  83   8  84   9  81  10  84  11  84  12  85  13  84  14  84  15  86  16  83  17  83  18  85  19  86 
  0  80   1  81   2  81   3  84   4  83   5  81   6  84   7  81   8  83   9  81  10  84  11  83  12  83  13  86  14  85  15  84  16  83  17  86  18  84  19  86 
  0  81   1  83   2  84   3  85   4  82   5  84   6  86   7  86   8  82   9  84  10  84  11  84  12  84  13  84  14  84  15  86  16  84  17  86  18  82  19  85 
  0  87   1  84   2  85   3  85   4  83   5  83   6  86   7  83   8  85   9  83  10  87  11  83  12  87  13  85  14  85  15  86  16  85  17  85  18  87  19  86 
  0  88   1  88   2  84   3  84   4  88   5  84   6  84   7  86   8  84   9  86  10  84  11  88  12  88  13  86  14  85  15  86  16  88  17  85  18  84  19  87 
  0  86   1  86   2  84   3  84   4  83   5  83   6  86   7  85   8  86   9  85  10  87  11  84  12  84  13  86  14  86  15  86  16  86  17  86  18  84  19  85 
  0  83   1  84   2  81   3  84   4  84   5  83   6  85   7  84   8  82   9  81  10  84  11  80  12  82  13  84  14  85  15  84  16  84  17  85  18  81  19  84 
  0  88   1  85   2  85   3  86   4  86   5  89   6  84   7  89   8  87   9  85  10  88  11  89  12  87  13  84  14  87  15  85  16  87  17  86  18  89  19  84 
  0  88   1  86   2  89   3  84   4  87   5  86   6  85   7  87   8  88   9  84  10  84  11  86  12  87  13  86  14  84  15  86  16  84  17  85  18  84  19  84 
  0  83   1  84   2  83   3  84   4  85   5  83   6  85   7  85   8  87   9  87  10  87  11  83  12  83  13  85  14  83  15  86  16  85  17  85  18  87  19  84 
  0  88   1  84   2  88   3  86   4  86   5  86   6  87   7  85   8  83   9  88  10  88  11  88  12  88  13  86  14  86  15  84  16  84  17  84  18  85  19  83 
  0  88   1  88   2  90   3  84   4  88   5  88   6  87   7  89   8  88   9  89  10  89  11  90  12  87  13  84  14  87  15  84  16  86  17  85  18  89  19  87 
  0  88   1  86   2  85   3  86   4  86   5  88   6  84   7  84   8  85   9  88  10  84  11  87  12  88  13  86  14  87  15  84  16  84  17  86  18  85  19  85 
  0  89   1  88   2  89   3  85   4  89   5  87   6  86   7  85   8  88   9  86  10  88  11  86  12  87  13  86  14  86  15  85  16  85  17  85  18  89  19  86 
  0  83   1  86   2  85   3  84   4  84   5  83   6  87   7  86   8  84   9  87  10  87  11  86  12  85  13  86  14  84  15  84  16  87  17  87  18  86  19  86 


