
 20  20

  0  41   1  39   2  40   3  39   4  40   5  37   6  37   7  38   8  38   9  38  10  39  11  39  12  39  13  38  14  37  15  37  16  39  17  39  18  40  19  40 
  0  40   1  40   2  39   3  41   4  38   5  39   6  37   7  38   8  39   9  40  10  40  11  38  12  39  13  37  14  36  15  41  16  38  17  39  18  36  19  40 
  0  35   1  36   2  35   3  37   4  37   5  39   6  33   7  35   8  36   9  37  10  37  11  36  12  39  13  34  14  39  15  38  16  33  17  34  18  38  19  36 
  0  35   1  38   2  40   3  38   4  38   5  36   6  39   7  36   8  39   9  39  10  40  11  37  12  39  13  37  14  37  15  39  16  35  17  35  18  37  19  38 
  0  42   1  41   2  39   3  41   4  42   5  37   6  41   7  40   8  40   9  43  10  38  11  41  12  39  13  42  14  39  15  39  16  41  17  41  18  38  19  37 
  0  41   1  41   2  39   3  41   4  37   5  40   6  39   7  40   8  39   9  38  10  40  11  38  12  39  13  40  14  37  15  40  16  40  17  40  18  38  19  40 
  0  41   1  39   2  39   3  36   4  40   5  40   6  40   7  39   8  38   9  40  10  39  11  39  12  37  13  37  14  37  15  37  16  39  17  40  18  37  19  36 
  0  39   1  39   2  41   3  38   4  42   5  40   6  42   7  40   8  37   9  42  10  40  11  42  12  37  13  38  14  39  15  39  16  43  17  40  18  38  19  37 
  0  35   1  39   2  39   3  36   4  37   5  39   6  34   7  35   8  36   9  35  10  35  11  36  12  39  13  37  14  39  15  34  16  35  17  38  18  36  19  38 
  0  33   1  35   2  37   3  38   4  36   5  36   6  34   7  37   8  36   9  34  10  36  11  36  12  37  13  34  14  38  15  37  16  35  17  36  18  36  19  36 
  0  38   1  38   2  37   3  35   4  35   5  38   6  37   7  36   8  36   9  36  10  35  11  35  12  39  13  37  14  36  15  38  16  37  17  36  18  36  19  39 
  0  43   1  38   2  38   3  41   4  40   5  40   6  43   7  41   8  38   9  40  10  38  11  40  12  37  13  42  14  40  15  42  16  43  17  43  18  40  19  39 
  0  35   1  37   2  39   3  39   4  36   5  36   6  35   7  38   8  36   9  37  10  39  11  34  12  38  13  39  14  36  15  35  16  34  17  36  18  39  19  38 
  0  39   1  41   2  40   3  37   4  39   5  40   6  37   7  41   8  40   9  37  10  41  11  41  12  38  13  39  14  37  15  40  16  41  17  41  18  40  19  40 
  0  43   1  41   2  40   3  41   4  42   5  40   6  41   7  39   8  38   9  42  10  39  11  43  12  39  13  42  14  39  15  42  16  43  17  43  18  40  19  39 
  0  33   1  37   2  37   3  35   4  36   5  36   6  33   7  35   8  36   9  36  10  35  11  33  12  38  13  34  14  38  15  34  16  33  17  35  18  36  19  36 
  0  38   1  36   2  37   3  35   4  35   5  36   6  34   7  37   8  36   9  36  10  36  11  35  12  37  13  38  14  38  15  38  16  38  17  34  18  36  19  36 
  0  39   1  41   2  41   3  41   4  39   5  39   6  39   7  41   8  37   9  40  10  41  11  43  12  38  13  42  14  38  15  42  16  40  17  42  18  40  19  37 
  0  36   1  39   2  37   3  38   4  36   5  37   6  35   7  37   8  37   9  34  10  39  11  37  12  37  13  39  14  38  15  38  16  35  17  36  18  37  19  36 
  0  35   1  35   2  37   3  37   4  38   5  37   6  37   7  36   8  36   9  34  10  36  11  35  12  38  13  35  14  37  15  36  16  37  17  37  18  39  19  38 


