
 20  20

  0  32   1  33   2  32   3  34   4  33   5  31   6  35   7  33   8  32   9  33  10  35  11  33  12  33  13  31  14  33  15  31  16  31  17  34  18  35  19  33 
  0  32   1  33   2  35   3  34   4  31   5  32   6  33   7  32   8  32   9  31  10  34  11  33  12  31  13  31  14  34  15  34  16  30  17  33  18  32  19  33 
  0  30   1  30   2  31   3  32   4  31   5  32   6  30   7  29   8  30   9  31  10  30  11  33  12  32  13  30  14  29  15  30  16  30  17  30  18  32  19  31 
  0  30   1  27   2  31   3  30   4  32   5  31   6  29   7  30   8  30   9  31  10  28  11  32  12  31  13  30  14  28  15  30  16  30  17  30  18  29  19  31 
  0  28   1  30   2  29   3  29   4  31   5  31   6  28   7  31   8  30   9  31  10  28  11  31  12  31  13  30  14  27  15  30  16  30  17  30  18  30  19  31 
  0  32   1  31   2  33   3  35   4  33   5  31   6  32   7  35   8  30   9  31  10  35  11  31  12  31  13  33  14  31  15  31  16  31  17  32  18  34  19  33 
  0  30   1  28   2  29   3  29   4  31   5  32   6  30   7  29   8  30   9  32  10  31  11  31  12  32  13  30  14  27  15  30  16  30  17  31  18  29  19  33 
  0  28   1  27   2  29   3  28   4  31   5  31   6  29   7  31   8  30   9  32  10  28  11  32  12  31  13  29  14  29  15  30  16  30  17  31  18  29  19  31 
  0  36   1  34   2  34   3  36   4  33   5  32   6  34   7  33   8  34   9  32  10  36  11  33  12  31  13  35  14  34  15  32  16  34  17  34  18  35  19  33 
  0  32   1  29   2  32   3  29   4  32   5  32   6  32   7  30   8  32   9  32  10  31  11  31  12  32  13  30  14  29  15  32  16  33  17  30  18  33  19  33 
  0  31   1  31   2  32   3  31   4  32   5  31   6  31   7  29   8  31   9  31  10  30  11  31  12  31  13  31  14  28  15  30  16  30  17  32  18  30  19  32 
  0  33   1  31   2  30   3  34   4  31   5  33   6  34   7  31   8  33   9  33  10  33  11  33  12  31  13  31  14  34  15  32  16  31  17  30  18  33  19  31 
  0  34   1  30   2  30   3  33   4  31   5  32   6  31   7  31   8  30   9  32  10  31  11  32  12  31  13  34  14  33  15  33  16  33  17  30  18  33  19  33 
  0  28   1  30   2  29   3  28   4  33   5  31   6  32   7  31   8  31   9  31  10  32  11  33  12  31  13  31  14  32  15  30  16  33  17  31  18  31  19  33 
  0  30   1  30   2  30   3  28   4  33   5  33   6  28   7  30   8  32   9  31  10  30  11  31  12  31  13  29  14  29  15  32  16  32  17  30  18  32  19  32 
  0  30   1  29   2  32   3  32   4  33   5  31   6  31   7  31   8  30   9  33  10  32  11  31  12  31  13  31  14  30  15  30  16  34  17  30  18  33  19  33 
  0  37   1  37   2  35   3  36   4  33   5  32   6  36   7  35   8  32   9  32  10  35  11  31  12  33  13  35  14  36  15  34  16  34  17  34  18  34  19  33 
  0  34   1  32   2  33   3  35   4  33   5  33   6  34   7  33   8  33   9  33  10  33  11  33  12  33  13  34  14  32  15  31  16  34  17  34  18  31  19  33 
  0  30   1  33   2  33   3  32   4  31   5  33   6  32   7  30   8  30   9  33  10  31  11  31  12  31  13  30  14  32  15  33  16  31  17  31  18  32  19  33 
  0  32   1  30   2  33   3  30   4  33   5  33   6  34   7  33   8  30   9  31  10  33  11  33  12  33  13  33  14  32  15  34  16  33  17  31  18  32  19  33 


