
 20  20

  0  50   1  50   2  51   3  49   4  48   5  49   6  48   7  52   8  51   9  51  10  52  11  53  12  51  13  51  14  51  15  48  16  48  17  50  18  48  19  48 
  0  54   1  52   2  53   3  51   4  52   5  53   6  54   7  52   8  50   9  53  10  53  11  51  12  54  13  50  14  52  15  51  16  52  17  52  18  53  19  52 
  0  48   1  50   2  50   3  52   4  47   5  47   6  48   7  50   8  47   9  49  10  46  11  51  12  49  13  52  14  51  15  48  16  48  17  48  18  47  19  49 
  0  50   1  52   2  50   3  53   4  51   5  52   6  53   7  50   8  51   9  53  10  50  11  50  12  53  13  52  14  50  15  52  16  52  17  53  18  52  19  49 
  0  47   1  50   2  47   3  49   4  47   5  47   6  47   7  52   8  46   9  48  10  46  11  49  12  47  13  50  14  50  15  49  16  50  17  46  18  47  19  47 
  0  48   1  52   2  50   3  52   4  51   5  50   6  47   7  51   8  50   9  52  10  50  11  49  12  49  13  52  14  50  15  49  16  48  17  48  18  48  19  49 
  0  46   1  50   2  49   3  49   4  49   5  48   6  47   7  50   8  46   9  48  10  46  11  50  12  47  13  50  14  51  15  48  16  48  17  47  18  47  19  49 
  0  49   1  50   2  47   3  52   4  49   5  46   6  47   7  51   8  46   9  48  10  49  11  50  12  47  13  50  14  50  15  49  16  48  17  49  18  50  19  47 
  0  50   1  52   2  50   3  49   4  48   5  50   6  50   7  50   8  50   9  52  10  47  11  51  12  49  13  50  14  50  15  49  16  48  17  51  18  51  19  47 
  0  53   1  52   2  51   3  53   4  51   5  53   6  55   7  51   8  51   9  53  10  53  11  51  12  52  13  52  14  50  15  51  16  51  17  51  18  55  19  51 
  0  50   1  50   2  53   3  50   4  50   5  50   6  51   7  52   8  51   9  52  10  50  11  49  12  53  13  50  14  52  15  50  16  52  17  51  18  52  19  52 
  0  56   1  51   2  55   3  53   4  53   5  55   6  55   7  51   8  55   9  53  10  54  11  53  12  55  13  52  14  52  15  54  16  54  17  56  18  55  19  55 
  0  56   1  51   2  54   3  53   4  55   5  56   6  54   7  52   8  56   9  53  10  56  11  53  12  55  13  50  14  51  15  54  16  54  17  55  18  53  19  55 
  0  54   1  52   2  54   3  53   4  55   5  56   6  53   7  52   8  55   9  52  10  53  11  52  12  52  13  52  14  51  15  51  16  54  17  56  18  52  19  55 
  0  55   1  51   2  54   3  52   4  53   5  56   6  54   7  51   8  56   9  54  10  56  11  53  12  55  13  52  14  51  15  54  16  54  17  56  18  53  19  55 
  0  52   1  52   2  48   3  49   4  52   5  49   6  48   7  50   8  49   9  52  10  52  11  52  12  51  13  52  14  50  15  49  16  51  17  50  18  49  19  52 
  0  48   1  50   2  49   3  52   4  49   5  49   6  51   7  51   8  49   9  49  10  48  11  50  12  51  13  52  14  50  15  52  16  50  17  49  18  52  19  52 
  0  48   1  51   2  52   3  53   4  50   5  49   6  50   7  50   8  52   9  48  10  52  11  52  12  50  13  50  14  52  15  49  16  49  17  52  18  49  19  51 
  0  56   1  51   2  55   3  52   4  54   5  56   6  54   7  52   8  56   9  54  10  56  11  53  12  55  13  52  14  52  15  53  16  54  17  56  18  54  19  55 
  0  50   1  52   2  47   3  52   4  47   5  49   6  49   7  52   8  48   9  50  10  51  11  52  12  51  13  52  14  52  15  49  16  49  17  51  18  49  19  47 


