
 20  20

  0  65   1  65   2  66   3  67   4  67   5  67   6  68   7  66   8  65   9  65  10  66  11  65  12  66  13  66  14  67  15  64  16  64  17  65  18  65  19  68 
  0  66   1  65   2  66   3  63   4  63   5  66   6  67   7  66   8  62   9  66  10  66  11  67  12  66  13  68  14  66  15  66  16  66  17  65  18  65  19  66 
  0  72   1  71   2  70   3  71   4  70   5  69   6  67   7  66   8  72   9  68  10  69  11  69  12  68  13  67  14  68  15  70  16  72  17  70  18  67  19  68 
  0  62   1  63   2  65   3  63   4  62   5  63   6  66   7  67   8  62   9  65  10  65  11  65  12  67  13  66  14  67  15  62  16  62  17  65  18  66  19  66 
  0  70   1  71   2  69   3  70   4  71   5  70   6  68   7  68   8  70   9  69  10  68  11  69  12  69  13  68  14  68  15  71  16  72  17  70  18  69  19  68 
  0  70   1  70   2  70   3  70   4  69   5  71   6  68   7  67   8  70   9  67  10  69  11  69  12  69  13  68  14  67  15  70  16  70  17  70  18  68  19  66 
  0  65   1  66   2  65   3  69   4  66   5  69   6  66   7  68   8  66   9  67  10  68  11  66  12  68  13  66  14  66  15  69  16  65  17  69  18  68  19  66 
  0  71   1  68   2  68   3  71   4  71   5  68   6  67   7  68   8  69   9  69  10  68  11  69  12  67  13  68  14  66  15  72  16  70  17  68  18  69  19  68 
  0  70   1  68   2  70   3  71   4  72   5  71   6  68   7  66   8  69   9  68  10  67  11  69  12  69  13  68  14  67  15  68  16  70  17  69  18  69  19  68 
  0  70   1  70   2  70   3  71   4  68   5  67   6  68   7  66   8  71   9  69  10  67  11  69  12  68  13  67  14  66  15  70  16  70  17  69  18  69  19  68 
  0  70   1  67   2  70   3  70   4  69   5  70   6  66   7  68   8  70   9  69  10  67  11  67  12  68  13  68  14  68  15  70  16  71  17  69  18  67  19  68 
  0  66   1  68   2  69   3  65   4  66   5  66   6  66   7  68   8  66   9  66  10  66  11  66  12  69  13  66  14  66  15  70  16  67  17  67  18  67  19  68 
  0  67   1  68   2  66   3  69   4  67   5  68   6  68   7  68   8  70   9  68  10  68  11  65  12  68  13  66  14  67  15  69  16  68  17  69  18  69  19  67 
  0  70   1  68   2  69   3  67   4  72   5  70   6  68   7  68   8  69   9  68  10  67  11  67  12  68  13  68  14  66  15  68  16  72  17  68  18  69  19  68 
  0  68   1  66   2  67   3  69   4  70   5  66   6  67   7  66   8  68   9  68  10  69  11  69  12  66  13  68  14  68  15  68  16  70  17  68  18  66  19  68 
  0  62   1  65   2  64   3  63   4  65   5  63   6  68   7  66   8  62   9  66  10  65  11  66  12  66  13  66  14  68  15  64  16  65  17  66  18  65  19  66 
  0  62   1  63   2  64   3  64   4  65   5  65   6  66   7  66   8  62   9  65  10  65  11  68  12  67  13  66  14  67  15  63  16  65  17  64  18  65  19  66 
  0  66   1  67   2  69   3  69   4  68   5  66   6  68   7  68   8  65   9  67  10  66  11  68  12  66  13  67  14  66  15  68  16  67  17  66  18  65  19  68 
  0  67   1  70   2  68   3  70   4  68   5  68   6  66   7  68   8  68   9  67  10  68  11  67  12  66  13  68  14  66  15  67  16  68  17  66  18  69  19  66 
  0  67   1  69   2  70   3  70   4  67   5  70   6  68   7  66   8  66   9  68  10  69  11  69  12  67  13  66  14  67  15  70  16  69  17  66  18  66  19  67 


