
 20  20

  0  16   1  19   2  17   3  20   4  21   5  16   6  19   7  18   8  19   9  18  10  18  11  16  12  19  13  16  14  16  15  19  16  20  17  18  18  19  19  17 
  0  23   1  20   2  20   3  22   4  21   5  19   6  23   7  22   8  19   9  19  10  21  11  21  12  23  13  22  14  20  15  23  16  20  17  23  18  22  19  23 
  0  20   1  20   2  22   3  20   4  23   5  21   6  21   7  20   8  22   9  21  10  21  11  18  12  19  13  19  14  21  15  22  16  20  17  20  18  21  19  21 
  0  16   1  22   2  17   3  22   4  19   5  17   6  18   7  20   8  21   9  21  10  19  11  17  12  20  13  16  14  16  15  18  16  22  17  18  18  17  19  19 
  0  16   1  19   2  17   3  22   4  19   5  18   6  19   7  17   8  19   9  19  10  17  11  18  12  21  13  18  14  19  15  18  16  20  17  17  18  17  19  17 
  0  23   1  23   2  24   3  21   4  23   5  24   6  23   7  23   8  23   9  21  10  25  11  26  12  22  13  26  14  25  15  24  16  20  17  22  18  22  19  24 
  0  21   1  21   2  23   3  20   4  22   5  20   6  23   7  23   8  21   9  23  10  20  11  21  12  20  13  20  14  22  15  23  16  21  17  21  18  21  19  21 
  0  26   1  22   2  25   3  22   4  23   5  24   6  25   7  25   8  21   9  22  10  26  11  26  12  23  13  25  14  26  15  23  16  22  17  23  18  25  19  24 
  0  20   1  21   2  20   3  21   4  20   5  21   6  21   7  21   8  19   9  22  10  20  11  22  12  22  13  18  14  20  15  22  16  22  17  18  18  21  19  19 
  0  26   1  23   2  25   3  22   4  21   5  26   6  25   7  24   8  22   9  24  10  26  11  25  12  21  13  26  14  24  15  24  16  20  17  25  18  23  19  24 
  0  18   1  19   2  22   3  22   4  19   5  19   6  18   7  19   8  19   9  20  10  18  11  18  12  20  13  19  14  21  15  20  16  22  17  22  18  21  19  21 
  0  26   1  22   2  24   3  22   4  21   5  26   6  25   7  25   8  23   9  24  10  25  11  26  12  21  13  24  14  26  15  23  16  22  17  25  18  25  19  25 
  0  21   1  22   2  22   3  22   4  20   5  19   6  23   7  21   8  22   9  21  10  19  11  22  12  23  13  22  14  23  15  21  16  22  17  19  18  19  19  23 
  0  21   1  20   2  20   3  21   4  23   5  24   6  20   7  20   8  22   9  20  10  23  11  20  12  21  13  22  14  22  15  23  16  20  17  21  18  21  19  24 
  0  23   1  23   2  23   3  22   4  20   5  24   6  24   7  22   8  21   9  24  10  22  11  23  12  21  13  26  14  24  15  21  16  22  17  23  18  25  19  23 
  0  26   1  23   2  25   3  22   4  23   5  23   6  24   7  23   8  23   9  24  10  26  11  26  12  21  13  25  14  23  15  23  16  22  17  25  18  22  19  25 
  0  26   1  21   2  22   3  22   4  23   5  26   6  22   7  25   8  23   9  23  10  26  11  25  12  21  13  23  14  23  15  24  16  21  17  22  18  24  19  25 
  0  16   1  21   2  17   3  20   4  20   5  19   6  17   7  17   8  19   9  18  10  16  11  17  12  19  13  16  14  19  15  18  16  20  17  19  18  17  19  19 
  0  22   1  22   2  23   3  22   4  20   5  22   6  25   7  22   8  23   9  21  10  26  11  26  12  22  13  24  14  25  15  24  16  22  17  22  18  23  19  25 
  0  24   1  22   2  21   3  22   4  23   5  24   6  22   7  20   8  21   9  21  10  23  11  25  12  20  13  23  14  24  15  23  16  20  17  21  18  22  19  21 


