
 20  20

  0  52   1  52   2  53   3  54   4  53   5  50   6  54   7  54   8  54   9  54  10  54  11  54  12  53  13  51  14  51  15  52  16  54  17  54  18  54  19  54 
  0  58   1  55   2  57   3  54   4  56   5  57   6  54   7  54   8  55   9  55  10  54  11  59  12  56  13  56  14  54  15  58  16  55  17  56  18  57  19  56 
  0  51   1  52   2  54   3  54   4  50   5  53   6  54   7  52   8  55   9  56  10  55  11  50  12  52  13  51  14  51  15  50  16  51  17  54  18  52  19  54 
  0  58   1  56   2  57   3  54   4  56   5  59   6  54   7  55   8  56   9  54  10  54  11  58  12  56  13  59  14  56  15  57  16  57  17  55  18  57  19  55 
  0  59   1  57   2  57   3  54   4  59   5  58   6  56   7  57   8  54   9  54  10  56  11  58  12  59  13  55  14  55  15  59  16  57  17  54  18  59  19  54 
  0  54   1  54   2  56   3  54   4  56   5  56   6  54   7  53   8  53   9  54  10  54  11  55  12  55  13  55  14  55  15  54  16  57  17  56  18  55  19  54 
  0  55   1  58   2  56   3  54   4  59   5  57   6  55   7  57   8  57   9  55  10  54  11  57  12  56  13  58  14  58  15  56  16  57  17  54  18  55  19  56 
  0  58   1  54   2  55   3  55   4  55   5  56   6  56   7  54   8  53   9  55  10  55  11  57  12  56  13  54  14  56  15  56  16  58  17  55  18  57  19  56 
  0  51   1  50   2  52   3  54   4  54   5  50   6  55   7  53   8  53   9  55  10  56  11  54  12  53  13  52  14  52  15  50  16  53  17  54  18  53  19  54 
  0  55   1  52   2  55   3  54   4  52   5  52   6  54   7  52   8  55   9  55  10  54  11  54  12  52  13  54  14  55  15  51  16  52  17  54  18  51  19  56 
  0  52   1  52   2  52   3  54   4  51   5  54   6  54   7  52   8  55   9  54  10  55  11  51  12  54  13  51  14  55  15  51  16  52  17  54  18  51  19  54 
  0  60   1  60   2  58   3  56   4  59   5  57   6  56   7  58   8  57   9  56  10  56  11  60  12  60  13  59  14  56  15  57  16  58  17  54  18  60  19  54 
  0  50   1  51   2  52   3  56   4  51   5  50   6  56   7  55   8  55   9  56  10  54  11  53  12  51  13  51  14  52  15  53  16  52  17  56  18  52  19  54 
  0  57   1  57   2  55   3  56   4  56   5  56   6  56   7  57   8  57   9  54  10  54  11  57  12  57  13  55  14  57  15  57  16  56  17  54  18  55  19  56 
  0  52   1  54   2  52   3  54   4  52   5  53   6  55   7  55   8  56   9  55  10  54  11  51  12  52  13  51  14  51  15  51  16  52  17  54  18  54  19  54 
  0  54   1  51   2  55   3  55   4  50   5  54   6  54   7  52   8  54   9  54  10  54  11  53  12  51  13  53  14  54  15  54  16  55  17  54  18  54  19  54 
  0  55   1  56   2  58   3  56   4  57   5  57   6  56   7  55   8  55   9  55  10  56  11  56  12  56  13  59  14  56  15  58  16  57  17  54  18  59  19  56 
  0  54   1  55   2  56   3  55   4  57   5  54   6  54   7  54   8  57   9  54  10  54  11  55  12  56  13  57  14  57  15  56  16  57  17  56  18  54  19  54 
  0  59   1  57   2  58   3  56   4  57   5  60   6  54   7  55   8  56   9  56  10  56  11  59  12  58  13  56  14  59  15  58  16  59  17  56  18  59  19  56 
  0  57   1  59   2  58   3  55   4  57   5  57   6  56   7  56   8  56   9  56  10  55  11  60  12  60  13  56  14  56  15  58  16  58  17  56  18  58  19  56 


