
 20  20

  0  21   1  22   2  20   3  20   4  22   5  23   6  21   7  23   8  22   9  23  10  21  11  20  12  19  13  19  14  23  15  21  16  22  17  21  18  20  19  22 
  0  19   1  22   2  21   3  21   4  20   5  21   6  17   7  19   8  19   9  16  10  19  11  17  12  20  13  18  14  20  15  20  16  20  17  22  18  21  19  16 
  0  18   1  22   2  21   3  20   4  20   5  20   6  20   7  18   8  18   9  17  10  21  11  21  12  19  13  18  14  21  15  19  16  20  17  20  18  20  19  17 
  0  24   1  20   2  24   3  22   4  22   5  20   6  21   7  24   8  21   9  25  10  23  11  24  12  24  13  25  14  21  15  24  16  21  17  22  18  21  19  25 
  0  24   1  22   2  23   3  22   4  22   5  23   6  25   7  26   8  22   9  26  10  23  11  22  12  22  13  26  14  23  15  21  16  22  17  22  18  23  19  25 
  0  18   1  22   2  18   3  21   4  20   5  19   6  20   7  19   8  17   9  16  10  19  11  17  12  21  13  18  14  18  15  18  16  20  17  22  18  22  19  20 
  0  21   1  22   2  18   3  22   4  22   5  19   6  20   7  17   8  19   9  20  10  19  11  20  12  18  13  18  14  22  15  19  16  22  17  22  18  20  19  18 
  0  26   1  21   2  21   3  20   4  20   5  22   6  22   7  23   8  21   9  24  10  23  11  24  12  21  13  22  14  21  15  22  16  22  17  22  18  23  19  23 
  0  18   1  20   2  18   3  21   4  22   5  21   6  19   7  19   8  18   9  19  10  19  11  21  12  21  13  18  14  19  15  18  16  22  17  22  18  21  19  17 
  0  23   1  22   2  24   3  21   4  22   5  22   6  24   7  23   8  24   9  24  10  23  11  25  12  22  13  25  14  21  15  23  16  22  17  22  18  20  19  25 
  0  23   1  20   2  21   3  20   4  21   5  21   6  21   7  25   8  23   9  23  10  23  11  25  12  24  13  21  14  22  15  23  16  21  17  20  18  23  19  21 
  0  23   1  22   2  21   3  20   4  22   5  23   6  25   7  24   8  22   9  22  10  21  11  23  12  21  13  25  14  24  15  24  16  22  17  22  18  20  19  24 
  0  18   1  20   2  21   3  22   4  20   5  19   6  18   7  17   8  20   9  18  10  19  11  20  12  20  13  18  14  19  15  20  16  20  17  20  18  19  19  18 
  0  16   1  22   2  21   3  21   4  20   5  21   6  20   7  16   8  17   9  16  10  20  11  17  12  17  13  16  14  19  15  18  16  21  17  20  18  19  19  17 
  0  24   1  22   2  23   3  22   4  21   5  22   6  21   7  22   8  21   9  22  10  23  11  23  12  22  13  25  14  23  15  24  16  21  17  21  18  23  19  21 
  0  23   1  22   2  20   3  20   4  20   5  22   6  22   7  20   8  21   9  23  10  22  11  19  12  23  13  23  14  20  15  20  16  22  17  22  18  20  19  19 
  0  21   1  22   2  19   3  22   4  21   5  20   6  22   7  24   8  20   9  23  10  19  11  22  12  22  13  21  14  23  15  23  16  20  17  21  18  23  19  23 
  0  23   1  22   2  22   3  21   4  22   5  22   6  25   7  22   8  23   9  25  10  21  11  23  12  25  13  26  14  24  15  24  16  21  17  20  18  20  19  24 
  0  24   1  20   2  20   3  22   4  22   5  22   6  23   7  23   8  24   9  21  10  23  11  21  12  21  13  25  14  20  15  24  16  21  17  22  18  23  19  24 
  0  23   1  22   2  23   3  22   4  22   5  23   6  25   7  25   8  22   9  22  10  20  11  24  12  21  13  23  14  22  15  22  16  21  17  20  18  23  19  22 


