
 20  20

  0   4   1   1   2   3   3   4   4   2   5   3   6   3   7   1   8   2   9   2  10   1  11   5  12   2  13   3  14   3  15   2  16   4  17   1  18   1  19   4 
  0   5   1   5   2   1   3   4   4   3   5   2   6   3   7   1   8   3   9   2  10   1  11   4  12   1  13   2  14   3  15   1  16   2  17   3  18   2  19   4 
  0   3   1   1   2   3   3   1   4   2   5   4   6   3   7   3   8   1   9   3  10   4  11   4  12   2  13   2  14   3  15   5  16   3  17   5  18   4  19   2 
  0   8   1   5   2   4   3   4   4   4   5   6   6   4   7   6   8   6   9   4  10   5  11   6  12   3  13   4  14   5  15   4  16   4  17   3  18   2  19   4 
  0   2   1   1   2   2   3   1   4   2   5   1   6   2   7   3   8   1   9   2  10   3  11   1  12   1  13   2  14   1  15   1  16   1  17   1  18   3  19   4 
  0   1   1   1   2   1   3   2   4   2   5   2   6   1   7   2   8   1   9   2  10   1  11   1  12   1  13   2  14   1  15   1  16   2  17   2  18   1  19   2 
  0   1   1   1   2   1   3   1   4   3   5   4   6   1   7   1   8   2   9   4  10   1  11   1  12   1  13   3  14   1  15   2  16   2  17   1  18   2  19   4 
  0   1   1   1   2   1   3   2   4   2   5   1   6   1   7   1   8   1   9   2  10   2  11   1  12   1  13   2  14   1  15   1  16   3  17   3  18   2  19   2 
  0   3   1   2   2   1   3   3   4   2   5   2   6   1   7   3   8   2   9   3  10   4  11   2  12   5  13   2  14   5  15   5  16   1  17   2  18   2  19   4 
  0   5   1   7   2   3   3   5   4   4   5   5   6   6   7   7   8   6   9   4  10   5  11   6  12   3  13   3  14   3  15   2  16   4  17   5  18   2  19   2 
  0   3   1   2   2   1   3   2   4   2   5   2   6   1   7   2   8   4   9   3  10   4  11   1  12   1  13   2  14   1  15   1  16   2  17   1  18   3  19   3 
  0   1   1   1   2   1   3   1   4   2   5   1   6   2   7   1   8   2   9   2  10   2  11   1  12   1  13   2  14   1  15   3  16   3  17   2  18   1  19   3 
  0   4   1   6   2   4   3   6   4   2   5   6   6   4   7   3   8   2   9   2  10   2  11   3  12   2  13   3  14   6  15   5  16   5  17   6  18   3  19   2 
  0   7   1   4   2   4   3   6   4   4   5   2   6   3   7   4   8   2   9   2  10   3  11   3  12   6  13   4  14   5  15   5  16   5  17   6  18   5  19   4 
  0   6   1   5   2   2   3   2   4   2   5   3   6   2   7   3   8   5   9   2  10   5  11   6  12   5  13   2  14   5  15   3  16   4  17   6  18   5  19   2 
  0   4   1   4   2   7   3   4   4   4   5   6   6   5   7   4   8   4   9   4  10   3  11   4  12   4  13   3  14   5  15   5  16   5  17   2  18   5  19   3 
  0   1   1   1   2   4   3   3   4   4   5   3   6   2   7   1   8   4   9   3  10   1  11   3  12   2  13   2  14   2  15   1  16   4  17   1  18   4  19   2 
  0   1   1   1   2   1   3   2   4   2   5   2   6   1   7   3   8   1   9   4  10   2  11   1  12   1  13   2  14   1  15   4  16   3  17   2  18   4  19   3 
  0   3   1   1   2   3   3   1   4   2   5   3   6   1   7   2   8   4   9   2  10   3  11   1  12   1  13   2  14   1  15   1  16   2  17   3  18   1  19   2 
  0   1   1   1   2   1   3   1   4   2   5   2   6   1   7   1   8   1   9   3  10   2  11   1  12   2  13   3  14   1  15   3  16   1  17   1  18   1  19   4 


