
 20  20

  0  78   1  77   2  76   3  76   4  78   5  79   6  80   7  78   8  76   9  78  10  75  11  77  12  76  13  77  14  77  15  76  16  78  17  77  18  77  19  78 
  0  78   1  79   2  79   3  77   4  78   5  77   6  78   7  79   8  77   9  78  10  76  11  78  12  78  13  79  14  79  15  77  16  76  17  79  18  78  19  76 
  0  84   1  81   2  81   3  82   4  80   5  81   6  80   7  81   8  79   9  80  10  83  11  82  12  81  13  79  14  83  15  79  16  82  17  80  18  82  19  79 
  0  75   1  79   2  75   3  78   4  78   5  79   6  78   7  78   8  77   9  78  10  77  11  75  12  77  13  76  14  76  15  79  16  78  17  79  18  79  19  77 
  0  74   1  77   2  75   3  78   4  80   5  79   6  78   7  75   8  78   9  78  10  76  11  78  12  74  13  77  14  77  15  79  16  76  17  77  18  78  19  76 
  0  81   1  77   2  81   3  80   4  80   5  79   6  79   7  77   8  78   9  80  10  80  11  80  12  78  13  79  14  78  15  81  16  80  17  79  18  78  19  80 
  0  84   1  81   2  82   3  80   4  80   5  81   6  80   7  83   8  81   9  80  10  83  11  83  12  84  13  81  14  83  15  81  16  80  17  81  18  82  19  80 
  0  79   1  77   2  78   3  78   4  78   5  78   6  80   7  79   8  76   9  78  10  77  11  77  12  76  13  79  14  77  15  79  16  79  17  79  18  78  19  80 
  0  84   1  78   2  82   3  82   4  80   5  79   6  80   7  80   8  82   9  78  10  80  11  79  12  83  13  80  14  80  15  81  16  80  17  81  18  81  19  79 
  0  78   1  77   2  76   3  79   4  79   5  79   6  80   7  79   8  79   9  80  10  77  11  77  12  79  13  80  14  77  15  80  16  76  17  79  18  79  19  78 
  0  81   1  81   2  81   3  82   4  80   5  80   6  80   7  80   8  82   9  80  10  83  11  80  12  84  13  80  14  83  15  79  16  79  17  81  18  82  19  81 
  0  77   1  81   2  81   3  77   4  78   5  81   6  80   7  77   8  80   9  80  10  79  11  80  12  79  13  81  14  80  15  81  16  77  17  77  18  80  19  80 
  0  75   1  77   2  77   3  77   4  78   5  80   6  79   7  78   8  77   9  78  10  77  11  77  12  77  13  77  14  78  15  77  16  76  17  79  18  76  19  78 
  0  74   1  78   2  75   3  77   4  78   5  77   6  78   7  75   8  78   9  79  10  75  11  76  12  74  13  77  14  75  15  76  16  76  17  77  18  76  19  77 
  0  82   1  80   2  79   3  80   4  78   5  79   6  80   7  79   8  82   9  78  10  81  11  81  12  81  13  80  14  81  15  79  16  78  17  80  18  79  19  80 
  0  80   1  80   2  77   3  77   4  80   5  77   6  80   7  77   8  78   9  80  10  77  11  77  12  79  13  77  14  77  15  80  16  77  17  79  18  77  19  76 
  0  77   1  77   2  76   3  76   4  80   5  79   6  78   7  75   8  77   9  80  10  79  11  78  12  78  13  76  14  75  15  77  16  77  17  78  18  79  19  76 
  0  74   1  77   2  77   3  78   4  78   5  77   6  78   7  75   8  78   9  78  10  75  11  75  12  74  13  76  14  75  15  76  16  77  17  77  18  77  19  76 
  0  76   1  77   2  75   3  77   4  79   5  79   6  78   7  76   8  77   9  80  10  75  11  77  12  77  13  78  14  75  15  79  16  78  17  79  18  77  19  77 
  0  81   1  78   2  79   3  78   4  79   5  81   6  80   7  82   8  78   9  78  10  80  11  81  12  82  13  82  14  82  15  81  16  79  17  79  18  82  19  82 


