
 20  20

  0  96   1  92   2  94   3  91   4  95   5  93   6  92   7  94   8  91   9  95  10  93  11  94  12  93  13  90  14  95  15  92  16  94  17  91  18  92  19  93 
  0  88   1  90   2  89   3  91   4  88   5  90   6  90   7  89   8  92   9  91  10  90  11  87  12  88  13  90  14  89  15  90  16  92  17  90  18  91  19  92 
  0  91   1  92   2  90   3  90   4  94   5  92   6  91   7  90   8  92   9  94  10  92  11  91  12  94  13  91  14  93  15  91  16  93  17  92  18  92  19  94 
  0  89   1  92   2  90   3  91   4  87   5  88   6  90   7  90   8  91   9  90  10  89  11  87  12  89  13  91  14  89  15  89  16  90  17  90  18  90  19  87 
  0  88   1  90   2  89   3  90   4  89   5  91   6  92   7  89   8  89   9  91  10  89  11  86  12  88  13  90  14  91  15  89  16  88  17  92  18  91  19  87 
  0  87   1  91   2  90   3  90   4  88   5  89   6  90   7  89   8  91   9  91  10  89  11  87  12  88  13  90  14  91  15  89  16  91  17  92  18  92  19  90 
  0  94   1  92   2  94   3  91   4  94   5  90   6  91   7  90   8  93   9  93  10  89  11  92  12  90  13  92  14  94  15  91  16  94  17  92  18  90  19  92 
  0  87   1  90   2  89   3  90   4  89   5  90   6  92   7  91   8  89   9  88  10  89  11  89  12  89  13  92  14  91  15  92  16  89  17  90  18  92  19  92 
  0  91   1  91   2  91   3  92   4  92   5  92   6  91   7  91   8  89   9  90  10  91  11  91  12  88  13  92  14  92  15  91  16  88  17  90  18  90  19  90 
  0  93   1  92   2  94   3  90   4  91   5  92   6  92   7  93   8  90   9  94  10  90  11  92  12  91  13  91  14  94  15  90  16  94  17  90  18  90  19  92 
  0  95   1  92   2  92   3  92   4  91   5  94   6  92   7  91   8  91   9  94  10  93  11  96  12  94  13  92  14  93  15  93  16  91  17  92  18  92  19  93 
  0  88   1  92   2  89   3  90   4  89   5  88   6  91   7  88   8  91   9  88  10  91  11  86  12  87  13  90  14  88  15  89  16  89  17  90  18  90  19  87 
  0  90   1  91   2  91   3  90   4  89   5  89   6  92   7  89   8  92   9  87  10  91  11  87  12  88  13  90  14  89  15  90  16  88  17  91  18  91  19  89 
  0  91   1  90   2  90   3  90   4  91   5  93   6  92   7  92   8  93   9  94  10  93  11  92  12  94  13  92  14  94  15  93  16  90  17  90  18  91  19  92 
  0  95   1  92   2  94   3  92   4  95   5  94   6  91   7  94   8  93   9  94  10  93  11  96  12  95  13  90  14  95  15  91  16  93  17  91  18  90  19  95 
  0  94   1  91   2  94   3  91   4  95   5  94   6  92   7  93   8  93   9  95  10  92  11  96  12  95  13  90  14  95  15  93  16  94  17  92  18  92  19  93 
  0  90   1  92   2  91   3  90   4  92   5  89   6  92   7  91   8  91   9  91  10  91  11  89  12  90  13  90  14  89  15  92  16  91  17  90  18  92  19  91 
  0  95   1  92   2  91   3  91   4  90   5  93   6  92   7  92   8  91   9  91  10  93  11  93  12  90  13  90  14  94  15  93  16  90  17  92  18  91  19  91 
  0  94   1  92   2  94   3  92   4  93   5  93   6  90   7  93   8  93   9  93  10  93  11  95  12  92  13  92  14  92  15  93  16  94  17  92  18  92  19  93 
  0  90   1  92   2  92   3  91   4  90   5  93   6  90   7  91   8  93   9  91  10  92  11  92  12  89  13  90  14  92  15  89  16  93  17  91  18  92  19  90 


