
 20  20

  0  70   1  69   2  69   3  69   4  70   5  66   6  67   7  70   8  68   9  71  10  68  11  67  12  70  13  69  14  67  15  72  16  71  17  68  18  71  19  69 
  0  67   1  67   2  67   3  71   4  67   5  68   6  68   7  68   8  68   9  70  10  68  11  66  12  69  13  66  14  68  15  70  16  67  17  69  18  68  19  69 
  0  72   1  68   2  69   3  70   4  70   5  68   6  66   7  70   8  67   9  71  10  70  11  66  12  70  13  68  14  70  15  70  16  71  17  71  18  71  19  69 
  0  68   1  68   2  68   3  66   4  70   5  68   6  66   7  67   8  68   9  68  10  68  11  68  12  66  13  68  14  68  15  70  16  68  17  70  18  69  19  66 
  0  68   1  68   2  69   3  71   4  69   5  68   6  66   7  67   8  68   9  70  10  70  11  68  12  71  13  69  14  68  15  69  16  68  17  67  18  71  19  67 
  0  65   1  67   2  66   3  66   4  67   5  66   6  66   7  66   8  66   9  63  10  65  11  68  12  65  13  65  14  64  15  65  16  63  17  64  18  63  19  65 
  0  65   1  67   2  65   3  65   4  64   5  68   6  66   7  64   8  66   9  64  10  65  11  67  12  65  13  65  14  64  15  65  16  64  17  64  18  66  19  65 
  0  71   1  67   2  69   3  68   4  67   5  67   6  68   7  66   8  66   9  68  10  68  11  68  12  69  13  67  14  69  15  70  16  68  17  71  18  70  19  69 
  0  68   1  68   2  68   3  70   4  68   5  68   6  66   7  70   8  67   9  67  10  68  11  68  12  71  13  67  14  66  15  68  16  70  17  67  18  69  19  68 
  0  70   1  70   2  67   3  68   4  69   5  66   6  66   7  66   8  66   9  68  10  67  11  67  12  69  13  66  14  67  15  68  16  70  17  69  18  70  19  66 
  0  62   1  64   2  65   3  63   4  66   5  66   6  66   7  64   8  66   9  64  10  65  11  68  12  65  13  65  14  65  15  65  16  64  17  66  18  63  19  67 
  0  66   1  68   2  68   3  66   4  66   5  67   6  68   7  65   8  68   9  66  10  65  11  66  12  67  13  68  14  68  15  65  16  64  17  64  18  66  19  68 
  0  64   1  67   2  67   3  66   4  64   5  67   6  66   7  66   8  66   9  66  10  66  11  66  12  66  13  65  14  64  15  65  16  63  17  67  18  63  19  66 
  0  64   1  64   2  65   3  64   4  67   5  66   6  67   7  67   8  68   9  64  10  65  11  66  12  65  13  65  14  64  15  63  16  63  17  65  18  66  19  66 
  0  69   1  65   2  68   3  68   4  66   5  66   6  66   7  66   8  66   9  69  10  69  11  66  12  66  13  68  14  65  15  65  16  68  17  69  18  69  19  68 
  0  69   1  70   2  68   3  70   4  67   5  68   6  66   7  68   8  68   9  70  10  69  11  68  12  69  13  67  14  70  15  70  16  68  17  70  18  69  19  68 
  0  68   1  70   2  67   3  71   4  70   5  66   6  68   7  70   8  68   9  69  10  70  11  68  12  71  13  69  14  69  15  69  16  71  17  71  18  71  19  67 
  0  65   1  65   2  65   3  63   4  67   5  68   6  66   7  65   8  66   9  63  10  64  11  66  12  63  13  65  14  64  15  63  16  65  17  67  18  63  19  65 
  0  68   1  68   2  67   3  64   4  64   5  68   6  66   7  66   8  68   9  66  10  67  11  68  12  64  13  65  14  69  15  65  16  64  17  64  18  64  19  65 
  0  71   1  70   2  66   3  70   4  67   5  66   6  66   7  70   8  66   9  69  10  69  11  68  12  68  13  66  14  66  15  69  16  71  17  71  18  68  19  68 


