
 20  20

  0  33   1  37   2  36   3  35   4  36   5  36   6  35   7  34   8  37   9  38  10  33  11  35  12  37  13  36  14  36  15  37  16  33  17  36  18  34  19  34 
  0  37   1  36   2  36   3  37   4  36   5  36   6  34   7  35   8  34   9  36  10  36  11  37  12  37  13  34  14  35  15  35  16  35  17  37  18  34  19  34 
  0  34   1  39   2  36   3  36   4  36   5  35   6  37   7  33   8  37   9  36  10  36  11  34  12  35  13  34  14  37  15  34  16  33  17  39  18  35  19  35 
  0  33   1  37   2  38   3  35   4  36   5  35   6  33   7  34   8  36   9  38  10  33  11  35  12  35  13  33  14  34  15  34  16  33  17  36  18  34  19  34 
  0  40   1  38   2  40   3  38   4  40   5  40   6  38   7  42   8  39   9  40  10  41  11  41  12  37  13  42  14  38  15  38  16  42  17  39  18  40  19  41 
  0  41   1  39   2  39   3  39   4  38   5  42   6  43   7  41   8  42   9  38  10  43  11  42  12  41  13  42  14  42  15  42  16  43  17  38  18  40  19  40 
  0  35   1  39   2  39   3  38   4  38   5  39   6  37   7  35   8  37   9  38  10  37  11  38  12  36  13  35  14  36  15  38  16  38  17  36  18  36  19  35 
  0  40   1  37   2  38   3  40   4  38   5  37   6  39   7  40   8  37   9  36  10  40  11  40  12  39  13  37  14  38  15  39  16  41  17  40  18  37  19  37 
  0  33   1  36   2  37   3  35   4  36   5  34   6  37   7  37   8  34   9  39  10  33  11  34  12  37  13  33  14  37  15  34  16  35  17  37  18  34  19  35 
  0  43   1  40   2  40   3  41   4  38   5  42   6  42   7  43   8  42   9  40  10  43  11  42  12  40  13  41  14  40  15  42  16  41  17  38  18  41  19  42 
  0  38   1  40   2  40   3  40   4  39   5  39   6  41   7  41   8  40   9  39  10  40  11  41  12  41  13  39  14  37  15  37  16  38  17  40  18  41  19  37 
  0  39   1  38   2  40   3  41   4  40   5  42   6  42   7  40   8  42   9  39  10  42  11  38  12  41  13  40  14  42  15  39  16  40  17  40  18  40  19  39 
  0  43   1  40   2  39   3  41   4  39   5  41   6  43   7  43   8  41   9  40  10  43  11  41  12  41  13  43  14  42  15  41  16  43  17  40  18  42  19  42 
  0  34   1  37   2  36   3  35   4  36   5  36   6  35   7  33   8  35   9  36  10  33  11  37  12  36  13  33  14  34  15  34  16  33  17  36  18  36  19  35 
  0  40   1  40   2  40   3  40   4  38   5  41   6  43   7  40   8  42   9  40  10  43  11  39  12  38  13  41  14  41  15  42  16  41  17  40  18  42  19  42 
  0  40   1  40   2  38   3  41   4  38   5  42   6  40   7  39   8  42   9  40  10  38  11  41  12  39  13  42  14  42  15  38  16  40  17  40  18  41  19  39 
  0  34   1  38   2  36   3  35   4  38   5  35   6  33   7  33   8  34   9  37  10  34  11  34  12  35  13  33  14  34  15  35  16  34  17  36  18  35  19  34 
  0  37   1  39   2  36   3  40   4  37   5  36   6  39   7  39   8  37   9  39  10  40  11  39  12  36  13  37  14  37  15  38  16  36  17  36  18  39  19  39 
  0  37   1  37   2  36   3  38   4  39   5  37   6  34   7  37   8  37   9  39  10  37  11  34  12  38  13  34  14  34  15  36  16  37  17  36  18  37  19  34 
  0  35   1  37   2  40   3  36   4  40   5  38   6  35   7  39   8  36   9  40  10  39  11  35  12  36  13  35  14  39  15  35  16  39  17  37  18  35  19  37 


