
 20  20

  0  38   1  38   2  37   3  37   4  34   5  40   6  38   7  36   8  40   9  39  10  38  11  36  12  40  13  37  14  38  15  35  16  39  17  36  18  38  19  37 
  0  36   1  40   2  37   3  35   4  35   5  38   6  36   7  36   8  37   9  38  10  37  11  36  12  39  13  39  14  38  15  35  16  39  17  39  18  36  19  38 
  0  35   1  38   2  39   3  36   4  37   5  38   6  37   7  37   8  39   9  36  10  36  11  36  12  37  13  38  14  39  15  35  16  37  17  38  18  39  19  37 
  0  38   1  40   2  36   3  38   4  35   5  38   6  38   7  36   8  38   9  37  10  39  11  35  12  38  13  37  14  38  15  35  16  37  17  38  18  37  19  37 
  0  42   1  40   2  42   3  39   4  44   5  39   6  43   7  42   8  39   9  39  10  39  11  43  12  40  13  42  14  43  15  40  16  41  17  42  18  40  19  43 
  0  41   1  40   2  42   3  43   4  43   5  40   6  42   7  40   8  40   9  42  10  39  11  40  12  39  13  42  14  41  15  41  16  41  17  42  18  41  19  43 
  0  34   1  38   2  37   3  37   4  36   5  38   6  36   7  37   8  40   9  36  10  39  11  37  12  37  13  38  14  37  15  38  16  40  17  39  18  38  19  36 
  0  44   1  38   2  40   3  43   4  42   5  40   6  43   7  42   8  40   9  42  10  39  11  43  12  41  13  39  14  42  15  41  16  39  17  42  18  41  19  42 
  0  39   1  40   2  39   3  38   4  39   5  38   6  42   7  41   8  39   9  39  10  41  11  41  12  38  13  41  14  39  15  39  16  38  17  42  18  42  19  40 
  0  38   1  38   2  35   3  38   4  35   5  39   6  38   7  37   8  37   9  38  10  38  11  34  12  40  13  36  14  39  15  35  16  37  17  38  18  36  19  38 
  0  44   1  40   2  42   3  43   4  42   5  40   6  43   7  41   8  41   9  42  10  42  11  42  12  40  13  42  14  43  15  43  16  39  17  42  18  42  19  41 
  0  35   1  38   2  35   3  38   4  36   5  38   6  37   7  37   8  37   9  38  10  38  11  34  12  40  13  38  14  36  15  38  16  37  17  36  18  36  19  35 
  0  39   1  38   2  38   3  38   4  40   5  38   6  41   7  42   8  39   9  41  10  41  11  38  12  37  13  38  14  38  15  42  16  40  17  40  18  41  19  42 
  0  40   1  40   2  40   3  40   4  41   5  39   6  40   7  39   8  38   9  42  10  42  11  42  12  38  13  38  14  39  15  42  16  39  17  41  18  41  19  42 
  0  39   1  38   2  39   3  41   4  40   5  38   6  39   7  37   8  38   9  37  10  37  11  37  12  41  13  41  14  39  15  41  16  39  17  37  18  37  19  37 
  0  40   1  38   2  41   3  40   4  38   5  38   6  38   7  37   8  40   9  38  10  37  11  37  12  38  13  37  14  38  15  39  16  40  17  38  18  40  19  37 
  0  36   1  38   2  36   3  35   4  36   5  38   6  35   7  37   8  37   9  37  10  38  11  36  12  37  13  36  14  35  15  35  16  39  17  36  18  36  19  35 
  0  40   1  39   2  40   3  38   4  39   5  38   6  40   7  40   8  40   9  41  10  41  11  38  12  40  13  39  14  38  15  37  16  41  17  38  18  38  19  39 
  0  38   1  38   2  35   3  36   4  35   5  38   6  35   7  36   8  37   9  38  10  38  11  34  12  39  13  37  14  35  15  37  16  40  17  38  18  36  19  38 
  0  40   1  39   2  42   3  39   4  42   5  40   6  40   7  37   8  40   9  39  10  37  11  41  12  38  13  40  14  41  15  41  16  37  17  40  18  40  19  40 


