
 20  20

  0  61   1  60   2  59   3  62   4  61   5  62   6  61   7  62   8  59   9  61  10  62  11  62  12  62  13  59  14  62  15  59  16  63  17  61  18  60  19  62 
  0  57   1  61   2  62   3  60   4  59   5  60   6  60   7  57   8  61   9  58  10  58  11  58  12  62  13  59  14  60  15  58  16  61  17  59  18  59  19  58 
  0  64   1  62   2  62   3  66   4  62   5  64   6  62   7  64   8  65   9  64  10  62  11  64  12  61  13  66  14  64  15  63  16  63  17  66  18  62  19  65 
  0  65   1  62   2  63   3  64   4  62   5  61   6  60   7  62   8  60   9  63  10  63  11  63  12  60  13  62  14  64  15  62  16  60  17  64  18  63  19  63 
  0  56   1  62   2  59   3  56   4  61   5  60   6  60   7  60   8  58   9  61  10  58  11  58  12  62  13  58  14  58  15  60  16  59  17  59  18  62  19  60 
  0  62   1  62   2  63   3  64   4  63   5  61   6  62   7  64   8  65   9  61  10  64  11  64  12  60  13  63  14  62  15  64  16  60  17  65  18  63  19  65 
  0  65   1  61   2  63   3  65   4  63   5  64   6  61   7  65   8  65   9  64  10  64  11  64  12  63  13  66  14  64  15  64  16  63  17  66  18  63  19  63 
  0  60   1  60   2  60   3  60   4  59   5  59   6  62   7  56   8  57   9  61  10  61  11  60  12  60  13  59  14  58  15  60  16  61  17  59  18  61  19  59 
  0  61   1  60   2  61   3  62   4  59   5  63   6  61   7  58   8  63   9  60  10  59  11  60  12  60  13  62  14  60  15  60  16  62  17  59  18  59  19  62 
  0  66   1  62   2  63   3  65   4  63   5  64   6  62   7  66   8  64   9  64  10  63  11  62  12  63  13  66  14  64  15  63  16  63  17  66  18  63  19  65 
  0  64   1  60   2  61   3  62   4  60   5  60   6  60   7  64   8  64   9  62  10  63  11  60  12  61  13  63  14  63  15  60  16  61  17  61  18  63  19  62 
  0  56   1  62   2  61   3  57   4  61   5  58   6  62   7  56   8  59   9  58  10  58  11  58  12  60  13  59  14  61  15  60  16  61  17  57  18  60  19  57 
  0  65   1  60   2  62   3  62   4  61   5  64   6  61   7  62   8  65   9  61  10  60  11  62  12  62  13  61  14  60  15  61  16  60  17  63  18  63  19  63 
  0  58   1  62   2  63   3  58   4  59   5  59   6  62   7  59   8  62   9  62  10  60  11  59  12  59  13  62  14  59  15  61  16  63  17  62  18  61  19  60 
  0  62   1  60   2  62   3  64   4  63   5  63   6  62   7  65   8  62   9  62  10  63  11  62  12  61  13  64  14  61  15  62  16  60  17  66  18  63  19  63 
  0  59   1  60   2  62   3  62   4  62   5  62   6  60   7  60   8  60   9  61  10  63  11  60  12  60  13  63  14  60  15  62  16  61  17  59  18  62  19  59 
  0  62   1  62   2  62   3  66   4  62   5  64   6  60   7  62   8  62   9  64  10  62  11  63  12  60  13  63  14  63  15  61  16  63  17  66  18  61  19  63 
  0  62   1  62   2  61   3  61   4  60   5  60   6  60   7  60   8  61   9  59  10  62  11  60  12  62  13  60  14  58  15  62  16  60  17  59  18  61  19  59 
  0  61   1  62   2  60   3  64   4  61   5  64   6  61   7  63   8  60   9  61  10  61  11  63  12  61  13  60  14  61  15  61  16  62  17  60  18  63  19  62 
  0  64   1  62   2  60   3  64   4  60   5  61   6  60   7  65   8  65   9  64  10  62  11  64  12  62  13  65  14  64  15  62  16  63  17  66  18  63  19  65 


