
 20  20

  0  14   1  11   2  11   3  13   4  13   5  10   6  12   7  14   8  13   9  12  10  10  11  14  12  12  13  11  14  10  15  13  16  10  17  14  18  11  19  14 
  0  14   1   9   2   9   3  12   4  14   5  10   6  12   7  12   8  11   9  13  10  12  11  14  12  15  13   9  14  13  15  12  16  10  17  14  18  11  19  12 
  0   8   1  10   2  10   3  10   4  12   5   9   6  10   7  12   8  11   9   9  10  10  11   8  12  11  13  10  14  12  15  11  16  10  17   9  18  11  19  10 
  0  15   1  11   2  11   3  11   4  12   5  12   6  12   7  14   8  11   9  11  10  11  11  14  12  14  13  11  14  13  15  13  16  12  17  14  18  10  19  14 
  0  15   1  10   2  10   3  13   4  14   5  12   6   9   7  12   8  13   9  11  10  12  11  14  12  12  13  11  14  10  15  11  16  12  17  11  18  11  19  14 
  0   7   1  10   2  11   3  11   4  10   5  11   6  10   7   8   8   9   9  11  10   8  11   7  12   9  13  10  14   8  15   8  16   8  17  11  18  11  19   8 
  0  10   1   9   2  11   3   8   4   8   5  10   6  12   7   8   8   8   9  10  10   8  11  11  12  12  13  10  14  10  15   9  16   8  17  10  18   9  19   8 
  0  13   1   9   2   9   3  12   4  12   5  12   6  12   7  14   8  12   9  12  10  11  11  14  12  14  13  11  14  13  15  12  16  12  17  12  18   9  19  14 
  0   7   1   9   2  10   3  10   4   7   5   8   6  11   7   9   8   7   9   8  10   9  11   6  12   5  13   9  14   7  15   6  16  11  17   8  18  10  19   8 
  0  12   1  11   2  10   3   9   4  10   5  11   6  12   7  10   8   9   9  12  10  12  11  12  12  11  13   9  14  12  15  12  16  12  17  14  18  10  19  13 
  0   7   1   9   2   9   3   9   4   7   5  10   6   8   7   7   8  10   9   9  10  11  11   7  12   5  13   9  14  10  15   7  16   8  17   7  18  11  19   9 
  0  11   1  11   2   9   3   9   4  12   5  12   6  12   7  10   8  10   9  10  10  11  11  14  12  11  13  11  14  11  15  10  16  11  17  10  18  11  19  11 
  0  14   1  11   2  10   3  10   4  12   5  12   6  12   7  13   8  11   9  11  10  12  11  14  12  14  13  11  14  10  15  11  16  12  17  10  18  10  19  11 
  0   5   1  10   2  10   3   7   4   6   5   8   6   8   7   6   8  10   9   9  10   8  11   6  12   5  13   9  14  10  15   6  16   8  17   6  18  11  19   6 
  0  15   1  11   2   9   3  13   4  12   5  12   6  12   7  14   8  11   9  12  10  11  11  14  12  14  13  11  14  13  15  14  16  11  17  14  18   9  19  14 
  0  14   1  11   2  10   3  11   4  10   5  12   6  12   7  10   8  13   9  12  10  12  11  11  12  13  13  10  14  11  15  10  16  12  17  12  18  11  19  13 
  0  11   1   9   2  11   3   9   4  11   5   8   6  11   7   9   8  12   9  12  10  10  11   9  12  12  13  10  14  11  15  11  16   8  17  10  18  11  19   8 
  0   5   1   9   2   9   3   7   4   9   5   9   6   8   7   9   8   7   9  10  10   8  11   8  12   8  13   9  14   7  15   9  16   9  17   6  18  11  19   6 
  0   5   1  10   2  11   3  10   4   6   5   8   6   9   7   7   8  10   9   7  10  11  11   6  12   6  13   9  14  10  15   8  16   8  17   6  18   9  19   6 
  0   8   1  10   2   9   3   7   4   8   5  11   6  10   7   6   8  10   9   7  10   8  11   6  12   6  13  10  14   7  15   8  16  11  17   7  18   9  19   8 


