
 20  20

  0  41   1  42   2  40   3  42   4  42   5  45   6  41   7  42   8  42   9  43  10  42  11  41  12  44  13  42  14  46  15  44  16  42  17  46  18  44  19  46 
  0  40   1  44   2  41   3  42   4  43   5  43   6  41   7  42   8  42   9  43  10  44  11  41  12  43  13  44  14  44  15  46  16  40  17  45  18  45  19  44 
  0  40   1  45   2  42   3  42   4  42   5  44   6  41   7  44   8  45   9  44  10  44  11  42  12  43  13  42  14  44  15  46  16  41  17  46  18  45  19  44 
  0  44   1  44   2  45   3  45   4  43   5  44   6  47   7  44   8  46   9  44  10  45  11  43  12  43  13  44  14  45  15  45  16  44  17  46  18  45  19  46 
  0  46   1  46   2  47   3  44   4  45   5  47   6  47   7  46   8  43   9  47  10  43  11  47  12  44  13  47  14  44  15  44  16  47  17  44  18  43  19  46 
  0  49   1  47   2  50   3  48   4  48   5  46   6  48   7  47   8  48   9  47  10  45  11  49  12  45  13  46  14  45  15  46  16  50  17  46  18  45  19  46 
  0  45   1  47   2  47   3  44   4  45   5  47   6  47   7  49   8  44   9  44  10  48  11  47  12  47  13  49  14  45  15  46  16  45  17  44  18  47  19  45 
  0  46   1  44   2  48   3  46   4  47   5  43   6  45   7  47   8  44   9  47  10  45  11  46  12  44  13  48  14  45  15  45  16  47  17  45  18  46  19  44 
  0  48   1  49   2  50   3  48   4  48   5  47   6  49   7  49   8  46   9  46  10  48  11  48  12  47  13  49  14  45  15  45  16  48  17  44  18  47  19  45 
  0  40   1  41   2  40   3  42   4  42   5  43   6  41   7  43   8  42   9  44  10  42  11  43  12  43  13  43  14  44  15  44  16  40  17  44  18  43  19  44 
  0  42   1  41   2  42   3  42   4  42   5  43   6  41   7  41   8  42   9  44  10  42  11  41  12  43  13  42  14  46  15  44  16  41  17  45  18  43  19  44 
  0  45   1  46   2  44   3  47   4  47   5  45   6  47   7  44   8  46   9  44  10  44  11  45  12  47  13  45  14  46  15  44  16  45  17  44  18  47  19  46 
  0  46   1  45   2  43   3  44   4  45   5  46   6  46   7  44   8  45   9  47  10  43  11  46  12  44  13  43  14  45  15  44  16  43  17  46  18  47  19  44 
  0  43   1  41   2  43   3  42   4  42   5  43   6  41   7  44   8  42   9  44  10  44  11  44  12  44  13  44  14  44  15  44  16  40  17  44  18  45  19  46 
  0  44   1  42   2  42   3  42   4  45   5  46   6  44   7  43   8  44   9  43  10  44  11  44  12  44  13  41  14  44  15  46  16  41  17  46  18  43  19  45 
  0  42   1  41   2  40   3  42   4  43   5  43   6  41   7  41   8  44   9  44  10  43  11  41  12  43  13  41  14  45  15  44  16  40  17  46  18  43  19  44 
  0  42   1  43   2  44   3  45   4  43   5  46   6  43   7  45   8  43   9  46  10  45  11  42  12  46  13  44  14  46  15  46  16  43  17  45  18  44  19  44 
  0  45   1  48   2  45   3  45   4  47   5  47   6  45   7  48   8  43   9  43  10  45  11  46  12  43  13  47  14  45  15  46  16  44  17  44  18  47  19  46 
  0  44   1  42   2  42   3  42   4  43   5  43   6  44   7  41   8  44   9  43  10  42  11  44  12  45  13  44  14  44  15  44  16  44  17  46  18  43  19  44 
  0  43   1  44   2  46   3  45   4  42   5  44   6  43   7  45   8  42   9  45  10  45  11  46  12  43  13  43  14  45  15  44  16  42  17  44  18  43  19  44 


