
 20  20

  0  59   1  49   2  50   3  58   4  23   5  16   6  58   7  70   8  24   9  27  10  31  11  57  12  23  13  34  14  56  15  57  16  37  17  62  18  52  19  52 
  0  55   1  48   2  50   3  56   4  20   5  16   6  54   7  68   8  21   9  27  10  28  11  50  12  19  13  29  14  57  15  55  16  32  17  58  18  49  19  49 
  0  55   1  46   2  49   3  54   4  23   5  13   6  54   7  66   8  22   9  26  10  26  11  53  12  18  13  29  14  55  15  53  16  33  17  59  18  49  19  45 
  0  60   1  53   2  55   3  62   4  24   5  17   6  56   7  72   8  25   9  29  10  33  11  55  12  22  13  32  14  57  15  59  16  35  17  62  18  53  19  51 
  0  54   1  45   2  46   3  54   4  20   5  13   6  56   7  66   8  20   9  26  10  26  11  50  12  18  13  30  14  57  15  56  16  31  17  58  18  51  19  46 
  0  51   1  47   2  49   3  57   4  22   5  13   6  54   7  68   8  19   9  28  10  26  11  49  12  18  13  30  14  54  15  53  16  32  17  59  18  49  19  48 
  0  61   1  55   2  56   3  64   4  26   5  17   6  58   7  69   8  28   9  30  10  34  11  59  12  23  13  35  14  60  15  59  16  38  17  62  18  53  19  52 
  0  51   1  48   2  47   3  56   4  23   5  14   6  54   7  66   8  22   9  27  10  29  11  51  12  20  13  27  14  56  15  55  16  32  17  58  18  49  19  48 
  0  61   1  55   2  56   3  63   4  26   5  17   6  58   7  71   8  28   9  30  10  36  11  59  12  24  13  33  14  58  15  56  16  36  17  62  18  51  19  52 
  0  58   1  53   2  50   3  62   4  24   5  14   6  58   7  70   8  23   9  30  10  31  11  56  12  23  13  32  14  56  15  57  16  38  17  62  18  52  19  50 
  0  51   1  45   2  47   3  56   4  20   5  13   6  56   7  66   8  19   9  26  10  26  11  51  12  19  13  27  14  56  15  53  16  31  17  58  18  51  19  45 
  0  59   1  54   2  53   3  62   4  22   5  17   6  58   7  71   8  28   9  29  10  31  11  55  12  21  13  33  14  59  15  56  16  38  17  60  18  51  19  50 
  0  51   1  45   2  46   3  55   4  20   5  13   6  54   7  66   8  20   9  27  10  27  11  51  12  18  13  27  14  54  15  55  16  34  17  58  18  49  19  46 
  0  57   1  50   2  51   3  60   4  25   5  16   6  56   7  71   8  24   9  30  10  32  11  55  12  22  13  31  14  57  15  58  16  36  17  61  18  51  19  48 
  0  60   1  51   2  51   3  62   4  23   5  15   6  58   7  68   8  25   9  29  10  33  11  58  12  21  13  33  14  60  15  56  16  36  17  61  18  50  19  48 
  0  61   1  53   2  55   3  62   4  25   5  17   6  58   7  70   8  29   9  30  10  34  11  57  12  21  13  35  14  60  15  57  16  38  17  62  18  52  19  51 
  0  52   1  47   2  47   3  54   4  20   5  14   6  56   7  67   8  19   9  26  10  28  11  51  12  19  13  30  14  56  15  55  16  34  17  60  18  50  19  45 
  0  56   1  53   2  52   3  60   4  24   5  16   6  55   7  71   8  26   9  30  10  33  11  57  12  22  13  33  14  60  15  57  16  35  17  62  18  53  19  53 
  0  56   1  52   2  54   3  63   4  26   5  17   6  57   7  69   8  27   9  30  10  35  11  58  12  23  13  33  14  56  15  57  16  39  17  62  18  51  19  52 
  0  54   1  48   2  49   3  58   4  24   5  13   6  55   7  67   8  23   9  28  10  31  11  53  12  19  13  30  14  57  15  58  16  35  17  60  18  52  19  48 


