
 20  20

  0  36   1  83   2  29   3  34   4  35   5  61   6  83   7  62   8  51   9  34  10  50  11  45  12  45  13  65  14  54  15  37  16  63  17  75  18  71  19  41 
  0  29   1  80   2  32   3  33   4  33   5  59   6  86   7  57   8  52   9  34  10  48  11  46  12  46  13  64  14  57  15  36  16  64  17  74  18  64  19  38 
  0  34   1  83   2  32   3  33   4  36   5  64   6  87   7  62   8  52   9  36  10  50  11  49  12  47  13  66  14  56  15  40  16  64  17  74  18  71  19  41 
  0  27   1  80   2  28   3  28   4  32   5  59   6  83   7  55   8  48   9  34  10  47  11  43  12  42  13  60  14  52  15  37  16  62  17  73  18  62  19  37 
  0  30   1  77   2  28   3  27   4  33   5  57   6  82   7  55   8  50   9  36  10  50  11  44  12  43  13  61  14  55  15  38  16  64  17  72  18  63  19  37 
  0  31   1  78   2  30   3  31   4  34   5  59   6  83   7  57   8  48   9  36  10  47  11  44  12  44  13  61  14  52  15  39  16  63  17  72  18  63  19  40 
  0  27   1  77   2  26   3  29   4  32   5  57   6  83   7  55   8  48   9  36  10  47  11  46  12  44  13  60  14  55  15  36  16  62  17  72  18  62  19  37 
  0  30   1  81   2  31   3  33   4  36   5  61   6  81   7  59   8  51   9  36  10  51  11  44  12  43  13  64  14  53  15  39  16  64  17  73  18  66  19  40 
  0  28   1  79   2  27   3  31   4  32   5  57   6  81   7  57   8  48   9  34  10  47  11  44  12  46  13  60  14  54  15  38  16  62  17  73  18  63  19  39 
  0  33   1  83   2  30   3  33   4  35   5  64   6  83   7  62   8  50   9  36  10  49  11  48  12  46  13  63  14  56  15  40  16  66  17  76  18  68  19  41 
  0  29   1  77   2  28   3  27   4  33   5  56   6  83   7  55   8  48   9  34  10  48  11  43  12  41  13  60  14  52  15  37  16  62  17  73  18  62  19  37 
  0  28   1  79   2  26   3  28   4  31   5  56   6  81   7  56   8  48   9  34  10  47  11  45  12  43  13  60  14  52  15  38  16  62  17  72  18  64  19  38 
  0  34   1  79   2  33   3  31   4  36   5  59   6  84   7  60   8  52   9  35  10  51  11  46  12  46  13  66  14  57  15  37  16  65  17  74  18  70  19  40 
  0  30   1  81   2  29   3  30   4  33   5  60   6  83   7  58   8  48   9  34  10  48  11  44  12  43  13  61  14  56  15  38  16  64  17  76  18  67  19  40 
  0  28   1  77   2  27   3  29   4  31   5  58   6  81   7  56   8  48   9  35  10  47  11  43  12  41  13  62  14  54  15  39  16  62  17  74  18  62  19  37 
  0  35   1  80   2  32   3  37   4  38   5  64   6  85   7  61   8  52   9  36  10  53  11  49  12  46  13  66  14  55  15  40  16  66  17  76  18  71  19  39 
  0  32   1  79   2  30   3  35   4  36   5  63   6  83   7  64   8  52   9  36  10  52  11  45  12  47  13  65  14  58  15  37  16  64  17  76  18  71  19  41 
  0  34   1  81   2  32   3  33   4  36   5  61   6  86   7  63   8  51   9  35  10  51  11  49  12  46  13  65  14  58  15  37  16  64  17  73  18  69  19  41 
  0  31   1  81   2  28   3  32   4  33   5  59   6  82   7  58   8  51   9  35  10  48  11  44  12  43  13  64  14  53  15  36  16  66  17  75  18  67  19  41 
  0  34   1  83   2  33   3  37   4  36   5  64   6  87   7  64   8  50   9  34  10  51  11  49  12  48  13  66  14  57  15  37  16  64  17  74  18  71  19  40 


