
 20  20

  0  68   1  84   2  53   3  67   4  31   5  65   6  73   7  67   8  76   9  46  10  81  11  68  12  68  13  69  14  80  15  51  16  56  17  43  18  46  19  29 
  0  75   1  85   2  55   3  71   4  36   5  69   6  76   7  71   8  78   9  49  10  87  11  70  12  69  13  76  14  83  15  58  16  63  17  45  18  52  19  29 
  0  73   1  85   2  54   3  70   4  36   5  67   6  76   7  71   8  78   9  50  10  87  11  71  12  71  13  73  14  86  15  57  16  63  17  47  18  52  19  30 
  0  75   1  83   2  55   3  72   4  37   5  66   6  76   7  70   8  77   9  50  10  90  11  72  12  72  13  77  14  84  15  60  16  66  17  45  18  49  19  32 
  0  70   1  84   2  53   3  66   4  32   5  64   6  73   7  66   8  76   9  46  10  80  11  66  12  68  13  72  14  81  15  51  16  56  17  43  18  49  19  28 
  0  77   1  85   2  54   3  73   4  37   5  69   6  77   7  70   8  77   9  50  10  88  11  72  12  72  13  74  14  85  15  61  16  66  17  47  18  50  19  32 
  0  76   1  83   2  54   3  72   4  33   5  69   6  74   7  71   8  78   9  50  10  86  11  71  12  72  13  75  14  83  15  57  16  63  17  44  18  50  19  32 
  0  70   1  85   2  55   3  65   4  32   5  67   6  73   7  65   8  78   9  46  10  81  11  68  12  68  13  72  14  82  15  56  16  57  17  43  18  49  19  29 
  0  74   1  85   2  55   3  70   4  34   5  69   6  75   7  71   8  78   9  50  10  88  11  72  12  71  13  77  14  85  15  58  16  65  17  47  18  52  19  32 
  0  73   1  85   2  54   3  69   4  35   5  67   6  77   7  68   8  76   9  47  10  89  11  72  12  72  13  72  14  82  15  59  16  62  17  45  18  50  19  29 
  0  74   1  83   2  53   3  69   4  33   5  66   6  78   7  73   8  78   9  48  10  88  11  68  12  69  13  73  14  84  15  56  16  62  17  45  18  49  19  29 
  0  72   1  84   2  53   3  69   4  37   5  69   6  77   7  71   8  78   9  49  10  89  11  68  12  72  13  74  14  84  15  58  16  64  17  45  18  49  19  32 
  0  77   1  83   2  55   3  71   4  36   5  68   6  78   7  73   8  78   9  50  10  90  11  72  12  72  13  77  14  85  15  60  16  65  17  47  18  52  19  31 
  0  71   1  84   2  53   3  66   4  30   5  64   6  74   7  68   8  78   9  47  10  86  11  68  12  70  13  72  14  84  15  55  16  59  17  43  18  50  19  29 
  0  67   1  83   2  55   3  68   4  30   5  64   6  71   7  68   8  76   9  46  10  82  11  66  12  69  13  72  14  80  15  54  16  58  17  45  18  47  19  30 
  0  75   1  85   2  54   3  73   4  35   5  69   6  78   7  69   8  76   9  50  10  87  11  72  12  71  13  76  14  86  15  57  16  66  17  45  18  49  19  31 
  0  71   1  83   2  53   3  70   4  30   5  67   6  71   7  70   8  78   9  49  10  83  11  67  12  71  13  72  14  82  15  56  16  62  17  47  18  47  19  31 
  0  69   1  85   2  55   3  65   4  30   5  65   6  71   7  65   8  78   9  46  10  82  11  66  12  68  13  69  14  80  15  51  16  58  17  44  18  46  19  28 
  0  70   1  83   2  55   3  69   4  33   5  67   6  75   7  67   8  78   9  50  10  85  11  68  12  68  13  74  14  83  15  57  16  60  17  43  18  47  19  30 
  0  72   1  84   2  53   3  69   4  32   5  65   6  72   7  68   8  77   9  48  10  85  11  68  12  69  13  74  14  85  15  58  16  60  17  47  18  47  19  30 


