
 20  20

  0  41   1  70   2  71   3  30   4  33   5  48   6  70   7  72   8  69   9  33  10  21  11  44  12  73  13  41  14  19  15  27  16  59  17  56  18  66  19  34 
  0  39   1  69   2  68   3  28   4  32   5  47   6  70   7  72   8  67   9  29  10  21  11  43  12  69  13  40  14  19  15  26  16  59  17  54  18  64  19  34 
  0  32   1  66   2  63   3  23   4  28   5  40   6  66   7  62   8  65   9  25  10  19  11  38  12  64  13  31  14  16  15  20  16  55  17  53  18  61  19  32 
  0  37   1  67   2  70   3  30   4  34   5  46   6  68   7  72   8  69   9  30  10  21  11  41  12  69  13  40  14  19  15  29  16  59  17  57  18  66  19  36 
  0  36   1  70   2  69   3  25   4  34   5  46   6  67   7  68   8  69   9  29  10  20  11  40  12  68  13  37  14  15  15  26  16  56  17  56  18  66  19  32 
  0  33   1  66   2  69   3  22   4  27   5  45   6  68   7  64   8  68   9  31  10  19  11  41  12  69  13  36  14  18  15  25  16  57  17  55  18  65  19  32 
  0  31   1  66   2  67   3  20   4  27   5  44   6  66   7  66   8  67   9  28  10  19  11  40  12  63  13  31  14  16  15  21  16  58  17  54  18  59  19  33 
  0  35   1  70   2  69   3  24   4  33   5  47   6  67   7  66   8  69   9  28  10  19  11  43  12  70  13  35  14  15  15  26  16  57  17  56  18  63  19  35 
  0  33   1  66   2  65   3  20   4  25   5  42   6  64   7  62   8  65   9  27  10  19  11  38  12  65  13  34  14  13  15  19  16  58  17  55  18  60  19  30 
  0  35   1  66   2  63   3  21   4  27   5  44   6  66   7  67   8  68   9  29  10  19  11  38  12  65  13  33  14  16  15  23  16  55  17  55  18  59  19  31 
  0  36   1  66   2  68   3  27   4  32   5  45   6  68   7  67   8  67   9  27  10  20  11  42  12  67  13  34  14  17  15  22  16  57  17  53  18  62  19  34 
  0  39   1  70   2  69   3  30   4  34   5  50   6  70   7  72   8  69   9  30  10  20  11  43  12  71  13  41  14  18  15  29  16  57  17  57  18  64  19  34 
  0  39   1  70   2  67   3  28   4  30   5  48   6  66   7  69   8  68   9  29  10  19  11  43  12  68  13  36  14  16  15  24  16  58  17  56  18  65  19  34 
  0  37   1  67   2  67   3  26   4  29   5  43   6  66   7  66   8  65   9  29  10  20  11  41  12  70  13  37  14  16  15  24  16  59  17  53  18  62  19  31 
  0  35   1  67   2  65   3  25   4  29   5  45   6  66   7  67   8  66   9  26  10  21  11  41  12  65  13  36  14  17  15  21  16  55  17  53  18  60  19  32 
  0  31   1  66   2  64   3  21   4  28   5  43   6  65   7  62   8  65   9  25  10  21  11  38  12  63  13  31  14  13  15  19  16  55  17  53  18  60  19  32 
  0  32   1  69   2  63   3  20   4  25   5  43   6  64   7  62   8  65   9  26  10  19  11  38  12  63  13  32  14  16  15  22  16  55  17  55  18  59  19  33 
  0  38   1  67   2  65   3  25   4  32   5  47   6  66   7  68   8  66   9  29  10  19  11  43  12  70  13  34  14  18  15  26  16  56  17  54  18  62  19  35 
  0  37   1  67   2  65   3  27   4  32   5  46   6  65   7  69   8  66   9  31  10  19  11  39  12  68  13  35  14  17  15  24  16  58  17  56  18  63  19  32 
  0  35   1  67   2  66   3  24   4  29   5  41   6  66   7  64   8  68   9  27  10  21  11  40  12  68  13  36  14  17  15  20  16  57  17  54  18  60  19  30 


