
 20  20

  0  59   1  15   2  33   3  39   4  26   5  57   6  38   7  19   8  14   9  13  10  57  11  30  12  28  13  60  14  19  15  42  16  20  17  41  18  15  19  32 
  0  61   1  14   2  30   3  36   4  29   5  57   6  35   7  17   8  10   9  14  10  56  11  25  12  25  13  59  14  19  15  40  16  16  17  37  18  15  19  28 
  0  55   1  14   2  31   3  38   4  29   5  53   6  32   7  13   8  10   9  10  10  52  11  25  12  24  13  59  14  19  15  38  16  13  17  38  18  15  19  30 
  0  61   1  14   2  32   3  40   4  29   5  56   6  35   7  20   8  14   9  13  10  54  11  27  12  26  13  58  14  17  15  41  16  19  17  39  18  14  19  28 
  0  61   1  16   2  31   3  40   4  29   5  58   6  36   7  20   8  11   9  15  10  56  11  28  12  26  13  61  14  17  15  41  16  21  17  39  18  15  19  29 
  0  59   1  15   2  31   3  42   4  29   5  59   6  38   7  19   8  13   9  16  10  57  11  28  12  25  13  61  14  18  15  38  16  18  17  37  18  15  19  31 
  0  56   1  15   2  32   3  36   4  27   5  55   6  31   7  16   8  10   9  11  10  54  11  27  12  27  13  59  14  19  15  33  16  13  17  38  18  15  19  30 
  0  63   1  16   2  34   3  42   4  29   5  57   6  39   7  21   8  14   9  15  10  57  11  30  12  27  13  61  14  18  15  41  16  21  17  41  18  13  19  31 
  0  57   1  16   2  31   3  34   4  26   5  53   6  29   7  11   8  10   9   8  10  52  11  24  12  26  13  59  14  17  15  36  16  13  17  36  18  13  19  26 
  0  53   1  14   2  30   3  33   4  25   5  51   6  30   7  11   8  10   9   8  10  52  11  24  12  24  13  57  14  17  15  32  16  11  17  33  18  13  19  26 
  0  60   1  16   2  33   3  42   4  29   5  59   6  37   7  19   8  14   9  14  10  55  11  29  12  28  13  59  14  18  15  41  16  21  17  41  18  13  19  32 
  0  61   1  16   2  34   3  42   4  28   5  59   6  38   7  20   8  14   9  14  10  57  11  29  12  28  13  61  14  18  15  42  16  18  17  39  18  15  19  32 
  0  56   1  16   2  30   3  34   4  27   5  53   6  31   7  17   8  14   9  13  10  55  11  24  12  28  13  58  14  19  15  35  16  17  17  34  18  13  19  26 
  0  58   1  14   2  32   3  37   4  25   5  53   6  32   7  16   8  13   9  11  10  55  11  29  12  26  13  61  14  17  15  37  16  17  17  39  18  14  19  30 
  0  59   1  15   2  32   3  35   4  27   5  53   6  32   7  15   8  12   9  13  10  53  11  25  12  26  13  57  14  17  15  35  16  18  17  36  18  13  19  27 
  0  54   1  15   2  28   3  35   4  28   5  53   6  31   7  11   8  11   9   9  10  52  11  27  12  24  13  59  14  18  15  32  16  11  17  33  18  13  19  26 
  0  59   1  14   2  33   3  36   4  29   5  55   6  36   7  16   8  10   9  14  10  57  11  30  12  26  13  59  14  17  15  36  16  17  17  39  18  14  19  32 
  0  55   1  14   2  29   3  35   4  25   5  52   6  31   7  11   8  10   9  10  10  52  11  26  12  25  13  57  14  17  15  32  16  14  17  33  18  13  19  26 
  0  56   1  15   2  32   3  39   4  26   5  53   6  33   7  15   8  12   9  11  10  53  11  29  12  24  13  58  14  17  15  38  16  17  17  37  18  13  19  27 
  0  54   1  16   2  31   3  33   4  25   5  51   6  29   7  13   8  10   9  10  10  54  11  26  12  24  13  57  14  19  15  34  16  12  17  35  18  13  19  26 


