
 20  20

  0  51   1  26   2  34   3  44   4  42   5  58   6  65   7  41   8  46   9  57  10  27  11  58  12  59  13  41  14  73  15  43  16  58  17  65  18  64  19  69 
  0  52   1  26   2  34   3  45   4  44   5  58   6  67   7  42   8  50   9  55  10  28  11  60  12  58  13  42  14  70  15  42  16  60  17  67  18  62  19  69 
  0  42   1  26   2  30   3  41   4  44   5  59   6  63   7  42   8  41   9  54  10  26  11  50  12  56  13  38  14  69  15  42  16  53  17  60  18  56  19  65 
  0  45   1  26   2  30   3  42   4  44   5  58   6  66   7  42   8  45   9  56  10  28  11  53  12  56  13  41  14  67  15  44  16  58  17  63  18  57  19  66 
  0  47   1  27   2  33   3  44   4  44   5  58   6  64   7  43   8  46   9  58  10  26  11  57  12  60  13  39  14  70  15  42  16  59  17  66  18  60  19  69 
  0  49   1  28   2  33   3  46   4  44   5  58   6  66   7  42   8  48   9  58  10  28  11  58  12  59  13  42  14  72  15  42  16  61  17  70  18  64  19  69 
  0  42   1  26   2  29   3  42   4  42   5  59   6  63   7  40   8  41   9  54  10  26  11  52  12  57  13  38  14  67  15  44  16  52  17  60  18  57  19  65 
  0  52   1  28   2  34   3  46   4  44   5  60   6  67   7  44   8  49   9  57  10  27  11  58  12  61  13  42  14  73  15  44  16  62  17  70  18  64  19  68 
  0  52   1  27   2  34   3  46   4  44   5  60   6  67   7  44   8  51   9  58  10  26  11  59  12  60  13  42  14  73  15  44  16  62  17  70  18  64  19  69 
  0  51   1  28   2  32   3  46   4  44   5  60   6  67   7  44   8  51   9  56  10  27  11  60  12  61  13  42  14  72  15  44  16  62  17  70  18  62  19  68 
  0  43   1  26   2  30   3  41   4  42   5  59   6  63   7  40   8  41   9  54  10  27  11  50  12  55  13  38  14  68  15  43  16  52  17  60  18  56  19  65 
  0  48   1  27   2  32   3  45   4  44   5  60   6  65   7  41   8  47   9  55  10  28  11  57  12  58  13  39  14  70  15  44  16  62  17  70  18  63  19  69 
  0  48   1  26   2  32   3  43   4  44   5  60   6  67   7  42   8  48   9  58  10  27  11  58  12  59  13  42  14  72  15  42  16  62  17  68  18  64  19  66 
  0  51   1  26   2  32   3  43   4  42   5  59   6  64   7  43   8  50   9  57  10  27  11  59  12  59  13  42  14  72  15  44  16  60  17  68  18  60  19  68 
  0  50   1  28   2  34   3  44   4  43   5  59   6  66   7  42   8  50   9  56  10  27  11  56  12  59  13  40  14  73  15  44  16  58  17  66  18  63  19  69 
  0  48   1  27   2  33   3  46   4  42   5  58   6  65   7  41   8  49   9  58  10  27  11  58  12  59  13  42  14  73  15  44  16  62  17  69  18  60  19  68 
  0  47   1  26   2  31   3  42   4  43   5  58   6  63   7  43   8  47   9  56  10  28  11  57  12  61  13  39  14  71  15  44  16  57  17  68  18  62  19  67 
  0  45   1  26   2  28   3  40   4  44   5  58   6  63   7  40   8  44   9  56  10  28  11  50  12  55  13  38  14  67  15  43  16  53  17  62  18  59  19  66 
  0  43   1  26   2  30   3  43   4  42   5  58   6  64   7  42   8  41   9  55  10  28  11  52  12  56  13  38  14  67  15  44  16  54  17  62  18  56  19  67 
  0  44   1  27   2  32   3  41   4  42   5  60   6  64   7  42   8  44   9  54  10  26  11  51  12  56  13  40  14  71  15  42  16  55  17  64  18  59  19  65 


