
 20  20

  0  49   1  48   2  83   3  78   4  80   5  63   6  48   7  74   8  49   9  46  10  45  11  31  12  33  13  62  14  45  15  59  16  71  17  54  18  82  19  60 
  0  50   1  48   2  83   3  77   4  82   5  64   6  53   7  76   8  50   9  46  10  44  11  35  12  39  13  61  14  47  15  57  16  76  17  58  18  86  19  63 
  0  54   1  49   2  84   3  78   4  83   5  67   6  54   7  78   8  52   9  47  10  47  11  35  12  39  13  63  14  48  15  59  16  77  17  56  18  85  19  67 
  0  54   1  50   2  84   3  78   4  82   5  66   6  54   7  75   8  53   9  49  10  45  11  35  12  37  13  61  14  46  15  58  16  78  17  59  18  83  19  64 
  0  44   1  46   2  80   3  78   4  74   5  64   6  48   7  68   8  50   9  42  10  43  11  31  12  31  13  63  14  42  15  57  16  70  17  51  18  80  19  57 
  0  46   1  44   2  81   3  76   4  77   5  65   6  50   7  71   8  49   9  45  10  45  11  31  12  35  13  61  14  45  15  57  16  73  17  52  18  81  19  60 
  0  45   1  44   2  81   3  76   4  77   5  64   6  49   7  68   8  51   9  42  10  45  11  32  12  33  13  63  14  44  15  59  16  72  17  55  18  81  19  58 
  0  45   1  47   2  80   3  76   4  77   5  66   6  50   7  69   8  52   9  43  10  43  11  32  12  31  13  61  14  43  15  59  16  72  17  54  18  79  19  59 
  0  44   1  44   2  82   3  76   4  78   5  63   6  50   7  68   8  50   9  44  10  43  11  34  12  31  13  61  14  45  15  57  16  74  17  52  18  82  19  58 
  0  47   1  44   2  82   3  78   4  75   5  65   6  51   7  69   8  51   9  43  10  46  11  31  12  32  13  62  14  45  15  58  16  74  17  55  18  82  19  59 
  0  54   1  48   2  84   3  76   4  82   5  67   6  51   7  78   8  51   9  47  10  47  11  33  12  35  13  63  14  48  15  58  16  75  17  57  18  84  19  63 
  0  44   1  45   2  80   3  76   4  74   5  64   6  50   7  68   8  50   9  43  10  44  11  33  12  31  13  63  14  43  15  57  16  71  17  51  18  81  19  61 
  0  52   1  50   2  82   3  78   4  83   5  67   6  53   7  78   8  51   9  50  10  47  11  32  12  36  13  63  14  48  15  58  16  78  17  59  18  85  19  67 
  0  53   1  47   2  81   3  78   4  84   5  67   6  54   7  75   8  53   9  46  10  47  11  34  12  38  13  63  14  45  15  57  16  77  17  59  18  84  19  66 
  0  53   1  50   2  83   3  78   4  83   5  64   6  54   7  76   8  50   9  46  10  44  11  34  12  39  13  63  14  46  15  57  16  76  17  55  18  84  19  65 
  0  46   1  46   2  82   3  78   4  77   5  63   6  52   7  70   8  51   9  42  10  43  11  33  12  32  13  63  14  44  15  58  16  72  17  51  18  79  19  60 
  0  47   1  48   2  81   3  78   4  75   5  63   6  49   7  69   8  50   9  42  10  45  11  33  12  31  13  62  14  42  15  57  16  73  17  52  18  80  19  58 
  0  48   1  47   2  82   3  76   4  78   5  64   6  49   7  74   8  51   9  45  10  46  11  32  12  35  13  63  14  46  15  59  16  73  17  54  18  80  19  61 
  0  54   1  50   2  84   3  77   4  84   5  67   6  54   7  78   8  53   9  49  10  47  11  33  12  39  13  63  14  48  15  59  16  78  17  57  18  86  19  66 
  0  51   1  46   2  84   3  76   4  80   5  65   6  53   7  76   8  53   9  50  10  44  11  32  12  39  13  62  14  44  15  58  16  77  17  59  18  82  19  62 


