
 20  20

  0  73   1  79   2  43   3  68   4  68   5  32   6  67   7  29   8  46   9  69  10  45  11  74  12  71  13  70  14  46  15  70  16  64  17  41  18  36  19  59 
  0  74   1  82   2  42   3  65   4  68   5  32   6  69   7  27   8  45   9  71  10  42  11  76  12  72  13  72  14  45  15  70  16  61  17  42  18  35  19  60 
  0  75   1  81   2  46   3  66   4  69   5  31   6  72   7  29   8  46   9  74  10  45  11  77  12  72  13  71  14  44  15  72  16  63  17  42  18  37  19  61 
  0  79   1  84   2  45   3  69   4  68   5  32   6  72   7  27   8  50   9  75  10  46  11  77  12  73  13  74  14  47  15  72  16  68  17  43  18  36  19  61 
  0  71   1  78   2  43   3  61   4  67   5  32   6  67   7  27   8  45   9  67  10  40  11  73  12  67  13  69  14  41  15  66  16  61  17  37  18  34  19  60 
  0  73   1  78   2  44   3  63   4  65   5  33   6  69   7  27   8  45   9  70  10  43  11  75  12  68  13  71  14  44  15  68  16  59  17  40  18  37  19  59 
  0  73   1  79   2  44   3  64   4  67   5  33   6  68   7  29   8  47   9  66  10  42  11  75  12  67  13  68  14  44  15  67  16  58  17  37  18  37  19  59 
  0  72   1  79   2  42   3  64   4  65   5  30   6  66   7  27   8  47   9  65  10  40  11  73  12  67  13  69  14  44  15  66  16  60  17  36  18  36  19  59 
  0  79   1  81   2  45   3  66   4  69   5  32   6  70   7  29   8  47   9  72  10  47  11  77  12  73  13  74  14  44  15  71  16  66  17  45  18  37  19  61 
  0  72   1  78   2  44   3  63   4  69   5  30   6  70   7  29   8  47   9  72  10  45  11  73  12  72  13  69  14  45  15  69  16  65  17  39  18  35  19  59 
  0  74   1  81   2  45   3  65   4  67   5  33   6  68   7  29   8  48   9  70  10  44  11  74  12  74  13  70  14  45  15  68  16  65  17  42  18  38  19  59 
  0  75   1  82   2  46   3  66   4  65   5  33   6  71   7  28   8  50   9  69  10  45  11  77  12  74  13  69  14  45  15  69  16  66  17  42  18  34  19  59 
  0  71   1  78   2  42   3  63   4  65   5  30   6  64   7  27   8  46   9  66  10  40  11  74  12  69  13  67  14  41  15  66  16  58  17  35  18  34  19  59 
  0  76   1  84   2  46   3  66   4  67   5  34   6  72   7  29   8  48   9  73  10  45  11  77  12  73  13  71  14  44  15  72  16  67  17  43  18  37  19  61 
  0  74   1  81   2  45   3  64   4  68   5  30   6  67   7  29   8  49   9  70  10  45  11  74  12  72  13  69  14  45  15  69  16  65  17  40  18  38  19  59 
  0  69   1  77   2  44   3  61   4  65   5  32   6  64   7  27   8  44   9  65  10  40  11  73  12  67  13  66  14  43  15  66  16  60  17  38  18  34  19  60 
  0  77   1  81   2  46   3  66   4  67   5  32   6  68   7  29   8  49   9  73  10  46  11  77  12  73  13  73  14  46  15  71  16  63  17  40  18  35  19  61 
  0  75   1  84   2  43   3  65   4  67   5  33   6  72   7  29   8  46   9  71  10  44  11  76  12  75  13  71  14  43  15  70  16  66  17  44  18  38  19  59 
  0  74   1  80   2  44   3  63   4  68   5  33   6  65   7  27   8  45   9  70  10  41  11  74  12  69  13  69  14  42  15  67  16  60  17  38  18  36  19  60 
  0  77   1  82   2  44   3  64   4  69   5  34   6  69   7  27   8  50   9  72  10  42  11  75  12  72  13  70  14  47  15  70  16  64  17  44  18  38  19  61 


