
 20  20

  0  36   1  33   2  44   3   2   4  31   5  27   6  44   7  14   8  52   9  12  10  40  11  14  12  13  13   3  14  36  15   5  16  40  17  29  18  25  19  11 
  0  38   1  33   2  45   3   1   4  33   5  26   6  41   7  14   8  55   9  12  10  43  11  14  12  13  13   5  14  36  15   4  16  40  17  29  18  28  19  12 
  0  42   1  32   2  48   3   3   4  36   5  28   6  46   7  17   8  57   9  14  10  44  11  15  12  13  13   4  14  36  15   4  16  41  17  31  18  26  19  15 
  0  45   1  35   2  47   3   4   4  38   5  28   6  46   7  17   8  57   9  12  10  49  11  15  12  13  13   7  14  38  15   8  16  40  17  34  18  29  19  14 
  0  40   1  31   2  47   3   2   4  35   5  25   6  47   7  17   8  54   9  12  10  46  11  14  12  13  13   5  14  36  15   5  16  41  17  32  18  29  19  14 
  0  39   1  32   2  44   3   1   4  34   5  25   6  41   7  15   8  52   9  14  10  41  11  14  12  11  13   5  14  36  15   7  16  37  17  31  18  28  19  11 
  0  43   1  35   2  47   3   7   4  35   5  28   6  45   7  17   8  57   9  13  10  46  11  16  12  15  13   9  14  36  15   8  16  42  17  32  18  28  19  12 
  0  42   1  35   2  49   3   3   4  35   5  25   6  47   7  16   8  58   9  14  10  44  11  14  12  13  13   6  14  38  15   5  16  40  17  30  18  27  19  12 
  0  39   1  32   2  49   3   2   4  35   5  26   6  47   7  17   8  56   9  14  10  46  11  16  12  12  13   4  14  36  15   4  16  39  17  33  18  28  19  11 
  0  42   1  35   2  50   3   8   4  39   5  28   6  47   7  17   8  57   9  12  10  48  11  15  12  14  13   5  14  36  15   7  16  40  17  31  18  30  19  12 
  0  39   1  31   2  45   3   5   4  35   5  24   6  43   7  15   8  57   9  12  10  42  11  14  12  15  13   6  14  36  15   5  16  40  17  33  18  27  19  14 
  0  40   1  32   2  46   3   4   4  35   5  27   6  43   7  15   8  54   9  13  10  40  11  14  12  12  13   3  14  36  15   5  16  38  17  31  18  26  19  11 
  0  43   1  35   2  50   3   7   4  38   5  28   6  51   7  16   8  57   9  13  10  49  11  14  12  15  13   7  14  38  15   8  16  43  17  34  18  30  19  13 
  0  41   1  32   2  44   3   4   4  35   5  25   6  46   7  13   8  56   9  14  10  45  11  14  12  15  13   4  14  36  15   4  16  37  17  31  18  28  19  12 
  0  37   1  33   2  46   3   1   4  34   5  26   6  44   7  13   8  54   9  12  10  41  11  14  12  11  13   3  14  36  15   4  16  38  17  29  18  25  19  11 
  0  41   1  33   2  44   3   5   4  33   5  26   6  46   7  13   8  54   9  14  10  42  11  15  12  12  13   3  14  36  15   4  16  41  17  32  18  26  19  13 
  0  43   1  33   2  48   3   3   4  38   5  28   6  46   7  14   8  55   9  12  10  46  11  14  12  14  13   5  14  36  15   6  16  42  17  33  18  31  19  15 
  0  45   1  35   2  47   3   5   4  36   5  28   6  51   7  15   8  57   9  14  10  47  11  16  12  15  13   9  14  36  15   8  16  40  17  35  18  31  19  14 
  0  40   1  31   2  44   3   1   4  31   5  24   6  46   7  16   8  52   9  13  10  43  11  14  12  14  13   4  14  38  15   5  16  38  17  31  18  26  19  13 
  0  46   1  33   2  48   3   8   4  39   5  27   6  51   7  15   8  60   9  14  10  48  11  16  12  18  13   7  14  37  15   8  16  43  17  35  18  31  19  15 


