
 20  20

  0  27   1  52   2  28   3  33   4  34   5   9   6  43   7  43   8  49   9  36  10  30  11  40  12   9  13  56  14  44  15  43  16  30  17  19  18  58  19  23 
  0  25   1  51   2  28   3  31   4  33   5   5   6  43   7  42   8  51   9  37  10  30  11  41  12   5  13  58  14  45  15  40  16  29  17  16  18  58  19  23 
  0  27   1  52   2  27   3  33   4  32   5   9   6  43   7  43   8  51   9  36  10  31  11  40  12   7  13  59  14  46  15  42  16  32  17  20  18  60  19  24 
  0  29   1  51   2  26   3  31   4  32   5   9   6  46   7  42   8  50   9  34  10  30  11  40  12   8  13  58  14  46  15  42  16  28  17  20  18  60  19  23 
  0  32   1  54   2  29   3  34   4  32   5  12   6  46   7  41   8  54   9  37  10  37  11  42  12  10  13  57  14  47  15  46  16  32  17  23  18  60  19  30 
  0  26   1  50   2  28   3  28   4  33   5   6   6  44   7  42   8  51   9  36  10  30  11  39  12   7  13  56  14  42  15  40  16  27  17  18  18  58  19  24 
  0  28   1  51   2  26   3  28   4  33   5   5   6  44   7  41   8  49   9  35  10  29  11  41  12   7  13  58  14  42  15  41  16  28  17  16  18  58  19  25 
  0  31   1  58   2  27   3  36   4  32   5  13   6  49   7  43   8  52   9  38  10  34  11  40  12  13  13  60  14  45  15  46  16  35  17  24  18  61  19  30 
  0  27   1  49   2  26   3  30   4  34   5   7   6  41   7  43   8  49   9  36  10  29  11  38  12   6  13  56  14  42  15  39  16  28  17  17  18  60  19  22 
  0  35   1  58   2  30   3  36   4  34   5  12   6  51   7  42   8  55   9  38  10  38  11  42  12  12  13  58  14  47  15  47  16  34  17  25  18  63  19  32 
  0  27   1  51   2  28   3  31   4  32   5   7   6  43   7  43   8  49   9  34  10  31  11  41  12   9  13  58  14  42  15  44  16  29  17  17  18  58  19  26 
  0  34   1  56   2  29   3  33   4  34   5  13   6  48   7  41   8  51   9  36  10  36  11  40  12  11  13  59  14  44  15  45  16  31  17  25  18  63  19  29 
  0  26   1  48   2  28   3  28   4  32   5   4   6  41   7  42   8  49   9  34  10  28  11  38  12   7  13  56  14  42  15  39  16  27  17  16  18  58  19  22 
  0  35   1  56   2  30   3  38   4  34   5  14   6  51   7  43   8  54   9  36  10  38  11  40  12  13  13  60  14  47  15  49  16  33  17  24  18  64  19  31 
  0  27   1  52   2  26   3  29   4  32   5   9   6  46   7  42   8  51   9  34  10  29  11  39  12   8  13  56  14  43  15  40  16  31  17  20  18  58  19  27 
  0  33   1  57   2  30   3  36   4  32   5  10   6  51   7  41   8  53   9  37  10  36  11  40  12   9  13  60  14  48  15  45  16  33  17  22  18  64  19  29 
  0  27   1  52   2  28   3  31   4  33   5   9   6  46   7  41   8  49   9  37  10  30  11  41  12   9  13  59  14  46  15  44  16  29  17  17  18  62  19  27 
  0  31   1  54   2  30   3  38   4  34   5  14   6  48   7  43   8  54   9  36  10  37  11  42  12  12  13  60  14  48  15  48  16  35  17  25  18  63  19  32 
  0  28   1  49   2  27   3  29   4  34   5   7   6  43   7  43   8  52   9  34  10  30  11  38  12  10  13  58  14  46  15  43  16  29  17  18  18  60  19  23 
  0  25   1  48   2  26   3  29   4  32   5   6   6  44   7  41   8  50   9  34  10  30  11  39  12   9  13  56  14  43  15  40  16  31  17  18  18  59  19  22 


