
 20  20

  0  52   1  74   2  51   3  58   4  86   5  66   6  94   7  86   8  78   9  86  10  46  11  58  12  54  13  90  14  67  15  52  16  67  17  52  18  52  19  61 
  0  59   1  76   2  51   3  59   4  87   5  68   6  94   7  86   8  83   9  87  10  50  11  60  12  59  13  95  14  70  15  50  16  67  17  53  18  56  19  62 
  0  59   1  76   2  55   3  59   4  85   5  67   6  95   7  89   8  84   9  86  10  50  11  58  12  56  13  96  14  70  15  52  16  67  17  53  18  56  19  60 
  0  57   1  80   2  51   3  58   4  87   5  68   6  93   7  89   8  85   9  85  10  50  11  60  12  57  13  94  14  68  15  50  16  67  17  55  18  57  19  62 
  0  57   1  78   2  52   3  57   4  86   5  68   6  93   7  87   8  84   9  87  10  47  11  58  12  56  13  96  14  67  15  52  16  69  17  58  18  61  19  62 
  0  55   1  75   2  54   3  58   4  87   5  66   6  95   7  88   8  79   9  87  10  49  11  58  12  55  13  93  14  66  15  50  16  69  17  50  18  54  19  62 
  0  59   1  77   2  55   3  58   4  87   5  68   6  95   7  87   8  84   9  85  10  50  11  60  12  60  13  99  14  69  15  52  16  69  17  58  18  62  19  60 
  0  57   1  80   2  52   3  57   4  87   5  68   6  93   7  90   8  85   9  87  10  50  11  60  12  56  13  96  14  70  15  50  16  69  17  54  18  58  19  60 
  0  54   1  74   2  51   3  57   4  87   5  68   6  94   7  89   8  80   9  85  10  47  11  60  12  57  13  92  14  67  15  50  16  69  17  53  18  53  19  60 
  0  55   1  75   2  53   3  59   4  87   5  68   6  93   7  89   8  82   9  87  10  49  11  60  12  56  13  95  14  67  15  52  16  68  17  52  18  56  19  62 
  0  60   1  80   2  55   3  59   4  87   5  66   6  94   7  90   8  84   9  85  10  50  11  58  12  56  13  97  14  67  15  50  16  71  17  58  18  59  19  61 
  0  62   1  79   2  55   3  57   4  87   5  66   6  95   7  88   8  86   9  87  10  50  11  60  12  60  13  99  14  70  15  52  16  69  17  58  18  61  19  62 
  0  58   1  76   2  53   3  57   4  85   5  68   6  93   7  90   8  83   9  85  10  47  11  60  12  59  13  99  14  69  15  51  16  68  17  55  18  61  19  62 
  0  56   1  77   2  54   3  59   4  87   5  66   6  95   7  86   8  82   9  85  10  47  11  58  12  57  13  94  14  68  15  50  16  67  17  50  18  53  19  61 
  0  56   1  79   2  53   3  57   4  85   5  66   6  95   7  86   8  84   9  85  10  48  11  58  12  59  13  94  14  67  15  50  16  70  17  54  18  55  19  61 
  0  62   1  80   2  53   3  57   4  87   5  68   6  95   7  88   8  85   9  87  10  50  11  59  12  57  13  98  14  68  15  50  16  71  17  56  18  60  19  61 
  0  56   1  75   2  55   3  58   4  87   5  66   6  93   7  87   8  84   9  87  10  47  11  60  12  55  13  96  14  69  15  50  16  67  17  54  18  58  19  60 
  0  59   1  75   2  52   3  59   4  85   5  68   6  93   7  88   8  82   9  87  10  47  11  58  12  57  13  95  14  69  15  52  16  70  17  52  18  59  19  62 
  0  62   1  77   2  53   3  59   4  85   5  68   6  95   7  90   8  86   9  87  10  50  11  60  12  60  13  97  14  69  15  52  16  70  17  55  18  60  19  62 
  0  52   1  74   2  51   3  57   4  85   5  66   6  93   7  86   8  78   9  85  10  46  11  60  12  56  13  93  14  66  15  51  16  69  17  50  18  54  19  61 


