
 20  20

  0  24   1  38   2  33   3  40   4  21   5  43   6  19   7  50   8  31   9  46  10  16  11  14  12  45  13   3  14  51  15  27  16   2  17  52  18  26  19  32 
  0  33   1  39   2  39   3  46   4  25   5  44   6  26   7  55   8  39   9  49  10  18  11  18  12  48  13   2  14  55  15  34  16   5  17  55  18  32  19  32 
  0  27   1  38   2  36   3  40   4  22   5  41   6  23   7  50   8  35   9  48  10  16  11  15  12  47  13   1  14  53  15  31  16   1  17  56  18  30  19  31 
  0  24   1  35   2  32   3  37   4  19   5  41   6  19   7  49   8  30   9  45  10  16  11  10  12  40  13   2  14  49  15  26  16   1  17  52  18  25  19  30 
  0  23   1  35   2  32   3  39   4  20   5  40   6  18   7  49   8  30   9  45  10  18  11  10  12  40  13   3  14  48  15  27  16   1  17  52  18  25  19  30 
  0  29   1  39   2  34   3  42   4  25   5  40   6  22   7  50   8  33   9  48  10  18  11  16  12  44  13   1  14  52  15  33  16   1  17  54  18  30  19  31 
  0  27   1  35   2  36   3  40   4  24   5  43   6  23   7  53   8  32   9  47  10  18  11  14  12  47  13   3  14  54  15  31  16   1  17  54  18  30  19  34 
  0  24   1  38   2  34   3  38   4  22   5  42   6  22   7  50   8  33   9  48  10  18  11  11  12  44  13   3  14  50  15  27  16   1  17  52  18  24  19  30 
  0  23   1  36   2  32   3  39   4  23   5  41   6  19   7  49   8  29   9  46  10  17  11  11  12  43  13   1  14  51  15  29  16   1  17  52  18  24  19  31 
  0  27   1  35   2  31   3  37   4  21   5  41   6  21   7  49   8  29   9  45  10  16  11  11  12  41  13   1  14  48  15  27  16   1  17  52  18  24  19  33 
  0  29   1  37   2  37   3  41   4  24   5  40   6  22   7  53   8  33   9  46  10  17  11  15  12  43  13   2  14  52  15  30  16   1  17  55  18  27  19  30 
  0  27   1  35   2  34   3  40   4  19   5  41   6  21   7  52   8  32   9  48  10  16  11  10  12  43  13   1  14  49  15  27  16   1  17  53  18  25  19  31 
  0  28   1  38   2  36   3  42   4  25   5  41   6  25   7  55   8  37   9  49  10  18  11  14  12  48  13   1  14  53  15  31  16   4  17  56  18  28  19  32 
  0  24   1  35   2  32   3  37   4  19   5  40   6  18   7  49   8  31   9  45  10  17  11  11  12  40  13   1  14  50  15  26  16   1  17  53  18  25  19  32 
  0  28   1  37   2  34   3  41   4  22   5  40   6  24   7  51   8  36   9  45  10  17  11  17  12  45  13   1  14  55  15  31  16   1  17  52  18  29  19  31 
  0  28   1  39   2  37   3  42   4  24   5  40   6  24   7  50   8  36   9  48  10  18  11  14  12  44  13   2  14  53  15  31  16   4  17  52  18  26  19  34 
  0  33   1  39   2  39   3  47   4  25   5  44   6  27   7  54   8  39   9  49  10  18  11  18  12  48  13   2  14  54  15  33  16   7  17  56  18  32  19  34 
  0  27   1  39   2  32   3  42   4  21   5  40   6  20   7  49   8  32   9  45  10  17  11  15  12  46  13   2  14  49  15  31  16   3  17  55  18  28  19  33 
  0  29   1  38   2  37   3  45   4  24   5  44   6  24   7  55   8  34   9  46  10  16  11  15  12  45  13   3  14  54  15  32  16   1  17  55  18  30  19  30 
  0  33   1  39   2  39   3  47   4  27   5  44   6  28   7  53   8  38   9  49  10  18  11  18  12  49  13   3  14  56  15  36  16   6  17  54  18  31  19  33 


