
 20  20

  0  21   1  36   2   9   3  42   4  31   5  29   6  36   7  22   8  24   9  25  10  20  11  36  12  40  13  17  14  65  15  24  16  35  17  61  18  11  19  65 
  0  18   1  35   2  10   3  40   4  31   5  29   6  36   7  22   8  21   9  26  10  18  11  36  12  37  13  16  14  64  15  22  16  37  17  60  18   9  19  63 
  0  20   1  36   2  10   3  40   4  29   5  30   6  35   7  20   8  21   9  28  10  21  11  38  12  38  13  15  14  64  15  21  16  35  17  63  18   7  19  63 
  0  21   1  35   2   9   3  38   4  31   5  31   6  37   7  21   8  22   9  28  10  19  11  36  12  39  13  15  14  65  15  23  16  37  17  61  18   8  19  64 
  0  19   1  36   2   7   3  41   4  29   5  31   6  35   7  20   8  22   9  27  10  18  11  38  12  36  13  14  14  65  15  22  16  36  17  61  18   6  19  61 
  0  25   1  35   2  12   3  43   4  32   5  30   6  37   7  21   8  23   9  28  10  23  11  36  12  40  13  17  14  63  15  26  16  37  17  63  18  14  19  63 
  0  18   1  37   2   8   3  41   4  29   5  29   6  35   7  22   8  23   9  25  10  19  11  37  12  36  13  12  14  63  15  19  16  37  17  59  18   7  19  61 
  0  21   1  37   2   8   3  40   4  31   5  29   6  35   7  20   8  24   9  25  10  20  11  37  12  37  13  13  14  63  15  21  16  35  17  64  18   9  19  61 
  0  24   1  37   2  14   3  43   4  35   5  29   6  35   7  22   8  23   9  27  10  20  11  36  12  40  13  19  14  64  15  26  16  37  17  64  18  11  19  64 
  0  21   1  37   2   9   3  39   4  33   5  30   6  37   7  20   8  21   9  25  10  21  11  38  12  39  13  18  14  65  15  23  16  37  17  63  18  13  19  63 
  0  17   1  35   2   6   3  38   4  31   5  31   6  35   7  20   8  19   9  24  10  17  11  37  12  38  13  11  14  63  15  20  16  36  17  58  18   4  19  62 
  0  23   1  35   2  14   3  42   4  35   5  31   6  37   7  22   8  22   9  28  10  22  11  38  12  39  13  16  14  65  15  23  16  37  17  66  18  11  19  63 
  0  15   1  35   2   6   3  39   4  30   5  29   6  35   7  21   8  22   9  24  10  20  11  36  12  36  13  11  14  64  15  18  16  36  17  61  18   5  19  61 
  0  17   1  35   2  10   3  39   4  31   5  29   6  35   7  20   8  19   9  27  10  19  11  36  12  36  13  14  14  63  15  19  16  36  17  61  18   4  19  61 
  0  15   1  35   2   6   3  38   4  29   5  29   6  35   7  20   8  19   9  26  10  17  11  36  12  38  13  12  14  64  15  18  16  35  17  59  18   5  19  61 
  0  21   1  35   2   7   3  41   4  30   5  30   6  36   7  20   8  22   9  25  10  19  11  37  12  40  13  16  14  65  15  20  16  37  17  60  18   9  19  64 
  0  16   1  36   2   9   3  38   4  31   5  31   6  35   7  20   8  23   9  24  10  21  11  37  12  37  13  15  14  65  15  22  16  35  17  62  18   6  19  62 
  0  19   1  35   2   7   3  38   4  30   5  29   6  37   7  21   8  21   9  25  10  19  11  36  12  39  13  11  14  64  15  22  16  36  17  59  18   8  19  61 
  0  16   1  36   2  10   3  41   4  32   5  29   6  36   7  22   8  20   9  24  10  21  11  36  12  39  13  13  14  63  15  20  16  37  17  59  18   9  19  61 
  0  20   1  37   2  13   3  39   4  34   5  31   6  37   7  22   8  25   9  28  10  19  11  36  12  40  13  19  14  65  15  24  16  37  17  63  18  10  19  65 


