
 20  20

  0  16   1  32   2  59   3  33   4   4   5  53   6  29   7  40   8  47   9  43  10  35  11  38  12  37  13  10  14  24  15  34  16  36  17  56  18  54  19  32 
  0  20   1  30   2  60   3  34   4   5   5  52   6  30   7  41   8  51   9  46  10  35  11  39  12  37  13   7  14  24  15  37  16  36  17  57  18  55  19  34 
  0  21   1  30   2  59   3  36   4   4   5  53   6  30   7  40   8  52   9  44  10  38  11  39  12  37  13  11  14  24  15  34  16  38  17  58  18  52  19  34 
  0  19   1  34   2  61   3  37   4   7   5  58   6  30   7  41   8  50   9  48  10  35  11  44  12  41  13  14  14  24  15  35  16  38  17  56  18  56  19  33 
  0  19   1  33   2  61   3  35   4   7   5  55   6  28   7  42   8  49   9  44  10  35  11  42  12  36  13  11  14  24  15  37  16  36  17  56  18  56  19  32 
  0  20   1  31   2  61   3  35   4   4   5  55   6  28   7  40   8  49   9  48  10  35  11  42  12  39  13   8  14  26  15  35  16  36  17  56  18  54  19  33 
  0  25   1  35   2  61   3  39   4   8   5  58   6  28   7  42   8  54   9  53  10  36  11  46  12  41  13  14  14  24  15  38  16  38  17  58  18  61  19  34 
  0  19   1  34   2  59   3  34   4   5   5  56   6  28   7  40   8  52   9  44  10  38  11  41  12  35  13  10  14  25  15  35  16  37  17  56  18  56  19  32 
  0  24   1  36   2  60   3  39   4   8   5  60   6  28   7  42   8  57   9  53  10  38  11  46  12  43  13  17  14  26  15  38  16  38  17  57  18  61  19  32 
  0  19   1  31   2  59   3  37   4   8   5  58   6  28   7  39   8  52   9  50  10  37  11  40  12  39  13  10  14  24  15  35  16  36  17  57  18  57  19  32 
  0  17   1  30   2  59   3  34   4   4   5  51   6  28   7  38   8  47   9  43  10  36  11  40  12  36  13   7  14  24  15  36  16  38  17  57  18  52  19  34 
  0  25   1  32   2  60   3  35   4   8   5  58   6  30   7  43   8  53   9  49  10  37  11  44  12  41  13  16  14  25  15  38  16  38  17  56  18  60  19  34 
  0  18   1  31   2  61   3  35   4   4   5  52   6  28   7  38   8  48   9  46  10  38  11  39  12  37  13   8  14  24  15  34  16  38  17  58  18  55  19  34 
  0  21   1  33   2  59   3  38   4   8   5  59   6  29   7  44   8  56   9  52  10  36  11  44  12  38  13  13  14  25  15  37  16  38  17  58  18  59  19  32 
  0  20   1  31   2  61   3  34   4   6   5  54   6  28   7  40   8  52   9  50  10  37  11  41  12  40  13  14  14  24  15  37  16  37  17  56  18  54  19  32 
  0  23   1  32   2  61   3  35   4   6   5  58   6  30   7  40   8  54   9  51  10  36  11  42  12  41  13  15  14  24  15  38  16  38  17  56  18  56  19  34 
  0  21   1  35   2  59   3  38   4   8   5  57   6  28   7  44   8  52   9  48  10  36  11  46  12  40  13  12  14  24  15  38  16  36  17  58  18  60  19  34 
  0  24   1  36   2  61   3  39   4   8   5  61   6  28   7  42   8  57   9  53  10  37  11  46  12  43  13  16  14  25  15  38  16  37  17  58  18  60  19  34 
  0  19   1  30   2  59   3  35   4   7   5  53   6  30   7  40   8  50   9  46  10  37  11  37  12  35  13   7  14  24  15  36  16  36  17  56  18  51  19  32 
  0  24   1  36   2  59   3  39   4   7   5  58   6  28   7  44   8  55   9  52  10  39  11  43  12  43  13  15  14  26  15  35  16  38  17  57  18  58  19  34 


