
 20  20

  0  17   1  23   2  21   3  48   4  34   5  73   6  20   7  62   8  48   9  28  10  67  11  28  12  54  13  41  14  33  15  54  16  20  17  50  18  17  19  16 
  0  14   1  23   2  21   3  50   4  34   5  73   6  20   7  62   8  47   9  28  10  71  11  28  12  55  13  39  14  33  15  53  16  17  17  50  18  15  19  18 
  0  13   1  24   2  19   3  47   4  34   5  71   6  18   7  62   8  46   9  26  10  68  11  27  12  55  13  39  14  33  15  52  16  15  17  48  18  15  19  18 
  0  20   1  29   2  24   3  52   4  38   5  76   6  20   7  66   8  52   9  34  10  73  11  28  12  57  13  43  14  35  15  52  16  22  17  48  18  17  19  16 
  0  13   1  23   2  18   3  51   4  36   5  71   6  16   7  63   8  50   9  28  10  70  11  28  12  53  13  41  14  33  15  51  16  15  17  50  18  16  19  16 
  0  22   1  27   2  25   3  52   4  36   5  75   6  19   7  65   8  51   9  34  10  73  11  29  12  56  13  42  14  37  15  54  16  23  17  48  18  15  19  18 
  0  17   1  27   2  21   3  50   4  34   5  72   6  19   7  64   8  48   9  30  10  72  11  29  12  56  13  41  14  33  15  51  16  19  17  48  18  16  19  16 
  0  13   1  26   2  18   3  48   4  36   5  73   6  16   7  65   8  49   9  26  10  69  11  28  12  55  13  41  14  35  15  53  16  15  17  50  18  15  19  17 
  0  15   1  25   2  22   3  51   4  35   5  73   6  17   7  66   8  51   9  27  10  70  11  29  12  53  13  39  14  37  15  52  16  21  17  49  18  17  19  18 
  0  23   1  29   2  26   3  55   4  38   5  75   6  22   7  66   8  54   9  34  10  72  11  29  12  55  13  42  14  37  15  55  16  25  17  50  18  17  19  16 
  0  23   1  29   2  26   3  55   4  38   5  77   6  21   7  64   8  54   9  31  10  72  11  29  12  57  13  43  14  37  15  55  16  25  17  48  18  17  19  16 
  0  16   1  26   2  18   3  49   4  34   5  71   6  19   7  62   8  46   9  27  10  68  11  28  12  53  13  42  14  34  15  52  16  17  17  48  18  15  19  16 
  0  15   1  25   2  19   3  47   4  34   5  73   6  18   7  62   8  49   9  26  10  70  11  27  12  55  13  40  14  33  15  53  16  16  17  48  18  17  19  16 
  0  14   1  25   2  18   3  51   4  37   5  74   6  16   7  65   8  46   9  25  10  70  11  29  12  53  13  39  14  36  15  51  16  17  17  49  18  16  19  18 
  0  22   1  29   2  25   3  54   4  36   5  77   6  21   7  66   8  54   9  34  10  71  11  29  12  55  13  41  14  37  15  53  16  25  17  49  18  17  19  18 
  0  16   1  27   2  20   3  50   4  34   5  74   6  18   7  62   8  48   9  28  10  69  11  29  12  54  13  40  14  36  15  51  16  20  17  50  18  15  19  16 
  0  15   1  23   2  18   3  49   4  37   5  71   6  17   7  62   8  47   9  28  10  68  11  27  12  56  13  42  14  36  15  51  16  16  17  48  18  15  19  18 
  0  17   1  27   2  22   3  52   4  35   5  71   6  18   7  65   8  51   9  27  10  70  11  29  12  53  13  41  14  33  15  51  16  18  17  50  18  17  19  18 
  0  15   1  27   2  20   3  47   4  37   5  73   6  18   7  63   8  46   9  25  10  69  11  27  12  53  13  39  14  33  15  52  16  17  17  50  18  17  19  18 
  0  14   1  27   2  21   3  51   4  36   5  71   6  19   7  64   8  46   9  25  10  71  11  29  12  55  13  40  14  33  15  51  16  16  17  49  18  16  19  18 


