
 20  20

  0  89   1  82   2  66   3  92   4  46   5  51   6  41   7  91   8  40   9  73  10  55  11  74  12  37  13  77  14  72  15  90  16  39  17  84  18  49  19  70 
  0  88   1  81   2  69   3  90   4  46   5  51   6  41   7  94   8  43   9  72  10  55  11  72  12  39  13  77  14  71  15  90  16  41  17  82  18  50  19  72 
  0  86   1  82   2  66   3  91   4  43   5  51   6  39   7  91   8  41   9  71  10  54  11  70  12  39  13  77  14  68  15  90  16  38  17  80  18  47  19  69 
  0  84   1  82   2  66   3  90   4  45   5  46   6  40   7  92   8  36   9  72  10  52  11  66  12  37  13  76  14  68  15  88  16  40  17  82  18  47  19  72 
  0  86   1  80   2  64   3  87   4  46   5  50   6  37   7  89   8  39   9  71  10  51  11  68  12  38  13  75  14  67  15  88  16  40  17  83  18  46  19  70 
  0  87   1  81   2  64   3  88   4  43   5  51   6  38   7  93   8  38   9  73  10  54  11  70  12  39  13  75  14  67  15  90  16  40  17  80  18  46  19  71 
  0  86   1  82   2  69   3  92   4  48   5  51   6  42   7  94   8  43   9  73  10  56  11  74  12  38  13  77  14  71  15  89  16  41  17  84  18  50  19  72 
  0  87   1  82   2  68   3  88   4  44   5  49   6  39   7  91   8  41   9  71  10  53  11  70  12  39  13  75  14  70  15  88  16  37  17  81  18  50  19  72 
  0  89   1  82   2  69   3  90   4  46   5  51   6  42   7  92   8  43   9  71  10  56  11  73  12  37  13  77  14  72  15  90  16  41  17  83  18  48  19  71 
  0  82   1  78   2  61   3  86   4  44   5  47   6  35   7  89   8  34   9  71  10  52  11  68  12  37  13  77  14  66  15  90  16  35  17  78  18  49  19  68 
  0  82   1  82   2  65   3  90   4  42   5  47   6  39   7  93   8  37   9  71  10  51  11  69  12  39  13  75  14  66  15  88  16  40  17  81  18  48  19  71 
  0  89   1  82   2  69   3  90   4  47   5  49   6  40   7  92   8  42   9  72  10  56  11  72  12  39  13  77  14  70  15  90  16  41  17  83  18  48  19  72 
  0  80   1  78   2  61   3  87   4  40   5  45   6  34   7  88   8  33   9  71  10  48  11  66  12  39  13  75  14  65  15  88  16  37  17  78  18  46  19  68 
  0  88   1  80   2  67   3  90   4  46   5  50   6  39   7  91   8  40   9  73  10  53  11  72  12  39  13  76  14  68  15  90  16  41  17  84  18  50  19  72 
  0  85   1  80   2  66   3  89   4  45   5  48   6  41   7  93   8  40   9  72  10  55  11  71  12  39  13  75  14  69  15  90  16  38  17  80  18  48  19  72 
  0  87   1  82   2  67   3  90   4  45   5  48   6  38   7  90   8  40   9  71  10  55  11  73  12  38  13  75  14  69  15  90  16  41  17  84  18  47  19  69 
  0  79   1  81   2  63   3  86   4  42   5  47   6  35   7  90   8  35   9  71  10  48  11  66  12  38  13  75  14  63  15  90  16  38  17  81  18  46  19  69 
  0  86   1  81   2  67   3  91   4  44   5  49   6  38   7  90   8  39   9  73  10  52  11  68  12  37  13  75  14  67  15  88  16  40  17  82  18  49  19  68 
  0  79   1  79   2  61   3  88   4  40   5  48   6  34   7  88   8  37   9  71  10  51  11  68  12  39  13  75  14  66  15  90  16  37  17  81  18  48  19  71 
  0  84   1  78   2  66   3  89   4  44   5  48   6  41   7  90   8  41   9  71  10  55  11  68  12  37  13  75  14  71  15  90  16  39  17  81  18  48  19  68 


