
 20  20

  0  35   1  12   2  21   3  10   4  13   5  15   6  31   7  17   8  58   9  30  10  51  11  20  12  50  13  19  14  19  15  60  16  52  17  14  18  28  19  25 
  0  29   1  12   2  19   3   8   4   6   5  13   6  30   7  10   8  57   9  22  10  49  11  17  12  42  13  19  14  15  15  57  16  45  17   8  18  22  19  19 
  0  31   1  14   2  21   3   8   4   9   5  14   6  30   7  12   8  57   9  24  10  49  11  14  12  44  13  19  14  16  15  55  16  47  17  10  18  24  19  23 
  0  36   1  13   2  21   3   9   4  14   5  15   6  31   7  18   8  59   9  27  10  51  11  22  12  49  13  21  14  19  15  63  16  49  17  12  18  27  19  25 
  0  30   1  12   2  21   3   7   4   5   5  13   6  29   7  11   8  59   9  24  10  49  11  14  12  42  13  19  14  15  15  55  16  44  17   6  18  21  19  19 
  0  33   1  12   2  21   3   6   4   8   5  13   6  29   7  13   8  59   9  27  10  51  11  18  12  45  13  19  14  17  15  60  16  46  17   8  18  25  19  22 
  0  31   1  14   2  21   3   7   4   6   5  14   6  29   7  13   8  59   9  26  10  51  11  16  12  43  13  20  14  15  15  58  16  47  17  10  18  20  19  19 
  0  36   1  14   2  21   3   8   4  14   5  15   6  33   7  17   8  59   9  30  10  49  11  22  12  50  13  19  14  22  15  63  16  50  17  14  18  26  19  25 
  0  33   1  13   2  21   3   6   4   6   5  13   6  29   7  15   8  57   9  26  10  50  11  18  12  45  13  20  14  19  15  59  16  45  17   8  18  21  19  19 
  0  32   1  12   2  19   3   6   4   5   5  14   6  31   7  12   8  59   9  26  10  50  11  18  12  42  13  21  14  18  15  56  16  45  17   6  18  24  19  22 
  0  29   1  12   2  20   3   8   4   6   5  14   6  29   7  10   8  59   9  22  10  49  11  14  12  44  13  19  14  14  15  56  16  44  17   6  18  20  19  19 
  0  32   1  14   2  20   3   8   4   4   5  13   6  32   7  10   8  57   9  23  10  50  11  17  12  43  13  19  14  16  15  58  16  44  17   6  18  22  19  20 
  0  30   1  13   2  20   3   7   4   4   5  13   6  29   7  11   8  57   9  25  10  49  11  14  12  44  13  19  14  16  15  56  16  44  17   6  18  23  19  21 
  0  28   1  13   2  19   3   7   4   4   5  13   6  29   7  10   8  57   9  23  10  49  11  15  12  42  13  19  14  15  15  55  16  46  17   6  18  22  19  19 
  0  31   1  12   2  21   3   6   4   7   5  15   6  29   7  13   8  59   9  22  10  51  11  18  12  44  13  19  14  18  15  58  16  45  17   9  18  20  19  22 
  0  32   1  14   2  19   3   7   4   7   5  15   6  31   7  11   8  58   9  22  10  50  11  15  12  46  13  21  14  17  15  58  16  44  17   9  18  24  19  19 
  0  28   1  12   2  19   3   6   4   4   5  13   6  29   7  11   8  57   9  22  10  49  11  14  12  44  13  19  14  14  15  55  16  45  17   6  18  22  19  19 
  0  30   1  12   2  21   3   8   4   4   5  15   6  29   7  10   8  57   9  25  10  49  11  15  12  42  13  19  14  15  15  57  16  46  17   8  18  23  19  21 
  0  31   1  12   2  21   3   8   4   4   5  13   6  30   7  13   8  57   9  22  10  49  11  16  12  42  13  19  14  14  15  57  16  45  17   7  18  23  19  21 
  0  33   1  14   2  21   3   7   4  10   5  15   6  33   7  15   8  59   9  29  10  50  11  18  12  48  13  19  14  20  15  61  16  51  17  12  18  26  19  25 


