
 20  20

  0  56   1  98   2  58   3  53   4  60   5  67   6  63   7  59   8  69   9  53  10  44  11  81  12  81  13  95  14  39  15  47  16  94  17  81  18  41  19  86 
  0  52   1  94   2  54   3  51   4  56   5  60   6  57   7  57   8  65   9  48  10  44  11  76  12  75  13  89  14  40  15  46  16  93  17  78  18  38  19  82 
  0  57   1  99   2  54   3  51   4  62   5  63   6  64   7  57   8  70   9  50  10  47  11  80  12  81  13  96  14  38  15  50  16  91  17  84  18  40  19  85 
  0  58   1  99   2  58   3  51   4  62   5  69   6  63   7  61   8  70   9  53  10  46  11  80  12  81  13  98  14  40  15  51  16  92  17  82  18  44  19  89 
  0  54   1  94   2  54   3  53   4  57   5  63   6  61   7  58   8  70   9  51  10  43  11  78  12  76  13  92  14  40  15  50  16  94  17  82  18  42  19  84 
  0  56   1  94   2  53   3  53   4  60   5  64   6  60   7  57   8  71   9  51  10  43  11  76  12  78  13  91  14  39  15  48  16  91  17  81  18  40  19  86 
  0  52   1  95   2  52   3  51   4  58   5  60   6  57   7  57   8  67   9  48  10  45  11  75  12  74  13  89  14  39  15  46  16  93  17  78  18  39  19  81 
  0  57   1  99   2  55   3  52   4  60   5  62   6  62   7  61   8  71   9  53  10  46  11  78  12  77  13  91  14  40  15  48  16  91  17  82  18  40  19  84 
  0  60   1  99   2  60   3  53   4  64   5  70   6  66   7  60   8  74   9  53  10  46  11  84  12  81  13  97  14  40  15  52  16  95  17  83  18  46  19  90 
  0  55   1  94   2  53   3  52   4  60   5  62   6  59   7  60   8  71   9  48  10  45  11  79  12  79  13  93  14  40  15  47  16  93  17  81  18  43  19  84 
  0  58   1  97   2  54   3  53   4  59   5  65   6  62   7  60   8  70   9  50  10  47  11  79  12  81  13  94  14  39  15  50  16  94  17  80  18  43  19  87 
  0  61   1  99   2  60   3  53   4  65   5  67   6  64   7  59   8  71   9  52  10  47  11  79  12  82  13  98  14  38  15  48  16  95  17  84  18  45  19  87 
  0  62   1  98   2  58   3  53   4  65   5  69   6  66   7  61   8  75   9  53  10  46  11  82  12  83  13  97  14  38  15  52  16  95  17  85  18  43  19  88 
  0  57   1  97   2  56   3  51   4  63   5  67   6  62   7  61   8  73   9  53  10  47  11  81  12  79  13  96  14  40  15  51  16  94  17  83  18  43  19  88 
  0  58   1  99   2  58   3  53   4  62   5  67   6  65   7  61   8  72   9  51  10  47  11  81  12  82  13  99  14  38  15  50  16  93  17  84  18  43  19  90 
  0  60   1  98   2  59   3  53   4  64   5  70   6  67   7  58   8  75   9  52  10  44  11  82  12  81  13  97  14  38  15  51  16  94  17  86  18  45  19  89 
  0  58   1  99   2  55   3  51   4  64   5  64   6  63   7  58   8  73   9  50  10  46  11  81  12  81  13  93  14  40  15  50  16  93  17  85  18  41  19  84 
  0  53   1  95   2  55   3  53   4  61   5  62   6  60   7  60   8  69   9  52  10  43  11  78  12  77  13  92  14  40  15  50  16  93  17  81  18  38  19  82 
  0  59   1  99   2  56   3  53   4  62   5  66   6  66   7  61   8  73   9  50  10  47  11  82  12  80  13  95  14  40  15  51  16  92  17  83  18  45  19  87 
  0  52   1  94   2  54   3  51   4  58   5  61   6  57   7  58   8  69   9  50  10  45  11  76  12  75  13  93  14  38  15  47  16  91  17  80  18  41  19  82 


