
 20  20

  0  21   1  25   2  44   3  54   4  26   5  23   6  64   7  31   8  61   9  50  10  68  11  65  12  59  13  26  14  20  15  59  16  46  17  40  18  33  19  46 
  0  31   1  29   2  50   3  54   4  27   5  31   6  67   7  38   8  61   9  56  10  69  11  70  12  65  13  32  14  25  15  64  16  51  17  43  18  39  19  46 
  0  23   1  26   2  45   3  55   4  26   5  23   6  64   7  29   8  61   9  49  10  66  11  62  12  57  13  27  14  19  15  61  16  45  17  38  18  36  19  47 
  0  27   1  28   2  48   3  53   4  29   5  25   6  68   7  33   8  61   9  51  10  67  11  64  12  61  13  30  14  24  15  62  16  48  17  43  18  37  19  47 
  0  31   1  32   2  52   3  55   4  30   5  31   6  67   7  39   8  63   9  56  10  70  11  70  12  66  13  33  14  28  15  65  16  52  17  45  18  41  19  46 
  0  26   1  25   2  48   3  53   4  30   5  24   6  66   7  32   8  61   9  49  10  67  11  66  12  60  13  28  14  24  15  61  16  46  17  40  18  35  19  46 
  0  27   1  28   2  51   3  55   4  30   5  30   6  68   7  36   8  62   9  55  10  67  11  70  12  64  13  33  14  26  15  63  16  51  17  43  18  41  19  47 
  0  30   1  29   2  49   3  55   4  30   5  28   6  66   7  37   8  63   9  54  10  68  11  69  12  64  13  31  14  26  15  65  16  52  17  46  18  38  19  48 
  0  30   1  29   2  49   3  55   4  28   5  30   6  67   7  36   8  63   9  55  10  70  11  69  12  66  13  32  14  25  15  63  16  49  17  45  18  41  19  47 
  0  24   1  26   2  50   3  54   4  26   5  25   6  67   7  34   8  62   9  54  10  68  11  65  12  64  13  29  14  21  15  63  16  48  17  40  18  38  19  48 
  0  25   1  25   2  45   3  54   4  28   5  28   6  68   7  34   8  63   9  49  10  70  11  65  12  59  13  26  14  23  15  61  16  45  17  40  18  37  19  47 
  0  25   1  26   2  47   3  55   4  27   5  25   6  68   7  33   8  62   9  54  10  70  11  65  12  61  13  28  14  23  15  64  16  49  17  44  18  37  19  47 
  0  29   1  30   2  50   3  55   4  28   5  28   6  68   7  36   8  63   9  57  10  70  11  70  12  63  13  30  14  28  15  65  16  49  17  42  18  39  19  48 
  0  21   1  27   2  47   3  53   4  27   5  24   6  64   7  31   8  63   9  49  10  67  11  63  12  57  13  28  14  19  15  62  16  47  17  40  18  33  19  48 
  0  26   1  28   2  48   3  55   4  29   5  25   6  66   7  33   8  61   9  54  10  67  11  64  12  62  13  30  14  21  15  61  16  47  17  43  18  39  19  48 
  0  24   1  28   2  46   3  53   4  29   5  26   6  67   7  32   8  62   9  53  10  68  11  68  12  60  13  31  14  25  15  61  16  49  17  44  18  38  19  46 
  0  27   1  28   2  50   3  55   4  30   5  27   6  65   7  37   8  62   9  54  10  67  11  69  12  66  13  30  14  26  15  65  16  51  17  43  18  38  19  46 
  0  25   1  29   2  47   3  54   4  28   5  28   6  67   7  33   8  63   9  50  10  69  11  65  12  60  13  26  14  23  15  64  16  49  17  39  18  37  19  47 
  0  27   1  28   2  49   3  55   4  29   5  26   6  66   7  35   8  63   9  53  10  70  11  66  12  63  13  32  14  25  15  63  16  50  17  43  18  39  19  48 
  0  28   1  29   2  48   3  53   4  28   5  26   6  67   7  35   8  62   9  51  10  67  11  65  12  60  13  28  14  25  15  63  16  49  17  41  18  38  19  46 


