
 20  20

  0  91   1  76   2  53   3  47   4  67   5  79   6  76   7  88   8  49   9  76  10  86  11  96  12  63  13  95  14  67  15  58  16  49  17  64  18  88  19  84 
  0  89   1  75   2  53   3  48   4  67   5  77   6  76   7  84   8  47   9  74  10  84  11  94  12  62  13  93  14  65  15  54  16  46  17  65  18  86  19  80 
  0  88   1  74   2  54   3  48   4  63   5  80   6  74   7  86   8  49   9  76  10  84  11  91  12  63  13  94  14  64  15  53  16  49  17  65  18  88  19  84 
  0  87   1  76   2  51   3  46   4  65   5  77   6  74   7  84   8  48   9  75  10  81  11  91  12  61  13  90  14  63  15  53  16  46  17  64  18  87  19  83 
  0  83   1  75   2  52   3  46   4  61   5  78   6  68   7  83   8  47   9  75  10  79  11  88  12  59  13  89  14  63  15  55  16  46  17  64  18  86  19  80 
  0  92   1  76   2  55   3  48   4  67   5  78   6  75   7  86   8  47   9  76  10  86  11  94  12  61  13  95  14  66  15  58  16  49  17  64  18  86  19  82 
  0  92   1  76   2  55   3  46   4  69   5  79   6  74   7  87   8  49   9  76  10  86  11  96  12  60  13  94  14  69  15  55  16  46  17  66  18  88  19  84 
  0  84   1  76   2  52   3  46   4  61   5  78   6  71   7  80   8  47   9  74  10  81  11  89  12  62  13  88  14  63  15  53  16  45  17  64  18  88  19  81 
  0  89   1  76   2  54   3  48   4  68   5  77   6  75   7  84   8  49   9  74  10  83  11  95  12  60  13  96  14  67  15  55  16  49  17  66  18  88  19  83 
  0  86   1  72   2  52   3  46   4  61   5  79   6  68   7  84   8  47   9  76  10  81  11  89  12  62  13  89  14  64  15  52  16  45  17  65  18  86  19  82 
  0  90   1  77   2  54   3  48   4  68   5  78   6  77   7  86   8  49   9  74  10  85  11  93  12  61  13  94  14  67  15  58  16  46  17  64  18  88  19  82 
  0  87   1  76   2  53   3  46   4  63   5  79   6  73   7  86   8  47   9  76  10  82  11  90  12  61  13  91  14  63  15  56  16  48  17  64  18  88  19  82 
  0  90   1  75   2  53   3  48   4  65   5  79   6  75   7  83   8  49   9  75  10  82  11  92  12  61  13  91  14  65  15  56  16  47  17  66  18  86  19  80 
  0  83   1  75   2  52   3  46   4  61   5  76   6  72   7  80   8  47   9  74  10  80  11  90  12  59  13  91  14  64  15  52  16  47  17  65  18  86  19  81 
  0  89   1  76   2  55   3  48   4  67   5  78   6  72   7  87   8  47   9  75  10  85  11  93  12  63  13  95  14  65  15  55  16  47  17  66  18  86  19  84 
  0  87   1  73   2  54   3  47   4  66   5  76   6  75   7  82   8  48   9  74  10  80  11  93  12  63  13  92  14  63  15  54  16  49  17  65  18  88  19  83 
  0  85   1  74   2  53   3  47   4  63   5  78   6  72   7  81   8  47   9  75  10  78  11  91  12  62  13  90  14  64  15  55  16  45  17  64  18  87  19  80 
  0  92   1  78   2  55   3  48   4  67   5  80   6  76   7  88   8  49   9  75  10  84  11  96  12  61  13  95  14  69  15  57  16  49  17  64  18  88  19  82 
  0  90   1  75   2  50   3  46   4  63   5  78   6  74   7  82   8  47   9  76  10  84  11  91  12  59  13  94  14  64  15  56  16  48  17  64  18  86  19  82 
  0  87   1  76   2  49   3  46   4  62   5  77   6  71   7  80   8  47   9  75  10  79  11  89  12  59  13  92  14  61  15  52  16  46  17  65  18  88  19  80 


