
 20  20

  0  70   1  26   2  57   3  46   4  44   5  60   6  30   7  37   8  40   9  67  10  73  11  54  12  49  13  55  14  46  15  44  16  52  17  54  18  55  19  49 
  0  73   1  28   2  59   3  49   4  45   5  65   6  33   7  38   8  40   9  71  10  74  11  53  12  53  13  56  14  49  15  43  16  54  17  58  18  59  19  48 
  0  74   1  28   2  61   3  47   4  48   5  64   6  35   7  37   8  40   9  70  10  76  11  55  12  51  13  57  14  47  15  46  16  53  17  57  18  59  19  47 
  0  67   1  24   2  54   3  45   4  44   5  61   6  29   7  30   8  36   9  62  10  69  11  49  12  46  13  49  14  44  15  43  16  52  17  53  18  57  19  48 
  0  69   1  25   2  59   3  49   4  44   5  63   6  33   7  35   8  40   9  67  10  72  11  52  12  47  13  54  14  47  15  44  16  52  17  56  18  56  19  47 
  0  68   1  23   2  57   3  46   4  46   5  60   6  31   7  33   8  37   9  66  10  71  11  52  12  48  13  51  14  44  15  43  16  54  17  56  18  58  19  48 
  0  68   1  23   2  57   3  45   4  45   5  61   6  31   7  34   8  39   9  65  10  72  11  52  12  46  13  54  14  44  15  44  16  54  17  57  18  58  19  48 
  0  72   1  27   2  55   3  48   4  44   5  61   6  33   7  36   8  40   9  69  10  72  11  53  12  47  13  56  14  45  15  46  16  52  17  57  18  58  19  48 
  0  65   1  22   2  53   3  45   4  44   5  60   6  31   7  31   8  36   9  62  10  72  11  50  12  45  13  50  14  44  15  42  16  52  17  53  18  57  19  47 
  0  67   1  23   2  59   3  46   4  48   5  64   6  30   7  33   8  38   9  68  10  71  11  54  12  49  13  55  14  47  15  42  16  54  17  58  18  55  19  48 
  0  67   1  25   2  56   3  45   4  48   5  62   6  30   7  34   8  40   9  64  10  70  11  52  12  47  13  52  14  43  15  44  16  52  17  56  18  57  19  49 
  0  72   1  28   2  59   3  48   4  48   5  63   6  35   7  40   8  39   9  71  10  74  11  53  12  50  13  59  14  50  15  44  16  52  17  59  18  59  19  47 
  0  71   1  26   2  57   3  49   4  45   5  64   6  32   7  37   8  36   9  67  10  75  11  50  12  47  13  54  14  46  15  45  16  54  17  54  18  56  19  47 
  0  72   1  23   2  55   3  46   4  45   5  64   6  30   7  37   8  38   9  67  10  74  11  52  12  47  13  55  14  44  15  44  16  53  17  56  18  59  19  49 
  0  69   1  25   2  56   3  48   4  45   5  60   6  30   7  36   8  37   9  67  10  75  11  51  12  51  13  55  14  47  15  46  16  52  17  57  18  55  19  47 
  0  68   1  23   2  55   3  45   4  44   5  59   6  29   7  31   8  39   9  62  10  71  11  51  12  49  13  49  14  42  15  45  16  53  17  53  18  58  19  47 
  0  72   1  28   2  58   3  45   4  45   5  62   6  31   7  34   8  38   9  68  10  75  11  55  12  49  13  54  14  47  15  46  16  54  17  58  18  59  19  48 
  0  70   1  22   2  57   3  45   4  45   5  60   6  29   7  32   8  36   9  66  10  72  11  50  12  45  13  52  14  44  15  42  16  52  17  54  18  57  19  47 
  0  67   1  23   2  53   3  45   4  46   5  59   6  30   7  30   8  36   9  64  10  69  11  51  12  47  13  50  14  43  15  42  16  52  17  53  18  56  19  49 
  0  74   1  26   2  61   3  49   4  48   5  65   6  35   7  40   8  40   9  70  10  77  11  55  12  52  13  59  14  50  15  46  16  54  17  59  18  59  19  48 


