
 20  20

  0  55   1  58   2  60   3  83   4  47   5  59   6  45   7  54   8  77   9  35  10  88  11  82  12  77  13  74  14  32  15  36  16  48  17  63  18  34  19  65 
  0  55   1  58   2  61   3  85   4  51   5  61   6  49   7  57   8  77   9  37  10  88  11  84  12  82  13  73  14  34  15  35  16  50  17  62  18  36  19  65 
  0  56   1  56   2  63   3  85   4  50   5  62   6  48   7  55   8  76   9  37  10  90  11  84  12  79  13  73  14  33  15  35  16  50  17  67  18  37  19  68 
  0  53   1  56   2  60   3  81   4  47   5  57   6  45   7  52   8  77   9  33  10  88  11  78  12  77  13  75  14  32  15  36  16  48  17  62  18  30  19  66 
  0  55   1  56   2  62   3  84   4  47   5  57   6  48   7  54   8  76   9  33  10  90  11  81  12  79  13  74  14  32  15  35  16  50  17  60  18  31  19  64 
  0  58   1  56   2  65   3  87   4  51   5  64   6  51   7  57   8  78   9  40  10  90  11  86  12  83  13  75  14  36  15  35  16  54  17  69  18  38  19  70 
  0  57   1  56   2  65   3  83   4  51   5  64   6  50   7  59   8  78   9  39  10  89  11  86  12  79  13  75  14  34  15  37  16  50  17  65  18  38  19  70 
  0  54   1  58   2  62   3  85   4  50   5  62   6  46   7  56   8  76   9  36  10  90  11  81  12  79  13  73  14  34  15  35  16  49  17  66  18  34  19  68 
  0  58   1  56   2  62   3  84   4  51   5  65   6  52   7  60   8  78   9  40  10  90  11  84  12  80  13  75  14  34  15  37  16  51  17  69  18  35  19  67 
  0  50   1  56   2  61   3  83   4  47   5  55   6  44   7  52   8  77   9  34  10  90  11  78  12  78  13  75  14  34  15  37  16  48  17  59  18  30  19  65 
  0  59   1  58   2  65   3  86   4  51   5  62   6  52   7  58   8  78   9  37  10  90  11  83  12  81  13  75  14  36  15  37  16  54  17  68  18  36  19  68 
  0  55   1  58   2  64   3  84   4  47   5  59   6  48   7  58   8  77   9  36  10  90  11  82  12  81  13  74  14  32  15  35  16  53  17  63  18  34  19  68 
  0  54   1  58   2  62   3  87   4  50   5  62   6  49   7  55   8  76   9  37  10  90  11  81  12  83  13  73  14  34  15  35  16  51  17  64  18  35  19  67 
  0  54   1  56   2  59   3  83   4  47   5  58   6  44   7  52   8  76   9  33  10  88  11  81  12  80  13  73  14  32  15  35  16  48  17  59  18  32  19  65 
  0  57   1  56   2  64   3  83   4  51   5  58   6  48   7  58   8  77   9  34  10  90  11  80  12  79  13  73  14  35  15  36  16  50  17  64  18  32  19  68 
  0  55   1  58   2  63   3  85   4  48   5  61   6  45   7  53   8  76   9  33  10  90  11  79  12  78  13  74  14  32  15  37  16  48  17  65  18  32  19  65 
  0  56   1  58   2  65   3  87   4  49   5  62   6  52   7  60   8  78   9  39  10  90  11  86  12  83  13  75  14  33  15  37  16  54  17  66  18  38  19  69 
  0  52   1  58   2  59   3  81   4  48   5  56   6  44   7  53   8  78   9  33  10  89  11  78  12  77  13  75  14  32  15  37  16  51  17  60  18  32  19  67 
  0  51   1  56   2  61   3  83   4  49   5  55   6  44   7  52   8  76   9  32  10  90  11  78  12  78  13  73  14  32  15  37  16  48  17  60  18  30  19  66 
  0  55   1  57   2  64   3  84   4  49   5  64   6  48   7  55   8  76   9  39  10  89  11  85  12  83  13  73  14  34  15  35  16  54  17  64  18  35  19  66 


