
 20  20

  0  60   1  82   2  87   3  64   4  41   5  51   6  84   7  36   8  65   9  86  10  88  11  88  12  58  13  84  14  31  15  42  16  94  17  50  18  85  19  59 
  0  64   1  82   2  89   3  65   4  40   5  50   6  87   7  38   8  63   9  84  10  86  11  92  12  60  13  86  14  32  15  46  16  94  17  52  18  87  19  61 
  0  65   1  83   2  87   3  68   4  41   5  53   6  87   7  38   8  66   9  84  10  86  11  94  12  65  13  86  14  36  15  45  16  92  17  52  18  88  19  62 
  0  61   1  81   2  88   3  66   4  38   5  50   6  85   7  36   8  61   9  83  10  85  11  89  12  59  13  86  14  33  15  42  16  92  17  48  18  85  19  59 
  0  60   1  81   2  89   3  66   4  39   5  50   6  86   7  38   8  62   9  83  10  88  11  89  12  59  13  87  14  32  15  46  16  93  17  52  18  89  19  63 
  0  63   1  81   2  88   3  67   4  39   5  52   6  84   7  36   8  63   9  85  10  88  11  88  12  63  13  84  14  32  15  47  16  92  17  49  18  86  19  61 
  0  65   1  83   2  89   3  66   4  43   5  51   6  86   7  38   8  64   9  86  10  88  11  92  12  61  13  88  14  35  15  48  16  94  17  53  18  92  19  59 
  0  61   1  83   2  87   3  64   4  39   5  52   6  89   7  39   8  67   9  86  10  88  11  91  12  64  13  88  14  33  15  44  16  93  17  50  18  87  19  60 
  0  62   1  83   2  87   3  67   4  40   5  50   6  84   7  36   8  62   9  85  10  89  11  92  12  62  13  84  14  33  15  44  16  93  17  52  18  90  19  61 
  0  62   1  81   2  87   3  64   4  39   5  51   6  83   7  39   8  61   9  83  10  87  11  86  12  61  13  86  14  31  15  45  16  92  17  49  18  85  19  59 
  0  61   1  83   2  88   3  65   4  38   5  50   6  86   7  36   8  64   9  83  10  85  11  86  12  61  13  86  14  31  15  45  16  94  17  51  18  85  19  61 
  0  62   1  81   2  87   3  67   4  42   5  50   6  87   7  37   8  63   9  84  10  87  11  90  12  63  13  88  14  34  15  44  16  93  17  51  18  90  19  62 
  0  62   1  81   2  88   3  67   4  39   5  52   6  86   7  38   8  61   9  83  10  88  11  88  12  58  13  84  14  33  15  44  16  93  17  49  18  87  19  60 
  0  63   1  81   2  87   3  66   4  42   5  51   6  89   7  39   8  68   9  85  10  85  11  93  12  62  13  88  14  34  15  49  16  93  17  54  18  88  19  60 
  0  62   1  81   2  89   3  65   4  43   5  50   6  87   7  36   8  64   9  84  10  87  11  94  12  63  13  85  14  38  15  48  16  92  17  51  18  90  19  62 
  0  67   1  82   2  88   3  67   4  41   5  52   6  90   7  38   8  69   9  86  10  87  11  94  12  66  13  85  14  39  15  50  16  94  17  53  18  91  19  61 
  0  67   1  81   2  89   3  67   4  42   5  54   6  89   7  40   8  68   9  86  10  89  11  96  12  66  13  88  14  40  15  47  16  94  17  51  18  92  19  62 
  0  66   1  81   2  87   3  66   4  44   5  52   6  90   7  40   8  66   9  87  10  89  11  96  12  63  13  88  14  39  15  50  16  93  17  52  18  91  19  63 
  0  62   1  83   2  88   3  66   4  41   5  50   6  87   7  36   8  61   9  84  10  85  11  87  12  62  13  84  14  31  15  45  16  94  17  49  18  85  19  61 
  0  61   1  83   2  87   3  64   4  40   5  53   6  83   7  36   8  61   9  83  10  85  11  89  12  62  13  87  14  32  15  43  16  93  17  47  18  89  19  59 


