
 20  20

  0  61   1  50   2  14   3  63   4  12   5  24   6  42   7  40   8  36   9  50  10  29  11  29  12  28  13  18  14  46  15  65  16  60  17  54  18   9  19  18 
  0  66   1  51   2  17   3  63   4  14   5  28   6  44   7  39   8  38   9  51  10  28  11  33  12  26  13  16  14  46  15  66  16  64  17  53  18  11  19  19 
  0  61   1  48   2  16   3  61   4  12   5  24   6  40   7  36   8  36   9  51  10  26  11  30  12  28  13  17  14  46  15  63  16  61  17  53  18  11  19  15 
  0  62   1  51   2  18   3  61   4  12   5  27   6  44   7  39   8  38   9  48  10  30  11  29  12  28  13  16  14  46  15  64  16  61  17  53  18  10  19  20 
  0  68   1  53   2  20   3  62   4  17   5  30   6  44   7  41   8  37   9  52  10  31  11  33  12  26  13  16  14  46  15  68  16  61  17  54  18  11  19  22 
  0  64   1  54   2  20   3  64   4  15   5  26   6  44   7  42   8  35   9  52  10  30  11  30  12  26  13  18  14  45  15  65  16  60  17  52  18  11  19  17 
  0  61   1  46   2  12   3  60   4  11   5  24   6  42   7  34   8  35   9  50  10  27  11  30  12  26  13  16  14  44  15  61  16  61  17  52  18   9  19  14 
  0  66   1  56   2  20   3  64   4  16   5  27   6  41   7  42   8  38   9  50  10  29  11  33  12  26  13  16  14  44  15  68  16  62  17  54  18  11  19  19 
  0  62   1  51   2  14   3  60   4  15   5  24   6  43   7  38   8  34   9  48  10  27  11  31  12  27  13  18  14  46  15  61  16  59  17  52  18   9  19  18 
  0  58   1  47   2  12   3  62   4  13   5  24   6  41   7  35   8  34   9  50  10  26  11  29  12  26  13  18  14  46  15  61  16  60  17  52  18   9  19  14 
  0  65   1  50   2  15   3  62   4  16   5  26   6  40   7  40   8  35   9  48  10  30  11  32  12  26  13  18  14  44  15  66  16  63  17  53  18  11  19  18 
  0  67   1  54   2  22   3  64   4  17   5  30   6  44   7  44   8  37   9  52  10  31  11  34  12  28  13  18  14  46  15  69  16  63  17  54  18  11  19  22 
  0  64   1  52   2  18   3  64   4  15   5  30   6  44   7  42   8  36   9  49  10  30  11  31  12  28  13  17  14  44  15  68  16  63  17  53  18   9  19  21 
  0  63   1  51   2  19   3  64   4  13   5  26   6  41   7  39   8  38   9  50  10  26  11  32  12  27  13  18  14  46  15  64  16  60  17  53  18  11  19  16 
  0  58   1  47   2  12   3  60   4  14   5  26   6  43   7  38   8  36   9  50  10  27  11  28  12  27  13  16  14  44  15  62  16  58  17  54  18  11  19  15 
  0  68   1  56   2  21   3  62   4  17   5  30   6  44   7  41   8  36   9  50  10  31  11  34  12  28  13  16  14  46  15  68  16  64  17  54  18   9  19  20 
  0  63   1  55   2  21   3  64   4  16   5  28   6  43   7  42   8  35   9  51  10  29  11  30  12  26  13  17  14  44  15  65  16  62  17  54  18   9  19  20 
  0  68   1  54   2  18   3  64   4  16   5  28   6  42   7  41   8  36   9  51  10  30  11  33  12  28  13  18  14  46  15  66  16  63  17  52  18  11  19  20 
  0  67   1  56   2  22   3  64   4  17   5  29   6  44   7  43   8  38   9  52  10  29  11  32  12  28  13  16  14  46  15  69  16  63  17  53  18  10  19  22 
  0  67   1  51   2  18   3  64   4  15   5  27   6  42   7  40   8  38   9  51  10  31  11  30  12  27  13  16  14  44  15  66  16  60  17  52  18  11  19  21 


