
 20  20

  0  57   1  43   2  59   3  33   4  77   5  66   6  81   7  87   8  35   9  71  10  32  11  64  12  58  13  74  14  65  15  41  16  89  17  38  18  53  19  46 
  0  50   1  33   2  57   3  27   4  72   5  58   6  74   7  81   8  27   9  70  10  32  11  59  12  57  13  74  14  60  15  33  16  83  17  32  18  45  19  41 
  0  59   1  41   2  59   3  29   4  77   5  61   6  80   7  86   8  33   9  72  10  34  11  62  12  59  13  76  14  65  15  38  16  85  17  34  18  48  19  42 
  0  60   1  41   2  59   3  33   4  77   5  65   6  83   7  85   8  34   9  70  10  34  11  67  12  57  13  74  14  64  15  43  16  88  17  37  18  51  19  47 
  0  59   1  38   2  58   3  29   4  75   5  64   6  81   7  84   8  33   9  71  10  34  11  66  12  57  13  74  14  62  15  42  16  89  17  34  18  50  19  44 
  0  56   1  40   2  61   3  31   4  74   5  62   6  80   7  86   8  30   9  70  10  32  11  62  12  58  13  76  14  64  15  39  16  86  17  36  18  49  19  47 
  0  53   1  37   2  57   3  28   4  73   5  59   6  80   7  84   8  29   9  70  10  32  11  63  12  59  13  76  14  61  15  36  16  86  17  32  18  48  19  43 
  0  54   1  37   2  59   3  30   4  77   5  62   6  81   7  84   8  33   9  71  10  34  11  63  12  57  13  75  14  64  15  37  16  86  17  37  18  48  19  44 
  0  52   1  34   2  57   3  29   4  71   5  60   6  74   7  81   8  28   9  71  10  34  11  59  12  59  13  74  14  63  15  36  16  83  17  32  18  47  19  40 
  0  50   1  34   2  58   3  27   4  73   5  57   6  75   7  81   8  25   9  72  10  34  11  58  12  57  13  74  14  60  15  34  16  83  17  30  18  46  19  42 
  0  51   1  33   2  59   3  27   4  71   5  59   6  78   7  81   8  28   9  70  10  32  11  57  12  57  13  75  14  60  15  33  16  84  17  31  18  48  19  41 
  0  60   1  42   2  61   3  32   4  77   5  66   6  84   7  87   8  31   9  72  10  34  11  63  12  59  13  74  14  65  15  43  16  86  17  35  18  50  19  47 
  0  56   1  39   2  58   3  29   4  73   5  63   6  77   7  84   8  28   9  70  10  33  11  62  12  57  13  76  14  65  15  40  16  85  17  36  18  48  19  41 
  0  57   1  41   2  58   3  31   4  76   5  62   6  82   7  85   8  31   9  72  10  33  11  65  12  59  13  75  14  63  15  40  16  88  17  38  18  51  19  45 
  0  50   1  37   2  60   3  29   4  71   5  60   6  74   7  82   8  25   9  70  10  32  11  57  12  57  13  75  14  62  15  34  16  84  17  30  18  48  19  39 
  0  53   1  36   2  59   3  27   4  75   5  61   6  76   7  81   8  29   9  71  10  32  11  58  12  58  13  76  14  62  15  35  16  85  17  33  18  47  19  40 
  0  59   1  41   2  60   3  31   4  74   5  64   6  82   7  86   8  34   9  70  10  34  11  63  12  58  13  74  14  66  15  43  16  86  17  38  18  51  19  46 
  0  53   1  38   2  60   3  29   4  76   5  62   6  77   7  86   8  32   9  70  10  34  11  62  12  57  13  76  14  61  15  39  16  88  17  34  18  49  19  45 
  0  51   1  35   2  60   3  28   4  73   5  59   6  77   7  83   8  25   9  72  10  33  11  58  12  57  13  74  14  63  15  34  16  85  17  30  18  47  19  42 
  0  54   1  37   2  59   3  30   4  73   5  63   6  81   7  86   8  30   9  70  10  32  11  62  12  57  13  76  14  63  15  40  16  87  17  37  18  50  19  43 


