
 20  20

  0  69   1  54   2  75   3  28   4  65   5  32   6  26   7  77   8  77   9  32  10  42  11  51  12  53  13  40  14  25  15  19  16  71  17  43  18  65  19  65 
  0  69   1  50   2  74   3  25   4  63   5  30   6  27   7  77   8  75   9  30  10  42  11  51  12  52  13  39  14  22  15  18  16  69  17  42  18  65  19  61 
  0  61   1  47   2  71   3  21   4  55   5  28   6  25   7  71   8  73   9  29  10  36  11  46  12  47  13  32  14  17  15  15  16  68  17  36  18  62  19  56 
  0  66   1  49   2  71   3  20   4  59   5  31   6  25   7  71   8  74   9  30  10  38  11  48  12  45  13  37  14  18  15  15  16  67  17  38  18  64  19  60 
  0  64   1  49   2  74   3  22   4  59   5  31   6  23   7  71   8  76   9  33  10  42  11  48  12  48  13  37  14  20  15  17  16  67  17  40  18  62  19  59 
  0  65   1  47   2  71   3  24   4  61   5  29   6  25   7  71   8  76   9  31  10  39  11  46  12  48  13  36  14  19  15  16  16  67  17  42  18  64  19  57 
  0  65   1  52   2  73   3  26   4  63   5  32   6  26   7  75   8  74   9  29  10  41  11  50  12  52  13  36  14  24  15  17  16  68  17  42  18  64  19  60 
  0  65   1  53   2  73   3  27   4  59   5  32   6  24   7  76   8  77   9  34  10  39  11  50  12  49  13  39  14  22  15  19  16  71  17  40  18  65  19  63 
  0  71   1  54   2  75   3  28   4  65   5  33   6  26   7  77   8  77   9  32  10  42  11  50  12  54  13  41  14  25  15  17  16  71  17  46  18  65  19  63 
  0  63   1  47   2  73   3  21   4  58   5  32   6  23   7  70   8  76   9  28  10  38  11  48  12  47  13  33  14  19  15  15  16  67  17  40  18  62  19  59 
  0  68   1  53   2  75   3  26   4  65   5  31   6  26   7  73   8  74   9  32  10  41  11  49  12  53  13  41  14  23  15  17  16  68  17  42  18  65  19  64 
  0  68   1  54   2  74   3  27   4  64   5  32   6  26   7  76   8  77   9  34  10  42  11  52  12  51  13  40  14  23  15  19  16  71  17  42  18  64  19  61 
  0  61   1  47   2  71   3  20   4  56   5  28   6  26   7  69   8  76   9  28  10  36  11  46  12  44  13  34  14  17  15  15  16  67  17  39  18  63  19  58 
  0  64   1  52   2  75   3  25   4  58   5  31   6  27   7  71   8  73   9  30  10  39  11  49  12  51  13  38  14  21  15  17  16  71  17  43  18  64  19  60 
  0  71   1  54   2  75   3  26   4  61   5  32   6  25   7  73   8  74   9  33  10  42  11  50  12  53  13  40  14  24  15  18  16  71  17  42  18  63  19  61 
  0  66   1  49   2  72   3  26   4  58   5  30   6  24   7  71   8  74   9  32  10  40  11  51  12  48  13  38  14  19  15  18  16  69  17  42  18  62  19  61 
  0  64   1  49   2  73   3  24   4  60   5  29   6  24   7  73   8  74   9  32  10  38  11  50  12  49  13  37  14  20  15  19  16  70  17  42  18  65  19  62 
  0  69   1  50   2  71   3  23   4  61   5  32   6  26   7  71   8  73   9  33  10  41  11  49  12  48  13  38  14  19  15  16  16  68  17  42  18  63  19  63 
  0  66   1  49   2  71   3  23   4  59   5  33   6  25   7  72   8  74   9  29  10  39  11  50  12  47  13  35  14  21  15  15  16  69  17  40  18  64  19  59 
  0  66   1  50   2  72   3  25   4  60   5  31   6  25   7  70   8  74   9  28  10  40  11  48  12  48  13  33  14  20  15  15  16  70  17  38  18  61  19  60 


