
 20  20

  0  26   1  45   2  44   3  66   4  46   5  27   6  74   7  35   8  28   9  56  10  77  11  41  12  40  13  41  14  27  15  68  16  76  17  56  18  67  19  45 
  0  26   1  45   2  43   3  67   4  49   5  27   6  76   7  37   8  28   9  57  10  76  11  40  12  44  13  45  14  30  15  71  16  80  17  55  18  69  19  47 
  0  33   1  48   2  48   3  70   4  52   5  33   6  78   7  43   8  30   9  60  10  80  11  46  12  50  13  49  14  32  15  72  16  82  17  63  18  77  19  54 
  0  26   1  45   2  45   3  69   4  46   5  29   6  77   7  39   8  27   9  55  10  76  11  42  12  41  13  43  14  29  15  68  16  78  17  57  18  68  19  49 
  0  25   1  45   2  43   3  66   4  48   5  25   6  77   7  37   8  28   9  55  10  76  11  40  12  43  13  42  14  27  15  70  16  77  17  58  18  68  19  46 
  0  27   1  42   2  44   3  66   4  50   5  27   6  76   7  36   8  29   9  57  10  74  11  42  12  43  13  43  14  26  15  71  16  78  17  56  18  69  19  47 
  0  28   1  45   2  43   3  66   4  50   5  30   6  74   7  37   8  29   9  56  10  74  11  44  12  44  13  43  14  29  15  70  16  79  17  60  18  69  19  48 
  0  28   1  46   2  48   3  66   4  51   5  27   6  77   7  41   8  27   9  58  10  78  11  41  12  45  13  46  14  29  15  73  16  78  17  60  18  73  19  48 
  0  24   1  44   2  45   3  66   4  48   5  28   6  75   7  38   8  27   9  54  10  74  11  42  12  40  13  45  14  26  15  69  16  76  17  55  18  67  19  45 
  0  29   1  48   2  49   3  66   4  50   5  32   6  75   7  39   8  30   9  56  10  76  11  43  12  45  13  47  14  28  15  73  16  78  17  61  18  74  19  49 
  0  30   1  44   2  48   3  69   4  51   5  31   6  75   7  41   8  29   9  56  10  79  11  45  12  45  13  47  14  29  15  72  16  78  17  57  18  74  19  48 
  0  23   1  42   2  43   3  66   4  46   5  25   6  74   7  35   8  27   9  55  10  75  11  40  12  42  13  41  14  28  15  68  16  76  17  54  18  67  19  46 
  0  28   1  46   2  45   3  67   4  49   5  27   6  76   7  38   8  29   9  55  10  78  11  41  12  43  13  45  14  27  15  71  16  80  17  55  18  69  19  46 
  0  28   1  45   2  44   3  69   4  51   5  27   6  78   7  38   8  31   9  55  10  78  11  42  12  48  13  43  14  31  15  71  16  81  17  59  18  71  19  50 
  0  25   1  45   2  48   3  69   4  50   5  26   6  75   7  40   8  31   9  59  10  77  11  41  12  42  13  45  14  30  15  71  16  81  17  56  18  71  19  51 
  0  23   1  42   2  43   3  68   4  47   5  25   6  74   7  35   8  27   9  54  10  75  11  40  12  40  13  41  14  26  15  69  16  77  17  54  18  69  19  45 
  0  29   1  46   2  49   3  67   4  50   5  30   6  77   7  40   8  30   9  60  10  77  11  46  12  48  13  47  14  31  15  70  16  80  17  62  18  72  19  51 
  0  32   1  46   2  49   3  70   4  52   5  33   6  77   7  43   8  31   9  60  10  80  11  45  12  49  13  49  14  32  15  72  16  82  17  61  18  76  19  54 
  0  30   1  47   2  47   3  70   4  52   5  30   6  78   7  41   8  31   9  60  10  79  11  46  12  48  13  49  14  32  15  74  16  81  17  64  18  76  19  53 
  0  26   1  44   2  43   3  67   4  46   5  29   6  76   7  39   8  30   9  54  10  74  11  40  12  44  13  42  14  26  15  68  16  78  17  57  18  68  19  45 


