
 20  20

  0  17   1  55   2  40   3  27   4  55   5  46   6  10   7  41   8  28   9  52  10  40  11  27  12  57  13  24  14  68  15  29  16  35  17  38  18  20  19  30 
  0  11   1  47   2  38   3  26   4  49   5  41   6  10   7  41   8  24   9  49  10  34  11  25  12  53  13  21  14  66  15  23  16  36  17  32  18  20  19  26 
  0  12   1  49   2  36   3  28   4  48   5  39   6  12   7  42   8  25   9  49  10  36  11  25  12  52  13  21  14  66  15  23  16  36  17  31  18  20  19  24 
  0  19   1  55   2  39   3  28   4  56   5  47   6  12   7  42   8  31   9  53  10  38  11  27  12  58  13  27  14  70  15  29  16  37  17  36  18  22  19  32 
  0  13   1  51   2  39   3  26   4  46   5  43   6  10   7  40   8  26   9  50  10  35  11  25  12  52  13  23  14  68  15  23  16  37  17  33  18  20  19  26 
  0  18   1  55   2  38   3  28   4  55   5  44   6  10   7  42   8  31   9  55  10  40  11  27  12  56  13  27  14  70  15  29  16  37  17  35  18  20  19  31 
  0  15   1  51   2  37   3  28   4  54   5  44   6  12   7  43   8  30   9  53  10  40  11  27  12  57  13  26  14  70  15  29  16  37  17  37  18  20  19  33 
  0  13   1  52   2  36   3  28   4  51   5  44   6  12   7  40   8  28   9  51  10  36  11  26  12  56  13  22  14  66  15  25  16  37  17  31  18  22  19  25 
  0  11   1  50   2  37   3  26   4  51   5  43   6  11   7  40   8  27   9  50  10  36  11  25  12  53  13  25  14  69  15  23  16  37  17  33  18  22  19  26 
  0  19   1  55   2  40   3  26   4  55   5  44   6  10   7  42   8  31   9  52  10  39  11  26  12  56  13  26  14  70  15  29  16  37  17  36  18  22  19  31 
  0  14   1  52   2  39   3  26   4  50   5  41   6  12   7  42   8  24   9  50  10  37  11  25  12  52  13  25  14  68  15  27  16  36  17  33  18  22  19  24 
  0  11   1  47   2  37   3  27   4  46   5  39   6  10   7  42   8  23   9  52  10  37  11  25  12  52  13  24  14  66  15  26  16  35  17  32  18  22  19  23 
  0  19   1  52   2  40   3  28   4  54   5  43   6  10   7  43   8  29   9  54  10  38  11  27  12  58  13  26  14  70  15  27  16  37  17  38  18  21  19  33 
  0  11   1  48   2  38   3  26   4  50   5  40   6  12   7  43   8  27   9  53  10  35  11  25  12  52  13  22  14  66  15  24  16  37  17  30  18  20  19  26 
  0  10   1  50   2  39   3  26   4  50   5  43   6  11   7  43   8  25   9  52  10  37  11  27  12  56  13  21  14  69  15  26  16  36  17  33  18  20  19  25 
  0  13   1  54   2  36   3  27   4  52   5  46   6  11   7  40   8  29   9  50  10  37  11  25  12  57  13  22  14  66  15  28  16  36  17  35  18  22  19  31 
  0  11   1  47   2  38   3  28   4  46   5  39   6  12   7  41   8  23   9  49  10  37  11  25  12  52  13  24  14  67  15  23  16  35  17  31  18  20  19  23 
  0  15   1  52   2  40   3  28   4  53   5  44   6  12   7  44   8  30   9  54  10  39  11  25  12  54  13  27  14  70  15  25  16  37  17  37  18  21  19  30 
  0  19   1  53   2  38   3  27   4  53   5  44   6  12   7  42   8  27   9  54  10  40  11  27  12  57  13  26  14  70  15  27  16  37  17  38  18  22  19  30 
  0  16   1  52   2  38   3  27   4  53   5  42   6  12   7  40   8  29   9  51  10  40  11  25  12  54  13  27  14  66  15  27  16  36  17  37  18  20  19  28 


