
 20  20

  0  71   1  82   2  80   3  63   4  78   5  81   6  84   7  60   8  37   9  54  10  47  11  41  12  63  13  84  14  58  15  61  16  38  17  49  18  77  19  92 
  0  71   1  82   2  79   3  65   4  78   5  79   6  84   7  62   8  37   9  54  10  47  11  41  12  65  13  84  14  61  15  63  16  38  17  49  18  80  19  90 
  0  68   1  79   2  81   3  65   4  76   5  79   6  84   7  61   8  37   9  48  10  45  11  41  12  65  13  84  14  55  15  63  16  36  17  47  18  80  19  90 
  0  66   1  80   2  77   3  59   4  75   5  80   6  80   7  55   8  37   9  49  10  46  11  37  12  65  13  85  14  56  15  60  16  37  17  45  18  74  19  90 
  0  67   1  77   2  78   3  61   4  74   5  79   6  80   7  55   8  36   9  47  10  47  11  36  12  63  13  84  14  55  15  62  16  36  17  46  18  75  19  90 
  0  70   1  81   2  81   3  64   4  77   5  79   6  84   7  60   8  36   9  54  10  46  11  42  12  64  13  86  14  59  15  62  16  38  17  48  18  80  19  90 
  0  61   1  76   2  77   3  59   4  74   5  79   6  79   7  54   8  35   9  44  10  45  11  35  12  63  13  82  14  51  15  59  16  37  17  45  18  74  19  91 
  0  66   1  80   2  77   3  63   4  74   5  79   6  82   7  55   8  37   9  48  10  45  11  38  12  65  13  82  14  55  15  59  16  38  17  46  18  75  19  90 
  0  65   1  77   2  80   3  61   4  78   5  80   6  83   7  57   8  35   9  51  10  45  11  40  12  65  13  82  14  57  15  61  16  38  17  49  18  76  19  90 
  0  71   1  82   2  81   3  63   4  78   5  81   6  84   7  62   8  37   9  54  10  47  11  42  12  63  13  86  14  61  15  63  16  36  17  49  18  80  19  91 
  0  62   1  76   2  77   3  59   4  75   5  79   6  79   7  55   8  35   9  44  10  47  11  35  12  63  13  84  14  52  15  61  16  36  17  45  18  75  19  92 
  0  66   1  78   2  80   3  60   4  77   5  81   6  81   7  55   8  35   9  49  10  45  11  36  12  65  13  84  14  54  15  59  16  37  17  45  18  77  19  92 
  0  63   1  76   2  77   3  62   4  74   5  80   6  79   7  55   8  35   9  48  10  47  11  35  12  63  13  85  14  54  15  60  16  38  17  45  18  76  19  90 
  0  64   1  76   2  78   3  59   4  74   5  81   6  78   7  57   8  36   9  46  10  45  11  37  12  63  13  82  14  51  15  59  16  37  17  45  18  75  19  91 
  0  70   1  82   2  81   3  65   4  78   5  81   6  84   7  62   8  36   9  53  10  47  11  42  12  64  13  86  14  61  15  62  16  37  17  49  18  78  19  92 
  0  70   1  81   2  79   3  65   4  76   5  80   6  83   7  61   8  37   9  54  10  47  11  42  12  65  13  86  14  58  15  62  16  38  17  47  18  78  19  92 
  0  64   1  76   2  77   3  62   4  74   5  79   6  77   7  55   8  36   9  44  10  47  11  34  12  65  13  82  14  51  15  59  16  36  17  45  18  75  19  90 
  0  67   1  78   2  78   3  63   4  75   5  81   6  83   7  57   8  35   9  51  10  45  11  40  12  65  13  86  14  56  15  62  16  36  17  47  18  80  19  90 
  0  61   1  77   2  77   3  60   4  76   5  79   6  76   7  54   8  35   9  44  10  47  11  37  12  63  13  84  14  54  15  59  16  37  17  46  18  75  19  90 
  0  67   1  80   2  78   3  61   4  74   5  80   6  80   7  56   8  37   9  47  10  47  11  37  12  63  13  85  14  53  15  59  16  38  17  45  18  78  19  90 


