
 20  20

  0  51   1  32   2  11   3  29   4  13   5  40   6  13   7  20   8  46   9  13  10  56  11  12  12  43  13  13  14  59  15  28  16  15  17  14  18  42  19  22 
  0  52   1  32   2   8   3  30   4  11   5  40   6  18   7  18   8  50   9  13  10  57  11  12  12  41  13  13  14  63  15  26  16  15  17  13  18  39  19  22 
  0  47   1  33   2   7   3  29   4  11   5  42   6  11   7  17   8  46   9  13  10  54  11  11  12  38  13  11  14  62  15  28  16  15  17  13  18  38  19  22 
  0  46   1  32   2   7   3  28   4  11   5  40   6  12   7  17   8  43   9  13  10  49  11   9  12  37  13   9  14  62  15  26  16  13  17  13  18  40  19  25 
  0  54   1  34   2  10   3  27   4  11   5  43   6  17   7  22   8  50   9  17  10  57  11  14  12  45  13  15  14  62  15  28  16  15  17  15  18  41  19  25 
  0  48   1  34   2   7   3  25   4  13   5  40   6  14   7  16   8  45   9  16  10  54  11   8  12  41  13   9  14  60  15  26  16  15  17  15  18  39  19  24 
  0  51   1  32   2   6   3  27   4  12   5  41   6  15   7  17   8  46   9  16  10  52  11  10  12  41  13  11  14  60  15  26  16  14  17  15  18  38  19  25 
  0  48   1  33   2   6   3  25   4  12   5  38   6  11   7  16   8  43   9  14  10  50  11   6  12  37  13   8  14  61  15  26  16  15  17  14  18  38  19  22 
  0  53   1  34   2   7   3  27   4  13   5  39   6  16   7  17   8  46   9  17  10  56  11  12  12  40  13   9  14  61  15  26  16  15  17  13  18  40  19  25 
  0  52   1  32   2   8   3  26   4  13   5  41   6  15   7  19   8  49   9  13  10  53  11   8  12  39  13  11  14  59  15  28  16  14  17  13  18  40  19  23 
  0  48   1  34   2   4   3  26   4  11   5  41   6  14   7  18   8  46   9  13  10  53  11   6  12  41  13  10  14  61  15  27  16  13  17  14  18  39  19  23 
  0  49   1  33   2   9   3  28   4  12   5  39   6  13   7  19   8  46   9  15  10  52  11   7  12  40  13   8  14  59  15  28  16  14  17  15  18  39  19  22 
  0  56   1  34   2  14   3  29   4  13   5  41   6  18   7  20   8  52   9  17  10  57  11  12  12  44  13  16  14  63  15  28  16  13  17  14  18  42  19  26 
  0  48   1  32   2   7   3  25   4  11   5  39   6  11   7  18   8  45   9  13  10  52  11   7  12  38  13   8  14  59  15  26  16  13  17  13  18  38  19  24 
  0  49   1  32   2   7   3  25   4  13   5  42   6  13   7  16   8  46   9  14  10  52  11   8  12  41  13   8  14  62  15  26  16  15  17  15  18  40  19  22 
  0  46   1  32   2   7   3  25   4  11   5  40   6  11   7  16   8  45   9  15  10  52  11   9  12  38  13   6  14  60  15  26  16  15  17  14  18  40  19  22 
  0  46   1  34   2   5   3  25   4  11   5  38   6  12   7  16   8  43   9  14  10  51  11   6  12  37  13   7  14  60  15  26  16  13  17  13  18  38  19  22 
  0  53   1  34   2  14   3  28   4  12   5  41   6  19   7  22   8  52   9  17  10  56  11  13  12  45  13  15  14  62  15  28  16  14  17  15  18  42  19  24 
  0  46   1  34   2   4   3  25   4  12   5  38   6  12   7  18   8  44   9  13  10  49  11   7  12  37  13   8  14  59  15  26  16  15  17  13  18  39  19  22 
  0  56   1  34   2  12   3  28   4  13   5  41   6  20   7  22   8  53   9  15  10  59  11  13  12  46  13  16  14  62  15  26  16  14  17  15  18  42  19  26 


