
 20  20

  0  52   1  45   2  48   3  17   4  68   5  75   6  37   7  41   8  61   9  67  10  41  11  69  12  40  13  47  14  31  15  66  16  41  17  46  18  39  19  25 
  0  52   1  47   2  46   3  17   4  67   5  76   6  35   7  41   8  59   9  64  10  42  11  67  12  42  13  48  14  31  15  68  16  41  17  49  18  40  19  28 
  0  52   1  45   2  45   3  17   4  66   5  74   6  36   7  42   8  59   9  65  10  43  11  66  12  39  13  46  14  33  15  68  16  39  17  46  18  39  19  26 
  0  57   1  50   2  45   3  20   4  68   5  80   6  35   7  45   8  65   9  66  10  43  11  72  12  42  13  52  14  33  15  68  16  44  17  48  18  45  19  31 
  0  59   1  50   2  47   3  20   4  73   5  77   6  39   7  42   8  66   9  69  10  42  11  73  12  41  13  49  14  33  15  68  16  42  17  50  18  42  19  35 
  0  60   1  49   2  47   3  23   4  71   5  79   6  36   7  44   8  63   9  70  10  41  11  73  12  43  13  51  14  31  15  68  16  42  17  50  18  45  19  35 
  0  54   1  46   2  45   3  19   4  67   5  74   6  37   7  45   8  60   9  64  10  41  11  70  12  39  13  48  14  31  15  66  16  42  17  46  18  39  19  30 
  0  62   1  51   2  48   3  20   4  73   5  78   6  39   7  45   8  67   9  67  10  43  11  75  12  43  13  49  14  33  15  68  16  42  17  50  18  43  19  35 
  0  60   1  48   2  46   3  22   4  72   5  79   6  39   7  43   8  63   9  69  10  42  11  74  12  43  13  51  14  31  15  66  16  41  17  47  18  45  19  32 
  0  62   1  51   2  49   3  23   4  71   5  80   6  38   7  42   8  67   9  67  10  41  11  75  12  43  13  52  14  33  15  67  16  43  17  47  18  42  19  31 
  0  55   1  47   2  45   3  21   4  66   5  78   6  35   7  42   8  60   9  65  10  41  11  68  12  40  13  47  14  31  15  68  16  41  17  48  18  42  19  27 
  0  58   1  49   2  47   3  19   4  68   5  77   6  38   7  42   8  61   9  67  10  43  11  69  12  39  13  48  14  32  15  67  16  42  17  49  18  40  19  32 
  0  55   1  48   2  45   3  22   4  69   5  78   6  38   7  41   8  61   9  69  10  42  11  71  12  42  13  50  14  32  15  66  16  41  17  49  18  40  19  32 
  0  60   1  49   2  49   3  19   4  70   5  79   6  39   7  42   8  64   9  69  10  42  11  70  12  43  13  48  14  33  15  68  16  41  17  50  18  41  19  31 
  0  57   1  49   2  47   3  21   4  66   5  77   6  35   7  41   8  61   9  65  10  41  11  71  12  39  13  50  14  32  15  66  16  38  17  48  18  41  19  29 
  0  58   1  49   2  46   3  19   4  70   5  77   6  35   7  41   8  60   9  66  10  41  11  71  12  42  13  47  14  31  15  67  16  40  17  49  18  42  19  30 
  0  60   1  48   2  49   3  20   4  74   5  78   6  39   7  44   8  65   9  68  10  43  11  74  12  43  13  49  14  33  15  68  16  42  17  48  18  43  19  34 
  0  55   1  49   2  46   3  21   4  69   5  79   6  37   7  43   8  62   9  66  10  43  11  73  12  43  13  48  14  32  15  67  16  43  17  50  18  42  19  29 
  0  52   1  48   2  45   3  17   4  66   5  74   6  37   7  41   8  60   9  66  10  41  11  68  12  42  13  47  14  33  15  66  16  38  17  48  18  41  19  27 
  0  52   1  47   2  45   3  17   4  64   5  74   6  36   7  43   8  59   9  66  10  41  11  67  12  39  13  46  14  32  15  68  16  38  17  46  18  39  19  25 


