
 20  20

  0  47   1  63   2  73   3  68   4  27   5  30   6  70   7  63   8  68   9  35  10  60  11  56  12  56  13  59  14  36  15  68  16  42  17  77  18  53  19  55 
  0  55   1  64   2  79   3  68   4  29   5  30   6  73   7  67   8  71   9  38  10  60  11  62  12  58  13  58  14  37  15  75  16  42  17  81  18  57  19  58 
  0  55   1  64   2  76   3  67   4  28   5  32   6  74   7  65   8  69   9  38  10  60  11  63  12  57  13  57  14  39  15  73  16  43  17  80  18  56  19  58 
  0  46   1  62   2  74   3  68   4  26   5  30   6  72   7  61   8  65   9  30  10  58  11  54  12  58  13  57  14  35  15  67  16  38  17  77  18  51  19  52 
  0  54   1  64   2  79   3  66   4  30   5  30   6  76   7  67   8  70   9  33  10  59  11  63  12  59  13  57  14  38  15  70  16  43  17  81  18  55  19  56 
  0  52   1  63   2  76   3  68   4  29   5  30   6  74   7  65   8  71   9  38  10  60  11  60  12  58  13  59  14  38  15  71  16  43  17  81  18  56  19  56 
  0  56   1  64   2  80   3  68   4  30   5  31   6  76   7  66   8  72   9  38  10  59  11  64  12  58  13  59  14  39  15  75  16  45  17  81  18  59  19  56 
  0  53   1  64   2  78   3  68   4  30   5  32   6  73   7  67   8  73   9  36  10  60  11  61  12  58  13  58  14  39  15  75  16  45  17  78  18  57  19  58 
  0  48   1  62   2  73   3  66   4  27   5  30   6  70   7  62   8  65   9  31  10  60  11  57  12  56  13  58  14  34  15  66  16  37  17  78  18  52  19  54 
  0  46   1  62   2  70   3  66   4  26   5  30   6  70   7  61   8  63   9  30  10  58  11  54  12  56  13  57  14  35  15  65  16  37  17  77  18  53  19  52 
  0  52   1  62   2  77   3  66   4  26   5  30   6  72   7  67   8  71   9  33  10  59  11  60  12  59  13  59  14  37  15  73  16  41  17  81  18  55  19  57 
  0  52   1  64   2  76   3  68   4  30   5  32   6  75   7  65   8  69   9  38  10  58  11  63  12  60  13  57  14  37  15  72  16  42  17  80  18  59  19  58 
  0  49   1  62   2  73   3  67   4  27   5  30   6  71   7  64   8  65   9  30  10  60  11  55  12  56  13  59  14  35  15  66  16  39  17  79  18  53  19  53 
  0  54   1  63   2  79   3  68   4  29   5  32   6  73   7  65   8  68   9  37  10  58  11  63  12  59  13  59  14  37  15  73  16  42  17  79  18  56  19  58 
  0  53   1  62   2  74   3  67   4  29   5  30   6  72   7  66   8  70   9  32  10  60  11  57  12  57  13  58  14  37  15  72  16  40  17  80  18  54  19  57 
  0  50   1  63   2  75   3  68   4  26   5  30   6  72   7  62   8  66   9  32  10  58  11  58  12  60  13  57  14  36  15  68  16  39  17  77  18  56  19  57 
  0  51   1  64   2  76   3  68   4  28   5  30   6  75   7  63   8  71   9  35  10  59  11  63  12  60  13  57  14  38  15  74  16  42  17  81  18  57  19  54 
  0  56   1  64   2  80   3  67   4  30   5  30   6  75   7  67   8  73   9  37  10  60  11  64  12  57  13  57  14  39  15  74  16  42  17  80  18  57  19  58 
  0  55   1  62   2  78   3  68   4  27   5  31   6  74   7  66   8  68   9  33  10  60  11  59  12  58  13  59  14  38  15  70  16  41  17  80  18  56  19  55 
  0  56   1  64   2  79   3  68   4  28   5  32   6  76   7  65   8  73   9  37  10  58  11  64  12  60  13  58  14  37  15  75  16  43  17  80  18  57  19  58 


