
 20  20

  0  53   1  64   2  35   3  68   4  76   5  41   6  59   7  30   8  77   9  52  10  53  11  36  12  60  13  43  14  23  15  79  16  67  17  73  18  73  19  22 
  0  56   1  62   2  40   3  70   4  76   5  42   6  59   7  31   8  78   9  56  10  57  11  36  12  61  13  42  14  23  15  78  16  67  17  73  18  73  19  22 
  0  61   1  64   2  42   3  72   4  80   5  43   6  61   7  36   8  80   9  60  10  59  11  38  12  69  13  49  14  23  15  80  16  71  17  73  18  75  19  27 
  0  62   1  62   2  45   3  72   4  80   5  41   6  60   7  33   8  79   9  60  10  62  11  36  12  65  13  49  14  23  15  80  16  71  17  71  18  72  19  26 
  0  56   1  63   2  37   3  67   4  77   5  43   6  56   7  33   8  79   9  55  10  55  11  37  12  63  13  43  14  23  15  80  16  67  17  71  18  73  19  25 
  0  56   1  62   2  41   3  68   4  76   5  43   6  59   7  29   8  79   9  57  10  57  11  33  12  61  13  45  14  25  15  78  16  65  17  73  18  71  19  23 
  0  63   1  62   2  45   3  72   4  79   5  41   6  60   7  37   8  79   9  60  10  62  11  39  12  69  13  49  14  25  15  79  16  70  17  73  18  75  19  27 
  0  59   1  64   2  40   3  68   4  78   5  41   6  61   7  34   8  77   9  58  10  59  11  35  12  66  13  47  14  23  15  80  16  69  17  71  18  71  19  22 
  0  56   1  62   2  39   3  70   4  80   5  43   6  60   7  29   8  78   9  57  10  56  11  38  12  65  13  44  14  25  15  79  16  69  17  73  18  74  19  23 
  0  59   1  62   2  39   3  67   4  78   5  42   6  58   7  30   8  80   9  58  10  56  11  38  12  63  13  47  14  24  15  78  16  67  17  73  18  72  19  25 
  0  53   1  62   2  35   3  69   4  78   5  41   6  56   7  28   8  79   9  52  10  55  11  34  12  62  13  41  14  24  15  78  16  67  17  71  18  71  19  24 
  0  54   1  62   2  35   3  68   4  78   5  42   6  57   7  28   8  78   9  52  10  54  11  33  12  59  13  42  14  23  15  78  16  66  17  71  18  71  19  24 
  0  63   1  63   2  44   3  69   4  79   5  41   6  62   7  33   8  80   9  57  10  61  11  39  12  68  13  48  14  25  15  80  16  69  17  73  18  73  19  27 
  0  61   1  64   2  42   3  69   4  76   5  43   6  58   7  33   8  81   9  55  10  60  11  35  12  66  13  44  14  23  15  79  16  70  17  71  18  75  19  26 
  0  63   1  62   2  45   3  70   4  79   5  43   6  62   7  37   8  80   9  59  10  62  11  39  12  69  13  47  14  25  15  78  16  69  17  72  18  73  19  26 
  0  62   1  64   2  41   3  70   4  78   5  43   6  60   7  32   8  80   9  57  10  58  11  37  12  66  13  47  14  24  15  78  16  67  17  73  18  72  19  27 
  0  57   1  62   2  40   3  66   4  76   5  41   6  57   7  29   8  78   9  55  10  53  11  34  12  61  13  44  14  23  15  78  16  68  17  73  18  71  19  23 
  0  63   1  64   2  45   3  72   4  80   5  43   6  62   7  35   8  81   9  58  10  62  11  38  12  67  13  47  14  24  15  80  16  71  17  73  18  74  19  26 
  0  61   1  63   2  45   3  72   4  80   5  43   6  62   7  37   8  81   9  59  10  59  11  38  12  68  13  47  14  23  15  79  16  71  17  71  18  75  19  26 
  0  55   1  62   2  35   3  66   4  79   5  41   6  58   7  28   8  77   9  54  10  53  11  33  12  59  13  41  14  24  15  78  16  67  17  73  18  71  19  21 


