
 20  20

  0  72   1  46   2  65   3  43   4  86   5  64   6  63   7  67   8  28   9  36  10  74  11  74  12  76  13  58  14  80  15  45  16  79  17  28  18  43  19  77 
  0  68   1  41   2  57   3  39   4  78   5  61   6  59   7  67   8  24   9  30  10  71  11  70  12  69  13  49  14  77  15  39  16  78  17  25  18  40  19  70 
  0  74   1  46   2  65   3  43   4  84   5  64   6  64   7  67   8  27   9  33  10  72  11  73  12  76  13  56  14  80  15  44  16  79  17  28  18  43  19  75 
  0  67   1  42   2  59   3  40   4  79   5  61   6  60   7  65   8  24   9  32  10  68  11  73  12  69  13  51  14  75  15  39  16  77  17  22  18  39  19  71 
  0  65   1  41   2  55   3  39   4  79   5  59   6  58   7  66   8  22   9  30  10  66  11  70  12  67  13  50  14  77  15  40  16  79  17  23  18  39  19  70 
  0  69   1  46   2  58   3  41   4  80   5  62   6  63   7  65   8  27   9  35  10  71  11  74  12  72  13  55  14  79  15  42  16  77  17  27  18  42  19  73 
  0  70   1  43   2  60   3  40   4  79   5  60   6  59   7  67   8  24   9  35  10  70  11  73  12  72  13  54  14  78  15  41  16  78  17  23  18  42  19  70 
  0  66   1  44   2  56   3  39   4  81   5  61   6  58   7  67   8  26   9  34  10  66  11  70  12  68  13  52  14  75  15  43  16  77  17  26  18  39  19  72 
  0  70   1  44   2  65   3  42   4  84   5  63   6  63   7  67   8  28   9  33  10  73  11  73  12  74  13  56  14  81  15  44  16  79  17  28  18  41  19  74 
  0  67   1  41   2  59   3  42   4  80   5  58   6  62   7  66   8  26   9  30  10  67  11  72  12  71  13  53  14  76  15  40  16  77  17  23  18  40  19  70 
  0  64   1  41   2  57   3  39   4  76   5  61   6  58   7  65   8  24   9  30  10  67  11  72  12  66  13  48  14  77  15  39  16  77  17  25  18  42  19  67 
  0  70   1  47   2  59   3  41   4  80   5  62   6  61   7  65   8  27   9  32  10  73  11  72  12  70  13  52  14  77  15  43  16  79  17  27  18  39  19  75 
  0  69   1  46   2  62   3  41   4  82   5  62   6  64   7  66   8  26   9  34  10  70  11  73  12  74  13  55  14  81  15  45  16  79  17  25  18  42  19  74 
  0  72   1  46   2  63   3  43   4  86   5  62   6  63   7  67   8  25   9  33  10  74  11  74  12  73  13  55  14  79  15  45  16  79  17  28  18  41  19  74 
  0  70   1  44   2  61   3  41   4  83   5  62   6  63   7  66   8  28   9  35  10  72  11  71  12  74  13  55  14  81  15  42  16  79  17  28  18  41  19  76 
  0  65   1  43   2  59   3  42   4  79   5  58   6  59   7  65   8  24   9  33  10  70  11  72  12  70  13  53  14  79  15  40  16  78  17  24  18  42  19  69 
  0  68   1  46   2  62   3  42   4  81   5  60   6  62   7  65   8  26   9  36  10  69  11  73  12  74  13  55  14  79  15  44  16  77  17  24  18  40  19  72 
  0  64   1  40   2  55   3  39   4  76   5  59   6  58   7  66   8  22   9  31  10  66  11  72  12  68  13  48  14  76  15  39  16  79  17  22  18  40  19  69 
  0  72   1  46   2  63   3  42   4  83   5  63   6  61   7  65   8  26   9  36  10  73  11  74  12  75  13  58  14  78  15  42  16  79  17  27  18  41  19  77 
  0  64   1  40   2  55   3  39   4  76   5  59   6  58   7  67   8  22   9  30  10  68  11  71  12  68  13  49  14  76  15  40  16  78  17  22  18  40  19  67 


