
 20  20

  0  36   1  61   2  51   3  40   4  47   5  70   6  41   7  58   8  73   9  29  10  51  11  65  12  29  13  47  14  74  15  49  16  66  17  35  18  38  19  43 
  0  40   1  63   2  54   3  41   4  51   5  76   6  42   7  60   8  75   9  29  10  49  11  67  12  31  13  51  14  74  15  51  16  66  17  37  18  43  19  44 
  0  44   1  63   2  55   3  44   4  52   5  77   6  46   7  60   8  77   9  35  10  51  11  65  12  31  13  55  14  72  15  51  16  67  17  42  18  45  19  47 
  0  45   1  62   2  53   3  42   4  53   5  77   6  42   7  60   8  79   9  32  10  49  11  66  12  31  13  54  14  73  15  49  16  67  17  40  18  46  19  46 
  0  38   1  61   2  51   3  41   4  48   5  71   6  42   7  60   8  74   9  31  10  51  11  66  12  29  13  51  14  72  15  50  16  68  17  38  18  42  19  45 
  0  39   1  65   2  54   3  44   4  50   5  73   6  45   7  60   8  77   9  30  10  49  11  64  12  29  13  50  14  72  15  51  16  68  17  38  18  43  19  47 
  0  38   1  63   2  53   3  43   4  46   5  71   6  40   7  58   8  76   9  30  10  49  11  65  12  29  13  50  14  72  15  49  16  66  17  34  18  38  19  43 
  0  38   1  61   2  53   3  40   4  49   5  75   6  41   7  60   8  77   9  30  10  50  11  64  12  31  13  52  14  74  15  51  16  67  17  35  18  40  19  45 
  0  44   1  65   2  56   3  42   4  55   5  80   6  46   7  59   8  78   9  35  10  51  11  67  12  30  13  57  14  74  15  51  16  68  17  40  18  46  19  47 
  0  40   1  61   2  53   3  43   4  47   5  74   6  40   7  58   8  77   9  33  10  49  11  64  12  31  13  52  14  74  15  49  16  66  17  34  18  38  19  46 
  0  44   1  65   2  56   3  44   4  52   5  77   6  44   7  60   8  76   9  32  10  51  11  65  12  31  13  57  14  74  15  51  16  68  17  42  18  43  19  45 
  0  42   1  65   2  52   3  44   4  49   5  76   6  46   7  59   8  76   9  34  10  51  11  65  12  29  13  52  14  73  15  51  16  68  17  39  18  44  19  44 
  0  36   1  61   2  53   3  43   4  45   5  70   6  40   7  60   8  73   9  30  10  49  11  63  12  29  13  48  14  74  15  51  16  66  17  34  18  39  19  42 
  0  46   1  65   2  54   3  44   4  52   5  80   6  46   7  58   8  77   9  34  10  51  11  67  12  29  13  55  14  73  15  51  16  68  17  42  18  46  19  48 
  0  41   1  63   2  53   3  42   4  50   5  71   6  43   7  60   8  73   9  29  10  51  11  65  12  29  13  51  14  74  15  51  16  68  17  35  18  43  19  42 
  0  46   1  65   2  56   3  44   4  53   5  80   6  45   7  58   8  79   9  32  10  50  11  65  12  31  13  55  14  72  15  51  16  66  17  39  18  43  19  46 
  0  39   1  61   2  52   3  41   4  50   5  75   6  41   7  60   8  75   9  32  10  49  11  66  12  30  13  51  14  72  15  51  16  67  17  34  18  39  19  44 
  0  45   1  63   2  54   3  43   4  55   5  80   6  46   7  59   8  78   9  34  10  51  11  65  12  31  13  57  14  74  15  51  16  68  17  42  18  46  19  48 
  0  45   1  63   2  54   3  42   4  55   5  78   6  45   7  60   8  78   9  35  10  50  11  65  12  31  13  54  14  73  15  51  16  68  17  42  18  43  19  48 
  0  36   1  61   2  50   3  40   4  47   5  70   6  40   7  58   8  75   9  30  10  49  11  65  12  29  13  48  14  72  15  50  16  67  17  35  18  39  19  42 


