
 20  20

  0  29   1  62   2  28   3  36   4  59   5  62   6  52   7  30   8  65   9  69  10  50  11  25  12  80  13  62  14  23  15  42  16  39  17  47  18  78  19  73 
  0  38   1  62   2  32   3  44   4  65   5  64   6  60   7  31   8  64   9  70  10  55  11  30  12  86  13  68  14  28  15  40  16  42  17  45  18  86  19  77 
  0  37   1  61   2  31   3  44   4  64   5  62   6  59   7  34   8  64   9  69  10  53  11  29  12  86  13  67  14  28  15  42  16  40  17  47  18  88  19  79 
  0  28   1  60   2  26   3  35   4  57   5  59   6  52   7  26   8  63   9  67  10  50  11  23  12  80  13  63  14  24  15  41  16  38  17  47  18  80  19  73 
  0  35   1  61   2  28   3  41   4  63   5  64   6  55   7  33   8  63   9  72  10  52  11  29  12  82  13  65  14  28  15  42  16  38  17  45  18  83  19  75 
  0  36   1  62   2  32   3  43   4  65   5  65   6  60   7  32   8  65   9  72  10  56  11  31  12  86  13  66  14  26  15  42  16  40  17  45  18  88  19  79 
  0  38   1  63   2  32   3  44   4  65   5  66   6  58   7  32   8  65   9  71  10  56  11  31  12  85  13  67  14  28  15  42  16  42  17  47  18  87  19  79 
  0  35   1  64   2  30   3  40   4  58   5  62   6  57   7  30   8  65   9  70  10  51  11  28  12  81  13  64  14  24  15  42  16  42  17  45  18  85  19  76 
  0  34   1  64   2  29   3  40   4  62   5  62   6  57   7  33   8  64   9  69  10  53  11  28  12  85  13  65  14  25  15  41  16  39  17  45  18  86  19  75 
  0  34   1  64   2  32   3  45   4  62   5  65   6  57   7  31   8  65   9  72  10  53  11  30  12  86  13  67  14  25  15  41  16  41  17  47  18  88  19  77 
  0  32   1  61   2  28   3  36   4  58   5  58   6  52   7  28   8  63   9  66  10  51  11  24  12  81  13  64  14  25  15  40  16  38  17  46  18  80  19  76 
  0  29   1  62   2  26   3  38   4  59   5  62   6  57   7  28   8  65   9  68  10  52  11  27  12  84  13  66  14  24  15  42  16  40  17  45  18  80  19  73 
  0  32   1  61   2  31   3  41   4  59   5  62   6  58   7  31   8  65   9  68  10  51  11  28  12  83  13  66  14  23  15  42  16  41  17  47  18  85  19  75 
  0  30   1  60   2  26   3  38   4  56   5  58   6  55   7  26   8  63   9  68  10  50  11  23  12  83  13  64  14  24  15  42  16  38  17  46  18  78  19  75 
  0  37   1  64   2  31   3  41   4  62   5  65   6  59   7  31   8  65   9  72  10  55  11  29  12  86  13  65  14  28  15  42  16  40  17  47  18  88  19  79 
  0  34   1  61   2  29   3  41   4  61   5  62   6  57   7  30   8  64   9  72  10  54  11  31  12  83  13  68  14  26  15  42  16  39  17  46  18  86  19  76 
  0  36   1  62   2  28   3  40   4  61   5  65   6  58   7  32   8  64   9  69  10  53  11  28  12  85  13  65  14  27  15  41  16  42  17  45  18  86  19  75 
  0  37   1  63   2  30   3  45   4  65   5  63   6  60   7  34   8  65   9  71  10  56  11  29  12  86  13  68  14  28  15  40  16  42  17  46  18  87  19  76 
  0  32   1  60   2  28   3  40   4  63   5  65   6  58   7  31   8  65   9  69  10  56  11  26  12  84  13  66  14  28  15  40  16  39  17  45  18  83  19  79 
  0  35   1  63   2  29   3  45   4  65   5  65   6  57   7  30   8  65   9  72  10  56  11  27  12  86  13  68  14  27  15  41  16  42  17  47  18  86  19  79 


