
 20  20

  0  37   1  64   2  87   3  62   4  47   5  69   6  42   7  66   8  43   9  52  10  67  11  45  12  43  13  85  14  62  15  54  16  47  17  94  18  75  19  58 
  0  39   1  63   2  88   3  61   4  47   5  66   6  42   7  66   8  44   9  54  10  68  11  48  12  44  13  85  14  63  15  53  16  45  17  94  18  76  19  58 
  0  34   1  61   2  83   3  62   4  48   5  65   6  37   7  63   8  42   9  50  10  64  11  43  12  43  13  84  14  62  15  52  16  45  17  92  18  76  19  60 
  0  39   1  62   2  88   3  61   4  48   5  69   6  39   7  63   8  44   9  51  10  65  11  48  12  45  13  83  14  62  15  54  16  47  17  94  18  75  19  58 
  0  29   1  57   2  80   3  58   4  45   5  63   6  35   7  63   8  42   9  44  10  62  11  42  12  43  13  83  14  61  15  50  16  45  17  92  18  76  19  55 
  0  34   1  62   2  85   3  59   4  46   5  66   6  39   7  65   8  44   9  52  10  67  11  45  12  45  13  84  14  63  15  50  16  47  17  92  18  76  19  60 
  0  31   1  57   2  85   3  58   4  46   5  62   6  38   7  65   8  42   9  49  10  64  11  44  12  45  13  85  14  60  15  49  16  45  17  92  18  74  19  55 
  0  33   1  61   2  83   3  60   4  46   5  62   6  38   7  64   8  44   9  46  10  66  11  43  12  43  13  84  14  61  15  48  16  47  17  94  18  76  19  56 
  0  31   1  57   2  84   3  60   4  46   5  63   6  39   7  64   8  42   9  45  10  66  11  45  12  45  13  82  14  59  15  50  16  47  17  93  18  76  19  55 
  0  29   1  55   2  79   3  60   4  44   5  61   6  36   7  62   8  42   9  44  10  62  11  41  12  43  13  82  14  59  15  49  16  47  17  94  18  74  19  55 
  0  33   1  63   2  83   3  58   4  46   5  68   6  40   7  66   8  42   9  49  10  68  11  46  12  43  13  82  14  59  15  54  16  46  17  92  18  74  19  60 
  0  33   1  57   2  79   3  61   4  47   5  62   6  36   7  63   8  42   9  46  10  62  11  43  12  44  13  82  14  60  15  51  16  45  17  92  18  74  19  56 
  0  36   1  64   2  89   3  60   4  48   5  69   6  39   7  66   8  43   9  53  10  66  11  47  12  43  13  83  14  62  15  54  16  46  17  94  18  76  19  59 
  0  29   1  57   2  79   3  59   4  44   5  61   6  34   7  61   8  43   9  45  10  61  11  42  12  43  13  81  14  59  15  47  16  47  17  92  18  74  19  54 
  0  34   1  58   2  81   3  60   4  45   5  67   6  40   7  62   8  44   9  49  10  64  11  43  12  45  13  83  14  59  15  51  16  45  17  94  18  75  19  56 
  0  34   1  58   2  84   3  61   4  45   5  66   6  39   7  60   8  43   9  47  10  63  11  41  12  45  13  82  14  62  15  52  16  45  17  93  18  76  19  56 
  0  34   1  61   2  84   3  62   4  48   5  65   6  39   7  64   8  44   9  49  10  63  11  46  12  43  13  82  14  62  15  50  16  45  17  93  18  74  19  57 
  0  35   1  60   2  84   3  59   4  48   5  66   6  37   7  64   8  42   9  48  10  68  11  45  12  45  13  83  14  62  15  50  16  45  17  94  18  74  19  58 
  0  29   1  56   2  80   3  59   4  44   5  62   6  36   7  61   8  42   9  45  10  61  11  41  12  44  13  81  14  60  15  49  16  46  17  92  18  74  19  55 
  0  31   1  57   2  83   3  61   4  44   5  63   6  38   7  64   8  42   9  46  10  64  11  42  12  45  13  83  14  61  15  48  16  47  17  94  18  76  19  54 


