
 20  20

  0  37   1  77   2  51   3  52   4  73   5  71   6  50   7  63   8  38   9  36  10  57  11  39  12  72  13  65  14  77  15  58  16  35  17  51  18  75  19  49 
  0  44   1  81   2  54   3  59   4  73   5  79   6  56   7  65   8  46   9  38  10  59  11  39  12  72  13  72  14  82  15  58  16  42  17  59  18  83  19  51 
  0  44   1  81   2  51   3  58   4  73   5  79   6  53   7  65   8  45   9  38  10  59  11  40  12  72  13  71  14  79  15  58  16  40  17  59  18  81  19  48 
  0  43   1  77   2  50   3  55   4  73   5  79   6  52   7  65   8  44   9  34  10  58  11  41  12  73  13  72  14  79  15  60  16  39  17  54  18  79  19  51 
  0  44   1  77   2  50   3  58   4  73   5  76   6  55   7  63   8  44   9  36  10  61  11  39  12  74  13  67  14  77  15  58  16  39  17  54  18  77  19  51 
  0  40   1  81   2  51   3  58   4  72   5  77   6  51   7  65   8  40   9  37  10  58  11  39  12  74  13  71  14  79  15  58  16  37  17  55  18  80  19  48 
  0  43   1  79   2  52   3  57   4  73   5  79   6  55   7  65   8  42   9  36  10  58  11  41  12  72  13  70  14  80  15  59  16  40  17  59  18  81  19  48 
  0  45   1  81   2  54   3  57   4  71   5  81   6  56   7  64   8  43   9  38  10  59  11  39  12  72  13  71  14  80  15  58  16  41  17  58  18  81  19  51 
  0  42   1  77   2  50   3  56   4  71   5  76   6  53   7  65   8  42   9  36  10  57  11  41  12  73  13  66  14  79  15  60  16  40  17  56  18  76  19  48 
  0  43   1  77   2  53   3  55   4  73   5  75   6  53   7  63   8  43   9  34  10  61  11  40  12  72  13  70  14  79  15  58  16  36  17  56  18  76  19  47 
  0  47   1  81   2  54   3  60   4  73   5  78   6  56   7  64   8  46   9  36  10  60  11  41  12  72  13  73  14  83  15  60  16  44  17  59  18  82  19  51 
  0  41   1  80   2  50   3  52   4  72   5  73   6  50   7  63   8  42   9  35  10  59  11  39  12  73  13  66  14  75  15  58  16  36  17  50  18  78  19  48 
  0  43   1  80   2  54   3  59   4  73   5  76   6  55   7  63   8  42   9  38  10  59  11  40  12  73  13  69  14  79  15  60  16  42  17  58  18  78  19  51 
  0  42   1  78   2  50   3  55   4  72   5  74   6  53   7  64   8  39   9  36  10  57  11  40  12  73  13  68  14  80  15  58  16  39  17  53  18  79  19  47 
  0  40   1  79   2  50   3  54   4  73   5  76   6  53   7  64   8  42   9  37  10  60  11  40  12  74  13  67  14  76  15  60  16  37  17  52  18  77  19  47 
  0  44   1  77   2  50   3  56   4  71   5  75   6  55   7  63   8  41   9  36  10  60  11  39  12  72  13  70  14  79  15  58  16  41  17  55  18  78  19  51 
  0  38   1  79   2  50   3  55   4  72   5  71   6  52   7  63   8  41   9  34  10  57  11  39  12  72  13  65  14  75  15  58  16  34  17  51  18  74  19  48 
  0  41   1  79   2  52   3  56   4  72   5  77   6  53   7  64   8  41   9  37  10  60  11  41  12  74  13  70  14  78  15  60  16  40  17  56  18  78  19  51 
  0  37   1  77   2  52   3  52   4  71   5  73   6  50   7  63   8  39   9  37  10  59  11  41  12  73  13  66  14  77  15  59  16  36  17  51  18  74  19  48 
  0  45   1  79   2  54   3  58   4  72   5  78   6  53   7  63   8  43   9  38  10  58  11  41  12  72  13  72  14  81  15  58  16  42  17  59  18  79  19  48 


