
 20  20

  0  10   1  64   2  36   3  21   4  23   5  38   6  39   7  13   8  10   9  15  10  35  11  42  12  15  13  21  14  38  15  19  16  61  17  60  18  67  19  49 
  0  18   1  72   2  42   3  21   4  31   5  44   6  40   7  15   8  15   9  19  10  34  11  45  12  18  13  21  14  38  15  25  16  61  17  67  18  65  19  56 
  0  10   1  64   2  37   3  20   4  23   5  41   6  41   7  12   8  14   9  17  10  33  11  42  12  16  13  19  14  39  15  23  16  61  17  63  18  65  19  51 
  0  11   1  64   2  38   3  22   4  23   5  39   6  39   7  12   8  11   9  14  10  33  11  40  12  16  13  20  14  38  15  19  16  59  17  61  18  67  19  49 
  0  15   1  74   2  42   3  22   4  31   5  45   6  41   7  14   8  20   9  20  10  37  11  46  12  21  13  25  14  40  15  26  16  61  17  66  18  67  19  56 
  0   9   1  65   2  36   3  20   4  23   5  38   6  39   7  13   8  10   9  15  10  32  11  43  12  13  13  22  14  40  15  20  16  59  17  59  18  66  19  49 
  0  17   1  71   2  44   3  22   4  31   5  43   6  41   7  16   8  18   9  23  10  38  11  50  12  21  13  25  14  40  15  28  16  60  17  67  18  67  19  54 
  0  13   1  68   2  36   3  20   4  24   5  38   6  39   7  12   8  10   9  15  10  32  11  40  12  13  13  19  14  40  15  21  16  59  17  59  18  65  19  49 
  0   9   1  64   2  36   3  20   4  23   5  39   6  39   7  13   8  11   9  13  10  32  11  43  12  13  13  20  14  38  15  19  16  61  17  60  18  65  19  48 
  0  19   1  73   2  41   3  22   4  28   5  42   6  41   7  15   8  17   9  19  10  37  11  46  12  19  13  23  14  40  15  25  16  60  17  66  18  66  19  52 
  0   9   1  66   2  36   3  20   4  23   5  38   6  40   7  13   8  10   9  13  10  32  11  40  12  15  13  19  14  38  15  19  16  59  17  60  18  65  19  48 
  0  17   1  73   2  43   3  22   4  30   5  45   6  40   7  13   8  19   9  23  10  38  11  49  12  19  13  23  14  40  15  27  16  59  17  67  18  66  19  56 
  0  17   1  72   2  41   3  20   4  31   5  46   6  41   7  14   8  20   9  23  10  37  11  50  12  20  13  25  14  39  15  28  16  61  17  65  18  66  19  54 
  0  17   1  72   2  44   3  22   4  28   5  45   6  39   7  16   8  19   9  21  10  36  11  46  12  18  13  25  14  38  15  28  16  59  17  64  18  67  19  54 
  0  17   1  69   2  42   3  22   4  28   5  42   6  41   7  14   8  18   9  20  10  34  11  46  12  19  13  24  14  40  15  27  16  59  17  65  18  66  19  54 
  0  15   1  68   2  41   3  21   4  30   5  45   6  40   7  12   8  14   9  20  10  38  11  44  12  20  13  25  14  40  15  24  16  59  17  66  18  67  19  51 
  0   9   1  65   2  39   3  20   4  23   5  40   6  39   7  15   8  11   9  15  10  32  11  43  12  16  13  19  14  40  15  23  16  60  17  62  18  67  19  51 
  0  14   1  69   2  38   3  21   4  25   5  43   6  39   7  12   8  12   9  18  10  33  11  46  12  14  13  23  14  40  15  21  16  61  17  62  18  66  19  50 
  0  14   1  69   2  40   3  22   4  28   5  45   6  41   7  12   8  14   9  19  10  38  11  48  12  20  13  24  14  38  15  23  16  59  17  63  18  65  19  51 
  0  16   1  73   2  43   3  21   4  31   5  42   6  39   7  15   8  17   9  21  10  35  11  48  12  21  13  25  14  38  15  25  16  61  17  64  18  65  19  56 


