
 20  20

  0  48   1  57   2  38   3  83   4  57   5  51   6  62   7  89   8  64   9  74  10  92  11  44  12  72  13  88  14  47  15  86  16  85  17  71  18  74  19  41 
  0  44   1  55   2  34   3  81   4  59   5  44   6  57   7  85   8  61   9  71  10  90  11  44  12  68  13  83  14  42  15  86  16  82  17  69  18  70  19  37 
  0  49   1  55   2  37   3  79   4  57   5  50   6  61   7  85   8  63   9  76  10  92  11  46  12  74  13  86  14  48  15  88  16  82  17  71  18  73  19  39 
  0  45   1  55   2  36   3  81   4  58   5  49   6  63   7  88   8  65   9  75  10  94  11  44  12  73  13  84  14  47  15  86  16  81  17  68  18  73  19  38 
  0  47   1  56   2  36   3  82   4  59   5  51   6  64   7  88   8  64   9  77  10  90  11  45  12  74  13  86  14  47  15  86  16  86  17  71  18  73  19  40 
  0  44   1  55   2  38   3  81   4  57   5  48   6  58   7  85   8  64   9  75  10  90  11  44  12  73  13  88  14  45  15  86  16  85  17  68  18  73  19  39 
  0  47   1  57   2  37   3  83   4  58   5  47   6  61   7  89   8  65   9  74  10  90  11  46  12  73  13  85  14  47  15  87  16  85  17  68  18  74  19  39 
  0  47   1  57   2  38   3  83   4  58   5  50   6  64   7  86   8  69   9  78  10  92  11  44  12  77  13  89  14  50  15  86  16  86  17  72  18  78  19  40 
  0  47   1  57   2  37   3  80   4  59   5  47   6  62   7  87   8  67   9  74  10  90  11  44  12  73  13  86  14  47  15  88  16  85  17  72  18  72  19  40 
  0  48   1  55   2  39   3  82   4  58   5  48   6  62   7  87   8  65   9  76  10  93  11  46  12  71  13  87  14  44  15  86  16  85  17  72  18  75  19  41 
  0  47   1  57   2  37   3  81   4  60   5  49   6  61   7  88   8  65   9  71  10  91  11  44  12  73  13  86  14  45  15  86  16  81  17  69  18  72  19  40 
  0  46   1  56   2  36   3  79   4  59   5  46   6  59   7  87   8  65   9  71  10  90  11  46  12  71  13  84  14  43  15  86  16  82  17  70  18  73  19  37 
  0  42   1  56   2  34   3  79   4  57   5  46   6  57   7  87   8  62   9  70  10  92  11  44  12  68  13  83  14  43  15  86  16  80  17  68  18  71  19  36 
  0  46   1  57   2  36   3  79   4  59   5  49   6  58   7  86   8  63   9  75  10  92  11  44  12  72  13  86  14  46  15  86  16  83  17  68  18  70  19  38 
  0  52   1  57   2  40   3  83   4  60   5  52   6  66   7  87   8  67   9  78  10  94  11  46  12  78  13  91  14  49  15  87  16  88  17  72  18  78  19  41 
  0  43   1  55   2  34   3  80   4  57   5  45   6  62   7  85   8  65   9  74  10  92  11  44  12  72  13  83  14  44  15  87  16  80  17  68  18  74  19  37 
  0  43   1  55   2  34   3  80   4  58   5  45   6  58   7  86   8  65   9  70  10  92  11  44  12  69  13  83  14  44  15  86  16  80  17  69  18  69  19  36 
  0  44   1  57   2  34   3  80   4  58   5  44   6  61   7  87   8  61   9  71  10  91  11  44  12  72  13  84  14  44  15  86  16  80  17  70  18  71  19  36 
  0  48   1  57   2  39   3  83   4  58   5  51   6  63   7  88   8  66   9  77  10  93  11  44  12  74  13  91  14  49  15  88  16  88  17  69  18  74  19  38 
  0  45   1  57   2  38   3  83   4  58   5  47   6  60   7  89   8  65   9  74  10  90  11  44  12  72  13  85  14  46  15  86  16  82  17  70  18  73  19  39 


