
 20  20

  0  70   1  34   2  43   3  57   4  41   5  31   6  33   7  57   8  33   9  33  10  37  11  36  12  32  13  64  14  74  15  65  16  83  17  70  18  78  19  79 
  0  78   1  42   2  48   3  63   4  43   5  33   6  41   7  61   8  39   9  37  10  42  11  36  12  33  13  74  14  77  15  71  16  93  17  69  18  82  19  89 
  0  77   1  43   2  50   3  63   4  42   5  33   6  37   7  58   8  37   9  37  10  42  11  34  12  34  13  71  14  77  15  71  16  89  17  68  18  80  19  84 
  0  69   1  35   2  44   3  58   4  42   5  29   6  34   7  57   8  34   9  34  10  38  11  34  12  32  13  66  14  74  15  65  16  85  17  69  18  78  19  81 
  0  78   1  43   2  46   3  63   4  42   5  31   6  38   7  59   8  39   9  37  10  41  11  34  12  34  13  74  14  77  15  68  16  92  17  70  18  80  19  88 
  0  74   1  41   2  48   3  58   4  43   5  29   6  35   7  61   8  37   9  37  10  42  11  36  12  32  13  68  14  73  15  67  16  89  17  70  18  80  19  84 
  0  71   1  39   2  46   3  60   4  41   5  32   6  37   7  61   8  34   9  36  10  40  11  36  12  33  13  68  14  73  15  64  16  88  17  70  18  81  19  84 
  0  76   1  44   2  47   3  61   4  43   5  33   6  38   7  61   8  36   9  35  10  42  11  35  12  33  13  73  14  77  15  68  16  92  17  70  18  82  19  89 
  0  75   1  41   2  45   3  59   4  41   5  33   6  40   7  57   8  38   9  33  10  40  11  36  12  33  13  70  14  74  15  70  16  88  17  68  18  81  19  84 
  0  71   1  36   2  43   3  59   4  43   5  29   6  37   7  60   8  36   9  36  10  41  11  34  12  32  13  66  14  73  15  67  16  86  17  70  18  80  19  84 
  0  71   1  37   2  48   3  58   4  43   5  32   6  39   7  61   8  34   9  33  10  41  11  34  12  34  13  67  14  73  15  68  16  88  17  70  18  82  19  85 
  0  73   1  39   2  46   3  57   4  42   5  29   6  35   7  59   8  32   9  36  10  38  11  34  12  34  13  67  14  73  15  66  16  86  17  70  18  79  19  83 
  0  68   1  37   2  42   3  56   4  41   5  32   6  36   7  59   8  31   9  36  10  36  11  34  12  33  13  67  14  74  15  65  16  84  17  69  18  78  19  80 
  0  72   1  40   2  47   3  58   4  43   5  29   6  34   7  59   8  32   9  36  10  38  11  35  12  33  13  68  14  73  15  65  16  89  17  69  18  79  19  84 
  0  75   1  41   2  49   3  63   4  43   5  32   6  41   7  59   8  36   9  36  10  41  11  34  12  33  13  74  14  77  15  70  16  92  17  70  18  79  19  87 
  0  70   1  37   2  42   3  58   4  43   5  31   6  33   7  57   8  32   9  35  10  36  11  34  12  32  13  64  14  74  15  65  16  84  17  68  18  78  19  82 
  0  74   1  41   2  50   3  62   4  42   5  33   6  39   7  61   8  38   9  34  10  40  11  36  12  32  13  70  14  77  15  69  16  91  17  70  18  80  19  88 
  0  73   1  38   2  45   3  60   4  43   5  32   6  39   7  57   8  34   9  34  10  38  11  34  12  34  13  68  14  73  15  67  16  88  17  69  18  78  19  85 
  0  68   1  35   2  44   3  59   4  41   5  29   6  35   7  60   8  33   9  35  10  38  11  34  12  34  13  66  14  75  15  67  16  85  17  69  18  81  19  80 
  0  76   1  41   2  48   3  59   4  41   5  33   6  37   7  61   8  38   9  37  10  41  11  36  12  32  13  72  14  77  15  68  16  91  17  69  18  79  19  86 


