
 20  20

  0  41   1  68   2  63   3  49   4  78   5  47   6  51   7  39   8  46   9  67  10  35  11  58  12  29  13  54  14  53  15  34  16  66  17  44  18  56  19  73 
  0  43   1  70   2  65   3  47   4  79   5  49   6  50   7  43   8  48   9  73  10  35  11  60  12  31  13  60  14  52  15  38  16  65  17  44  18  58  19  75 
  0  41   1  72   2  65   3  49   4  79   5  48   6  51   7  45   8  48   9  74  10  34  11  61  12  33  13  58  14  52  15  37  16  66  17  44  18  61  19  77 
  0  41   1  67   2  65   3  49   4  76   5  47   6  48   7  43   8  46   9  71  10  33  11  59  12  30  13  55  14  51  15  38  16  65  17  44  18  59  19  76 
  0  37   1  67   2  64   3  48   4  77   5  47   6  49   7  38   8  48   9  66  10  33  11  59  12  26  13  54  14  53  15  35  16  64  17  42  18  52  19  72 
  0  34   1  63   2  61   3  45   4  75   5  49   6  48   7  39   8  47   9  66  10  34  11  56  12  25  13  50  14  53  15  33  16  64  17  42  18  51  19  72 
  0  40   1  71   2  64   3  49   4  76   5  47   6  51   7  43   8  46   9  69  10  35  11  60  12  32  13  58  14  52  15  39  16  64  17  44  18  58  19  73 
  0  39   1  68   2  64   3  47   4  76   5  47   6  50   7  41   8  48   9  68  10  31  11  58  12  31  13  55  14  52  15  38  16  64  17  42  18  54  19  75 
  0  43   1  72   2  64   3  49   4  77   5  49   6  53   7  42   8  48   9  73  10  35  11  60  12  32  13  57  14  51  15  36  16  64  17  42  18  59  19  76 
  0  41   1  65   2  64   3  46   4  75   5  47   6  48   7  42   8  47   9  67  10  31  11  57  12  30  13  56  14  51  15  35  16  66  17  42  18  56  19  76 
  0  44   1  70   2  63   3  49   4  76   5  47   6  51   7  45   8  48   9  71  10  32  11  58  12  33  13  60  14  53  15  39  16  66  17  44  18  61  19  77 
  0  40   1  71   2  63   3  47   4  79   5  49   6  52   7  43   8  47   9  70  10  32  11  60  12  29  13  58  14  53  15  36  16  66  17  43  18  61  19  77 
  0  36   1  62   2  61   3  45   4  75   5  47   6  47   7  37   8  46   9  64  10  31  11  55  12  27  13  51  14  51  15  35  16  64  17  42  18  51  19  72 
  0  37   1  67   2  63   3  47   4  75   5  47   6  51   7  42   8  47   9  67  10  34  11  57  12  28  13  54  14  51  15  36  16  66  17  43  18  54  19  74 
  0  43   1  72   2  65   3  48   4  79   5  49   6  53   7  43   8  48   9  71  10  35  11  61  12  32  13  58  14  53  15  37  16  66  17  44  18  60  19  77 
  0  38   1  69   2  63   3  48   4  77   5  48   6  49   7  40   8  48   9  71  10  35  11  58  12  32  13  57  14  53  15  37  16  64  17  43  18  58  19  73 
  0  42   1  70   2  65   3  47   4  79   5  49   6  52   7  44   8  48   9  74  10  35  11  61  12  33  13  59  14  53  15  39  16  65  17  44  18  61  19  76 
  0  39   1  64   2  61   3  48   4  75   5  47   6  50   7  40   8  46   9  65  10  31  11  59  12  25  13  55  14  53  15  37  16  64  17  43  18  56  19  72 
  0  35   1  63   2  61   3  45   4  75   5  47   6  47   7  38   8  46   9  64  10  31  11  55  12  26  13  50  14  51  15  35  16  66  17  43  18  53  19  73 
  0  43   1  69   2  65   3  49   4  77   5  49   6  53   7  44   8  48   9  74  10  35  11  61  12  31  13  60  14  51  15  39  16  66  17  44  18  61  19  75 


