
 20  20

  0  14   1  57   2  54   3   8   4  32   5  14   6  36   7  50   8  21   9  51  10   9  11  63  12  35  13  10  14  14  15  62  16  25  17  50  18  43  19  21 
  0  10   1  55   2  53   3   8   4  29   5  15   6  38   7  51   8  17   9  47  10  10  11  62  12  34  13   8  14   9  15  61  16  26  17  49  18  43  19  17 
  0  11   1  57   2  48   3   9   4  30   5  11   6  36   7  47   8  16   9  48  10   7  11  60  12  32  13   5  14   8  15  61  16  23  17  51  18  42  19  16 
  0   7   1  54   2  47   3   5   4  27   5   8   6  32   7  45   8  15   9  46  10   7  11  60  12  33  13   7  14   8  15  58  16  25  17  49  18  41  19  13 
  0  11   1  57   2  51   3  11   4  32   5  12   6  36   7  51   8  20   9  47  10   7  11  63  12  32  13   7  14  11  15  59  16  24  17  50  18  43  19  16 
  0  13   1  56   2  53   3  13   4  36   5  17   6  40   7  52   8  21   9  52  10  11  11  61  12  35  13   8  14  12  15  61  16  28  17  49  18  41  19  21 
  0  13   1  59   2  52   3  11   4  34   5  18   6  38   7  53   8  20   9  51  10  11  11  64  12  34  13  11  14  11  15  59  16  28  17  49  18  41  19  18 
  0  11   1  59   2  52   3  12   4  35   5  16   6  40   7  52   8  21   9  49  10   8  11  63  12  35  13   9  14  11  15  60  16  27  17  49  18  42  19  18 
  0  11   1  57   2  50   3   8   4  30   5  12   6  34   7  52   8  19   9  48  10  10  11  63  12  32  13   9  14  11  15  61  16  24  17  49  18  43  19  16 
  0  15   1  59   2  52   3  11   4  33   5  18   6  38   7  55   8  21   9  49  10  10  11  64  12  35  13   8  14  14  15  61  16  29  17  51  18  43  19  21 
  0  13   1  58   2  55   3  12   4  35   5  17   6  39   7  54   8  21   9  51  10  11  11  64  12  35  13   9  14  13  15  60  16  28  17  51  18  43  19  22 
  0   8   1  54   2  51   3   9   4  30   5  13   6  35   7  47   8  18   9  47  10   6  11  62  12  33  13   7  14  10  15  62  16  25  17  51  18  41  19  15 
  0   9   1  53   2  49   3   7   4  29   5  12   6  33   7  47   8  19   9  46  10   7  11  63  12  31  13   6  14   9  15  60  16  24  17  50  18  42  19  14 
  0  12   1  59   2  53   3  12   4  36   5  18   6  38   7  52   8  21   9  49  10  11  11  61  12  35  13  11  14  12  15  62  16  29  17  50  18  43  19  22 
  0  10   1  55   2  48   3   6   4  29   5  12   6  33   7  50   8  19   9  50  10   8  11  62  12  31  13   6  14  12  15  58  16  26  17  51  18  42  19  15 
  0  14   1  58   2  54   3  11   4  32   5  14   6  40   7  51   8  20   9  52  10   8  11  61  12  34  13  11  14  12  15  60  16  28  17  51  18  41  19  19 
  0  15   1  59   2  55   3  13   4  35   5  16   6  41   7  53   8  19   9  52  10  11  11  62  12  35  13  11  14  13  15  62  16  29  17  50  18  42  19  22 
  0   6   1  54   2  51   3   5   4  30   5  10   6  32   7  46   8  18   9  46  10   5  11  60  12  31  13   5  14   8  15  58  16  23  17  49  18  41  19  15 
  0   7   1  55   2  48   3  10   4  30   5  13   6  37   7  49   8  19   9  49  10   7  11  62  12  31  13   9  14   9  15  60  16  26  17  51  18  41  19  17 
  0  13   1  59   2  55   3  13   4  36   5  15   6  38   7  53   8  21   9  52  10  10  11  64  12  35  13   8  14  14  15  60  16  29  17  49  18  43  19  19 


