
 20  20

  0  36   1  29   2  68   3  18   4  65   5  43   6  38   7  39   8  53   9  55  10  19  11  60  12  30  13  34  14  46  15  22  16  22  17  25  18  49  19  55 
  0  37   1  27   2  68   3  18   4  63   5  39   6  34   7  39   8  55   9  53  10  18  11  60  12  30  13  36  14  47  15  21  16  22  17  21  18  48  19  56 
  0  32   1  24   2  68   3  14   4  63   5  41   6  35   7  38   8  53   9  55  10  17  11  60  12  30  13  34  14  45  15  21  16  21  17  23  18  45  19  57 
  0  39   1  30   2  68   3  22   4  66   5  46   6  37   7  37   8  57   9  55  10  19  11  63  12  31  13  35  14  47  15  25  16  24  17  25  18  52  19  59 
  0  33   1  27   2  68   3  17   4  64   5  43   6  36   7  38   8  51   9  53  10  18  11  61  12  29  13  35  14  45  15  22  16  22  17  22  18  46  19  58 
  0  41   1  28   2  70   3  17   4  67   5  43   6  38   7  39   8  54   9  55  10  17  11  62  12  29  13  34  14  46  15  25  16  24  17  24  18  49  19  58 
  0  35   1  24   2  70   3  16   4  66   5  43   6  36   7  39   8  52   9  53  10  17  11  63  12  31  13  34  14  45  15  21  16  22  17  25  18  49  19  56 
  0  36   1  29   2  70   3  18   4  66   5  40   6  38   7  37   8  56   9  53  10  17  11  60  12  32  13  36  14  45  15  24  16  20  17  24  18  50  19  55 
  0  40   1  30   2  70   3  21   4  67   5  46   6  36   7  39   8  54   9  55  10  19  11  61  12  32  13  36  14  49  15  24  16  24  17  23  18  52  19  59 
  0  35   1  24   2  68   3  17   4  65   5  41   6  34   7  37   8  51   9  55  10  17  11  59  12  30  13  34  14  45  15  21  16  22  17  24  18  46  19  55 
  0  34   1  26   2  68   3  14   4  62   5  41   6  35   7  37   8  52   9  53  10  19  11  61  12  28  13  34  14  45  15  23  16  21  17  21  18  46  19  55 
  0  39   1  26   2  68   3  20   4  68   5  44   6  37   7  37   8  54   9  53  10  17  11  63  12  29  13  34  14  47  15  23  16  24  17  25  18  49  19  56 
  0  39   1  30   2  69   3  19   4  67   5  46   6  37   7  38   8  54   9  55  10  19  11  60  12  30  13  36  14  49  15  24  16  24  17  25  18  51  19  59 
  0  39   1  30   2  70   3  22   4  69   5  47   6  38   7  37   8  57   9  53  10  19  11  63  12  32  13  35  14  49  15  25  16  23  17  24  18  51  19  57 
  0  38   1  30   2  68   3  19   4  66   5  43   6  35   7  37   8  57   9  53  10  17  11  63  12  32  13  35  14  49  15  24  16  24  17  24  18  48  19  59 
  0  33   1  24   2  69   3  15   4  62   5  40   6  34   7  37   8  51   9  54  10  17  11  59  12  28  13  36  14  45  15  21  16  22  17  22  18  45  19  57 
  0  35   1  26   2  68   3  18   4  61   5  41   6  36   7  37   8  51   9  55  10  17  11  61  12  31  13  36  14  45  15  23  16  21  17  21  18  46  19  57 
  0  33   1  27   2  69   3  15   4  64   5  39   6  34   7  37   8  52   9  54  10  19  11  60  12  30  13  34  14  45  15  24  16  20  17  24  18  45  19  56 
  0  33   1  28   2  68   3  17   4  62   5  39   6  35   7  39   8  53   9  53  10  17  11  59  12  31  13  35  14  45  15  21  16  20  17  21  18  45  19  55 
  0  36   1  25   2  70   3  19   4  66   5  40   6  34   7  39   8  54   9  55  10  17  11  60  12  31  13  36  14  49  15  25  16  20  17  25  18  46  19  58 


