
 20  20

  0  23   1  50   2  63   3  28   4  43   5  54   6  59   7  12   8  40   9  14  10  35  11  61  12  62  13  10  14  58  15  34  16  65  17  27  18  42  19  56 
  0  22   1  53   2  64   3  32   4  43   5  55   6  57   7  11   8  40   9  13  10  34  11  63  12  61  13  15  14  56  15  38  16  64  17  28  18  43  19  57 
  0  19   1  49   2  60   3  27   4  43   5  55   6  59   7  12   8  39   9  15  10  36  11  61  12  62  13  11  14  54  15  31  16  63  17  24  18  41  19  54 
  0  20   1  52   2  62   3  31   4  41   5  54   6  57   7  15   8  38   9  16  10  37  11  63  12  60  13  13  14  57  15  38  16  66  17  28  18  43  19  59 
  0  26   1  55   2  62   3  30   4  43   5  58   6  59   7  14   8  40   9  16  10  36  11  66  12  62  13  16  14  59  15  39  16  68  17  26  18  45  19  60 
  0  21   1  53   2  64   3  28   4  41   5  57   6  58   7  14   8  40   9  16  10  34  11  64  12  62  13  11  14  58  15  35  16  62  17  26  18  39  19  57 
  0  26   1  55   2  64   3  30   4  41   5  60   6  59   7  16   8  40   9  15  10  35  11  66  12  60  13  14  14  60  15  38  16  66  17  28  18  45  19  61 
  0  18   1  50   2  60   3  28   4  41   5  50   6  58   7  10   8  40   9  12  10  34  11  58  12  60  13   6  14  52  15  32  16  58  17  24  18  37  19  52 
  0  25   1  53   2  61   3  32   4  43   5  56   6  59   7  14   8  39   9  15  10  34  11  62  12  62  13  13  14  56  15  35  16  64  17  27  18  45  19  61 
  0  19   1  48   2  62   3  27   4  43   5  52   6  59   7  10   8  40   9  15  10  34  11  63  12  62  13  12  14  56  15  34  16  63  17  27  18  38  19  58 
  0  25   1  53   2  62   3  32   4  43   5  57   6  57   7  13   8  38   9  13  10  34  11  66  12  61  13  13  14  61  15  37  16  68  17  28  18  45  19  59 
  0  19   1  50   2  62   3  31   4  41   5  56   6  58   7  13   8  40   9  12  10  34  11  63  12  61  13   9  14  54  15  32  16  63  17  25  18  39  19  55 
  0  21   1  49   2  64   3  30   4  42   5  55   6  57   7  12   8  38   9  15  10  33  11  63  12  60  13   9  14  56  15  33  16  63  17  24  18  42  19  54 
  0  16   1  49   2  62   3  26   4  41   5  50   6  59   7  11   8  39   9  13  10  33  11  59  12  60  13   9  14  53  15  31  16  58  17  24  18  40  19  52 
  0  22   1  54   2  64   3  32   4  42   5  58   6  59   7  15   8  38   9  16  10  37  11  62  12  61  13  15  14  57  15  39  16  65  17  25  18  42  19  60 
  0  25   1  51   2  64   3  32   4  43   5  57   6  59   7  11   8  40   9  14  10  36  11  61  12  61  13  13  14  60  15  34  16  65  17  26  18  40  19  57 
  0  23   1  53   2  62   3  28   4  43   5  59   6  58   7  16   8  38   9  15  10  37  11  64  12  60  13  13  14  57  15  37  16  67  17  26  18  42  19  59 
  0  22   1  52   2  64   3  29   4  43   5  56   6  57   7  13   8  40   9  15  10  37  11  66  12  60  13  12  14  57  15  39  16  64  17  26  18  43  19  58 
  0  16   1  49   2  60   3  26   4  41   5  52   6  57   7   8   8  40   9  14  10  35  11  58  12  61  13   6  14  51  15  31  16  58  17  24  18  37  19  52 
  0  24   1  53   2  63   3  32   4  43   5  58   6  59   7  14   8  38   9  15  10  35  11  66  12  62  13  16  14  61  15  39  16  65  17  28  18  43  19  62 


