
 20  20

  0  26   1  27   2  42   3  78   4  76   5  29   6  48   7  68   8  42   9  32  10  23  11  26  12  23  13  46  14  60  15  72  16  57  17  29  18  28  19  27 
  0  28   1  27   2  42   3  75   4  76   5  32   6  50   7  69   8  42   9  32  10  23  11  23  12  25  13  50  14  62  15  74  16  55  17  34  18  30  19  26 
  0  31   1  28   2  43   3  78   4  77   5  32   6  51   7  70   8  42   9  31  10  21  11  27  12  25  13  50  14  60  15  73  16  58  17  34  18  32  19  27 
  0  24   1  27   2  44   3  72   4  72   5  28   6  47   7  65   8  42   9  33  10  20  11  22  12  22  13  45  14  56  15  72  16  53  17  29  18  26  19  26 
  0  27   1  24   2  44   3  76   4  73   5  31   6  48   7  67   8  40   9  32  10  21  11  24  12  21  13  46  14  59  15  74  16  57  17  29  18  27  19  27 
  0  25   1  25   2  42   3  72   4  70   5  26   6  46   7  67   8  40   9  32  10  20  11  21  12  19  13  44  14  57  15  74  16  52  17  26  18  23  19  25 
  0  24   1  26   2  42   3  72   4  70   5  26   6  45   7  64   8  40   9  31  10  20  11  21  12  19  13  45  14  54  15  73  16  52  17  27  18  23  19  27 
  0  27   1  28   2  44   3  77   4  78   5  33   6  47   7  69   8  42   9  32  10  23  11  25  12  22  13  50  14  61  15  74  16  56  17  33  18  27  19  29 
  0  28   1  28   2  44   3  76   4  73   5  31   6  49   7  66   8  40   9  31  10  20  11  25  12  24  13  45  14  56  15  72  16  55  17  28  18  29  19  27 
  0  28   1  28   2  43   3  76   4  77   5  32   6  49   7  66   8  40   9  31  10  19  11  23  12  21  13  50  14  59  15  72  16  58  17  31  18  27  19  27 
  0  31   1  27   2  44   3  76   4  76   5  33   6  48   7  66   8  41   9  31  10  21  11  27  12  24  13  50  14  62  15  72  16  54  17  34  18  29  19  29 
  0  23   1  27   2  42   3  74   4  74   5  30   6  47   7  68   8  42   9  33  10  20  11  21  12  19  13  48  14  56  15  74  16  54  17  28  18  23  19  28 
  0  23   1  27   2  42   3  75   4  71   5  29   6  45   7  64   8  40   9  31  10  19  11  21  12  21  13  46  14  57  15  72  16  55  17  29  18  22  19  27 
  0  25   1  24   2  44   3  72   4  70   5  28   6  47   7  64   8  40   9  31  10  19  11  19  12  21  13  46  14  57  15  72  16  53  17  26  18  25  19  25 
  0  22   1  26   2  42   3  72   4  73   5  28   6  48   7  65   8  40   9  33  10  17  11  19  12  20  13  44  14  56  15  72  16  52  17  29  18  22  19  25 
  0  24   1  26   2  44   3  74   4  70   5  26   6  45   7  64   8  41   9  31  10  17  11  19  12  20  13  44  14  54  15  72  16  54  17  28  18  24  19  27 
  0  26   1  26   2  44   3  76   4  74   5  32   6  47   7  67   8  41   9  32  10  23  11  23  12  21  13  47  14  59  15  72  16  54  17  30  18  29  19  27 
  0  24   1  26   2  42   3  74   4  73   5  27   6  45   7  65   8  40   9  32  10  20  11  22  12  20  13  46  14  56  15  72  16  54  17  28  18  23  19  28 
  0  24   1  25   2  44   3  72   4  70   5  28   6  45   7  64   8  41   9  32  10  17  11  22  12  20  13  46  14  55  15  72  16  54  17  27  18  22  19  25 
  0  24   1  24   2  44   3  72   4  73   5  28   6  45   7  66   8  40   9  32  10  20  11  20  12  19  13  44  14  54  15  72  16  53  17  26  18  22  19  25 


