
 20  20

  0  45   1  60   2  51   3  63   4  38   5  79   6  85   7  33   8  57   9  74  10  61  11  83  12  50  13  73  14  48  15  59  16  74  17  85  18  38  19  88 
  0  43   1  61   2  49   3  61   4  37   5  77   6  84   7  32   8  53   9  72  10  62  11  79  12  49  13  71  14  47  15  62  16  73  17  84  18  36  19  85 
  0  47   1  61   2  50   3  64   4  37   5  78   6  86   7  35   8  55   9  73  10  64  11  83  12  54  13  72  14  52  15  63  16  75  17  87  18  37  19  88 
  0  43   1  60   2  51   3  62   4  37   5  79   6  87   7  35   8  56   9  74  10  64  11  79  12  49  13  69  14  47  15  59  16  73  17  86  18  33  19  87 
  0  48   1  60   2  55   3  66   4  38   5  83   6  88   7  39   8  59   9  76  10  65  11  83  12  53  13  75  14  52  15  63  16  79  17  89  18  37  19  87 
  0  38   1  60   2  45   3  64   4  39   5  74   6  85   7  31   8  54   9  70  10  61  11  79  12  49  13  70  14  45  15  57  16  72  17  83  18  34  19  83 
  0  46   1  60   2  51   3  64   4  36   5  80   6  88   7  36   8  57   9  75  10  65  11  82  12  53  13  72  14  48  15  63  16  75  17  87  18  36  19  88 
  0  41   1  62   2  46   3  62   4  36   5  74   6  82   7  29   8  56   9  69  10  61  11  79  12  50  13  68  14  44  15  57  16  69  17  82  18  32  19  85 
  0  47   1  60   2  52   3  65   4  40   5  82   6  85   7  35   8  59   9  74  10  64  11  83  12  53  13  71  14  51  15  63  16  78  17  88  18  38  19  87 
  0  45   1  60   2  49   3  66   4  36   5  77   6  86   7  32   8  56   9  70  10  65  11  81  12  53  13  69  14  47  15  62  16  75  17  86  18  35  19  86 
  0  40   1  60   2  46   3  62   4  36   5  73   6  84   7  29   8  53   9  67  10  61  11  80  12  47  13  69  14  44  15  58  16  72  17  83  18  30  19  83 
  0  43   1  62   2  48   3  63   4  37   5  76   6  85   7  32   8  56   9  73  10  64  11  79  12  53  13  73  14  48  15  59  16  75  17  88  18  35  19  87 
  0  41   1  61   2  52   3  63   4  38   5  79   6  84   7  35   8  58   9  73  10  65  11  79  12  52  13  73  14  51  15  61  16  76  17  87  18  33  19  86 
  0  47   1  60   2  55   3  66   4  40   5  80   6  87   7  39   8  58   9  74  10  63  11  82  12  54  13  72  14  54  15  65  16  78  17  88  18  40  19  89 
  0  48   1  61   2  54   3  68   4  40   5  83   6  87   7  37   8  59   9  77  10  65  11  83  12  53  13  75  14  54  15  65  16  79  17  89  18  39  19  89 
  0  43   1  62   2  50   3  64   4  39   5  77   6  83   7  31   8  58   9  73  10  62  11  80  12  50  13  73  14  49  15  63  16  71  17  85  18  33  19  87 
  0  38   1  61   2  48   3  60   4  37   5  74   6  81   7  32   8  55   9  70  10  62  11  79  12  50  13  69  14  44  15  58  16  71  17  82  18  33  19  85 
  0  44   1  60   2  50   3  67   4  40   5  79   6  86   7  34   8  55   9  76  10  65  11  81  12  51  13  74  14  49  15  65  16  77  17  86  18  36  19  85 
  0  42   1  62   2  50   3  64   4  37   5  79   6  85   7  33   8  53   9  73  10  63  11  83  12  48  13  68  14  46  15  62  16  75  17  87  18  34  19  85 
  0  47   1  62   2  51   3  64   4  38   5  80   6  87   7  34   8  57   9  73  10  65  11  80  12  51  13  72  14  51  15  62  16  75  17  87  18  35  19  87 


