
 20  20

  0  79   1  61   2  41   3  92   4  83   5  39   6  85   7  90   8  39   9  86  10  62  11  73  12  69  13  91  14  49  15  82  16  45  17  59  18  43  19  79 
  0  80   1  61   2  41   3  95   4  84   5  39   6  86   7  95   8  40   9  87  10  63  11  75  12  71  13  92  14  51  15  86  16  50  17  63  18  47  19  80 
  0  76   1  59   2  39   3  95   4  78   5  37   6  82   7  93   8  38   9  87  10  59  11  75  12  72  13  89  14  50  15  84  16  45  17  60  18  46  19  81 
  0  75   1  59   2  37   3  95   4  79   5  37   6  80   7  92   8  40   9  87  10  58  11  73  12  70  13  92  14  52  15  85  16  47  17  59  18  43  19  78 
  0  71   1  59   2  36   3  91   4  76   5  38   6  77   7  88   8  38   9  84  10  55  11  70  12  71  13  90  14  49  15  78  16  43  17  56  18  44  19  75 
  0  81   1  60   2  38   3  94   4  83   5  39   6  84   7  93   8  42   9  89  10  59  11  75  12  72  13  90  14  51  15  86  16  50  17  62  18  45  19  79 
  0  79   1  60   2  38   3  91   4  82   5  37   6  84   7  91   8  42   9  84  10  57  11  72  12  68  13  89  14  48  15  81  16  48  17  59  18  45  19  80 
  0  71   1  61   2  38   3  92   4  76   5  36   6  76   7  87   8  40   9  82  10  54  11  71  12  68  13  90  14  46  15  78  16  43  17  55  18  42  19  75 
  0  78   1  61   2  38   3  95   4  84   5  37   6  86   7  92   8  42   9  89  10  61  11  74  12  71  13  90  14  52  15  85  16  50  17  60  18  47  19  79 
  0  78   1  61   2  41   3  95   4  80   5  38   6  85   7  92   8  42   9  89  10  62  11  73  12  71  13  93  14  51  15  85  16  46  17  60  18  44  19  81 
  0  73   1  61   2  39   3  93   4  75   5  38   6  80   7  87   8  38   9  81  10  56  11  71  12  70  13  91  14  47  15  79  16  44  17  59  18  41  19  75 
  0  80   1  59   2  41   3  92   4  79   5  39   6  85   7  94   8  42   9  85  10  60  11  74  12  72  13  90  14  51  15  83  16  50  17  63  18  45  19  81 
  0  73   1  59   2  35   3  94   4  75   5  35   6  78   7  87   8  38   9  84  10  54  11  72  12  69  13  90  14  48  15  82  16  42  17  58  18  43  19  75 
  0  75   1  61   2  37   3  93   4  77   5  37   6  82   7  89   8  42   9  84  10  57  11  70  12  70  13  90  14  49  15  81  16  46  17  58  18  42  19  80 
  0  79   1  61   2  39   3  92   4  84   5  37   6  82   7  93   8  42   9  87  10  59  11  74  12  72  13  90  14  50  15  83  16  50  17  61  18  44  19  79 
  0  78   1  59   2  38   3  95   4  80   5  38   6  84   7  90   8  41   9  85  10  58  11  73  12  68  13  88  14  50  15  82  16  45  17  61  18  45  19  79 
  0  75   1  61   2  37   3  93   4  81   5  35   6  82   7  89   8  41   9  85  10  60  11  73  12  69  13  89  14  49  15  83  16  48  17  60  18  43  19  78 
  0  76   1  60   2  40   3  95   4  82   5  38   6  81   7  91   8  42   9  89  10  62  11  71  12  70  13  93  14  50  15  84  16  48  17  61  18  45  19  80 
  0  71   1  59   2  37   3  91   4  74   5  37   6  78   7  85   8  40   9  82  10  53  11  70  12  70  13  87  14  48  15  80  16  44  17  57  18  41  19  75 
  0  74   1  61   2  35   3  94   4  75   5  35   6  77   7  89   8  41   9  83  10  54  11  72  12  71  13  87  14  46  15  80  16  45  17  56  18  41  19  75 


