
 20  20

  0  46   1  11   2  34   3  27   4  22   5  57   6  55   7  38   8  19   9  53  10  20  11  17  12  18  13  26  14  64  15  34  16  26  17  48  18  26  19  65 
  0  42   1   9   2  28   3  27   4  17   5  57   6  53   7  35   8  17   9  47  10  15  11  19  12  16  13  22  14  61  15  34  16  24  17  45  18  23  19  62 
  0  40   1   8   2  27   3  27   4  16   5  55   6  54   7  34   8  15   9  50  10  15  11  19  12  15  13  20  14  58  15  32  16  25  17  43  18  20  19  60 
  0  46   1   7   2  32   3  29   4  19   5  57   6  56   7  36   8  20   9  52  10  17  11  17  12  15  13  23  14  62  15  33  16  24  17  48  18  23  19  60 
  0  45   1   9   2  32   3  27   4  19   5  57   6  55   7  35   8  19   9  51  10  14  11  17  12  14  13  23  14  62  15  32  16  26  17  48  18  25  19  62 
  0  40   1   9   2  28   3  29   4  16   5  55   6  52   7  36   8  16   9  47  10  12  11  17  12  13  13  21  14  58  15  34  16  24  17  43  18  22  19  59 
  0  42   1   9   2  30   3  27   4  17   5  56   6  56   7  37   8  16   9  50  10  16  11  19  12  16  13  23  14  62  15  34  16  24  17  47  18  22  19  60 
  0  44   1   7   2  31   3  27   4  19   5  55   6  52   7  34   8  20   9  50  10  17  11  18  12  12  13  23  14  63  15  33  16  26  17  47  18  24  19  63 
  0  44   1   7   2  30   3  29   4  18   5  57   6  55   7  36   8  21   9  52  10  18  11  17  12  13  13  22  14  63  15  32  16  24  17  49  18  23  19  62 
  0  46   1  11   2  31   3  28   4  22   5  57   6  53   7  35   8  23   9  53  10  20  11  19  12  15  13  26  14  66  15  34  16  24  17  48  18  25  19  65 
  0  49   1  10   2  33   3  29   4  25   5  57   6  56   7  36   8  23   9  51  10  22  11  19  12  18  13  26  14  68  15  34  16  26  17  52  18  25  19  65 
  0  43   1   7   2  29   3  29   4  19   5  57   6  55   7  34   8  17   9  47  10  15  11  17  12  12  13  20  14  60  15  32  16  24  17  43  18  21  19  60 
  0  45   1  10   2  28   3  27   4  17   5  56   6  52   7  37   8  17   9  49  10  13  11  17  12  16  13  21  14  59  15  32  16  25  17  46  18  21  19  61 
  0  45   1   9   2  28   3  27   4  20   5  57   6  52   7  34   8  19   9  47  10  14  11  17  12  16  13  21  14  59  15  32  16  25  17  43  18  24  19  63 
  0  49   1   9   2  33   3  29   4  22   5  57   6  56   7  38   8  23   9  51  10  18  11  18  12  18  13  25  14  64  15  33  16  26  17  52  18  26  19  65 
  0  44   1   9   2  28   3  27   4  16   5  55   6  54   7  34   8  19   9  47  10  12  11  17  12  15  13  21  14  59  15  32  16  24  17  43  18  23  19  62 
  0  46   1  11   2  34   3  29   4  24   5  57   6  56   7  37   8  20   9  53  10  22  11  19  12  18  13  26  14  65  15  33  16  26  17  50  18  26  19  63 
  0  47   1   7   2  34   3  27   4  19   5  56   6  54   7  35   8  18   9  50  10  16  11  18  12  14  13  24  14  64  15  34  16  26  17  49  18  23  19  63 
  0  50   1  10   2  31   3  29   4  24   5  56   6  56   7  38   8  19   9  51  10  20  11  18  12  18  13  26  14  64  15  34  16  26  17  49  18  25  19  62 
  0  46   1  10   2  31   3  27   4  21   5  55   6  55   7  37   8  18   9  50  10  16  11  17  12  15  13  25  14  64  15  33  16  25  17  47  18  22  19  63 


