
 20  20

  0  62   1  47   2  37   3  78   4  47   5  44   6  33   7  62   8  34   9  33  10  63  11  76  12  44  13  48  14  55  15  23  16  44  17  45  18  29  19  63 
  0  64   1  50   2  41   3  79   4  44   5  47   6  34   7  64   8  34   9  31  10  66  11  81  12  45  13  48  14  53  15  24  16  48  17  49  18  32  19  63 
  0  64   1  50   2  39   3  79   4  45   5  45   6  33   7  64   8  34   9  33  10  64  11  81  12  45  13  50  14  56  15  26  16  47  17  49  18  32  19  65 
  0  61   1  46   2  39   3  80   4  44   5  47   6  30   7  66   8  32   9  33  10  62  11  79  12  47  13  47  14  56  15  22  16  48  17  45  18  32  19  63 
  0  61   1  49   2  41   3  80   4  47   5  44   6  34   7  65   8  32   9  33  10  63  11  78  12  43  13  47  14  54  15  25  16  48  17  46  18  32  19  62 
  0  55   1  43   2  37   3  75   4  42   5  45   6  29   7  60   8  32   9  32  10  58  11  73  12  42  13  44  14  53  15  18  16  44  17  42  18  29  19  59 
  0  62   1  46   2  41   3  79   4  47   5  45   6  32   7  64   8  34   9  32  10  64  11  81  12  46  13  50  14  54  15  26  16  48  17  48  18  32  19  64 
  0  60   1  45   2  39   3  80   4  46   5  47   6  31   7  66   8  34   9  33  10  61  11  79  12  46  13  47  14  54  15  25  16  47  17  44  18  31  19  65 
  0  61   1  48   2  40   3  78   4  45   5  44   6  34   7  64   8  33   9  33  10  64  11  77  12  46  13  48  14  56  15  23  16  48  17  45  18  30  19  65 
  0  61   1  48   2  41   3  79   4  46   5  45   6  32   7  65   8  32   9  33  10  61  11  76  12  46  13  46  14  53  15  25  16  48  17  44  18  32  19  61 
  0  55   1  44   2  39   3  77   4  43   5  43   6  30   7  61   8  34   9  29  10  59  11  76  12  40  13  45  14  52  15  23  16  45  17  44  18  31  19  61 
  0  56   1  46   2  35   3  77   4  43   5  44   6  32   7  60   8  32   9  29  10  61  11  74  12  40  13  44  14  54  15  20  16  45  17  45  18  32  19  60 
  0  59   1  45   2  40   3  78   4  44   5  45   6  32   7  63   8  32   9  30  10  62  11  77  12  46  13  48  14  53  15  22  16  46  17  45  18  30  19  62 
  0  55   1  42   2  36   3  74   4  42   5  43   6  28   7  59   8  32   9  30  10  59  11  73  12  41  13  46  14  52  15  21  16  43  17  39  18  29  19  60 
  0  59   1  47   2  39   3  78   4  45   5  45   6  30   7  62   8  34   9  31  10  63  11  79  12  42  13  48  14  56  15  25  16  45  17  44  18  32  19  65 
  0  60   1  47   2  37   3  78   4  47   5  46   6  32   7  61   8  34   9  32  10  64  11  78  12  45  13  50  14  54  15  25  16  46  17  45  18  28  19  64 
  0  56   1  40   2  37   3  75   4  44   5  44   6  31   7  58   8  32   9  29  10  59  11  76  12  42  13  44  14  52  15  20  16  42  17  40  18  31  19  61 
  0  56   1  42   2  36   3  74   4  41   5  44   6  30   7  58   8  32   9  29  10  57  11  76  12  40  13  44  14  52  15  19  16  44  17  40  18  28  19  60 
  0  57   1  42   2  38   3  74   4  43   5  43   6  28   7  58   8  33   9  29  10  59  11  73  12  42  13  44  14  53  15  19  16  42  17  42  18  30  19  58 
  0  56   1  40   2  38   3  74   4  43   5  43   6  28   7  61   8  32   9  32  10  56  11  75  12  39  13  44  14  54  15  19  16  42  17  41  18  28  19  59 


