
 20  20

  0  35   1  54   2  27   3  53   4  21   5  12   6  28   7  19   8  33   9  18  10  45  11  59  12  31  13  17  14  21  15  57  16  41  17  69  18  55  19  69 
  0  27   1  48   2  20   3  53   4  16   5  10   6  24   7  11   8  28   9  14  10  45  11  58  12  29  13  17  14  18  15  54  16  33  17  63  18  48  19  63 
  0  31   1  52   2  24   3  54   4  16   5  12   6  25   7  13   8  29   9  12  10  43  11  55  12  28  13  16  14  17  15  56  16  37  17  68  18  51  19  65 
  0  27   1  50   2  22   3  52   4  18   5  10   6  24   7  12   8  31   9  14  10  45  11  55  12  29  13  15  14  17  15  52  16  36  17  64  18  51  19  62 
  0  32   1  49   2  24   3  55   4  20   5  12   6  23   7  12   8  31   9  14  10  43  11  56  12  29  13  15  14  19  15  54  16  36  17  64  18  50  19  63 
  0  36   1  52   2  25   3  54   4  19   5  12   6  32   7  18   8  34   9  19  10  44  11  59  12  31  13  15  14  18  15  58  16  41  17  72  18  54  19  72 
  0  31   1  52   2  25   3  56   4  19   5  12   6  29   7  19   8  34   9  18  10  43  11  59  12  29  13  15  14  21  15  58  16  40  17  69  18  53  19  66 
  0  34   1  53   2  27   3  56   4  20   5  10   6  28   7  17   8  30   9  15  10  45  11  56  12  28  13  15  14  19  15  56  16  39  17  67  18  51  19  68 
  0  35   1  54   2  24   3  56   4  22   5  12   6  29   7  21   8  34   9  18  10  43  11  58  12  31  13  16  14  19  15  56  16  41  17  73  18  56  19  69 
  0  30   1  48   2  20   3  52   4  17   5  12   6  22   7  14   8  30   9  12  10  43  11  56  12  29  13  15  14  19  15  52  16  36  17  66  18  51  19  62 
  0  34   1  54   2  23   3  53   4  19   5  10   6  30   7  15   8  34   9  16  10  43  11  56  12  29  13  16  14  19  15  56  16  38  17  70  18  54  19  70 
  0  34   1  52   2  25   3  55   4  22   5  11   6  27   7  19   8  32   9  16  10  44  11  56  12  28  13  15  14  17  15  56  16  39  17  68  18  53  19  70 
  0  32   1  50   2  25   3  55   4  19   5  12   6  28   7  16   8  31   9  14  10  45  11  55  12  28  13  17  14  19  15  56  16  38  17  68  18  49  19  65 
  0  34   1  53   2  28   3  56   4  22   5  10   6  30   7  19   8  34   9  20  10  43  11  59  12  31  13  16  14  21  15  58  16  41  17  73  18  55  19  72 
  0  34   1  52   2  28   3  56   4  20   5  12   6  30   7  21   8  34   9  17  10  45  11  59  12  31  13  17  14  21  15  56  16  40  17  73  18  55  19  71 
  0  29   1  49   2  24   3  53   4  18   5  12   6  25   7  12   8  30   9  14  10  44  11  56  12  29  13  16  14  17  15  53  16  37  17  65  18  53  19  66 
  0  27   1  48   2  20   3  52   4  16   5  10   6  25   7  11   8  28   9  12  10  43  11  55  12  27  13  17  14  19  15  54  16  35  17  63  18  49  19  62 
  0  31   1  49   2  26   3  53   4  21   5  11   6  30   7  19   8  30   9  19  10  45  11  59  12  30  13  15  14  20  15  57  16  38  17  67  18  51  19  67 
  0  36   1  53   2  28   3  55   4  21   5  12   6  29   7  19   8  33   9  18  10  45  11  59  12  29  13  17  14  21  15  55  16  41  17  70  18  56  19  71 
  0  33   1  54   2  26   3  54   4  22   5  10   6  28   7  18   8  31   9  20  10  43  11  59  12  28  13  16  14  21  15  55  16  39  17  70  18  56  19  69 


