
 20  20

  0  85   1  24   2  77   3  72   4  87   5  80   6  64   7  37   8  33   9  70  10  84  11  46  12  79  13  59  14  70  15  69  16  29  17  37  18  68  19  59 
  0  77   1  23   2  79   3  71   4  82   5  74   6  62   7  39   8  29   9  70  10  79  11  47  12  72  13  59  14  72  15  64  16  28  17  38  18  67  19  58 
  0  85   1  27   2  78   3  73   4  87   5  78   6  63   7  39   8  33   9  71  10  86  11  46  12  81  13  61  14  72  15  67  16  31  17  38  18  70  19  59 
  0  82   1  23   2  79   3  71   4  84   5  79   6  59   7  39   8  27   9  70  10  81  11  47  12  76  13  60  14  72  15  66  16  26  17  36  18  67  19  56 
  0  83   1  25   2  79   3  73   4  86   5  78   6  61   7  39   8  30   9  69  10  83  11  47  12  78  13  59  14  70  15  65  16  29  17  38  18  68  19  60 
  0  82   1  27   2  77   3  72   4  83   5  76   6  59   7  37   8  28   9  71  10  82  11  47  12  76  13  59  14  72  15  66  16  28  17  38  18  68  19  56 
  0  85   1  26   2  79   3  73   4  87   5  81   6  63   7  38   8  33   9  71  10  86  11  47  12  80  13  61  14  72  15  69  16  32  17  37  18  71  19  59 
  0  85   1  27   2  79   3  73   4  86   5  80   6  64   7  39   8  33   9  71  10  86  11  47  12  81  13  60  14  70  15  69  16  32  17  38  18  71  19  60 
  0  79   1  26   2  77   3  71   4  79   5  73   6  59   7  39   8  26   9  69  10  81  11  47  12  71  13  59  14  72  15  60  16  24  17  38  18  70  19  56 
  0  79   1  23   2  77   3  71   4  81   5  75   6  60   7  37   8  25   9  69  10  78  11  46  12  72  13  59  14  72  15  61  16  24  17  38  18  70  19  58 
  0  75   1  23   2  77   3  72   4  82   5  75   6  58   7  37   8  28   9  69  10  78  11  47  12  72  13  59  14  71  15  62  16  27  17  37  18  67  19  56 
  0  76   1  24   2  77   3  71   4  79   5  74   6  58   7  38   8  25   9  70  10  78  11  46  12  71  13  59  14  70  15  60  16  24  17  37  18  68  19  58 
  0  81   1  23   2  78   3  73   4  83   5  75   6  59   7  39   8  29   9  71  10  83  11  45  12  74  13  61  14  70  15  64  16  27  17  38  18  69  19  59 
  0  79   1  26   2  79   3  73   4  82   5  77   6  61   7  38   8  27   9  71  10  82  11  47  12  75  13  59  14  70  15  61  16  28  17  36  18  67  19  56 
  0  80   1  23   2  79   3  72   4  82   5  76   6  63   7  39   8  32   9  71  10  85  11  47  12  75  13  60  14  71  15  63  16  29  17  37  18  69  19  57 
  0  83   1  27   2  77   3  73   4  87   5  80   6  61   7  37   8  32   9  69  10  84  11  47  12  78  13  59  14  72  15  67  16  32  17  36  18  71  19  60 
  0  84   1  27   2  79   3  71   4  87   5  81   6  64   7  37   8  33   9  69  10  84  11  47  12  80  13  61  14  72  15  67  16  32  17  38  18  69  19  58 
  0  77   1  25   2  78   3  71   4  81   5  75   6  61   7  39   8  27   9  69  10  81  11  45  12  72  13  59  14  72  15  59  16  24  17  36  18  67  19  56 
  0  82   1  25   2  79   3  73   4  84   5  77   6  64   7  38   8  32   9  70  10  85  11  47  12  79  13  60  14  70  15  69  16  30  17  38  18  68  19  59 
  0  81   1  25   2  79   3  73   4  84   5  80   6  61   7  39   8  33   9  71  10  85  11  47  12  81  13  61  14  72  15  65  16  32  17  38  18  68  19  60 


