
 20  20

  0  52   1  41   2  70   3  32   4  39   5  35   6  87   7  67   8  61   9  47  10  73  11  57  12  54  13  75  14  40  15  81  16  83  17  41  18  63  19  74 
  0  51   1  41   2  66   3  32   4  39   5  36   6  83   7  66   8  58   9  45  10  74  11  56  12  57  13  78  14  43  15  85  16  83  17  37  18  61  19  73 
  0  56   1  41   2  72   3  37   4  43   5  34   6  89   7  65   8  60   9  50  10  77  11  57  12  61  13  82  14  41  15  83  16  83  17  40  18  63  19  76 
  0  56   1  45   2  73   3  37   4  42   5  36   6  88   7  65   8  63   9  50  10  75  11  57  12  61  13  83  14  44  15  84  16  85  17  40  18  64  19  74 
  0  57   1  41   2  72   3  34   4  43   5  35   6  87   7  67   8  60   9  48  10  77  11  57  12  57  13  79  14  44  15  82  16  83  17  41  18  65  19  77 
  0  51   1  40   2  66   3  35   4  36   5  34   6  86   7  66   8  61   9  48  10  76  11  55  12  54  13  78  14  40  15  82  16  84  17  37  18  60  19  70 
  0  51   1  40   2  65   3  34   4  38   5  34   6  85   7  65   8  59   9  47  10  75  11  56  12  53  13  75  14  40  15  82  16  82  17  37  18  60  19  71 
  0  56   1  45   2  71   3  35   4  44   5  36   6  89   7  65   8  63   9  51  10  76  11  57  12  58  13  80  14  41  15  82  16  86  17  41  18  66  19  76 
  0  50   1  39   2  67   3  33   4  36   5  34   6  82   7  65   8  57   9  45  10  74  11  55  12  53  13  73  14  40  15  81  16  81  17  38  18  58  19  69 
  0  50   1  39   2  66   3  34   4  37   5  36   6  85   7  66   8  61   9  45  10  76  11  55  12  56  13  78  14  42  15  84  16  83  17  37  18  63  19  73 
  0  50   1  42   2  64   3  31   4  38   5  35   6  84   7  65   8  60   9  45  10  76  11  57  12  54  13  75  14  40  15  81  16  81  17  37  18  60  19  69 
  0  58   1  45   2  72   3  37   4  45   5  34   6  90   7  67   8  63   9  51  10  75  11  56  12  61  13  82  14  44  15  83  16  84  17  41  18  64  19  78 
  0  52   1  43   2  69   3  34   4  39   5  34   6  85   7  65   8  57   9  45  10  75  11  57  12  58  13  75  14  41  15  85  16  81  17  37  18  60  19  72 
  0  52   1  40   2  67   3  31   4  38   5  35   6  84   7  65   8  59   9  48  10  73  11  55  12  57  13  77  14  40  15  81  16  81  17  39  18  62  19  68 
  0  58   1  43   2  74   3  34   4  45   5  35   6  86   7  67   8  63   9  48  10  77  11  56  12  60  13  79  14  41  15  85  16  85  17  41  18  64  19  74 
  0  50   1  40   2  64   3  33   4  38   5  36   6  85   7  65   8  59   9  45  10  74  11  55  12  55  13  73  14  40  15  83  16  80  17  39  18  61  19  68 
  0  52   1  42   2  70   3  36   4  41   5  34   6  84   7  67   8  61   9  46  10  76  11  57  12  56  13  79  14  42  15  85  16  81  17  40  18  62  19  72 
  0  57   1  45   2  72   3  37   4  42   5  35   6  90   7  66   8  63   9  48  10  75  11  57  12  60  13  82  14  42  15  85  16  83  17  38  18  66  19  76 
  0  52   1  42   2  65   3  34   4  38   5  35   6  84   7  67   8  60   9  45  10  76  11  56  12  58  13  77  14  40  15  83  16  84  17  37  18  60  19  69 
  0  54   1  44   2  68   3  35   4  39   5  34   6  85   7  67   8  62   9  47  10  75  11  55  12  55  13  77  14  41  15  85  16  83  17  40  18  62  19  72 


