
 20  20

  0  72   1  77   2  37   3  86   4  50   5  93   6  48   7  59   8  86   9  51  10  53  11  90  12  89  13  88  14  78  15  79  16  68  17  86  18  88  19  40 
  0  78   1  81   2  42   3  86   4  52   5  94   6  51   7  60   8  88   9  51  10  55  11  94  12  94  13  87  14  79  15  81  16  70  17  89  18  87  19  42 
  0  80   1  80   2  42   3  86   4  56   5  93   6  51   7  61   8  88   9  50  10  56  11  92  12  92  13  88  14  82  15  80  16  69  17  87  18  88  19  40 
  0  78   1  78   2  43   3  88   4  58   5  96   6  52   7  67   8  88   9  52  10  59  11  91  12  94  13  91  14  79  15  81  16  72  17  93  18  89  19  43 
  0  78   1  81   2  45   3  88   4  55   5  96   6  55   7  64   8  90   9  52  10  59  11  91  12  93  13  89  14  82  15  80  16  70  17  91  18  91  19  41 
  0  74   1  78   2  37   3  86   4  50   5  93   6  47   7  59   8  84   9  51  10  50  11  91  12  89  13  85  14  79  15  81  16  66  17  84  18  85  19  40 
  0  78   1  80   2  42   3  86   4  55   5  95   6  52   7  64   8  88   9  52  10  56  11  94  12  94  13  89  14  81  15  81  16  72  17  91  18  88  19  43 
  0  82   1  81   2  45   3  86   4  57   5  95   6  55   7  67   8  90   9  52  10  58  11  94  12  93  13  92  14  81  15  79  16  72  17  90  18  88  19  44 
  0  80   1  79   2  44   3  86   4  57   5  93   6  52   7  64   8  89   9  52  10  54  11  91  12  92  13  92  14  82  15  81  16  71  17  88  18  87  19  44 
  0  78   1  81   2  40   3  86   4  56   5  97   6  52   7  64   8  86   9  50  10  58  11  92  12  95  13  90  14  79  15  79  16  70  17  91  18  90  19  43 
  0  72   1  78   2  37   3  88   4  50   5  93   6  45   7  57   8  84   9  50  10  52  11  90  12  89  13  87  14  80  15  81  16  66  17  83  18  85  19  40 
  0  77   1  79   2  43   3  88   4  54   5  94   6  50   7  60   8  85   9  50  10  55  11  94  12  93  13  90  14  79  15  80  16  71  17  90  18  90  19  42 
  0  78   1  78   2  38   3  87   4  53   5  96   6  50   7  59   8  86   9  52  10  55  11  92  12  90  13  86  14  78  15  79  16  67  17  85  18  88  19  41 
  0  82   1  81   2  45   3  88   4  58   5  97   6  53   7  65   8  90   9  50  10  59  11  93  12  95  13  93  14  82  15  81  16  71  17  93  18  89  19  44 
  0  72   1  77   2  37   3  87   4  52   5  94   6  47   7  60   8  84   9  50  10  52  11  90  12  90  13  87  14  78  15  79  16  68  17  84  18  85  19  41 
  0  76   1  78   2  43   3  88   4  57   5  96   6  53   7  61   8  87   9  52  10  57  11  93  12  95  13  92  14  80  15  81  16  73  17  87  18  90  19  40 
  0  77   1  81   2  40   3  88   4  56   5  96   6  48   7  62   8  89   9  52  10  54  11  91  12  94  13  90  14  81  15  80  16  69  17  86  18  89  19  41 
  0  76   1  81   2  39   3  86   4  53   5  97   6  49   7  63   8  85   9  52  10  55  11  93  12  90  13  91  14  81  15  80  16  70  17  86  18  89  19  42 
  0  82   1  79   2  45   3  88   4  56   5  96   6  53   7  64   8  87   9  52  10  59  11  94  12  94  13  92  14  81  15  81  16  72  17  91  18  91  19  42 
  0  76   1  77   2  39   3  86   4  52   5  93   6  50   7  58   8  87   9  52  10  54  11  91  12  92  13  86  14  78  15  79  16  66  17  87  18  87  19  42 


