
 20  20

  0  13   1  31   2  35   3  33   4  15   5  40   6  43   7  11   8  40   9  22  10  41  11  64  12  34  13  23  14  37  15  28  16  11  17  64  18  36  19  66 
  0  13   1  31   2  36   3  34   4  17   5  46   6  42   7  10   8  43   9  30  10  41  11  65  12  34  13  25  14  37  15  26  16  13  17  66  18  37  19  65 
  0   9   1  29   2  34   3  32   4  17   5  41   6  43   7  10   8  40   9  22  10  39  11  65  12  34  13  26  14  34  15  26  16  11  17  64  18  36  19  64 
  0  16   1  35   2  36   3  32   4  18   5  46   6  42   7  12   8  41   9  31  10  42  11  68  12  33  13  24  14  40  15  28  16  12  17  67  18  38  19  64 
  0  15   1  35   2  35   3  33   4  15   5  44   6  44   7  12   8  40   9  27  10  42  11  68  12  32  13  25  14  40  15  26  16  10  17  67  18  38  19  66 
  0  16   1  33   2  36   3  34   4  18   5  48   6  44   7  12   8  41   9  30  10  42  11  65  12  32  13  24  14  37  15  27  16  11  17  64  18  36  19  64 
  0  15   1  32   2  34   3  34   4  14   5  46   6  40   7  11   8  39   9  29  10  42  11  67  12  34  13  26  14  38  15  26  16   9  17  65  18  37  19  64 
  0  11   1  34   2  34   3  33   4  18   5  45   6  41   7  10   8  42   9  25  10  40  11  67  12  34  13  26  14  35  15  27  16  13  17  63  18  36  19  66 
  0  14   1  34   2  36   3  34   4  16   5  47   6  44   7  12   8  43   9  26  10  42  11  65  12  32  13  27  14  38  15  28  16   9  17  64  18  37  19  66 
  0  18   1  35   2  35   3  34   4  18   5  48   6  43   7  10   8  43   9  31  10  42  11  67  12  34  13  27  14  40  15  28  16  13  17  68  18  37  19  66 
  0  16   1  31   2  36   3  34   4  16   5  47   6  44   7  12   8  38   9  25  10  39  11  64  12  32  13  27  14  35  15  26  16  11  17  64  18  37  19  66 
  0  11   1  34   2  35   3  34   4  17   5  44   6  44   7  11   8  41   9  23  10  42  11  64  12  33  13  25  14  38  15  28  16  12  17  66  18  37  19  65 
  0  14   1  33   2  36   3  32   4  15   5  44   6  44   7  12   8  40   9  26  10  43  11  68  12  34  13  24  14  38  15  26  16  13  17  67  18  36  19  66 
  0  18   1  35   2  36   3  32   4  15   5  48   6  43   7  10   8  40   9  28  10  40  11  68  12  32  13  27  14  40  15  28  16  11  17  68  18  36  19  65 
  0  17   1  34   2  36   3  34   4  18   5  48   6  42   7  12   8  41   9  31  10  42  11  68  12  33  13  27  14  40  15  28  16  13  17  68  18  36  19  66 
  0  15   1  33   2  36   3  33   4  18   5  46   6  43   7  10   8  38   9  25  10  38  11  68  12  32  13  24  14  36  15  27  16  12  17  64  18  38  19  66 
  0   9   1  29   2  35   3  32   4  14   5  40   6  40   7  11   8  37   9  23  10  37  11  64  12  33  13  23  14  34  15  26  16  11  17  62  18  36  19  64 
  0  17   1  32   2  36   3  32   4  18   5  45   6  44   7  12   8  43   9  31  10  40  11  68  12  33  13  27  14  40  15  26  16  13  17  65  18  37  19  66 
  0  17   1  35   2  35   3  34   4  18   5  48   6  42   7  12   8  43   9  29  10  43  11  68  12  34  13  27  14  40  15  28  16  12  17  68  18  36  19  65 
  0  14   1  30   2  34   3  32   4  16   5  42   6  40   7  12   8  38   9  27  10  40  11  66  12  33  13  26  14  35  15  28  16  10  17  66  18  36  19  65 


