
 20  20

  0  44   1  32   2  33   3  88   4  82   5  45   6  88   7  55   8  76   9  47  10  34  11  84  12  48  13  85  14  73  15  85  16  58  17  40  18  86  19  73 
  0  46   1  36   2  34   3  88   4  84   5  48   6  95   7  57   8  79   9  49  10  36  11  85  12  50  13  89  14  75  15  89  16  57  17  41  18  91  19  75 
  0  47   1  39   2  34   3  89   4  83   5  47   6  93   7  57   8  79   9  47  10  35  11  84  12  49  13  87  14  76  15  87  16  57  17  40  18  91  19  74 
  0  43   1  35   2  33   3  88   4  83   5  49   6  92   7  55   8  77   9  48  10  33  11  85  12  50  13  86  14  73  15  87  16  55  17  41  18  87  19  72 
  0  50   1  42   2  37   3  88   4  86   5  51   6  96   7  56   8  81   9  49  10  35  11  87  12  52  13  91  14  80  15  92  16  61  17  42  18  93  19  79 
  0  42   1  34   2  36   3  88   4  82   5  46   6  91   7  56   8  75   9  50  10  36  11  83  12  50  13  86  14  70  15  85  16  56  17  40  18  88  19  73 
  0  45   1  38   2  35   3  88   4  83   5  48   6  93   7  57   8  79   9  47  10  36  11  85  12  52  13  87  14  74  15  89  16  56  17  42  18  90  19  76 
  0  52   1  42   2  37   3  89   4  84   5  51   6  98   7  57   8  81   9  51  10  37  11  87  12  54  13  93  14  80  15  90  16  63  17  42  18  93  19  77 
  0  51   1  39   2  37   3  90   4  83   5  50   6  97   7  55   8  78   9  50  10  35  11  86  12  52  13  91  14  78  15  92  16  63  17  42  18  94  19  75 
  0  49   1  40   2  35   3  87   4  84   5  49   6  95   7  55   8  77   9  51  10  36  11  87  12  53  13  91  14  77  15  91  16  60  17  41  18  90  19  75 
  0  50   1  41   2  35   3  88   4  83   5  51   6  96   7  57   8  80   9  48  10  34  11  84  12  54  13  89  14  75  15  90  16  58  17  40  18  94  19  75 
  0  47   1  37   2  37   3  87   4  82   5  47   6  95   7  56   8  78   9  48  10  35  11  86  12  52  13  91  14  75  15  90  16  60  17  42  18  91  19  77 
  0  52   1  42   2  37   3  88   4  84   5  51   6  98   7  57   8  79   9  51  10  37  11  85  12  53  13  93  14  78  15  93  16  63  17  42  18  95  19  79 
  0  50   1  40   2  36   3  90   4  83   5  52   6  98   7  57   8  81   9  50  10  37  11  86  12  53  13  90  14  80  15  93  16  60  17  42  18  95  19  78 
  0  47   1  41   2  37   3  87   4  83   5  49   6  97   7  57   8  80   9  51  10  34  11  87  12  51  13  88  14  77  15  88  16  62  17  42  18  94  19  74 
  0  45   1  32   2  36   3  87   4  82   5  46   6  88   7  55   8  76   9  47  10  33  11  83  12  51  13  86  14  73  15  85  16  57  17  41  18  89  19  75 
  0  46   1  34   2  33   3  89   4  81   5  46   6  92   7  55   8  78   9  49  10  33  11  85  12  50  13  87  14  71  15  87  16  57  17  40  18  89  19  71 
  0  45   1  37   2  37   3  89   4  84   5  50   6  94   7  55   8  76   9  49  10  37  11  87  12  49  13  88  14  74  15  90  16  58  17  42  18  89  19  73 
  0  52   1  39   2  37   3  90   4  86   5  50   6  98   7  57   8  78   9  51  10  36  11  85  12  54  13  93  14  79  15  90  16  62  17  42  18  95  19  76 
  0  44   1  34   2  34   3  88   4  80   5  47   6  92   7  56   8  75   9  47  10  36  11  85  12  51  13  85  14  73  15  86  16  59  17  40  18  87  19  75 


