
 20  20

  0  78   1  97   2  42   3  78   4  91   5  95   6  81   7  91   8  72   9  78  10  55  11  52  12  56  13  86  14  51  15  80  16  94  17  57  18  72  19  64 
  0  80   1  99   2  43   3  80   4  91   5  93   6  82   7  91   8  75   9  79  10  56  11  52  12  58  13  89  14  50  15  81  16  98  17  58  18  73  19  69 
  0  76   1  95   2  43   3  80   4  88   5  95   6  79   7  92   8  72   9  74  10  52  11  50  12  56  13  87  14  49  15  79  16  95  17  58  18  72  19  65 
  0  77   1  99   2  41   3  80   4  91   5  95   6  81   7  92   8  75   9  77  10  55  11  52  12  58  13  89  14  50  15  81  16  98  17  58  18  74  19  69 
  0  73   1  98   2  41   3  80   4  90   5  91   6  76   7  92   8  70   9  75  10  51  11  52  12  53  13  85  14  51  15  77  16  95  17  57  18  73  19  65 
  0  74   1  95   2  41   3  78   4  86   5  91   6  74   7  92   8  73   9  74  10  50  11  52  12  50  13  86  14  51  15  79  16  93  17  58  18  72  19  62 
  0  79   1  99   2  41   3  79   4  92   5  93   6  80   7  93   8  73   9  76  10  56  11  52  12  55  13  88  14  51  15  81  16  96  17  56  18  72  19  69 
  0  79   1  99   2  43   3  79   4  89   5  94   6  78   7  93   8  72   9  77  10  52  11  50  12  55  13  87  14  49  15  79  16  95  17  56  18  73  19  67 
  0  73   1  95   2  43   3  80   4  87   5  91   6  76   7  91   8  73   9  76  10  52  11  50  12  51  13  88  14  49  15  80  16  94  17  58  18  71  19  63 
  0  76   1  99   2  43   3  80   4  90   5  94   6  78   7  93   8  74   9  74  10  54  11  50  12  53  13  87  14  50  15  79  16  97  17  56  18  71  19  64 
  0  78   1  99   2  43   3  78   4  92   5  94   6  80   7  92   8  74   9  76  10  54  11  52  12  55  13  91  14  50  15  79  16  98  17  57  18  75  19  69 
  0  74   1  96   2  43   3  80   4  89   5  94   6  74   7  91   8  71   9  74  10  48  11  50  12  50  13  83  14  49  15  80  16  91  17  56  18  69  19  60 
  0  74   1  96   2  41   3  80   4  90   5  92   6  76   7  92   8  74   9  73  10  50  11  52  12  51  13  86  14  50  15  78  16  93  17  56  18  74  19  65 
  0  71   1  95   2  43   3  78   4  88   5  91   6  78   7  91   8  72   9  75  10  50  11  50  12  53  13  86  14  50  15  77  16  94  17  58  18  71  19  60 
  0  72   1  99   2  41   3  78   4  89   5  91   6  75   7  92   8  73   9  73  10  49  11  50  12  51  13  85  14  49  15  80  16  93  17  58  18  73  19  65 
  0  76   1  98   2  41   3  80   4  90   5  95   6  80   7  91   8  75   9  76  10  51  11  52  12  56  13  89  14  49  15  81  16  97  17  56  18  74  19  64 
  0  78   1  99   2  41   3  79   4  88   5  93   6  79   7  93   8  76   9  75  10  54  11  52  12  54  13  86  14  51  15  78  16  97  17  57  18  75  19  63 
  0  72   1  94   2  41   3  78   4  86   5  91   6  76   7  93   8  70   9  75  10  47  11  50  12  48  13  87  14  50  15  78  16  92  17  58  18  71  19  59 
  0  76   1  99   2  43   3  78   4  91   5  95   6  81   7  93   8  73   9  79  10  55  11  52  12  53  13  89  14  50  15  80  16  99  17  58  18  72  19  64 
  0  74   1  97   2  43   3  78   4  89   5  91   6  77   7  92   8  71   9  74  10  53  11  50  12  51  13  86  14  49  15  77  16  93  17  56  18  71  19  63 


