
 20  20

  0  51   1  67   2  51   3  47   4  57   5  11   6  23   7  39   8  71   9  49  10  22  11  10  12  39  13  25  14  27  15  51  16  54  17  25  18  32  19  70 
  0  56   1  67   2  55   3  52   4  59   5  15   6  23   7  43   8  69   9  55  10  28  11  14  12  42  13  31  14  29  15  57  16  59  17  29  18  33  19  71 
  0  51   1  68   2  53   3  49   4  57   5  14   6  21   7  38   8  69   9  48  10  25  11   9  12  39  13  27  14  28  15  49  16  56  17  25  18  35  19  71 
  0  60   1  68   2  53   3  55   4  60   5  15   6  25   7  41   8  69   9  56  10  32  11  17  12  46  13  30  14  29  15  59  16  59  17  30  18  36  19  75 
  0  56   1  68   2  54   3  57   4  60   5  15   6  22   7  41   8  71   9  53  10  32  11  13  12  45  13  29  14  29  15  59  16  62  17  28  18  35  19  73 
  0  51   1  67   2  51   3  52   4  58   5  12   6  22   7  37   8  70   9  52  10  26  11  10  12  41  13  26  14  25  15  50  16  57  17  29  18  32  19  73 
  0  50   1  68   2  51   3  47   4  56   5  11   6  21   7  36   8  71   9  48  10  23  11  11  12  37  13  28  14  27  15  50  16  54  17  25  18  32  19  69 
  0  59   1  69   2  55   3  55   4  60   5  15   6  25   7  41   8  71   9  56  10  32  11  15  12  47  13  30  14  29  15  59  16  60  17  30  18  36  19  72 
  0  57   1  69   2  53   3  55   4  56   5  13   6  22   7  43   8  69   9  55  10  29  11  14  12  45  13  29  14  28  15  54  16  61  17  28  18  33  19  71 
  0  56   1  67   2  54   3  51   4  57   5  13   6  24   7  41   8  70   9  50  10  26  11  14  12  44  13  28  14  28  15  56  16  57  17  26  18  32  19  70 
  0  57   1  69   2  52   3  53   4  59   5  14   6  25   7  40   8  70   9  53  10  31  11  17  12  45  13  31  14  28  15  58  16  60  17  29  18  33  19  74 
  0  53   1  67   2  53   3  52   4  58   5  12   6  23   7  41   8  69   9  51  10  24  11  12  12  40  13  26  14  26  15  53  16  58  17  26  18  35  19  69 
  0  54   1  67   2  51   3  52   4  57   5  13   6  24   7  40   8  71   9  52  10  27  11  10  12  42  13  27  14  28  15  54  16  57  17  27  18  33  19  73 
  0  52   1  67   2  51   3  49   4  56   5  13   6  22   7  37   8  71   9  49  10  22  11   9  12  38  13  27  14  25  15  49  16  57  17  27  18  32  19  69 
  0  60   1  69   2  55   3  56   4  58   5  15   6  24   7  44   8  71   9  56  10  30  11  17  12  47  13  32  14  29  15  59  16  60  17  31  18  35  19  75 
  0  57   1  69   2  55   3  55   4  60   5  15   6  24   7  41   8  70   9  54  10  32  11  17  12  43  13  32  14  29  15  58  16  59  17  28  18  35  19  74 
  0  53   1  67   2  52   3  51   4  56   5  11   6  21   7  38   8  69   9  49  10  23  11   9  12  37  13  26  14  28  15  51  16  55  17  25  18  35  19  72 
  0  54   1  67   2  54   3  50   4  56   5  15   6  21   7  42   8  71   9  53  10  26  11  12  12  42  13  29  14  29  15  54  16  56  17  27  18  36  19  72 
  0  56   1  67   2  54   3  52   4  56   5  12   6  25   7  42   8  71   9  53  10  26  11  15  12  42  13  29  14  27  15  54  16  58  17  26  18  36  19  73 
  0  53   1  69   2  53   3  53   4  59   5  11   6  25   7  40   8  69   9  54  10  25  11  11  12  44  13  29  14  27  15  55  16  60  17  30  18  35  19  70 


