
 20  20

  0  20   1  47   2  28   3  44   4  73   5  73   6  49   7  39   8  41   9  57  10  67  11  50  12  79  13  41  14  67  15  51  16  49  17  18  18  62  19  42 
  0  21   1  49   2  27   3  48   4  72   5  74   6  49   7  37   8  40   9  54  10  70  11  52  12  78  13  41  14  67  15  55  16  47  17  17  18  62  19  45 
  0  14   1  42   2  20   3  40   4  72   5  72   6  47   7  33   8  31   9  54  10  65  11  44  12  74  13  37  14  66  15  47  16  41  17  18  18  60  19  35 
  0  21   1  49   2  29   3  46   4  73   5  76   6  47   7  36   8  41   9  55  10  68  11  54  12  78  13  41  14  67  15  55  16  49  17  19  18  62  19  43 
  0  20   1  47   2  28   3  47   4  73   5  76   6  48   7  39   8  38   9  57  10  70  11  51  12  79  13  41  14  65  15  52  16  50  17  19  18  62  19  43 
  0  13   1  44   2  21   3  40   4  73   5  70   6  45   7  35   8  33   9  55  10  64  11  45  12  74  13  39  14  67  15  47  16  43  17  17  18  62  19  37 
  0  20   1  47   2  24   3  45   4  73   5  76   6  47   7  38   8  39   9  54  10  70  11  53  12  77  13  39  14  65  15  53  16  50  17  17  18  60  19  42 
  0  23   1  50   2  27   3  48   4  73   5  74   6  49   7  37   8  41   9  57  10  70  11  53  12  80  13  40  14  67  15  55  16  51  17  17  18  62  19  43 
  0  16   1  42   2  20   3  40   4  71   5  70   6  48   7  33   8  33   9  53  10  64  11  45  12  74  13  37  14  65  15  48  16  43  17  19  18  60  19  37 
  0  23   1  50   2  28   3  48   4  73   5  73   6  49   7  39   8  41   9  57  10  68  11  53  12  79  13  41  14  67  15  52  16  51  17  19  18  62  19  45 
  0  21   1  48   2  23   3  43   4  71   5  72   6  48   7  35   8  38   9  54  10  70  11  50  12  78  13  41  14  67  15  52  16  48  17  17  18  62  19  41 
  0  20   1  47   2  27   3  48   4  73   5  76   6  48   7  37   8  40   9  56  10  69  11  51  12  77  13  39  14  66  15  55  16  48  17  19  18  62  19  42 
  0  14   1  44   2  22   3  43   4  72   5  71   6  45   7  36   8  33   9  56  10  64  11  45  12  76  13  39  14  66  15  51  16  44  17  17  18  60  19  39 
  0  20   1  49   2  25   3  45   4  72   5  72   6  48   7  38   8  40   9  57  10  69  11  49  12  77  13  41  14  67  15  54  16  48  17  19  18  62  19  40 
  0  14   1  46   2  21   3  44   4  73   5  74   6  47   7  37   8  32   9  55  10  67  11  47  12  78  13  40  14  67  15  48  16  44  17  17  18  60  19  36 
  0  18   1  43   2  23   3  43   4  73   5  73   6  47   7  33   8  36   9  53  10  68  11  50  12  75  13  38  14  67  15  50  16  45  17  17  18  60  19  39 
  0  17   1  46   2  20   3  44   4  71   5  74   6  48   7  35   8  34   9  53  10  68  11  45  12  76  13  37  14  65  15  47  16  45  17  19  18  62  19  39 
  0  16   1  42   2  19   3  41   4  71   5  71   6  45   7  33   8  31   9  53  10  64  11  45  12  74  13  38  14  65  15  47  16  42  17  17  18  61  19  36 
  0  15   1  44   2  20   3  41   4  71   5  70   6  48   7  33   8  31   9  53  10  66  11  44  12  76  13  37  14  65  15  47  16  44  17  17  18  60  19  37 
  0  18   1  44   2  24   3  41   4  73   5  70   6  45   7  33   8  36   9  55  10  65  11  46  12  75  13  38  14  65  15  48  16  43  17  19  18  62  19  38 


