
 20  20

  0  33   1  32   2  19   3  59   4  41   5  12   6  59   7  42   8  46   9  51  10  48  11  39  12  69  13  19  14  51  15  56  16  10  17  39  18   9  19  44 
  0  36   1  35   2  22   3  60   4  47   5  13   6  61   7  45   8  46   9  52  10  47  11  41  12  69  13  18  14  51  15  58  16  13  17  43  18  10  19  45 
  0  29   1  31   2  23   3  59   4  42   5  12   6  60   7  45   8  44   9  51  10  47  11  38  12  69  13  19  14  51  15  58  16  13  17  38  18   8  19  43 
  0  37   1  35   2  24   3  63   4  46   5  14   6  61   7  48   8  46   9  53  10  48  11  41  12  69  13  20  14  52  15  58  16  15  17  44  18  13  19  45 
  0  36   1  34   2  22   3  61   4  43   5  14   6  61   7  48   8  44   9  53  10  47  11  41  12  67  13  18  14  52  15  57  16  12  17  40  18  11  19  45 
  0  36   1  34   2  20   3  60   4  43   5  14   6  61   7  47   8  43   9  53  10  47  11  39  12  69  13  20  14  52  15  58  16  14  17  40  18  10  19  47 
  0  35   1  34   2  23   3  62   4  46   5  12   6  61   7  47   8  43   9  51  10  47  11  39  12  69  13  18  14  50  15  56  16  12  17  38  18  11  19  45 
  0  35   1  35   2  25   3  62   4  48   5  14   6  61   7  47   8  46   9  51  10  47  11  40  12  69  13  20  14  52  15  58  16  17  17  44  18  12  19  44 
  0  30   1  31   2  19   3  59   4  42   5  14   6  60   7  42   8  42   9  52  10  47  11  36  12  68  13  18  14  47  15  58  16   9  17  38  18   6  19  44 
  0  32   1  31   2  22   3  62   4  43   5  13   6  59   7  43   8  42   9  51  10  47  11  37  12  67  13  19  14  47  15  57  16  10  17  37  18   5  19  44 
  0  38   1  32   2  25   3  60   4  48   5  14   6  61   7  46   8  46   9  52  10  49  11  39  12  69  13  19  14  53  15  58  16  15  17  43  18  12  19  46 
  0  36   1  34   2  25   3  63   4  47   5  14   6  61   7  48   8  44   9  53  10  49  11  38  12  69  13  20  14  51  15  57  16  14  17  41  18  10  19  46 
  0  29   1  33   2  23   3  59   4  42   5  12   6  60   7  41   8  42   9  51  10  49  11  37  12  68  13  19  14  47  15  58  16   9  17  38  18   9  19  43 
  0  35   1  31   2  21   3  59   4  42   5  14   6  61   7  44   8  46   9  51  10  47  11  39  12  69  13  20  14  51  15  57  16  12  17  40  18   7  19  45 
  0  33   1  34   2  24   3  63   4  44   5  12   6  61   7  45   8  43   9  51  10  47  11  40  12  67  13  20  14  53  15  58  16  16  17  42  18   9  19  43 
  0  29   1  31   2  20   3  60   4  40   5  14   6  60   7  41   8  45   9  53  10  47  11  37  12  69  13  20  14  49  15  56  16  13  17  40  18   9  19  44 
  0  30   1  31   2  19   3  60   4  40   5  13   6  59   7  44   8  42   9  52  10  47  11  36  12  67  13  18  14  48  15  58  16   9  17  38  18   5  19  43 
  0  38   1  35   2  23   3  62   4  45   5  12   6  61   7  48   8  44   9  53  10  47  11  38  12  69  13  19  14  52  15  58  16  16  17  42  18  13  19  47 
  0  37   1  35   2  25   3  61   4  47   5  14   6  61   7  49   8  45   9  51  10  48  11  41  12  69  13  20  14  52  15  58  16  15  17  44  18  13  19  47 
  0  34   1  33   2  22   3  61   4  47   5  12   6  60   7  49   8  45   9  51  10  49  11  37  12  68  13  18  14  52  15  57  16  14  17  40  18  12  19  46 


