
 20  20

  0  63   1  66   2  35   3  35   4  65   5  47   6  44   7  69   8  61   9  39  10  70  11  55  12  85  13  64  14  60  15  32  16  78  17  62  18  66  19  67 
  0  60   1  59   2  34   3  31   4  65   5  44   6  43   7  65   8  57   9  34  10  70  11  54  12  84  13  62  14  60  15  30  16  77  17  61  18  66  19  63 
  0  66   1  66   2  38   3  36   4  69   5  48   6  45   7  70   8  61   9  37  10  70  11  53  12  88  13  67  14  63  15  32  16  77  17  62  18  69  19  68 
  0  61   1  63   2  36   3  33   4  67   5  47   6  41   7  66   8  61   9  37  10  69  11  54  12  86  13  66  14  62  15  33  16  78  17  64  18  66  19  67 
  0  58   1  58   2  34   3  26   4  64   5  45   6  39   7  65   8  58   9  32  10  68  11  51  12  82  13  62  14  56  15  28  16  75  17  58  18  63  19  61 
  0  56   1  58   2  34   3  28   4  63   5  44   6  41   7  65   8  57   9  33  10  68  11  53  12  81  13  61  14  58  15  28  16  76  17  58  18  63  19  63 
  0  63   1  63   2  38   3  29   4  68   5  45   6  43   7  65   8  60   9  35  10  68  11  55  12  85  13  62  14  58  15  32  16  77  17  59  18  68  19  67 
  0  59   1  62   2  34   3  31   4  63   5  46   6  43   7  66   8  57   9  34  10  70  11  50  12  82  13  63  14  60  15  32  16  74  17  62  18  63  19  66 
  0  56   1  60   2  34   3  26   4  65   5  47   6  39   7  63   8  57   9  33  10  70  11  50  12  84  13  63  14  59  15  29  16  77  17  56  18  65  19  62 
  0  66   1  66   2  38   3  33   4  67   5  45   6  42   7  70   8  59   9  37  10  70  11  53  12  87  13  64  14  64  15  35  16  78  17  62  18  69  19  66 
  0  60   1  63   2  37   3  32   4  67   5  44   6  43   7  68   8  60   9  34  10  69  11  54  12  85  13  61  14  57  15  28  16  78  17  61  18  63  19  63 
  0  66   1  67   2  36   3  34   4  68   5  47   6  44   7  70   8  61   9  39  10  70  11  54  12  89  13  65  14  62  15  35  16  76  17  66  18  69  19  69 
  0  58   1  59   2  36   3  27   4  64   5  45   6  39   7  66   8  57   9  32  10  69  11  52  12  81  13  61  14  57  15  27  16  74  17  57  18  66  19  64 
  0  61   1  61   2  37   3  30   4  68   5  48   6  44   7  69   8  57   9  34  10  68  11  51  12  83  13  62  14  61  15  31  16  76  17  63  18  67  19  64 
  0  64   1  64   2  34   3  31   4  67   5  44   6  45   7  70   8  60   9  36  10  70  11  54  12  87  13  64  14  60  15  30  16  77  17  61  18  68  19  68 
  0  60   1  58   2  34   3  28   4  65   5  45   6  42   7  63   8  58   9  31  10  68  11  52  12  81  13  61  14  60  15  29  16  74  17  60  18  63  19  63 
  0  57   1  58   2  34   3  28   4  64   5  46   6  39   7  63   8  58   9  34  10  70  11  52  12  83  13  63  14  56  15  27  16  74  17  58  18  65  19  63 
  0  64   1  66   2  38   3  31   4  65   5  46   6  42   7  67   8  60   9  40  10  68  11  55  12  86  13  63  14  59  15  33  16  76  17  62  18  69  19  68 
  0  60   1  62   2  35   3  28   4  65   5  46   6  42   7  67   8  60   9  36  10  68  11  54  12  86  13  63  14  61  15  31  16  77  17  59  18  68  19  66 
  0  63   1  63   2  37   3  33   4  68   5  47   6  45   7  68   8  61   9  41  10  68  11  56  12  87  13  64  14  61  15  32  16  77  17  66  18  69  19  67 


