
 20  20

  0  73   1  76   2  66   3  84   4  98   5  50   6  57   7  53   8  46   9  54  10  76  11  61  12  85  13  42  14  57  15  88  16  47  17  92  18  57  19  42 
  0  72   1  76   2  67   3  80   4  98   5  51   6  57   7  52   8  44   9  53  10  77  11  64  12  87  13  42  14  56  15  87  16  49  17  90  18  56  19  42 
  0  69   1  71   2  65   3  77   4  97   5  49   6  56   7  50   8  43   9  51  10  75  11  63  12  88  13  40  14  52  15  85  16  47  17  92  18  57  19  44 
  0  68   1  73   2  67   3  77   4  96   5  50   6  57   7  47   8  43   9  50  10  76  11  61  12  84  13  41  14  52  15  85  16  42  17  90  18  53  19  44 
  0  65   1  70   2  65   3  77   4  95   5  49   6  56   7  48   8  43   9  47  10  75  11  58  12  84  13  40  14  51  15  83  16  44  17  87  18  53  19  44 
  0  75   1  76   2  67   3  83   4  96   5  51   6  58   7  54   8  45   9  53  10  77  11  64  12  88  13  39  14  57  15  88  16  50  17  96  18  58  19  44 
  0  75   1  78   2  66   3  84   4  98   5  51   6  57   7  54   8  47   9  54  10  76  11  64  12  87  13  42  14  57  15  89  16  50  17  96  18  59  19  43 
  0  75   1  76   2  65   3  83   4  98   5  50   6  58   7  56   8  47   9  56  10  76  11  64  12  88  13  40  14  55  15  88  16  48  17  95  18  59  19  43 
  0  70   1  74   2  67   3  77   4  97   5  51   6  56   7  49   8  43   9  51  10  77  11  59  12  85  13  38  14  50  15  87  16  46  17  88  18  55  19  43 
  0  75   1  78   2  66   3  85   4  97   5  49   6  58   7  54   8  47   9  56  10  77  11  64  12  87  13  42  14  57  15  87  16  48  17  94  18  57  19  44 
  0  70   1  76   2  65   3  80   4  99   5  49   6  57   7  53   8  43   9  50  10  75  11  63  12  88  13  40  14  54  15  85  16  46  17  94  18  57  19  42 
  0  65   1  70   2  66   3  75   4  95   5  49   6  58   7  48   8  44   9  46  10  77  11  58  12  85  13  38  14  49  15  83  16  42  17  87  18  53  19  43 
  0  73   1  76   2  67   3  85   4  98   5  51   6  57   7  54   8  47   9  56  10  77  11  64  12  88  13  40  14  57  15  86  16  49  17  96  18  57  19  44 
  0  69   1  75   2  65   3  79   4  96   5  50   6  57   7  52   8  46   9  51  10  77  11  63  12  85  13  42  14  52  15  85  16  47  17  93  18  55  19  42 
  0  75   1  76   2  65   3  85   4  97   5  51   6  58   7  54   8  45   9  54  10  77  11  64  12  86  13  42  14  57  15  89  16  48  17  96  18  59  19  44 
  0  71   1  76   2  67   3  83   4  98   5  49   6  56   7  52   8  47   9  56  10  75  11  62  12  85  13  39  14  57  15  89  16  49  17  96  18  59  19  42 
  0  70   1  73   2  67   3  80   4  96   5  49   6  57   7  47   8  46   9  49  10  77  11  59  12  84  13  39  14  52  15  83  16  46  17  90  18  56  19  42 
  0  68   1  73   2  65   3  75   4  97   5  50   6  56   7  48   8  43   9  46  10  75  11  58  12  85  13  39  14  52  15  84  16  45  17  86  18  53  19  42 
  0  68   1  74   2  66   3  81   4  98   5  51   6  58   7  53   8  45   9  49  10  75  11  60  12  85  13  41  14  53  15  88  16  48  17  93  18  54  19  42 
  0  65   1  72   2  67   3  75   4  95   5  49   6  56   7  46   8  44   9  49  10  75  11  60  12  84  13  38  14  50  15  84  16  43  17  86  18  53  19  42 


