
 20  20

  0  33   1  67   2  40   3  43   4  87   5  37   6  61   7  73   8  37   9  51  10  35  11  81  12  80  13  67  14  62  15  88  16  37  17  48  18  34  19  46 
  0  30   1  62   2  38   3  41   4  85   5  32   6  61   7  72   8  33   9  47  10  31  11  77  12  81  13  65  14  61  15  86  16  38  17  48  18  36  19  45 
  0  33   1  70   2  40   3  46   4  86   5  38   6  62   7  72   8  38   9  52  10  36  11  82  12  80  13  68  14  63  15  86  16  38  17  52  18  34  19  45 
  0  32   1  70   2  40   3  45   4  87   5  40   6  63   7  71   8  37   9  49  10  39  11  86  12  80  13  68  14  66  15  87  16  38  17  49  18  34  19  47 
  0  32   1  66   2  39   3  45   4  83   5  37   6  60   7  70   8  37   9  49  10  38  11  83  12  80  13  67  14  63  15  87  16  37  17  51  18  36  19  47 
  0  29   1  68   2  37   3  44   4  86   5  34   6  60   7  73   8  36   9  49  10  36  11  83  12  80  13  66  14  63  15  84  16  38  17  47  18  36  19  44 
  0  30   1  66   2  40   3  43   4  85   5  36   6  61   7  72   8  32   9  49  10  34  11  81  12  80  13  66  14  65  15  86  16  39  17  49  18  34  19  45 
  0  32   1  70   2  40   3  46   4  87   5  39   6  64   7  70   8  38   9  51  10  38  11  83  12  80  13  69  14  66  15  89  16  38  17  48  18  36  19  46 
  0  31   1  67   2  39   3  44   4  83   5  37   6  62   7  72   8  32   9  45  10  34  11  81  12  82  13  67  14  64  15  84  16  39  17  47  18  34  19  43 
  0  25   1  61   2  36   3  38   4  85   5  30   6  59   7  69   8  30   9  42  10  33  11  76  12  82  13  65  14  60  15  84  16  37  17  46  18  34  19  42 
  0  26   1  63   2  36   3  39   4  83   5  31   6  59   7  70   8  32   9  44  10  34  11  77  12  81  13  66  14  63  15  84  16  35  17  47  18  36  19  44 
  0  31   1  66   2  37   3  41   4  85   5  36   6  63   7  70   8  35   9  49  10  36  11  83  12  80  13  65  14  63  15  88  16  37  17  50  18  35  19  46 
  0  27   1  64   2  37   3  44   4  84   5  35   6  59   7  69   8  33   9  44  10  33  11  78  12  80  13  68  14  62  15  87  16  37  17  46  18  36  19  45 
  0  29   1  66   2  38   3  45   4  85   5  36   6  64   7  73   8  36   9  49  10  38  11  84  12  80  13  65  14  64  15  88  16  39  17  50  18  36  19  46 
  0  29   1  63   2  39   3  43   4  83   5  36   6  63   7  70   8  33   9  48  10  34  11  79  12  82  13  68  14  62  15  88  16  35  17  47  18  35  19  46 
  0  30   1  65   2  38   3  45   4  83   5  37   6  64   7  70   8  34   9  47  10  37  11  80  12  80  13  65  14  61  15  85  16  36  17  50  18  34  19  47 
  0  28   1  62   2  36   3  42   4  83   5  34   6  62   7  69   8  33   9  45  10  32  11  77  12  82  13  68  14  61  15  85  16  38  17  46  18  36  19  46 
  0  25   1  62   2  36   3  39   4  83   5  32   6  60   7  69   8  31   9  43  10  32  11  77  12  82  13  66  14  60  15  83  16  37  17  46  18  36  19  43 
  0  32   1  67   2  38   3  45   4  86   5  38   6  62   7  72   8  35   9  50  10  35  11  82  12  80  13  69  14  62  15  89  16  38  17  48  18  36  19  44 
  0  34   1  67   2  40   3  44   4  85   5  36   6  65   7  70   8  33   9  50  10  34  11  81  12  82  13  66  14  64  15  88  16  39  17  52  18  35  19  47 


