
 20  20

  0  25   1  29   2  57   3  58   4  52   5  62   6  72   7  16   8  33   9  31  10  52  11  61  12  63  13  31  14  61  15  51  16  46  17  47  18  48  19  16 
  0  19   1  30   2  54   3  53   4  52   5  59   6  70   7  15   8  29   9  28  10  48  11  57  12  58  13  26  14  59  15  43  16  44  17  45  18  48  19  16 
  0  21   1  29   2  57   3  56   4  49   5  56   6  71   7  16   8  30   9  28  10  50  11  59  12  59  13  28  14  59  15  47  16  43  17  45  18  44  19  13 
  0  23   1  29   2  55   3  56   4  52   5  57   6  73   7  14   8  32   9  30  10  50  11  58  12  59  13  30  14  60  15  44  16  44  17  45  18  48  19  15 
  0  26   1  33   2  58   3  60   4  56   5  64   6  73   7  17   8  35   9  30  10  53  11  65  12  63  13  34  14  64  15  53  16  48  17  47  18  52  19  17 
  0  29   1  33   2  59   3  62   4  57   5  65   6  72   7  15   8  36   9  31  10  53  11  65  12  64  13  34  14  66  15  53  16  50  17  46  18  54  19  17 
  0  24   1  29   2  55   3  55   4  50   5  58   6  73   7  16   8  32   9  27  10  50  11  59  12  58  13  29  14  60  15  48  16  45  17  47  18  46  19  13 
  0  19   1  31   2  57   3  53   4  49   5  56   6  70   7  15   8  30   9  27  10  49  11  56  12  58  13  26  14  59  15  44  16  40  17  46  18  47  19  15 
  0  24   1  30   2  60   3  61   4  56   5  62   6  73   7  14   8  33   9  29  10  53  11  62  12  64  13  34  14  64  15  52  16  48  17  47  18  51  19  15 
  0  25   1  33   2  60   3  60   4  55   5  62   6  74   7  17   8  32   9  28  10  50  11  60  12  63  13  30  14  63  15  52  16  49  17  47  18  49  19  17 
  0  25   1  32   2  57   3  56   4  50   5  60   6  72   7  14   8  33   9  27  10  48  11  58  12  59  13  27  14  61  15  47  16  46  17  45  18  47  19  13 
  0  26   1  29   2  58   3  58   4  53   5  59   6  72   7  14   8  33   9  28  10  49  11  61  12  61  13  31  14  62  15  47  16  47  17  46  18  51  19  13 
  0  24   1  33   2  60   3  60   4  54   5  61   6  72   7  17   8  34   9  31  10  52  11  59  12  64  13  31  14  61  15  50  16  45  17  45  18  49  19  17 
  0  27   1  33   2  57   3  59   4  54   5  64   6  74   7  16   8  32   9  31  10  50  11  61  12  62  13  30  14  61  15  51  16  48  17  45  18  51  19  17 
  0  19   1  30   2  55   3  52   4  51   5  57   6  70   7  13   8  30   9  29  10  47  11  55  12  60  13  26  14  58  15  45  16  40  17  45  18  45  19  14 
  0  20   1  31   2  55   3  56   4  52   5  56   6  70   7  13   8  30   9  27  10  50  11  56  12  58  13  27  14  58  15  47  16  44  17  45  18  45  19  13 
  0  22   1  29   2  58   3  57   4  53   5  62   6  70   7  16   8  31   9  28  10  52  11  59  12  63  13  28  14  59  15  48  16  46  17  45  18  49  19  17 
  0  24   1  33   2  58   3  61   4  53   5  61   6  73   7  17   8  34   9  28  10  49  11  62  12  63  13  34  14  65  15  52  16  45  17  47  18  53  19  17 
  0  28   1  32   2  59   3  57   4  55   5  64   6  71   7  17   8  34   9  31  10  53  11  62  12  61  13  30  14  65  15  49  16  49  17  45  18  51  19  17 
  0  23   1  31   2  56   3  57   4  54   5  60   6  72   7  16   8  29   9  28  10  50  11  58  12  59  13  29  14  58  15  45  16  44  17  45  18  49  19  13 


