
 20  20

  0   8   1  52   2  36   3   2   4   1   5  38   6  28   7   5   8  47   9  12  10  25  11   9  12  34  13   4  14  29  15   9  16  27  17  43  18  27  19  45 
  0   7   1  51   2  36   3   1   4   1   5  38   6  28   7   7   8  46   9  11  10  23  11   9  12  30  13   2  14  30  15   9  16  27  17  44  18  25  19  45 
  0   8   1  51   2  41   3   6   4   4   5  40   6  28   7   7   8  47   9  13  10  25  11   7  12  31  13   3  14  33  15  13  16  29  17  45  18  27  19  44 
  0  10   1  51   2  40   3   1   4   2   5  35   6  29   7   5   8  45   9  12  10  24  11   7  12  30  13   2  14  28  15  12  16  29  17  41  18  26  19  43 
  0  12   1  53   2  42   3   6   4   4   5  38   6  28   7   7   8  48   9  11  10  25  11   9  12  34  13   5  14  35  15  14  16  31  17  48  18  28  19  48 
  0   7   1  51   2  39   3   3   4   1   5  39   6  28   7   6   8  47   9  11  10  23  11   7  12  30  13   5  14  31  15  10  16  29  17  42  18  28  19  44 
  0  10   1  52   2  40   3   3   4   4   5  35   6  28   7   9   8  43   9  13  10  23  11   9  12  34  13   2  14  28  15  12  16  27  17  43  18  28  19  46 
  0  13   1  51   2  40   3   5   4   2   5  38   6  30   7   9   8  49   9  11  10  26  11   8  12  35  13   6  14  33  15  13  16  31  17  45  18  29  19  46 
  0  11   1  53   2  44   3   8   4   7   5  41   6  28   7   7   8  46   9  12  10  27  11   9  12  34  13   6  14  35  15  13  16  30  17  44  18  28  19  47 
  0  13   1  53   2  40   3   4   4   6   5  40   6  29   7   9   8  47   9  13  10  27  11   7  12  33  13   5  14  33  15  13  16  30  17  48  18  29  19  49 
  0   7   1  51   2  36   3   1   4   1   5  35   6  28   7   5   8  43   9  11  10  23  11   8  12  30  13   2  14  28  15   9  16  27  17  43  18  24  19  45 
  0  11   1  51   2  39   3   2   4   3   5  37   6  30   7   5   8  47   9  13  10  23  11   7  12  32  13   3  14  30  15  13  16  29  17  42  18  25  19  46 
  0  12   1  53   2  42   3   2   4   2   5  38   6  30   7   8   8  48   9  11  10  24  11   9  12  32  13   2  14  33  15  14  16  28  17  43  18  28  19  47 
  0  10   1  53   2  40   3   5   4   5   5  36   6  28   7   7   8  47   9  11  10  23  11   7  12  34  13   4  14  31  15  10  16  30  17  44  18  27  19  44 
  0  11   1  51   2  42   3   8   4   6   5  39   6  28   7  10   8  47   9  13  10  27  11   9  12  33  13   7  14  33  15  17  16  31  17  46  18  33  19  49 
  0   6   1  51   2  36   3   1   4   1   5  35   6  30   7   5   8  43   9  11  10  24  11   9  12  30  13   2  14  28  15  10  16  27  17  41  18  24  19  43 
  0  11   1  53   2  38   3   1   4   2   5  37   6  30   7   9   8  43   9  13  10  23  11   8  12  34  13   6  14  31  15  12  16  27  17  43  18  25  19  47 
  0  16   1  53   2  43   3   8   4   7   5  43   6  30   7  11   8  48   9  12  10  27  11   7  12  38  13   6  14  33  15  16  16  29  17  48  18  34  19  49 
  0  10   1  51   2  41   3   4   4   3   5  39   6  28   7   7   8  44   9  11  10  24  11   8  12  30  13   4  14  28  15  14  16  28  17  45  18  26  19  45 
  0   7   1  53   2  36   3   1   4   1   5  35   6  28   7   5   8  43   9  12  10  23  11   9  12  32  13   4  14  30  15  10  16  28  17  41  18  25  19  43 


