
 20  20

  0  80   1  80   2  67   3  68   4  58   5  45   6  54   7  55   8  59   9  31  10  39  11  52  12  76  13  55  14  32  15  79  16  28  17  31  18  54  19  27 
  0  85   1  83   2  70   3  68   4  60   5  45   6  57   7  61   8  63   9  38  10  41  11  55  12  80  13  59  14  33  15  80  16  34  17  35  18  56  19  29 
  0  86   1  84   2  71   3  69   4  57   5  47   6  55   7  61   8  60   9  36  10  43  11  55  12  80  13  56  14  33  15  78  16  32  17  35  18  54  19  29 
  0  81   1  83   2  69   3  69   4  60   5  47   6  53   7  59   8  62   9  33  10  43  11  55  12  78  13  59  14  31  15  78  16  29  17  36  18  56  19  29 
  0  85   1  84   2  71   3  68   4  59   5  44   6  55   7  58   8  63   9  36  10  40  11  56  12  78  13  57  14  33  15  78  16  34  17  33  18  56  19  28 
  0  86   1  82   2  71   3  67   4  60   5  47   6  56   7  58   8  62   9  35  10  40  11  57  12  80  13  59  14  31  15  80  16  34  17  33  18  56  19  29 
  0  82   1  78   2  68   3  67   4  57   5  44   6  51   7  57   8  57   9  32  10  42  11  53  12  78  13  55  14  33  15  80  16  29  17  34  18  54  19  29 
  0  83   1  82   2  68   3  69   4  60   5  47   6  56   7  61   8  64   9  37  10  43  11  55  12  80  13  58  14  33  15  81  16  32  17  36  18  56  19  29 
  0  79   1  77   2  70   3  68   4  59   5  42   6  52   7  53   8  58   9  29  10  37  11  47  12  74  13  55  14  31  15  77  16  29  17  33  18  54  19  27 
  0  86   1  85   2  71   3  67   4  58   5  45   6  58   7  61   8  64   9  38  10  41  11  57  12  79  13  59  14  33  15  79  16  34  17  36  18  56  19  29 
  0  79   1  79   2  70   3  68   4  56   5  43   6  51   7  55   8  55   9  32  10  39  11  47  12  74  13  56  14  32  15  77  16  30  17  33  18  55  19  27 
  0  83   1  85   2  71   3  69   4  60   5  47   6  58   7  61   8  63   9  36  10  40  11  56  12  80  13  58  14  33  15  80  16  32  17  33  18  56  19  27 
  0  84   1  84   2  68   3  67   4  58   5  47   6  56   7  57   8  60   9  32  10  42  11  51  12  77  13  59  14  33  15  79  16  30  17  34  18  56  19  27 
  0  82   1  81   2  70   3  69   4  60   5  45   6  57   7  60   8  59   9  33  10  39  11  56  12  78  13  59  14  33  15  79  16  30  17  33  18  56  19  28 
  0  76   1  78   2  69   3  69   4  56   5  42   6  50   7  53   8  54   9  29  10  37  11  48  12  76  13  57  14  33  15  76  16  27  17  32  18  56  19  27 
  0  80   1  77   2  69   3  67   4  58   5  42   6  51   7  53   8  55   9  30  10  40  11  50  12  77  13  57  14  32  15  76  16  28  17  32  18  56  19  28 
  0  79   1  80   2  67   3  68   4  59   5  41   6  54   7  58   8  57   9  29  10  38  11  49  12  75  13  55  14  31  15  75  16  29  17  34  18  56  19  27 
  0  82   1  84   2  71   3  69   4  58   5  44   6  54   7  59   8  64   9  34  10  41  11  53  12  77  13  58  14  33  15  79  16  30  17  34  18  56  19  29 
  0  81   1  80   2  71   3  67   4  60   5  44   6  53   7  57   8  59   9  37  10  41  11  54  12  78  13  56  14  33  15  79  16  30  17  36  18  54  19  27 
  0  86   1  85   2  70   3  69   4  60   5  45   6  58   7  61   8  63   9  38  10  42  11  57  12  80  13  57  14  33  15  81  16  34  17  36  18  54  19  27 


