
 20  20

  0  63   1  33   2  80   3  53   4  50   5  77   6  47   7  88   8  81   9  70  10  43  11  55  12  83  13  81  14  82  15  57  16  59  17  73  18  61  19  52 
  0  63   1  39   2  79   3  57   4  50   5  78   6  47   7  90   8  81   9  71  10  42  11  55  12  86  13  79  14  88  15  56  16  60  17  78  18  61  19  53 
  0  65   1  40   2  84   3  55   4  50   5  78   6  52   7  87   8  81   9  76  10  41  11  57  12  86  13  82  14  87  15  61  16  59  17  79  18  63  19  54 
  0  66   1  36   2  80   3  53   4  50   5  77   6  50   7  88   8  79   9  72  10  41  11  55  12  88  13  82  14  84  15  56  16  60  17  78  18  60  19  52 
  0  60   1  33   2  78   3  55   4  51   5  78   6  47   7  83   8  81   9  70  10  42  11  55  12  83  13  80  14  82  15  56  16  61  17  73  18  58  19  49 
  0  70   1  41   2  83   3  57   4  51   5  77   6  53   7  91   8  83   9  76  10  43  11  59  12  88  13  81  14  90  15  61  16  61  17  79  18  64  19  57 
  0  61   1  34   2  77   3  55   4  50   5  76   6  47   7  83   8  79   9  72  10  41  11  55  12  86  13  82  14  84  15  58  16  59  17  74  18  58  19  49 
  0  64   1  36   2  77   3  53   4  50   5  76   6  46   7  83   8  82   9  71  10  43  11  53  12  86  13  82  14  82  15  55  16  60  17  74  18  61  19  51 
  0  60   1  36   2  79   3  55   4  50   5  76   6  48   7  86   8  79   9  72  10  43  11  55  12  85  13  82  14  82  15  57  16  61  17  73  18  60  19  49 
  0  70   1  41   2  82   3  56   4  52   5  76   6  53   7  93   8  83   9  73  10  43  11  57  12  87  13  83  14  89  15  61  16  61  17  76  18  62  19  56 
  0  70   1  41   2  85   3  57   4  52   5  78   6  53   7  92   8  83   9  75  10  42  11  58  12  88  13  83  14  90  15  59  16  59  17  78  18  64  19  58 
  0  60   1  34   2  79   3  53   4  50   5  76   6  45   7  83   8  81   9  71  10  41  11  54  12  84  13  79  14  82  15  55  16  59  17  73  18  58  19  50 
  0  65   1  39   2  80   3  53   4  51   5  76   6  50   7  88   8  81   9  74  10  41  11  57  12  84  13  79  14  87  15  59  16  61  17  77  18  62  19  53 
  0  64   1  37   2  83   3  57   4  50   5  76   6  47   7  90   8  81   9  72  10  42  11  54  12  85  13  79  14  86  15  58  16  59  17  76  18  63  19  55 
  0  61   1  34   2  79   3  54   4  52   5  78   6  48   7  86   8  82   9  71  10  41  11  56  12  87  13  80  14  84  15  57  16  61  17  77  18  59  19  50 
  0  70   1  41   2  84   3  57   4  52   5  77   6  53   7  91   8  81   9  76  10  41  11  59  12  89  13  83  14  90  15  61  16  61  17  79  18  62  19  59 
  0  61   1  33   2  78   3  53   4  50   5  76   6  48   7  85   8  82   9  72  10  41  11  53  12  84  13  81  14  83  15  55  16  61  17  75  18  60  19  50 
  0  65   1  35   2  80   3  53   4  52   5  78   6  49   7  87   8  80   9  72  10  41  11  54  12  86  13  82  14  85  15  58  16  59  17  73  18  58  19  51 
  0  70   1  39   2  85   3  57   4  50   5  78   6  53   7  93   8  83   9  75  10  41  11  57  12  89  13  83  14  89  15  61  16  60  17  77  18  64  19  59 
  0  67   1  37   2  82   3  56   4  50   5  77   6  47   7  88   8  80   9  75  10  41  11  54  12  87  13  82  14  85  15  60  16  61  17  76  18  63  19  56 


