
 20  20

  0  40   1  11   2  40   3  33   4  44   5  28   6  59   7  15   8  50   9  26  10  59  11  13  12  14  13  26  14  42  15  17  16  20  17  50  18  35  19  28 
  0  44   1  16   2  41   3  31   4  48   5  31   6  59   7  17   8  51   9  31  10  59  11  12  12  14  13  24  14  46  15  21  16  22  17  53  18  35  19  32 
  0  42   1   9   2  40   3  31   4  44   5  28   6  59   7  16   8  50   9  26  10  59  11  13  12  13  13  27  14  39  15  19  16  23  17  51  18  34  19  31 
  0  41   1  12   2  40   3  31   4  44   5  31   6  61   7  15   8  47   9  24  10  61  11  11  12  14  13  24  14  39  15  21  16  20  17  53  18  36  19  29 
  0  44   1  13   2  41   3  32   4  47   5  30   6  61   7  17   8  47   9  27  10  59  11  11  12  13  13  26  14  40  15  18  16  21  17  52  18  34  19  29 
  0  42   1  15   2  42   3  31   4  46   5  29   6  61   7  20   8  50   9  30  10  59  11  13  12  14  13  28  14  45  15  19  16  24  17  52  18  36  19  30 
  0  48   1  19   2  45   3  32   4  48   5  32   6  59   7  21   8  51   9  32  10  61  11  15  12  15  13  28  14  48  15  22  16  24  17  53  18  38  19  34 
  0  45   1  16   2  43   3  31   4  44   5  30   6  59   7  15   8  51   9  26  10  59  11  13  12  13  13  26  14  42  15  20  16  22  17  52  18  38  19  29 
  0  42   1  15   2  44   3  31   4  46   5  31   6  61   7  15   8  50   9  28  10  60  11  11  12  13  13  26  14  44  15  22  16  23  17  54  18  33  19  32 
  0  38   1   9   2  41   3  31   4  46   5  28   6  59   7  12   8  47   9  23  10  59  11  12  12  13  13  24  14  40  15  18  16  20  17  50  18  33  19  30 
  0  48   1  16   2  45   3  33   4  48   5  32   6  61   7  19   8  51   9  31  10  60  11  15  12  15  13  28  14  48  15  23  16  24  17  53  18  40  19  34 
  0  40   1  10   2  42   3  32   4  46   5  31   6  61   7  13   8  47   9  27  10  61  11  11  12  14  13  24  14  41  15  18  16  21  17  50  18  36  19  28 
  0  39   1  12   2  41   3  31   4  44   5  30   6  60   7  13   8  47   9  23  10  59  11  11  12  14  13  24  14  38  15  17  16  20  17  52  18  32  19  28 
  0  45   1  17   2  45   3  31   4  48   5  30   6  59   7  22   8  48   9  29  10  59  11  15  12  13  13  28  14  48  15  23  16  22  17  54  18  38  19  34 
  0  42   1  14   2  41   3  31   4  44   5  32   6  61   7  17   8  50   9  26  10  61  11  12  12  15  13  24  14  43  15  21  16  23  17  51  18  36  19  31 
  0  45   1  19   2  45   3  33   4  47   5  31   6  61   7  19   8  51   9  30  10  61  11  15  12  13  13  28  14  48  15  21  16  23  17  54  18  39  19  34 
  0  40   1  15   2  43   3  31   4  46   5  30   6  61   7  18   8  47   9  29  10  60  11  11  12  13  13  27  14  44  15  18  16  22  17  51  18  33  19  28 
  0  46   1  17   2  45   3  33   4  48   5  30   6  60   7  22   8  51   9  30  10  61  11  15  12  15  13  27  14  48  15  23  16  24  17  53  18  39  19  34 
  0  46   1  19   2  45   3  31   4  48   5  30   6  61   7  22   8  51   9  32  10  61  11  15  12  15  13  26  14  46  15  22  16  22  17  53  18  38  19  33 
  0  41   1  12   2  40   3  32   4  48   5  31   6  59   7  17   8  50   9  28  10  59  11  12  12  13  13  28  14  44  15  22  16  21  17  51  18  35  19  30 


