
 20  20

  0  41   1  14   2  45   3  14   4  61   5  27   6  18   7  45   8  10   9  48  10  48  11  57  12  54  13   5  14   8  15   9  16  15  17   6  18  45  19  50 
  0  40   1  15   2  44   3  12   4  60   5  25   6  16   7  45   8   9   9  47  10  47  11  54  12  50  13   9  14   5  15   8  16  18  17   6  18  43  19  51 
  0  38   1  15   2  45   3   8   4  57   5  26   6  17   7  44   8   7   9  46  10  48  11  57  12  54  13   3  14   7  15   5  16  16  17   6  18  43  19  50 
  0  43   1  13   2  45   3  10   4  59   5  27   6  16   7  45   8   9   9  49  10  49  11  57  12  54  13   7  14   6  15   7  16  14  17   6  18  43  19  49 
  0  43   1  14   2  43   3  14   4  60   5  29   6  18   7  45   8  12   9  49  10  53  11  55  12  51  13   7  14   6  15  10  16  16  17   6  18  47  19  53 
  0  45   1  13   2  45   3  12   4  62   5  27   6  18   7  44   8  12   9  52  10  51  11  57  12  53  13   8  14   8  15  13  16  18  17   6  18  45  19  53 
  0  40   1  13   2  44   3  12   4  61   5  25   6  16   7  44   8  11   9  46  10  47  11  56  12  54  13   8  14   8  15   6  16  13  17   2  18  44  19  51 
  0  41   1  15   2  45   3  15   4  62   5  29   6  16   7  44   8  12   9  51  10  50  11  57  12  51  13   8  14   5  15   9  16  17  17   6  18  46  19  49 
  0  43   1  14   2  43   3  15   4  60   5  28   6  16   7  43   8  12   9  52  10  48  11  57  12  51  13   5  14   5  15  11  16  16  17   5  18  43  19  51 
  0  41   1  15   2  44   3  13   4  60   5  29   6  18   7  45   8  12   9  52  10  51  11  56  12  54  13   7  14   7  15   9  16  15  17   6  18  45  19  52 
  0  40   1  15   2  43   3  13   4  59   5  28   6  16   7  45   8  12   9  47  10  50  11  53  12  50  13   8  14   6  15  11  16  17  17   5  18  43  19  51 
  0  39   1  13   2  45   3   9   4  59   5  26   6  18   7  44   8   7   9  49  10  46  11  54  12  53  13   7  14   7  15   6  16  16  17   5  18  42  19  51 
  0  43   1  14   2  45   3  11   4  60   5  27   6  16   7  45   8  11   9  48  10  49  11  56  12  52  13   5  14   6  15  10  16  18  17   4  18  45  19  53 
  0  45   1  13   2  45   3  14   4  61   5  27   6  18   7  44   8  12   9  50  10  53  11  54  12  54  13   9  14   6  15  13  16  18  17   4  18  46  19  51 
  0  44   1  13   2  45   3  15   4  60   5  28   6  18   7  45   8  10   9  50  10  49  11  55  12  54  13   9  14   5  15  13  16  18  17   4  18  44  19  53 
  0  38   1  13   2  45   3   8   4  60   5  28   6  18   7  43   8  10   9  46  10  48  11  55  12  52  13   4  14   6  15   9  16  12  17   4  18  42  19  48 
  0  40   1  14   2  44   3  12   4  61   5  29   6  18   7  45   8  12   9  50  10  51  11  55  12  53  13   7  14   8  15   9  16  15  17   2  18  45  19  53 
  0  36   1  13   2  44   3   8   4  55   5  26   6  18   7  45   8   9   9  46  10  45  11  53  12  50  13   5  14   4  15   5  16  12  17   2  18  44  19  48 
  0  37   1  14   2  43   3  11   4  60   5  27   6  17   7  43   8   6   9  47  10  46  11  57  12  51  13   3  14   6  15   9  16  16  17   2  18  45  19  50 
  0  42   1  15   2  45   3  14   4  62   5  28   6  18   7  45   8  10   9  52  10  53  11  55  12  52  13   9  14   7  15  10  16  18  17   5  18  47  19  52 


