
 20  20

  0  66   1  54   2  29   3  67   4  42   5  63   6  49   7  23   8  69   9  29  10  13  11  29  12  29  13  21  14  25  15  51  16  60  17  59  18  23  19  49 
  0  58   1  51   2  23   3  63   4  34   5  56   6  47   7  17   8  60   9  24  10   5  11  21  12  24  13  21  14  17  15  49  16  54  17  55  18  20  19  45 
  0  58   1  55   2  22   3  63   4  35   5  57   6  49   7  21   8  62   9  28  10   6  11  23  12  26  13  19  14  22  15  51  16  59  17  56  18  23  19  46 
  0  58   1  54   2  23   3  65   4  39   5  57   6  49   7  19   8  63   9  26  10   7  11  23  12  24  13  19  14  21  15  51  16  57  17  56  18  22  19  44 
  0  65   1  57   2  29   3  67   4  44   5  63   6  49   7  22   8  70   9  30  10  13  11  28  12  27  13  19  14  27  15  51  16  60  17  56  18  22  19  51 
  0  58   1  51   2  22   3  63   4  35   5  59   6  47   7  18   8  60   9  26  10   6  11  22  12  21  13  19  14  21  15  49  16  57  17  56  18  20  19  44 
  0  63   1  54   2  26   3  64   4  43   5  59   6  47   7  21   8  66   9  27  10   9  11  26  12  28  13  19  14  24  15  51  16  57  17  58  18  24  19  49 
  0  66   1  57   2  28   3  67   4  43   5  63   6  47   7  21   8  70   9  30  10  13  11  29  12  28  13  21  14  27  15  51  16  62  17  58  18  24  19  50 
  0  60   1  53   2  23   3  64   4  34   5  58   6  49   7  19   8  64   9  27  10   5  11  23  12  23  13  19  14  17  15  50  16  56  17  53  18  22  19  46 
  0  58   1  51   2  22   3  63   4  36   5  60   6  48   7  20   8  64   9  24  10   7  11  22  12  23  13  21  14  19  15  51  16  55  17  54  18  20  19  43 
  0  60   1  52   2  25   3  66   4  40   5  57   6  49   7  21   8  65   9  26  10   8  11  26  12  24  13  21  14  20  15  51  16  60  17  55  18  22  19  46 
  0  59   1  51   2  23   3  63   4  34   5  58   6  48   7  20   8  60   9  24  10   7  11  21  12  22  13  19  14  18  15  50  16  54  17  54  18  22  19  42 
  0  64   1  54   2  26   3  63   4  40   5  58   6  47   7  19   8  65   9  30  10  10  11  26  12  26  13  20  14  23  15  51  16  59  17  56  18  24  19  46 
  0  58   1  51   2  21   3  65   4  34   5  57   6  47   7  17   8  60   9  24  10   7  11  21  12  22  13  19  14  18  15  49  16  54  17  53  18  20  19  44 
  0  66   1  56   2  26   3  67   4  43   5  60   6  47   7  20   8  68   9  30  10  11  11  26  12  29  13  21  14  26  15  51  16  62  17  58  18  23  19  49 
  0  65   1  53   2  28   3  67   4  42   5  60   6  48   7  20   8  66   9  29  10   8  11  24  12  28  13  19  14  23  15  49  16  59  17  59  18  23  19  48 
  0  58   1  54   2  22   3  63   4  38   5  57   6  47   7  21   8  62   9  26  10   6  11  25  12  23  13  19  14  23  15  49  16  57  17  55  18  22  19  45 
  0  57   1  53   2  21   3  63   4  37   5  57   6  47   7  19   8  60   9  24  10   5  11  21  12  21  13  20  14  19  15  49  16  56  17  56  18  20  19  42 
  0  58   1  51   2  21   3  63   4  35   5  55   6  47   7  17   8  60   9  24  10   5  11  21  12  23  13  19  14  20  15  49  16  55  17  53  18  20  19  44 
  0  62   1  57   2  28   3  64   4  41   5  61   6  47   7  20   8  65   9  28  10   9  11  24  12  26  13  19  14  21  15  51  16  57  17  56  18  23  19  49 


