
 20  20

  0  89   1  64   2  64   3  60   4  58   5  54   6  55   7  94   8  94   9  91  10  72  11  67  12  99  13  99  14  77  15  46  16  82  17  43  18  58  19  91 
  0  84   1  61   2  58   3  56   4  55   5  52   6  50   7  93   8  93   9  89  10  68  11  65  12  97  13  94  14  74  15  44  16  81  17  40  18  58  19  88 
  0  87   1  58   2  57   3  56   4  55   5  51   6  49   7  93   8  93   9  89  10  68  11  65  12  98  13  97  14  72  15  42  16  78  17  38  18  55  19  86 
  0  81   1  55   2  55   3  54   4  56   5  49   6  48   7  93   8  90   9  84  10  63  11  67  12  94  13  91  14  72  15  40  16  79  17  40  18  54  19  88 
  0  85   1  61   2  57   3  55   4  58   5  50   6  53   7  93   8  91   9  88  10  67  11  66  12  96  13  96  14  72  15  45  16  79  17  41  18  57  19  86 
  0  81   1  56   2  54   3  52   4  55   5  51   6  49   7  95   8  90   9  84  10  62  11  65  12  97  13  92  14  71  15  40  16  78  17  39  18  55  19  87 
  0  81   1  57   2  55   3  56   4  54   5  50   6  49   7  95   8  91   9  85  10  62  11  65  12  94  13  92  14  72  15  43  16  80  17  40  18  55  19  87 
  0  86   1  62   2  61   3  60   4  58   5  54   6  54   7  95   8  94   9  88  10  68  11  66  12  99  13  95  14  72  15  43  16  82  17  42  18  56  19  88 
  0  91   1  63   2  63   3  62   4  58   5  55   6  56   7  95   8  93   9  92  10  72  11  67  12  98  13  99  14  77  15  46  16  81  17  43  18  58  19  91 
  0  88   1  57   2  58   3  59   4  58   5  50   6  49   7  95   8  91   9  85  10  68  11  65  12  97  13  96  14  74  15  42  16  79  17  39  18  58  19  86 
  0  81   1  56   2  57   3  52   4  56   5  51   6  47   7  93   8  88   9  82  10  63  11  67  12  96  13  94  14  71  15  41  16  78  17  40  18  56  19  87 
  0  90   1  62   2  64   3  62   4  58   5  53   6  56   7  95   8  93   9  90  10  72  11  65  12  99  13  99  14  76  15  46  16  82  17  43  18  58  19  90 
  0  82   1  57   2  54   3  55   4  55   5  49   6  50   7  93   8  89   9  83  10  63  11  65  12  95  13  91  14  71  15  41  16  79  17  38  18  57  19  85 
  0  82   1  55   2  55   3  56   4  56   5  50   6  48   7  95   8  91   9  86  10  64  11  65  12  94  13  95  14  72  15  40  16  78  17  37  18  55  19  85 
  0  90   1  62   2  61   3  62   4  58   5  55   6  56   7  95   8  94   9  91  10  69  11  67  12  99  13  99  14  77  15  45  16  81  17  41  18  58  19  89 
  0  82   1  54   2  54   3  54   4  54   5  49   6  49   7  93   8  88   9  83  10  62  11  67  12  94  13  95  14  69  15  42  16  78  17  39  18  54  19  85 
  0  91   1  63   2  61   3  61   4  57   5  54   6  53   7  95   8  94   9  89  10  70  11  67  12  99  13  99  14  74  15  46  16  82  17  43  18  58  19  88 
  0  88   1  59   2  60   3  58   4  57   5  53   6  54   7  95   8  91   9  87  10  70  11  67  12  98  13  99  14  76  15  42  16  81  17  39  18  54  19  89 
  0  91   1  60   2  61   3  61   4  57   5  55   6  56   7  94   8  93   9  88  10  72  11  66  12  99  13  99  14  75  15  45  16  80  17  43  18  57  19  91 
  0  82   1  54   2  55   3  53   4  54   5  51   6  48   7  94   8  90   9  82  10  62  11  66  12  94  13  91  14  69  15  41  16  78  17  37  18  56  19  85 


