
 20  20

  0  59   1  42   2  33   3  36   4  27   5  45   6  71   7  33   8  71   9  68  10  72  11  29  12  61  13  62  14  27  15  32  16  49  17  29  18  79  19  40 
  0  63   1  47   2  37   3  39   4  33   5  47   6  76   7  36   8  72   9  70  10  71  11  37  12  65  13  67  14  34  15  34  16  50  17  35  18  84  19  44 
  0  63   1  43   2  38   3  39   4  35   5  46   6  76   7  38   8  72   9  71  10  71  11  35  12  63  13  67  14  31  15  33  16  51  17  34  18  84  19  45 
  0  59   1  44   2  36   3  38   4  28   5  46   6  71   7  37   8  73   9  68  10  73  11  35  12  62  13  67  14  29  15  35  16  52  17  30  18  79  19  42 
  0  61   1  43   2  31   3  36   4  28   5  49   6  74   7  36   8  71   9  71  10  72  11  30  12  62  13  64  14  26  15  34  16  49  17  28  18  78  19  41 
  0  65   1  44   2  36   3  42   4  35   5  49   6  75   7  37   8  73   9  73  10  72  11  34  12  65  13  68  14  33  15  35  16  53  17  36  18  84  19  46 
  0  60   1  43   2  30   3  33   4  28   5  47   6  70   7  37   8  71   9  71  10  71  11  32  12  61  13  63  14  29  15  31  16  49  17  31  18  78  19  40 
  0  63   1  45   2  33   3  36   4  29   5  46   6  73   7  35   8  73   9  69  10  73  11  33  12  65  13  67  14  30  15  35  16  51  17  32  18  81  19  43 
  0  60   1  40   2  32   3  37   4  29   5  45   6  72   7  36   8  71   9  71  10  71  11  31  12  64  13  66  14  29  15  33  16  49  17  31  18  80  19  43 
  0  66   1  47   2  36   3  41   4  33   5  49   6  73   7  38   8  73   9  70  10  73  11  34  12  62  13  66  14  32  15  35  16  52  17  35  18  81  19  45 
  0  62   1  42   2  35   3  39   4  31   5  49   6  72   7  39   8  73   9  70  10  71  11  35  12  65  13  64  14  30  15  34  16  53  17  32  18  83  19  45 
  0  57   1  42   2  30   3  34   4  29   5  48   6  72   7  37   8  72   9  67  10  72  11  33  12  64  13  65  14  26  15  32  16  50  17  28  18  80  19  41 
  0  56   1  40   2  30   3  32   4  25   5  47   6  71   7  33   8  72   9  67  10  71  11  29  12  61  13  64  14  24  15  33  16  49  17  26  18  80  19  37 
  0  56   1  42   2  30   3  35   4  25   5  45   6  70   7  33   8  71   9  67  10  73  11  29  12  61  13  62  14  26  15  31  16  49  17  28  18  78  19  37 
  0  61   1  39   2  30   3  36   4  28   5  48   6  71   7  35   8  71   9  68  10  71  11  32  12  61  13  65  14  27  15  34  16  49  17  28  18  79  19  40 
  0  58   1  39   2  33   3  34   4  26   5  46   6  70   7  33   8  71   9  68  10  72  11  30  12  61  13  63  14  24  15  31  16  50  17  29  18  78  19  37 
  0  56   1  40   2  29   3  32   4  26   5  45   6  72   7  35   8  72   9  67  10  71  11  29  12  61  13  62  14  24  15  31  16  50  17  26  18  78  19  39 
  0  65   1  46   2  38   3  41   4  33   5  49   6  74   7  39   8  73   9  73  10  72  11  34  12  65  13  66  14  34  15  35  16  53  17  35  18  84  19  44 
  0  64   1  42   2  34   3  38   4  30   5  45   6  72   7  39   8  72   9  71  10  71  11  35  12  62  13  65  14  31  15  35  16  50  17  34  18  81  19  45 
  0  64   1  46   2  35   3  38   4  31   5  48   6  74   7  39   8  72   9  72  10  73  11  37  12  64  13  65  14  30  15  33  16  50  17  34  18  83  19  46 


