
 20  20

  0  69   1  11   2  18   3  57   4  51   5  29   6  12   7  10   8  24   9  19  10  28  11  50  12  52  13  15  14  18  15  65  16  27  17  22  18  53  19  44 
  0  63   1   9   2  19   3  56   4  48   5  23   6  12   7   9   8  20   9  14  10  22  11  51  12  46  13  15  14  14  15  63  16  26  17  23  18  53  19  40 
  0  59   1  10   2  18   3  56   4  50   5  26   6  10   7  10   8  20   9  14  10  22  11  49  12  46  13  15  14  10  15  63  16  26  17  21  18  53  19  40 
  0  65   1   9   2  17   3  53   4  50   5  27   6  10   7  11   8  22   9  16  10  25  11  52  12  52  13  15  14  18  15  63  16  28  17  21  18  55  19  41 
  0  65   1  11   2  19   3  57   4  49   5  25   6  10   7   9   8  25   9  16  10  26  11  50  12  49  13  15  14  14  15  64  16  28  17  22  18  55  19  44 
  0  67   1   9   2  20   3  56   4  49   5  27   6  12   7   9   8  25   9  19  10  28  11  50  12  51  13  16  14  20  15  63  16  29  17  21  18  55  19  42 
  0  60   1  11   2  19   3  53   4  50   5  23   6  12   7   9   8  21   9  12  10  26  11  52  12  49  13  15  14  13  15  65  16  26  17  22  18  55  19  41 
  0  67   1  11   2  19   3  54   4  49   5  26   6  12   7  10   8  26   9  16  10  24  11  51  12  49  13  17  14  14  15  64  16  26  17  22  18  54  19  42 
  0  69   1  11   2  18   3  57   4  49   5  27   6  12   7  10   8  24   9  18  10  27  11  53  12  52  13  17  14  20  15  64  16  29  17  22  18  54  19  45 
  0  59   1   9   2  17   3  53   4  47   5  23   6  10   7  10   8  20   9  13  10  22  11  49  12  47  13  16  14  10  15  64  16  24  17  22  18  53  19  41 
  0  64   1   9   2  16   3  55   4  47   5  26   6  12   7  11   8  21   9  11  10  22  11  51  12  50  13  17  14  14  15  63  16  28  17  23  18  53  19  43 
  0  67   1   9   2  19   3  57   4  51   5  25   6  11   7   9   8  25   9  17  10  26  11  50  12  49  13  15  14  15  15  65  16  30  17  23  18  53  19  42 
  0  68   1   9   2  18   3  56   4  51   5  28   6  10   7   9   8  25   9  17  10  28  11  53  12  51  13  17  14  19  15  65  16  29  17  23  18  53  19  45 
  0  69   1  11   2  18   3  56   4  51   5  29   6  12   7  11   8  26   9  17  10  27  11  53  12  52  13  16  14  20  15  65  16  30  17  23  18  55  19  44 
  0  66   1  11   2  16   3  57   4  50   5  24   6  11   7  10   8  22   9  16  10  24  11  49  12  48  13  17  14  13  15  65  16  29  17  21  18  53  19  44 
  0  67   1   9   2  20   3  57   4  50   5  29   6  12   7   9   8  26   9  19  10  28  11  53  12  52  13  17  14  20  15  65  16  28  17  23  18  53  19  45 
  0  67   1  11   2  17   3  55   4  51   5  27   6  12   7  11   8  24   9  19  10  28  11  53  12  52  13  17  14  18  15  65  16  30  17  21  18  55  19  43 
  0  62   1  11   2  18   3  56   4  48   5  26   6  10   7  10   8  23   9  15  10  24  11  49  12  50  13  17  14  15  15  63  16  27  17  23  18  55  19  41 
  0  69   1  11   2  20   3  55   4  48   5  29   6  12   7   9   8  25   9  16  10  26  11  51  12  51  13  15  14  20  15  65  16  30  17  23  18  55  19  45 
  0  69   1  11   2  19   3  54   4  51   5  27   6  12   7  11   8  25   9  16  10  26  11  53  12  50  13  15  14  17  15  63  16  29  17  23  18  55  19  44 


