
 20  20

  0  38   1  97   2  68   3  82   4  93   5  96   6  47   7  87   8  66   9  88  10  98  11  45  12  42  13  40  14  85  15  80  16  90  17  47  18  71  19  48 
  0  35   1  94   2  68   3  82   4  91   5  95   6  45   7  83   8  66   9  85  10  94  11  44  12  41  13  41  14  86  15  79  16  88  17  46  18  69  19  43 
  0  40   1  96   2  70   3  84   4  91   5  95   6  45   7  87   8  67   9  86  10  97  11  48  12  46  13  40  14  86  15  78  16  94  17  47  18  71  19  47 
  0  40   1  97   2  72   3  88   4  92   5  95   6  45   7  88   8  68   9  85  10  99  11  50  12  44  13  40  14  85  15  79  16  94  17  51  18  69  19  50 
  0  35   1  95   2  70   3  84   4  90   5  95   6  47   7  83   8  67   9  86  10  96  11  47  12  40  13  42  14  85  15  79  16  88  17  46  18  71  19  44 
  0  39   1  99   2  72   3  88   4  91   5  97   6  46   7  88   8  66   9  89  10  98  11  47  12  48  13  41  14  85  15  79  16  95  17  51  18  71  19  47 
  0  35   1  93   2  68   3  82   4  90   5  95   6  45   7  85   8  67   9  85  10  95  11  46  12  41  13  41  14  87  15  78  16  90  17  47  18  69  19  43 
  0  35   1  95   2  69   3  82   4  92   5  95   6  45   7  84   8  68   9  85  10  94  11  46  12  40  13  40  14  86  15  77  16  87  17  47  18  70  19  43 
  0  36   1  94   2  68   3  83   4  91   5  96   6  46   7  86   8  66   9  86  10  99  11  46  12  44  13  42  14  86  15  81  16  91  17  50  18  71  19  47 
  0  34   1  92   2  68   3  80   4  91   5  92   6  47   7  82   8  66   9  87  10  96  11  44  12  40  13  40  14  87  15  77  16  89  17  49  18  71  19  44 
  0  38   1  94   2  71   3  83   4  91   5  93   6  45   7  82   8  67   9  85  10  96  11  44  12  43  13  40  14  87  15  77  16  90  17  48  18  71  19  43 
  0  38   1  92   2  70   3  80   4  93   5  93   6  47   7  83   8  68   9  85  10  98  11  44  12  43  13  40  14  87  15  78  16  89  17  46  18  69  19  46 
  0  38   1  95   2  69   3  83   4  90   5  94   6  46   7  83   8  66   9  87  10  97  11  47  12  44  13  40  14  86  15  80  16  91  17  48  18  69  19  47 
  0  34   1  94   2  68   3  80   4  90   5  93   6  46   7  83   8  68   9  86  10  95  11  45  12  40  13  40  14  85  15  77  16  87  17  47  18  69  19  43 
  0  37   1  91   2  70   3  81   4  92   5  94   6  46   7  85   8  66   9  87  10  96  11  44  12  43  13  40  14  85  15  80  16  87  17  46  18  69  19  45 
  0  34   1  93   2  68   3  80   4  90   5  94   6  47   7  82   8  66   9  87  10  94  11  47  12  40  13  42  14  87  15  80  16  88  17  49  18  69  19  46 
  0  39   1  96   2  71   3  86   4  94   5  98   6  45   7  85   8  68   9  86  10  99  11  48  12  48  13  40  14  89  15  79  16  91  17  48  18  69  19  46 
  0  39   1  96   2  68   3  82   4  93   5  94   6  46   7  86   8  66   9  87  10  99  11  45  12  46  13  40  14  88  15  77  16  93  17  48  18  70  19  47 
  0  40   1  99   2  72   3  86   4  96   5  98   6  47   7  87   8  66   9  86  10  97  11  51  12  46  13  40  14  89  15  83  16  91  17  48  18  71  19  46 
  0  35   1  91   2  69   3  80   4  90   5  92   6  46   7  82   8  67   9  85  10  95  11  46  12  40  13  40  14  87  15  79  16  87  17  46  18  69  19  43 


