
 20  20

  0  77   1  31   2  33   3  57   4  62   5  48   6  27   7  48   8  19   9  69  10  53  11  25  12  57  13  45  14  76  15  41  16  19  17  57  18  31  19  49 
  0  77   1  29   2  32   3  55   4  65   5  49   6  26   7  46   8  21   9  68  10  55  11  22  12  55  13  45  14  76  15  40  16  18  17  53  18  30  19  47 
  0  74   1  29   2  31   3  51   4  61   5  44   6  23   7  43   8  19   9  67  10  50  11  21  12  52  13  44  14  72  15  38  16  18  17  51  18  27  19  45 
  0  75   1  29   2  31   3  57   4  64   5  49   6  24   7  49   8  22   9  67  10  52  11  24  12  57  13  46  14  73  15  41  16  18  17  54  18  31  19  47 
  0  72   1  29   2  32   3  51   4  62   5  44   6  23   7  45   8  18   9  67  10  53  11  23  12  49  13  44  14  74  15  35  16  17  17  52  18  27  19  45 
  0  76   1  31   2  30   3  54   4  59   5  49   6  26   7  44   8  19   9  68  10  52  11  25  12  51  13  45  14  73  15  40  16  17  17  55  18  29  19  47 
  0  71   1  31   2  30   3  51   4  60   5  47   6  24   7  41   8  19   9  65  10  49  11  21  12  50  13  42  14  72  15  37  16  17  17  52  18  29  19  45 
  0  76   1  31   2  33   3  54   4  61   5  45   6  24   7  46   8  21   9  67  10  51  11  22  12  55  13  42  14  72  15  39  16  18  17  54  18  27  19  47 
  0  73   1  29   2  30   3  51   4  62   5  49   6  23   7  45   8  19   9  65  10  51  11  22  12  50  13  42  14  73  15  40  16  17  17  53  18  28  19  45 
  0  75   1  29   2  32   3  53   4  60   5  45   6  26   7  44   8  18   9  65  10  49  11  21  12  49  13  45  14  75  15  35  16  17  17  51  18  29  19  45 
  0  79   1  31   2  33   3  57   4  64   5  52   6  26   7  48   8  19   9  67  10  57  11  23  12  59  13  46  14  75  15  43  16  19  17  57  18  29  19  49 
  0  73   1  31   2  31   3  52   4  63   5  45   6  25   7  42   8  21   9  65  10  52  11  24  12  51  13  42  14  73  15  38  16  17  17  51  18  27  19  45 
  0  81   1  31   2  35   3  57   4  65   5  52   6  25   7  51   8  22   9  69  10  57  11  25  12  59  13  46  14  76  15  43  16  19  17  56  18  31  19  49 
  0  79   1  30   2  34   3  57   4  65   5  49   6  27   7  49   8  21   9  66  10  55  11  25  12  56  13  46  14  75  15  43  16  17  17  55  18  31  19  49 
  0  75   1  31   2  33   3  56   4  65   5  47   6  24   7  48   8  19   9  68  10  56  11  25  12  54  13  45  14  74  15  40  16  18  17  56  18  29  19  47 
  0  73   1  29   2  31   3  52   4  60   5  46   6  23   7  41   8  18   9  65  10  52  11  21  12  51  13  43  14  73  15  37  16  19  17  51  18  29  19  45 
  0  79   1  31   2  33   3  54   4  65   5  52   6  26   7  50   8  20   9  66  10  54  11  25  12  56  13  45  14  75  15  41  16  17  17  55  18  31  19  49 
  0  77   1  29   2  34   3  55   4  65   5  50   6  25   7  47   8  22   9  67  10  52  11  25  12  56  13  46  14  74  15  39  16  19  17  55  18  31  19  47 
  0  75   1  29   2  33   3  53   4  62   5  47   6  23   7  45   8  21   9  67  10  53  11  22  12  51  13  44  14  74  15  36  16  18  17  55  18  29  19  49 
  0  73   1  30   2  30   3  51   4  59   5  45   6  24   7  43   8  20   9  65  10  49  11  23  12  50  13  44  14  72  15  37  16  19  17  52  18  29  19  47 


