
 20  20

  0  63   1  26   2  34   3  49   4  55   5  51   6  47   7  67   8  29   9  46  10  77  11  77  12  42  13  69  14  60  15  35  16  28  17  64  18  41  19  80 
  0  62   1  24   2  30   3  45   4  55   5  49   6  45   7  66   8  26   9  47  10  75  11  75  12  43  13  66  14  60  15  35  16  25  17  61  18  36  19  80 
  0  66   1  28   2  36   3  50   4  56   5  51   6  49   7  65   8  31   9  47  10  75  11  79  12  43  13  68  14  60  15  36  16  27  17  67  18  38  19  78 
  0  59   1  26   2  30   3  46   4  56   5  48   6  46   7  64   8  26   9  47  10  76  11  72  12  41  13  65  14  58  15  34  16  28  17  63  18  39  19  78 
  0  65   1  28   2  35   3  49   4  57   5  50   6  47   7  67   8  31   9  47  10  77  11  77  12  43  13  67  14  59  15  36  16  28  17  63  18  38  19  80 
  0  65   1  26   2  31   3  48   4  55   5  52   6  44   7  67   8  28   9  47  10  75  11  74  12  43  13  68  14  58  15  35  16  26  17  64  18  41  19  79 
  0  58   1  25   2  28   3  43   4  57   5  51   6  41   7  65   8  22   9  45  10  75  11  70  12  41  13  65  14  59  15  34  16  26  17  60  18  36  19  80 
  0  64   1  28   2  33   3  49   4  56   5  49   6  49   7  65   8  30   9  45  10  77  11  77  12  43  13  67  14  60  15  36  16  29  17  65  18  41  19  78 
  0  65   1  25   2  35   3  46   4  55   5  49   6  48   7  64   8  27   9  47  10  76  11  76  12  43  13  69  14  59  15  34  16  26  17  65  18  41  19  78 
  0  67   1  28   2  36   3  48   4  57   5  52   6  48   7  67   8  30   9  47  10  77  11  76  12  43  13  69  14  60  15  35  16  27  17  66  18  41  19  80 
  0  65   1  27   2  33   3  49   4  56   5  52   6  46   7  68   8  31   9  45  10  77  11  79  12  41  13  67  14  60  15  36  16  29  17  66  18  39  19  80 
  0  64   1  25   2  30   3  45   4  55   5  50   6  47   7  66   8  25   9  45  10  77  11  76  12  41  13  66  14  60  15  34  16  28  17  62  18  37  19  78 
  0  67   1  28   2  36   3  49   4  56   5  50   6  47   7  68   8  30   9  45  10  75  11  79  12  43  13  69  14  60  15  36  16  26  17  67  18  41  19  79 
  0  64   1  27   2  32   3  47   4  57   5  49   6  44   7  64   8  28   9  47  10  77  11  77  12  43  13  66  14  59  15  36  16  29  17  64  18  38  19  78 
  0  65   1  28   2  34   3  48   4  57   5  52   6  49   7  68   8  31   9  46  10  77  11  79  12  43  13  67  14  60  15  36  16  28  17  66  18  39  19  78 
  0  57   1  22   2  30   3  41   4  56   5  49   6  41   7  62   8  23   9  47  10  75  11  70  12  41  13  67  14  58  15  35  16  27  17  59  18  35  19  80 
  0  67   1  28   2  34   3  50   4  57   5  51   6  49   7  68   8  31   9  45  10  77  11  79  12  43  13  69  14  60  15  36  16  27  17  67  18  39  19  78 
  0  58   1  22   2  28   3  43   4  55   5  50   6  44   7  64   8  22   9  47  10  76  11  71  12  43  13  65  14  60  15  34  16  26  17  62  18  37  19  78 
  0  64   1  25   2  32   3  45   4  55   5  51   6  48   7  64   8  27   9  46  10  77  11  77  12  43  13  66  14  58  15  34  16  29  17  65  18  41  19  80 
  0  65   1  24   2  35   3  49   4  57   5  51   6  48   7  65   8  28   9  47  10  75  11  75  12  43  13  69  14  60  15  35  16  29  17  62  18  39  19  80 


