
 20  20

  0  25   1  66   2  41   3  22   4  35   5  29   6  18   7  35   8  51   9  63  10  20  11  59  12  60  13  48  14  23  15  75  16  28  17  59  18  42  19  62 
  0  27   1  66   2  38   3  22   4  37   5  31   6  19   7  36   8  51   9  63  10  24  11  60  12  59  13  46  14  27  15  74  16  29  17  61  18  44  19  66 
  0  33   1  68   2  44   3  25   4  45   5  36   6  24   7  40   8  59   9  71  10  24  11  69  12  63  13  52  14  33  15  81  16  34  17  63  18  47  19  68 
  0  24   1  66   2  39   3  19   4  38   5  28   6  19   7  35   8  53   9  65  10  20  11  59  12  60  13  48  14  23  15  72  16  29  17  58  18  41  19  62 
  0  32   1  66   2  45   3  23   4  44   5  37   6  22   7  40   8  60   9  71  10  26  11  69  12  61  13  50  14  33  15  81  16  33  17  62  18  49  19  68 
  0  33   1  66   2  46   3  23   4  44   5  37   6  22   7  39   8  60   9  71  10  26  11  69  12  60  13  52  14  33  15  81  16  34  17  61  18  49  19  65 
  0  23   1  68   2  38   3  21   4  37   5  27   6  19   7  35   8  50   9  64  10  21  11  60  12  59  13  47  14  23  15  71  16  28  17  58  18  40  19  62 
  0  33   1  68   2  46   3  23   4  42   5  35   6  24   7  41   8  60   9  70  10  26  11  69  12  61  13  50  14  33  15  81  16  34  17  63  18  48  19  68 
  0  33   1  66   2  42   3  24   4  41   5  37   6  21   7  41   8  58   9  68  10  26  11  65  12  63  13  49  14  33  15  77  16  33  17  64  18  47  19  68 
  0  30   1  68   2  42   3  22   4  41   5  35   6  24   7  41   8  59   9  71  10  23  11  67  12  63  13  49  14  29  15  81  16  33  17  61  18  48  19  68 
  0  33   1  68   2  46   3  24   4  44   5  36   6  24   7  39   8  60   9  69  10  24  11  69  12  63  13  52  14  33  15  81  16  32  17  64  18  47  19  67 
  0  30   1  68   2  42   3  23   4  40   5  31   6  24   7  40   8  56   9  70  10  26  11  67  12  60  13  50  14  30  15  78  16  33  17  61  18  46  19  65 
  0  31   1  68   2  45   3  25   4  44   5  35   6  24   7  41   8  60   9  71  10  25  11  67  12  63  13  52  14  33  15  80  16  32  17  64  18  47  19  68 
  0  29   1  68   2  44   3  25   4  42   5  32   6  21   7  38   8  56   9  70  10  25  11  63  12  63  13  48  14  31  15  78  16  31  17  64  18  46  19  64 
  0  31   1  68   2  43   3  24   4  45   5  34   6  22   7  38   8  56   9  71  10  26  11  66  12  63  13  50  14  32  15  77  16  33  17  64  18  45  19  65 
  0  33   1  68   2  46   3  23   4  45   5  36   6  23   7  40   8  59   9  71  10  26  11  67  12  63  13  52  14  33  15  79  16  32  17  64  18  49  19  68 
  0  29   1  68   2  44   3  20   4  39   5  30   6  22   7  36   8  54   9  65  10  22  11  64  12  61  13  51  14  27  15  77  16  31  17  63  18  44  19  66 
  0  26   1  67   2  41   3  20   4  41   5  29   6  23   7  36   8  54   9  69  10  21  11  61  12  62  13  51  14  26  15  73  16  33  17  63  18  41  19  63 
  0  24   1  68   2  42   3  22   4  35   5  27   6  18   7  37   8  52   9  65  10  23  11  63  12  59  13  48  14  24  15  72  16  28  17  58  18  41  19  62 
  0  26   1  67   2  38   3  19   4  38   5  29   6  18   7  35   8  51   9  63  10  20  11  62  12  59  13  46  14  23  15  73  16  28  17  60  18  39  19  63 


