
 20  20

  0  42   1  25   2  33   3  20   4  55   5  55   6  21   7  65   8  63   9  17  10  12  11  36  12  35  13  21  14  33  15  31  16  48  17  15  18  65  19  25 
  0  48   1  28   2  34   3  22   4  58   5  57   6  23   7  70   8  66   9  16  10  17  11  42  12  41  13  23  14  37  15  35  16  48  17  21  18  69  19  27 
  0  42   1  25   2  33   3  21   4  55   5  56   6  22   7  67   8  64   9  15  10  13  11  35  12  34  13  18  14  31  15  30  16  49  17  16  18  64  19  26 
  0  46   1  31   2  33   3  22   4  59   5  57   6  21   7  71   8  67   9  15  10  14  11  41  12  40  13  21  14  35  15  31  16  48  17  17  18  69  19  24 
  0  41   1  25   2  33   3  21   4  52   5  55   6  21   7  65   8  60   9  15  10  10  11  35  12  32  13  19  14  29  15  29  16  48  17  14  18  66  19  23 
  0  43   1  26   2  35   3  22   4  54   5  57   6  21   7  66   8  60   9  17  10  13  11  34  12  36  13  18  14  31  15  32  16  48  17  16  18  66  19  25 
  0  44   1  28   2  33   3  21   4  57   5  55   6  22   7  70   8  67   9  15  10  17  11  41  12  37  13  21  14  36  15  32  16  50  17  16  18  66  19  27 
  0  43   1  28   2  34   3  20   4  52   5  55   6  22   7  66   8  60   9  17  10  12  11  34  12  33  13  18  14  32  15  30  16  49  17  16  18  65  19  23 
  0  43   1  28   2  33   3  20   4  53   5  57   6  21   7  68   8  63   9  17  10  12  11  33  12  33  13  18  14  32  15  29  16  48  17  12  18  67  19  23 
  0  45   1  31   2  34   3  22   4  56   5  57   6  21   7  68   8  66   9  17  10  17  11  42  12  39  13  22  14  34  15  35  16  48  17  19  18  70  19  27 
  0  45   1  31   2  33   3  22   4  56   5  57   6  23   7  67   8  67   9  15  10  15  11  41  12  38  13  22  14  36  15  31  16  50  17  20  18  69  19  25 
  0  46   1  30   2  34   3  22   4  58   5  56   6  23   7  70   8  70   9  16  10  20  11  41  12  40  13  24  14  36  15  35  16  49  17  21  18  70  19  26 
  0  42   1  28   2  33   3  22   4  55   5  55   6  23   7  67   8  65   9  17  10  13  11  37  12  37  13  20  14  33  15  31  16  48  17  18  18  65  19  27 
  0  45   1  28   2  35   3  22   4  58   5  56   6  23   7  68   8  69   9  17  10  17  11  39  12  38  13  24  14  35  15  35  16  50  17  19  18  67  19  24 
  0  40   1  28   2  33   3  20   4  52   5  57   6  21   7  65   8  61   9  15  10  11  11  33  12  32  13  18  14  29  15  31  16  48  17  15  18  64  19  23 
  0  40   1  28   2  33   3  22   4  55   5  55   6  22   7  65   8  61   9  17  10  12  11  34  12  35  13  18  14  29  15  31  16  50  17  14  18  67  19  23 
  0  47   1  31   2  35   3  21   4  59   5  57   6  21   7  71   8  67   9  16  10  17  11  39  12  40  13  22  14  37  15  32  16  48  17  22  18  67  19  24 
  0  45   1  27   2  33   3  22   4  56   5  57   6  22   7  68   8  62   9  15  10  15  11  35  12  38  13  20  14  34  15  32  16  50  17  15  18  65  19  23 
  0  45   1  28   2  33   3  20   4  59   5  57   6  21   7  70   8  65   9  15  10  17  11  38  12  37  13  20  14  35  15  33  16  49  17  19  18  66  19  23 
  0  45   1  31   2  35   3  20   4  59   5  55   6  21   7  71   8  69   9  17  10  17  11  42  12  37  13  23  14  37  15  32  16  50  17  20  18  67  19  24 


