
 20  20

  0  50   1  57   2   3   3  41   4  62   5  43   6  18   7  15   8  16   9  25  10  59  11  30  12  60  13  14  14  61  15  29  16  24  17  16  18  10  19  37 
  0  54   1  57   2   2   3  43   4  63   5  44   6  20   7  17   8  14   9  24  10  60  11  31  12  58  13  17  14  61  15  28  16  23  17  17  18  12  19  39 
  0  52   1  54   2   3   3  42   4  62   5  43   6  18   7  15   8  13   9  24  10  61  11  31  12  56  13  14  14  56  15  31  16  25  17  12  18   8  19  36 
  0  56   1  58   2   6   3  41   4  62   5  46   6  19   7  17   8  18   9  26  10  62  11  31  12  60  13  17  14  62  15  32  16  25  17  17  18  12  19  41 
  0  51   1  53   2   3   3  43   4  62   5  43   6  19   7  15   8  15   9  22  10  62  11  31  12  60  13  14  14  60  15  32  16  24  17  17  18  11  19  39 
  0  55   1  59   2   4   3  42   4  64   5  47   6  20   7  15   8  16   9  26  10  64  11  31  12  58  13  18  14  63  15  31  16  23  17  20  18  12  19  41 
  0  56   1  58   2   6   3  43   4  64   5  46   6  20   7  15   8  17   9  26  10  63  11  31  12  60  13  17  14  61  15  30  16  24  17  19  18  12  19  42 
  0  53   1  57   2   4   3  42   4  59   5  44   6  19   7  14   8  16   9  24  10  62  11  31  12  59  13  14  14  61  15  30  16  23  17  15  18  12  19  39 
  0  47   1  51   2   2   3  38   4  58   5  41   6  18   7  13   8  11   9  24  10  55  11  29  12  58  13  10  14  55  15  29  16  23  17  11  18   9  19  32 
  0  53   1  58   2   4   3  40   4  61   5  43   6  18   7  13   8  13   9  26  10  61  11  30  12  57  13  13  14  58  15  29  16  25  17  15  18  10  19  40 
  0  52   1  56   2   6   3  40   4  64   5  44   6  18   7  17   8  16   9  23  10  61  11  29  12  58  13  16  14  60  15  31  16  23  17  17  18  12  19  40 
  0  54   1  59   2   6   3  44   4  64   5  46   6  20   7  15   8  17   9  26  10  64  11  31  12  60  13  16  14  63  15  31  16  23  17  19  18  12  19  42 
  0  50   1  58   2   4   3  41   4  61   5  47   6  19   7  13   8  17   9  24  10  62  11  29  12  58  13  13  14  61  15  32  16  23  17  17  18  11  19  40 
  0  46   1  53   2   3   3  39   4  61   5  44   6  19   7  15   8  10   9  22  10  59  11  29  12  56  13  14  14  57  15  28  16  24  17  13  18  10  19  34 
  0  54   1  54   2   5   3  44   4  64   5  43   6  19   7  14   8  16   9  25  10  61  11  31  12  59  13  17  14  62  15  32  16  24  17  17  18   9  19  38 
  0  46   1  51   2   2   3  38   4  58   5  41   6  19   7  13   8  12   9  23  10  55  11  30  12  57  13  10  14  55  15  30  16  23  17  10  18  10  19  33 
  0  56   1  57   2   5   3  42   4  62   5  47   6  20   7  17   8  18   9  24  10  65  11  31  12  58  13  18  14  62  15  32  16  25  17  20  18  12  19  42 
  0  51   1  55   2   2   3  40   4  61   5  43   6  18   7  13   8  12   9  25  10  60  11  30  12  58  13  13  14  56  15  29  16  24  17  11  18   9  19  37 
  0  49   1  54   2   3   3  40   4  58   5  41   6  18   7  13   8  13   9  25  10  60  11  31  12  56  13  14  14  58  15  30  16  25  17  14  18  10  19  35 
  0  55   1  57   2   6   3  44   4  62   5  47   6  20   7  15   8  15   9  23  10  61  11  29  12  60  13  17  14  60  15  31  16  25  17  18  18   9  19  37 


