
 20  20

  0  47   1  11   2   4   3  32   4  35   5  41   6  46   7  45   8  56   9  47  10  54  11  45  12  18  13   8  14  27  15  24  16  48  17  39  18  53  19  57 
  0  45   1   9   2   4   3  32   4  37   5  40   6  48   7  47   8  56   9  47  10  52  11  47  12  16  13  11  14  30  15  24  16  50  17  39  18  53  19  60 
  0  48   1  10   2   6   3  34   4  36   5  40   6  46   7  48   8  57   9  48  10  57  11  47  12  20  13  12  14  29  15  29  16  50  17  43  18  53  19  61 
  0  45   1   9   2   4   3  32   4  37   5  40   6  46   7  45   8  58   9  46  10  53  11  45  12  18  13   8  14  28  15  24  16  48  17  40  18  53  19  58 
  0  47   1   9   2   6   3  33   4  35   5  43   6  48   7  46   8  56   9  48  10  54  11  45  12  16  13  10  14  28  15  27  16  48  17  42  18  54  19  59 
  0  45   1  11   2   4   3  32   4  35   5  40   6  46   7  47   8  59   9  48  10  54  11  47  12  17  13  12  14  27  15  24  16  48  17  43  18  54  19  57 
  0  48   1   9   2   5   3  33   4  35   5  40   6  46   7  45   8  60   9  47  10  53  11  48  12  16  13   8  14  27  15  26  16  50  17  41  18  54  19  57 
  0  47   1  14   2   6   3  32   4  38   5  44   6  48   7  46   8  61   9  49  10  56  11  48  12  20  13   8  14  31  15  26  16  48  17  43  18  54  19  57 
  0  51   1  19   2   8   3  38   4  38   5  43   6  48   7  49   8  63   9  55  10  58  11  51  12  24  13  12  14  31  15  32  16  48  17  49  18  54  19  60 
  0  52   1  12   2   9   3  36   4  35   5  42   6  48   7  46   8  61   9  48  10  57  11  49  12  21  13  14  14  31  15  28  16  48  17  45  18  53  19  61 
  0  48   1  12   2   9   3  34   4  35   5  44   6  46   7  48   8  61   9  48  10  57  11  48  12  17  13  12  14  28  15  25  16  48  17  44  18  53  19  58 
  0  53   1  14   2   9   3  37   4  36   5  46   6  47   7  47   8  64   9  53  10  58  11  53  12  21  13  14  14  30  15  29  16  50  17  45  18  54  19  60 
  0  53   1  19   2  10   3  38   4  38   5  45   6  48   7  49   8  62   9  53  10  58  11  54  12  21  13  13  14  30  15  29  16  48  17  49  18  57  19  60 
  0  52   1  18   2   9   3  38   4  38   5  43   6  46   7  49   8  65   9  53  10  61  11  51  12  20  13  12  14  31  15  30  16  48  17  48  18  57  19  62 
  0  55   1  19   2  10   3  38   4  39   5  46   6  48   7  49   8  64   9  55  10  60  11  55  12  22  13  16  14  33  15  32  16  49  17  49  18  56  19  63 
  0  47   1   9   2   4   3  32   4  35   5  40   6  46   7  45   8  56   9  45  10  52  11  46  12  17  13   8  14  29  15  24  16  48  17  39  18  55  19  59 
  0  46   1   9   2   4   3  33   4  35   5  40   6  46   7  45   8  56   9  45  10  52  11  45  12  17  13   8  14  27  15  25  16  48  17  41  18  54  19  57 
  0  45   1   9   2   4   3  32   4  35   5  42   6  46   7  45   8  56   9  47  10  53  11  45  12  16  13   9  14  27  15  24  16  48  17  41  18  53  19  58 
  0  48   1   9   2   5   3  32   4  35   5  41   6  46   7  45   8  59   9  49  10  56  11  48  12  20  13  11  14  30  15  26  16  48  17  43  18  53  19  57 
  0  54   1  15   2   7   3  35   4  39   5  43   6  47   7  49   8  62   9  53  10  61  11  55  12  23  13  15  14  31  15  29  16  50  17  45  18  55  19  63 


