
 20  20

  0  54   1  45   2  72   3  74   4  56   5  33   6  45   7  34   8  82   9  70  10  64  11  40  12  37  13  60  14  69  15  74  16  79  17  52  18  74  19  36 
  0  48   1  42   2  72   3  73   4  50   5  31   6  41   7  33   8  80   9  68  10  62  11  38  12  35  13  59  14  63  15  72  16  75  17  49  18  69  19  32 
  0  53   1  48   2  72   3  74   4  56   5  32   6  46   7  31   8  84   9  67  10  64  11  38  12  37  13  60  14  68  15  76  16  79  17  52  18  72  19  34 
  0  48   1  38   2  69   3  72   4  50   5  31   6  40   7  30   8  76   9  66  10  63  11  38  12  35  13  58  14  61  15  69  16  73  17  49  18  68  19  30 
  0  47   1  41   2  69   3  73   4  50   5  32   6  40   7  31   8  76   9  66  10  63  11  38  12  35  13  60  14  62  15  68  16  73  17  50  18  66  19  29 
  0  51   1  45   2  75   3  74   4  56   5  33   6  43   7  34   8  79   9  70  10  62  11  38  12  35  13  58  14  65  15  72  16  80  17  50  18  70  19  32 
  0  53   1  46   2  71   3  72   4  53   5  33   6  44   7  33   8  79   9  69  10  62  11  40  12  37  13  58  14  66  15  72  16  77  17  50  18  70  19  34 
  0  56   1  48   2  75   3  72   4  54   5  33   6  48   7  34   8  84   9  69  10  64  11  40  12  35  13  60  14  69  15  76  16  79  17  52  18  74  19  36 
  0  51   1  41   2  70   3  74   4  52   5  32   6  44   7  30   8  80   9  68  10  62  11  38  12  35  13  60  14  64  15  70  16  76  17  48  18  68  19  30 
  0  46   1  39   2  72   3  72   4  51   5  31   6  42   7  32   8  76   9  68  10  62  11  38  12  35  13  59  14  61  15  68  16  73  17  49  18  67  19  28 
  0  54   1  46   2  74   3  72   4  56   5  33   6  46   7  34   8  81   9  67  10  63  11  40  12  37  13  60  14  69  15  74  16  79  17  52  18  74  19  34 
  0  47   1  40   2  69   3  72   4  50   5  31   6  43   7  30   8  78   9  68  10  62  11  38  12  35  13  59  14  62  15  68  16  73  17  48  18  67  19  28 
  0  56   1  48   2  75   3  73   4  55   5  33   6  46   7  33   8  83   9  70  10  64  11  40  12  36  13  60  14  68  15  75  16  81  17  52  18  74  19  35 
  0  48   1  40   2  72   3  73   4  54   5  32   6  40   7  32   8  77   9  66  10  64  11  40  12  36  13  58  14  63  15  69  16  77  17  48  18  66  19  32 
  0  50   1  41   2  70   3  74   4  52   5  32   6  43   7  31   8  77   9  66  10  62  11  38  12  36  13  60  14  63  15  70  16  75  17  50  18  66  19  30 
  0  53   1  42   2  71   3  72   4  53   5  31   6  43   7  30   8  81   9  68  10  64  11  38  12  35  13  59  14  66  15  73  16  77  17  51  18  71  19  32 
  0  53   1  42   2  72   3  72   4  53   5  33   6  44   7  34   8  81   9  70  10  62  11  38  12  35  13  60  14  66  15  71  16  80  17  51  18  70  19  32 
  0  48   1  40   2  70   3  72   4  50   5  32   6  41   7  30   8  79   9  66  10  62  11  38  12  35  13  58  14  63  15  70  16  73  17  50  18  66  19  28 
  0  54   1  45   2  75   3  72   4  56   5  33   6  44   7  34   8  84   9  67  10  64  11  38  12  37  13  60  14  66  15  73  16  80  17  49  18  70  19  34 
  0  56   1  46   2  75   3  74   4  56   5  33   6  45   7  34   8  82   9  70  10  64  11  38  12  37  13  59  14  66  15  73  16  81  17  52  18  74  19  33 


