
 20  20

  0  23   1  18   2  20   3  11   4  60   5  28   6  54   7  51   8  18   9  39  10   4  11  62  12  63  13  58  14  33  15  10  16  19  17  17  18  46  19  12 
  0  19   1  18   2  20   3   6   4  55   5  23   6  51   7  49   8  16   9  36  10   3  11  61  12  60  13  52  14  32  15   7  16  19  17  13  18  47  19   7 
  0  16   1  15   2  16   3   6   4  55   5  25   6  52   7  50   8  18   9  35  10   4  11  58  12  60  13  55  14  31  15   9  16  16  17  12  18  43  19  10 
  0  22   1  20   2  23   3   9   4  60   5  29   6  52   7  51   8  17   9  42  10   2  11  63  12  63  13  57  14  35  15  11  16  17  17  17  18  49  19  10 
  0  22   1  19   2  23   3  10   4  60   5  26   6  51   7  53   8  17   9  41  10   5  11  62  12  63  13  58  14  35  15  12  16  20  17  17  18  49  19  12 
  0  18   1  17   2  18   3   7   4  56   5  26   6  51   7  52   8  17   9  39  10   2  11  62  12  62  13  54  14  32  15   9  16  18  17  13  18  44  19   8 
  0  16   1  15   2  15   3   3   4  54   5  20   6  46   7  47   8  16   9  32  10   1  11  59  12  61  13  49  14  25  15   4  16  17  17   9  18  42  19   5 
  0  14   1  15   2  15   3   6   4  53   5  22   6  46   7  51   8  16   9  37  10   2  11  55  12  60  13  52  14  29  15   5  16  19  17  11  18  44  19   8 
  0  17   1  17   2  20   3   6   4  57   5  26   6  49   7  53   8  16   9  38  10   1  11  60  12  59  13  53  14  33  15  11  16  17  17  13  18  48  19   9 
  0  16   1  13   2  16   3   6   4  53   5  20   6  50   7  47   8  16   9  33  10   3  11  57  12  62  13  49  14  27  15   6  16  19  17  12  18  43  19   5 
  0  17   1  12   2  15   3   1   4  54   5  22   6  47   7  49   8  16   9  33  10   1  11  57  12  61  13  50  14  25  15   5  16  18  17   7  18  41  19   6 
  0  16   1  16   2  18   3   7   4  54   5  25   6  48   7  51   8  18   9  36  10   3  11  57  12  61  13  50  14  27  15   7  16  18  17  12  18  42  19   7 
  0  13   1  11   2  13   3   1   4  53   5  19   6  48   7  49   8  18   9  33  10   2  11  57  12  59  13  48  14  25  15   6  16  18  17   9  18  41  19   5 
  0  14   1  12   2  13   3   2   4  52   5  21   6  47   7  50   8  16   9  32  10   3  11  57  12  59  13  51  14  28  15   4  16  19  17   8  18  42  19   8 
  0  16   1  14   2  13   3   2   4  52   5  21   6  49   7  47   8  18   9  32  10   1  11  55  12  59  13  49  14  25  15   5  16  16  17   8  18  42  19   5 
  0  23   1  18   2  23   3  11   4  60   5  29   6  54   7  50   8  17   9  42  10   5  11  61  12  63  13  55  14  35  15  12  16  19  17  17  18  48  19  13 
  0  21   1  19   2  17   3   7   4  59   5  27   6  52   7  51   8  16   9  39  10   2  11  59  12  61  13  54  14  29  15   9  16  20  17  12  18  45  19  12 
  0  13   1  12   2  13   3   1   4  53   5  19   6  47   7  47   8  17   9  33  10   2  11  55  12  59  13  48  14  27  15   6  16  16  17   7  18  41  19   5 
  0  20   1  16   2  17   3   5   4  56   5  25   6  49   7  50   8  18   9  35  10   1  11  61  12  63  13  53  14  28  15   7  16  18  17  13  18  45  19   9 
  0  18   1  12   2  14   3   4   4  55   5  21   6  49   7  51   8  18   9  34  10   1  11  55  12  59  13  49  14  29  15   5  16  18  17   8  18  41  19   5 


