
 20  20

  0  45   1  44   2  47   3  92   4  51   5  86   6  40   7  37   8  47   9  85  10  78  11  78  12  49  13  91  14  55  15  76  16  59  17  45  18  43  19  45 
  0  49   1  42   2  46   3  93   4  54   5  86   6  44   7  41   8  47   9  87  10  81  11  79  12  51  13  95  14  58  15  74  16  59  17  49  18  42  19  47 
  0  44   1  40   2  46   3  93   4  50   5  84   6  42   7  37   8  47   9  89  10  79  11  78  12  49  13  91  14  57  15  74  16  57  17  46  18  44  19  47 
  0  43   1  41   2  41   3  91   4  46   5  81   6  37   7  33   8  47   9  85  10  77  11  79  12  49  13  89  14  50  15  74  16  53  17  45  18  42  19  42 
  0  47   1  44   2  48   3  92   4  52   5  85   6  43   7  41   8  48   9  90  10  79  11  82  12  49  13  93  14  55  15  75  16  60  17  48  18  44  19  49 
  0  47   1  41   2  45   3  91   4  52   5  84   6  42   7  40   8  47   9  89  10  79  11  79  12  50  13  94  14  58  15  75  16  57  17  45  18  42  19  45 
  0  50   1  42   2  46   3  93   4  53   5  87   6  45   7  39   8  49   9  90  10  81  11  82  12  51  13  93  14  57  15  75  16  59  17  48  18  42  19  49 
  0  40   1  41   2  39   3  91   4  48   5  80   6  38   7  35   8  49   9  82  10  75  11  77  12  51  13  90  14  51  15  74  16  53  17  44  18  42  19  40 
  0  45   1  40   2  45   3  91   4  52   5  87   6  43   7  41   8  49   9  87  10  77  11  79  12  49  13  93  14  54  15  74  16  58  17  48  18  42  19  45 
  0  50   1  44   2  46   3  93   4  52   5  87   6  44   7  40   8  49   9  87  10  81  11  82  12  51  13  94  14  55  15  74  16  61  17  48  18  44  19  47 
  0  44   1  43   2  46   3  91   4  49   5  84   6  41   7  40   8  49   9  86  10  79  11  82  12  49  13  92  14  53  15  75  16  56  17  49  18  43  19  44 
  0  45   1  41   2  44   3  93   4  50   5  84   6  43   7  38   8  48   9  88  10  80  11  82  12  51  13  91  14  55  15  76  16  59  17  46  18  44  19  47 
  0  47   1  44   2  48   3  91   4  52   5  85   6  41   7  37   8  47   9  89  10  79  11  79  12  49  13  91  14  56  15  76  16  60  17  45  18  44  19  47 
  0  45   1  38   2  44   3  93   4  47   5  84   6  39   7  35   8  49   9  84  10  76  11  76  12  51  13  90  14  53  15  75  16  58  17  45  18  42  19  43 
  0  44   1  39   2  44   3  93   4  47   5  82   6  40   7  37   8  47   9  86  10  78  11  80  12  49  13  92  14  54  15  75  16  56  17  44  18  43  19  45 
  0  48   1  43   2  48   3  93   4  55   5  87   6  45   7  40   8  49   9  90  10  81  11  81  12  49  13  95  14  58  15  76  16  61  17  47  18  44  19  50 
  0  49   1  42   2  46   3  93   4  52   5  85   6  45   7  40   8  49   9  90  10  81  11  80  12  51  13  93  14  55  15  76  16  60  17  49  18  42  19  47 
  0  49   1  43   2  47   3  91   4  51   5  85   6  43   7  40   8  49   9  87  10  78  11  81  12  50  13  92  14  57  15  74  16  59  17  48  18  44  19  48 
  0  40   1  38   2  41   3  92   4  46   5  78   6  35   7  34   8  49   9  84  10  75  11  76  12  50  13  89  14  51  15  74  16  54  17  44  18  42  19  40 
  0  44   1  38   2  40   3  91   4  47   5  82   6  36   7  34   8  47   9  82  10  75  11  78  12  50  13  90  14  52  15  74  16  56  17  43  18  42  19  44 


