
 20  20

  0  51   1  53   2  27   3  58   4  33   5  60   6  68   7  38   8  74   9  64  10  34  11  16  12  76  13  45  14  71  15  46  16  68  17  67  18  32  19  21 
  0  47   1  51   2  30   3  59   4  33   5  62   6  68   7  38   8  72   9  66  10  34  11  18  12  75  13  45  14  68  15  46  16  71  17  70  18  34  19  22 
  0  42   1  45   2  23   3  53   4  30   5  59   6  64   7  38   8  68   9  63  10  33  11  14  12  70  13  43  14  63  15  45  16  63  17  62  18  26  19  16 
  0  42   1  46   2  23   3  54   4  30   5  62   6  66   7  38   8  68   9  66  10  33  11  14  12  70  13  42  14  65  15  46  16  65  17  65  18  28  19  15 
  0  44   1  49   2  26   3  54   4  31   5  63   6  65   7  38   8  70   9  67  10  33  11  15  12  70  13  44  14  67  15  45  16  66  17  66  18  29  19  21 
  0  46   1  51   2  28   3  54   4  31   5  61   6  68   7  38   8  69   9  67  10  32  11  16  12  74  13  45  14  70  15  46  16  68  17  66  18  30  19  21 
  0  47   1  50   2  26   3  59   4  31   5  60   6  69   7  38   8  70   9  67  10  34  11  17  12  77  13  44  14  72  15  48  16  67  17  69  18  31  19  20 
  0  47   1  50   2  25   3  57   4  30   5  59   6  67   7  40   8  72   9  63  10  33  11  16  12  70  13  43  14  65  15  47  16  68  17  63  18  29  19  20 
  0  46   1  51   2  24   3  57   4  33   5  59   6  66   7  38   8  72   9  66  10  33  11  17  12  71  13  44  14  66  15  49  16  68  17  68  18  28  19  18 
  0  42   1  46   2  21   3  55   4  29   5  59   6  64   7  38   8  68   9  65  10  32  11  16  12  71  13  41  14  63  15  47  16  62  17  62  18  26  19  18 
  0  47   1  51   2  26   3  55   4  32   5  59   6  68   7  39   8  71   9  63  10  32  11  18  12  73  13  41  14  69  15  48  16  65  17  68  18  31  19  22 
  0  45   1  49   2  25   3  55   4  32   5  62   6  68   7  39   8  69   9  63  10  34  11  16  12  71  13  41  14  68  15  45  16  66  17  66  18  31  19  18 
  0  46   1  48   2  25   3  54   4  31   5  61   6  66   7  38   8  72   9  65  10  34  11  15  12  73  13  43  14  69  15  48  16  65  17  64  18  32  19  20 
  0  48   1  53   2  27   3  60   4  32   5  63   6  68   7  40   8  73   9  65  10  34  11  18  12  75  13  45  14  72  15  49  16  72  17  68  18  34  19  22 
  0  45   1  45   2  24   3  52   4  30   5  61   6  65   7  38   8  71   9  63  10  32  11  14  12  71  13  41  14  65  15  45  16  64  17  65  18  26  19  18 
  0  48   1  53   2  30   3  56   4  31   5  61   6  68   7  38   8  72   9  66  10  33  11  17  12  76  13  43  14  72  15  47  16  69  17  70  18  30  19  20 
  0  48   1  49   2  24   3  58   4  31   5  62   6  66   7  38   8  70   9  66  10  32  11  15  12  74  13  43  14  66  15  46  16  67  17  64  18  28  19  22 
  0  48   1  52   2  27   3  58   4  32   5  63   6  69   7  40   8  73   9  67  10  33  11  15  12  74  13  43  14  67  15  49  16  69  17  66  18  32  19  19 
  0  47   1  48   2  25   3  58   4  30   5  60   6  68   7  38   8  72   9  64  10  33  11  17  12  71  13  45  14  68  15  47  16  67  17  64  18  29  19  21 
  0  44   1  46   2  22   3  52   4  31   5  61   6  64   7  40   8  68   9  63  10  32  11  17  12  71  13  42  14  66  15  47  16  66  17  65  18  27  19  19 


