
 20  20

  0  37   1  54   2  76   3  58   4  79   5  30   6  32   7  84   8  71   9  71  10  82  11  51  12  42  13  82  14  84  15  65  16  51  17  86  18  61  19  88 
  0  39   1  55   2  76   3  56   4  82   5  30   6  32   7  84   8  73   9  70  10  84  11  49  12  47  13  80  14  81  15  68  16  51  17  91  18  66  19  87 
  0  38   1  58   2  76   3  59   4  84   5  35   6  34   7  84   8  73   9  74  10  83  11  52  12  48  13  82  14  82  15  66  16  49  17  88  18  65  19  89 
  0  39   1  56   2  74   3  60   4  86   5  33   6  35   7  82   8  74   9  75  10  86  11  54  12  48  13  83  14  85  15  67  16  51  17  92  18  65  19  89 
  0  36   1  55   2  75   3  57   4  77   5  30   6  27   7  82   8  74   9  69  10  80  11  49  12  42  13  81  14  81  15  67  16  51  17  87  18  59  19  88 
  0  32   1  56   2  75   3  55   4  77   5  30   6  29   7  84   8  72   9  69  10  80  11  48  12  44  13  79  14  81  15  67  16  49  17  85  18  58  19  85 
  0  40   1  58   2  76   3  58   4  83   5  33   6  36   7  83   8  75   9  72  10  83  11  54  12  46  13  80  14  83  15  69  16  51  17  93  18  67  19  91 
  0  32   1  54   2  75   3  56   4  80   5  31   6  30   7  82   8  74   9  72  10  80  11  49  12  42  13  79  14  81  15  65  16  49  17  85  18  58  19  86 
  0  38   1  56   2  74   3  56   4  79   5  33   6  33   7  82   8  73   9  72  10  81  11  53  12  46  13  81  14  84  15  69  16  49  17  88  18  60  19  86 
  0  38   1  58   2  75   3  60   4  84   5  35   6  33   7  84   8  75   9  75  10  86  11  51  12  45  13  83  14  85  15  69  16  51  17  93  18  68  19  91 
  0  39   1  54   2  76   3  60   4  84   5  31   6  34   7  84   8  75   9  75  10  84  11  54  12  47  13  80  14  81  15  69  16  50  17  89  18  63  19  87 
  0  33   1  54   2  75   3  54   4  76   5  29   6  30   7  84   8  71   9  69  10  80  11  48  12  43  13  79  14  81  15  66  16  49  17  87  18  61  19  87 
  0  32   1  54   2  74   3  55   4  76   5  30   6  28   7  82   8  71   9  70  10  80  11  48  12  42  13  81  14  83  15  65  16  49  17  85  18  59  19  87 
  0  39   1  58   2  76   3  58   4  81   5  34   6  32   7  82   8  72   9  73  10  83  11  49  12  43  13  79  14  83  15  66  16  49  17  89  18  64  19  87 
  0  42   1  58   2  74   3  60   4  84   5  34   6  37   7  82   8  73   9  75  10  85  11  51  12  47  13  83  14  85  15  66  16  50  17  91  18  68  19  90 
  0  38   1  55   2  75   3  56   4  82   5  35   6  32   7  82   8  73   9  75  10  85  11  53  12  46  13  79  14  81  15  65  16  49  17  88  18  63  19  90 
  0  41   1  58   2  75   3  58   4  82   5  35   6  36   7  83   8  75   9  74  10  84  11  53  12  45  13  82  14  82  15  67  16  50  17  93  18  68  19  90 
  0  37   1  54   2  75   3  56   4  78   5  29   6  29   7  82   8  72   9  69  10  82  11  51  12  44  13  80  14  81  15  65  16  49  17  90  18  63  19  89 
  0  42   1  56   2  75   3  60   4  86   5  35   6  35   7  83   8  75   9  73  10  84  11  54  12  48  13  82  14  85  15  67  16  51  17  93  18  68  19  91 
  0  37   1  55   2  76   3  57   4  79   5  34   6  34   7  84   8  74   9  70  10  82  11  50  12  47  13  81  14  84  15  68  16  51  17  90  18  65  19  86 


