
 20  20

  0  89   1  57   2  51   3  52   4  90   5  81   6  43   7  52   8  63   9  49  10  86  11  71  12  36  13  91  14  92  15  57  16  80  17  36  18  45  19  61 
  0  83   1  55   2  50   3  52   4  86   5  77   6  44   7  50   8  57   9  47  10  83  11  69  12  36  13  90  14  89  15  55  16  80  17  31  18  41  19  59 
  0  90   1  57   2  51   3  53   4  90   5  77   6  45   7  54   8  60   9  52  10  86  11  73  12  38  13  95  14  91  15  55  16  84  17  34  18  41  19  59 
  0  85   1  53   2  49   3  52   4  85   5  76   6  44   7  50   8  57   9  47  10  80  11  71  12  35  13  90  14  89  15  56  16  82  17  34  18  41  19  58 
  0  87   1  57   2  50   3  54   4  91   5  77   6  45   7  53   8  63   9  51  10  85  11  72  12  36  13  93  14  94  15  57  16  80  17  34  18  41  19  58 
  0  86   1  57   2  51   3  54   4  92   5  81   6  43   7  51   8  62   9  52  10  85  11  72  12  36  13  92  14  91  15  57  16  83  17  38  18  42  19  57 
  0  90   1  56   2  51   3  54   4  92   5  81   6  44   7  54   8  62   9  49  10  86  11  75  12  41  13  95  14  95  15  55  16  83  17  37  18  42  19  58 
  0  89   1  57   2  51   3  54   4  89   5  78   6  45   7  55   8  63   9  49  10  86  11  72  12  39  13  93  14  93  15  55  16  82  17  38  18  43  19  58 
  0  83   1  53   2  50   3  52   4  85   5  76   6  43   7  51   8  58   9  47  10  81  11  70  12  36  13  91  14  89  15  57  16  82  17  32  18  41  19  58 
  0  87   1  53   2  49   3  53   4  87   5  79   6  43   7  53   8  61   9  51  10  83  11  69  12  36  13  92  14  90  15  57  16  83  17  33  18  43  19  56 
  0  86   1  55   2  49   3  52   4  85   5  79   6  43   7  50   8  59   9  47  10  80  11  70  12  34  13  91  14  92  15  55  16  80  17  31  18  41  19  59 
  0  93   1  55   2  51   3  53   4  94   5  80   6  45   7  56   8  65   9  53  10  87  11  77  12  42  13  94  14  95  15  57  16  81  17  38  18  44  19  62 
  0  87   1  55   2  50   3  52   4  88   5  80   6  44   7  54   8  60   9  49  10  81  11  73  12  38  13  94  14  90  15  56  16  82  17  34  18  41  19  60 
  0  92   1  56   2  51   3  52   4  93   5  78   6  44   7  52   8  64   9  53  10  87  11  74  12  42  13  95  14  97  15  56  16  82  17  37  18  42  19  59 
  0  87   1  53   2  51   3  52   4  89   5  80   6  45   7  51   8  61   9  49  10  82  11  71  12  34  13  90  14  92  15  57  16  81  17  35  18  44  19  57 
  0  90   1  57   2  51   3  53   4  88   5  78   6  43   7  51   8  59   9  50  10  85  11  73  12  36  13  94  14  92  15  57  16  80  17  35  18  44  19  59 
  0  87   1  55   2  51   3  54   4  87   5  79   6  43   7  50   8  60   9  47  10  82  11  71  12  34  13  88  14  91  15  57  16  82  17  35  18  41  19  56 
  0  84   1  53   2  51   3  54   4  87   5  77   6  43   7  52   8  60   9  49  10  82  11  72  12  35  13  89  14  92  15  55  16  82  17  34  18  44  19  57 
  0  90   1  57   2  49   3  53   4  93   5  78   6  43   7  53   8  65   9  52  10  87  11  73  12  40  13  96  14  93  15  57  16  81  17  40  18  45  19  60 
  0  87   1  54   2  50   3  54   4  86   5  77   6  45   7  52   8  57   9  47  10  84  11  70  12  35  13  91  14  89  15  55  16  80  17  31  18  44  19  58 


