
 20  20

  0  85   1  59   2  65   3  37   4  70   5  48   6  68   7  60   8  52   9  48  10  55  11  50  12  74  13  77  14  38  15  31  16  73  17  50  18  63  19  46 
  0  86   1  61   2  65   3  37   4  71   5  51   6  68   7  60   8  50   9  45  10  55  11  48  12  74  13  78  14  36  15  31  16  70  17  54  18  65  19  48 
  0  84   1  59   2  64   3  36   4  71   5  49   6  71   7  62   8  52   9  47  10  58  11  50  12  78  13  78  14  38  15  34  16  71  17  53  18  63  19  49 
  0  83   1  59   2  61   3  36   4  65   5  50   6  69   7  58   8  49   9  44  10  56  11  49  12  76  13  78  14  37  15  28  16  73  17  49  18  61  19  47 
  0  89   1  61   2  66   3  37   4  72   5  50   6  74   7  62   8  54   9  50  10  57  11  50  12  78  13  76  14  38  15  33  16  73  17  55  18  62  19  50 
  0  85   1  59   2  64   3  34   4  67   5  48   6  66   7  59   8  52   9  48  10  54  11  50  12  76  13  76  14  38  15  32  16  70  17  53  18  63  19  46 
  0  88   1  61   2  66   3  36   4  70   5  49   6  73   7  60   8  53   9  48  10  57  11  50  12  79  13  78  14  36  15  33  16  72  17  54  18  62  19  48 
  0  87   1  61   2  66   3  39   4  72   5  49   6  74   7  59   8  56   9  48  10  59  11  50  12  80  13  78  14  38  15  32  16  73  17  52  18  62  19  48 
  0  83   1  61   2  63   3  36   4  68   5  49   6  65   7  59   8  51   9  43  10  55  11  49  12  76  13  78  14  38  15  29  16  69  17  49  18  64  19  47 
  0  83   1  59   2  63   3  36   4  65   5  48   6  67   7  58   8  51   9  47  10  55  11  50  12  73  13  76  14  36  15  29  16  72  17  53  18  62  19  46 
  0  85   1  60   2  64   3  38   4  73   5  49   6  74   7  62   8  53   9  47  10  59  11  50  12  81  13  76  14  38  15  35  16  75  17  53  18  62  19  49 
  0  79   1  59   2  62   3  33   4  64   5  47   6  66   7  58   8  48   9  43  10  51  11  48  12  73  13  76  14  37  15  26  16  69  17  49  18  63  19  46 
  0  87   1  60   2  63   3  37   4  72   5  52   6  74   7  62   8  56   9  48  10  57  11  49  12  78  13  78  14  38  15  36  16  75  17  55  18  63  19  47 
  0  82   1  59   2  61   3  34   4  69   5  47   6  69   7  58   8  51   9  43  10  52  11  49  12  75  13  76  14  36  15  28  16  71  17  52  18  63  19  47 
  0  83   1  61   2  62   3  35   4  67   5  50   6  66   7  58   8  49   9  47  10  53  11  50  12  73  13  77  14  37  15  29  16  72  17  49  18  61  19  46 
  0  85   1  60   2  63   3  37   4  72   5  50   6  69   7  60   8  51   9  48  10  55  11  50  12  79  13  77  14  37  15  33  16  71  17  53  18  62  19  50 
  0  82   1  59   2  61   3  34   4  65   5  48   6  64   7  58   8  50   9  46  10  53  11  48  12  71  13  77  14  36  15  26  16  69  17  49  18  61  19  45 
  0  89   1  60   2  65   3  37   4  73   5  50   6  71   7  59   8  55   9  50  10  59  11  50  12  79  13  77  14  37  15  33  16  72  17  55  18  64  19  48 
  0  83   1  61   2  64   3  34   4  69   5  47   6  68   7  58   8  52   9  48  10  55  11  50  12  73  13  78  14  36  15  27  16  69  17  52  18  61  19  44 
  0  84   1  61   2  62   3  35   4  67   5  49   6  68   7  62   8  51   9  47  10  56  11  49  12  75  13  76  14  38  15  33  16  71  17  50  18  62  19  47 


