
 20  20

  0  33   1  69   2  17   3  27   4  53   5  18   6  75   7  46   8  37   9  65  10  62  11  34  12  66  13  39  14  52  15  72  16  55  17  58  18  15  19  63 
  0  31   1  68   2  16   3  25   4  56   5  16   6  73   7  46   8  33   9  63  10  61  11  31  12  65  13  33  14  51  15  71  16  51  17  54  18  13  19  62 
  0  29   1  67   2  14   3  26   4  56   5  16   6  71   7  47   8  34   9  60  10  60  11  34  12  65  13  33  14  51  15  70  16  53  17  55  18  14  19  59 
  0  38   1  72   2  15   3  29   4  55   5  16   6  72   7  50   8  36   9  68  10  62  11  35  12  69  13  39  14  54  15  71  16  57  17  57  18  19  19  65 
  0  34   1  73   2  16   3  29   4  54   5  16   6  73   7  49   8  36   9  69  10  63  11  34  12  65  13  39  14  55  15  71  16  55  17  57  18  16  19  64 
  0  29   1  68   2  13   3  24   4  55   5  16   6  71   7  46   8  32   9  61  10  61  11  32  12  64  13  35  14  51  15  68  16  51  17  54  18  11  19  61 
  0  39   1  73   2  17   3  28   4  57   5  18   6  75   7  49   8  38   9  67  10  63  11  37  12  69  13  39  14  55  15  69  16  54  17  58  18  19  19  63 
  0  38   1  75   2  19   3  29   4  56   5  16   6  74   7  50   8  41   9  67  10  64  11  37  12  69  13  42  14  55  15  72  16  57  17  59  18  17  19  65 
  0  32   1  70   2  13   3  25   4  53   5  16   6  71   7  46   8  34   9  61  10  60  11  31  12  63  13  36  14  52  15  70  16  51  17  56  18  11  19  59 
  0  36   1  73   2  18   3  28   4  57   5  16   6  72   7  46   8  36   9  63  10  60  11  37  12  65  13  36  14  51  15  68  16  55  17  58  18  15  19  61 
  0  35   1  72   2  15   3  29   4  56   5  16   6  73   7  47   8  37   9  63  10  64  11  34  12  66  13  35  14  54  15  68  16  54  17  59  18  17  19  62 
  0  30   1  69   2  14   3  24   4  53   5  16   6  72   7  46   8  33   9  60  10  60  11  32  12  63  13  33  14  51  15  68  16  51  17  54  18  11  19  59 
  0  35   1  69   2  17   3  26   4  55   5  16   6  73   7  46   8  37   9  63  10  61  11  37  12  64  13  38  14  54  15  68  16  55  17  59  18  16  19  64 
  0  29   1  67   2  15   3  24   4  53   5  16   6  71   7  46   8  31   9  60  10  60  11  31  12  65  13  33  14  51  15  68  16  52  17  55  18  12  19  61 
  0  38   1  75   2  18   3  32   4  57   5  17   6  75   7  50   8  38   9  67  10  64  11  39  12  68  13  42  14  55  15  72  16  57  17  62  18  20  19  64 
  0  37   1  74   2  19   3  31   4  57   5  18   6  73   7  48   8  40   9  69  10  63  11  38  12  68  13  40  14  52  15  72  16  55  17  62  18  21  19  64 
  0  36   1  74   2  18   3  32   4  57   5  18   6  72   7  50   8  38   9  69  10  64  11  37  12  67  13  39  14  54  15  72  16  54  17  60  18  19  19  65 
  0  37   1  74   2  19   3  29   4  56   5  17   6  72   7  47   8  41   9  68  10  64  11  39  12  67  13  39  14  52  15  72  16  56  17  62  18  19  19  63 
  0  33   1  72   2  16   3  27   4  57   5  17   6  75   7  50   8  39   9  64  10  62  11  34  12  66  13  40  14  55  15  69  16  57  17  59  18  16  19  62 
  0  30   1  68   2  13   3  24   4  56   5  16   6  71   7  44   8  32   9  61  10  60  11  33  12  66  13  33  14  54  15  69  16  53  17  56  18  11  19  62 


