
 20  20

  0  44   1  63   2  27   3  47   4  67   5  61   6  34   7  71   8  56   9  28  10  30  11  35  12  35  13  40  14  37  15  42  16  31  17  35  18  71  19  41 
  0  45   1  66   2  29   3  45   4  66   5  59   6  36   7  70   8  54   9  30  10  31  11  37  12  34  13  42  14  36  15  41  16  31  17  32  18  74  19  44 
  0  43   1  63   2  28   3  45   4  65   5  59   6  34   7  71   8  54   9  26  10  30  11  36  12  34  13  40  14  36  15  41  16  28  17  33  18  71  19  43 
  0  44   1  64   2  26   3  47   4  65   5  59   6  36   7  71   8  55   9  28  10  29  11  37  12  34  13  40  14  40  15  42  16  32  17  34  18  75  19  42 
  0  42   1  63   2  26   3  47   4  65   5  59   6  35   7  70   8  56   9  27  10  29  11  37  12  34  13  42  14  36  15  41  16  27  17  32  18  71  19  43 
  0  47   1  68   2  27   3  49   4  66   5  61   6  35   7  71   8  61   9  34  10  29  11  35  12  38  13  42  14  40  15  45  16  32  17  38  18  75  19  46 
  0  50   1  70   2  30   3  53   4  69   5  61   6  38   7  72   8  62   9  33  10  29  11  37  12  38  13  43  14  41  15  46  16  37  17  41  18  79  19  46 
  0  42   1  66   2  27   3  45   4  65   5  60   6  34   7  72   8  57   9  26  10  29  11  35  12  34  13  40  14  36  15  43  16  30  17  32  18  71  19  44 
  0  42   1  65   2  29   3  45   4  65   5  61   6  34   7  70   8  57   9  29  10  29  11  35  12  34  13  42  14  37  15  42  16  29  17  32  18  72  19  44 
  0  42   1  62   2  27   3  45   4  65   5  59   6  36   7  71   8  54   9  26  10  29  11  37  12  34  13  42  14  38  15  41  16  27  17  31  18  72  19  41 
  0  45   1  66   2  28   3  47   4  67   5  59   6  35   7  71   8  55   9  28  10  30  11  37  12  34  13  40  14  36  15  42  16  28  17  32  18  71  19  41 
  0  44   1  65   2  26   3  46   4  65   5  59   6  34   7  71   8  56   9  26  10  29  11  37  12  34  13  41  14  36  15  41  16  27  17  33  18  71  19  41 
  0  49   1  67   2  28   3  51   4  68   5  59   6  38   7  72   8  57   9  33  10  29  11  37  12  37  13  44  14  39  15  48  16  31  17  36  18  78  19  47 
  0  45   1  63   2  26   3  45   4  67   5  59   6  36   7  72   8  54   9  31  10  30  11  37  12  34  13  40  14  39  15  42  16  29  17  34  18  75  19  42 
  0  48   1  69   2  30   3  50   4  67   5  59   6  34   7  72   8  57   9  30  10  31  11  35  12  36  13  43  14  41  15  44  16  32  17  34  18  74  19  43 
  0  50   1  67   2  27   3  53   4  69   5  59   6  36   7  70   8  58   9  31  10  31  11  36  12  37  13  41  14  43  15  47  16  32  17  37  18  75  19  44 
  0  46   1  68   2  26   3  49   4  67   5  60   6  37   7  71   8  57   9  30  10  30  11  37  12  35  13  44  14  39  15  43  16  35  17  37  18  74  19  45 
  0  47   1  64   2  29   3  48   4  65   5  59   6  37   7  70   8  59   9  32  10  29  11  37  12  34  13  40  14  38  15  45  16  31  17  37  18  76  19  45 
  0  43   1  67   2  27   3  46   4  65   5  61   6  34   7  72   8  58   9  28  10  31  11  37  12  37  13  43  14  40  15  41  16  28  17  33  18  75  19  45 
  0  43   1  66   2  28   3  45   4  68   5  60   6  37   7  70   8  58   9  30  10  30  11  35  12  35  13  42  14  40  15  42  16  27  17  32  18  74  19  43 


