
 20  20

  0  40   1  81   2  54   3  34   4  25   5  71   6  73   7  33   8  65   9  56  10  49  11  25  12  52  13  52  14  45  15  48  16  33  17  66  18  26  19  70 
  0  46   1  85   2  60   3  38   4  27   5  78   6  75   7  33   8  64   9  60  10  49  11  25  12  54  13  54  14  49  15  51  16  33  17  72  18  30  19  71 
  0  46   1  85   2  59   3  37   4  30   5  78   6  75   7  31   8  67   9  61  10  49  11  25  12  54  13  55  14  48  15  51  16  32  17  70  18  29  19  71 
  0  46   1  85   2  60   3  36   4  26   5  76   6  73   7  30   8  63   9  61  10  49  11  23  12  54  13  53  14  48  15  51  16  33  17  69  18  27  19  71 
  0  45   1  85   2  60   3  36   4  28   5  78   6  75   7  31   8  67   9  60  10  49  11  25  12  54  13  56  14  47  15  51  16  33  17  72  18  31  19  71 
  0  46   1  83   2  60   3  38   4  27   5  76   6  72   7  31   8  63   9  62  10  49  11  24  12  53  13  54  14  47  15  51  16  31  17  70  18  29  19  68 
  0  41   1  81   2  55   3  37   4  22   5  69   6  73   7  29   8  61   9  57  10  48  11  25  12  51  13  50  14  43  15  49  16  33  17  65  18  26  19  70 
  0  38   1  82   2  54   3  35   4  23   5  68   6  72   7  31   8  59   9  52  10  47  11  23  12  52  13  47  14  42  15  48  16  31  17  63  18  23  19  67 
  0  45   1  83   2  58   3  37   4  26   5  76   6  73   7  33   8  63   9  60  10  49  11  23  12  53  13  54  14  47  15  50  16  33  17  69  18  27  19  68 
  0  39   1  79   2  52   3  35   4  22   5  72   6  72   7  30   8  60   9  56  10  47  11  23  12  53  13  49  14  40  15  46  16  32  17  64  18  26  19  68 
  0  41   1  81   2  54   3  38   4  27   5  74   6  71   7  33   8  61   9  55  10  49  11  23  12  52  13  53  14  44  15  47  16  33  17  65  18  28  19  69 
  0  38   1  79   2  53   3  36   4  25   5  74   6  71   7  31   8  63   9  57  10  49  11  24  12  53  13  51  14  41  15  46  16  33  17  67  18  24  19  70 
  0  39   1  79   2  56   3  35   4  24   5  73   6  71   7  30   8  62   9  56  10  47  11  25  12  53  13  51  14  41  15  45  16  31  17  64  18  25  19  68 
  0  39   1  79   2  54   3  37   4  27   5  71   6  70   7  29   8  64   9  58  10  47  11  25  12  50  13  51  14  42  15  46  16  31  17  68  18  24  19  69 
  0  43   1  81   2  58   3  36   4  28   5  73   6  72   7  31   8  64   9  56  10  47  11  24  12  54  13  51  14  47  15  51  16  33  17  66  18  26  19  70 
  0  43   1  85   2  57   3  38   4  30   5  77   6  75   7  31   8  64   9  62  10  49  11  23  12  54  13  53  14  46  15  49  16  33  17  71  18  28  19  71 
  0  40   1  80   2  55   3  34   4  23   5  71   6  72   7  29   8  63   9  53  10  48  11  25  12  50  13  47  14  41  15  47  16  33  17  65  18  27  19  67 
  0  43   1  83   2  58   3  35   4  28   5  73   6  75   7  32   8  64   9  58  10  48  11  25  12  54  13  55  14  46  15  51  16  33  17  69  18  30  19  70 
  0  45   1  81   2  57   3  38   4  30   5  77   6  75   7  32   8  65   9  61  10  48  11  24  12  52  13  51  14  47  15  47  16  31  17  68  18  30  19  71 
  0  39   1  81   2  52   3  35   4  25   5  68   6  72   7  30   8  61   9  52  10  47  11  23  12  53  13  48  14  39  15  46  16  33  17  65  18  25  19  70 


