
 20  20

  0  38   1  42   2  45   3  66   4  62   5  77   6  54   7  58   8  69   9  44  10  63  11  59  12  26  13  69  14  77  15  63  16  46  17  57  18  46  19  58 
  0  46   1  45   2  50   3  74   4  62   5  84   6  60   7  65   8  71   9  48  10  67  11  62  12  31  13  76  14  78  15  66  16  54  17  58  18  53  19  66 
  0  45   1  47   2  48   3  72   4  63   5  81   6  57   7  67   8  70   9  47  10  66  11  63  12  29  13  72  14  78  15  66  16  51  17  61  18  55  19  66 
  0  41   1  42   2  46   3  68   4  62   5  78   6  58   7  61   8  68   9  45  10  63  11  60  12  30  13  71  14  79  15  61  16  47  17  59  18  48  19  62 
  0  42   1  41   2  45   3  69   4  61   5  76   6  54   7  61   8  67   9  46  10  66  11  59  12  26  13  72  14  77  15  61  16  46  17  57  18  47  19  59 
  0  38   1  41   2  47   3  66   4  59   5  74   6  53   7  57   8  67   9  46  10  65  11  59  12  26  13  68  14  79  15  60  16  44  17  55  18  46  19  58 
  0  43   1  43   2  48   3  68   4  63   5  76   6  55   7  61   8  71   9  45  10  66  11  62  12  27  13  72  14  79  15  65  16  50  17  56  18  51  19  61 
  0  41   1  43   2  47   3  67   4  61   5  75   6  57   7  58   8  70   9  46  10  63  11  62  12  29  13  72  14  77  15  60  16  47  17  59  18  47  19  60 
  0  47   1  47   2  51   3  74   4  65   5  84   6  61   7  67   8  69   9  48  10  67  11  63  12  31  13  75  14  77  15  65  16  52  17  60  18  55  19  68 
  0  45   1  46   2  51   3  71   4  63   5  79   6  60   7  65   8  67   9  48  10  67  11  63  12  30  13  72  14  79  15  64  16  50  17  57  18  50  19  65 
  0  42   1  41   2  46   3  69   4  59   5  78   6  54   7  60   8  67   9  44  10  66  11  61  12  28  13  72  14  79  15  64  16  49  17  56  18  50  19  63 
  0  44   1  45   2  48   3  71   4  65   5  83   6  61   7  67   8  68   9  48  10  67  11  65  12  32  13  74  14  79  15  66  16  54  17  61  18  52  19  64 
  0  43   1  42   2  49   3  71   4  60   5  80   6  58   7  60   8  69   9  45  10  65  11  61  12  29  13  72  14  78  15  61  16  46  17  57  18  48  19  61 
  0  40   1  45   2  49   3  72   4  61   5  79   6  55   7  62   8  70   9  46  10  63  11  61  12  28  13  72  14  79  15  63  16  46  17  56  18  50  19  64 
  0  46   1  45   2  48   3  70   4  61   5  78   6  59   7  64   8  71   9  48  10  64  11  65  12  29  13  72  14  78  15  64  16  48  17  57  18  50  19  63 
  0  41   1  44   2  47   3  69   4  60   5  78   6  54   7  60   8  68   9  44  10  67  11  59  12  28  13  69  14  79  15  63  16  48  17  59  18  49  19  62 
  0  40   1  41   2  47   3  67   4  59   5  75   6  55   7  58   8  67   9  44  10  63  11  60  12  26  13  68  14  79  15  62  16  44  17  56  18  46  19  60 
  0  46   1  47   2  51   3  74   4  63   5  84   6  59   7  67   8  69   9  48  10  66  11  65  12  30  13  76  14  77  15  66  16  54  17  61  18  54  19  67 
  0  41   1  41   2  48   3  69   4  60   5  79   6  56   7  63   8  67   9  47  10  64  11  63  12  29  13  70  14  79  15  61  16  49  17  58  18  49  19  63 
  0  42   1  44   2  46   3  69   4  60   5  80   6  56   7  64   8  71   9  47  10  65  11  61  12  29  13  73  14  77  15  64  16  48  17  56  18  54  19  65 


