
 20  20

  0  11   1  43   2   7   3  53   4  43   5  48   6  33   7  53   8  10   9  16  10  40  11  34  12  28  13  15  14   7  15  17  16   8  17  45  18  52  19  43 
  0   4   1  39   2   6   3  49   4  41   5  45   6  29   7  48   8   4   9  11  10  38  11  33  12  25  13  15  14   6  15  17  16   4  17  40  18  46  19  42 
  0   4   1  41   2   6   3  48   4  40   5  47   6  32   7  50   8   2   9   7  10  37  11  33  12  23  13  13  14   5  15  15  16   3  17  40  18  45  19  41 
  0   8   1  39   2   6   3  52   4  40   5  46   6  29   7  51   8   7   9  14  10  40  11  34  12  28  13  14  14   7  15  18  16   5  17  42  18  50  19  43 
  0  10   1  41   2   8   3  50   4  43   5  48   6  33   7  53   8  10   9  17  10  42  11  34  12  25  13  13  14   7  15  19  16   8  17  45  18  52  19  44 
  0   1   1  41   2   6   3  47   4  40   5  44   6  31   7  49   8   2   9   7  10  36  11  30  12  22  13  14  14   7  15  17  16   2  17  39  18  44  19  38 
  0   5   1  43   2   8   3  49   4  43   5  46   6  32   7  50   8   4   9  11  10  38  11  34  12  25  13  15  14   5  15  18  16   6  17  43  18  51  19  43 
  0   9   1  40   2   7   3  51   4  43   5  48   6  30   7  52   8   9   9  11  10  41  11  34  12  24  13  13  14   6  15  18  16   7  17  44  18  48  19  45 
  0   3   1  39   2   8   3  51   4  40   5  45   6  32   7  51   8   6   9  10  10  39  11  33  12  23  13  15  14   5  15  15  16   6  17  39  18  47  19  43 
  0  11   1  43   2   7   3  53   4  43   5  48   6  33   7  51   8   9   9  17  10  42  11  34  12  26  13  13  14   7  15  17  16   6  17  44  18  54  19  43 
  0   6   1  41   2   8   3  50   4  40   5  46   6  29   7  51   8   4   9  13  10  38  11  34  12  26  13  15  14   5  15  18  16   7  17  43  18  48  19  43 
  0  10   1  41   2   7   3  52   4  42   5  47   6  30   7  53   8   9   9  14  10  40  11  34  12  27  13  15  14   7  15  17  16   6  17  42  18  52  19  46 
  0   9   1  43   2   8   3  52   4  42   5  48   6  32   7  53   8   8   9  15  10  41  11  34  12  28  13  13  14   7  15  19  16   7  17  42  18  51  19  43 
  0   9   1  43   2   8   3  51   4  43   5  48   6  33   7  53   8  10   9  17  10  42  11  34  12  27  13  15  14   5  15  19  16   8  17  45  18  54  19  45 
  0   5   1  43   2   6   3  51   4  39   5  45   6  33   7  51   8   4   9  13  10  41  11  30  12  25  13  15  14   7  15  15  16   4  17  42  18  49  19  43 
  0   2   1  41   2   8   3  47   4  41   5  45   6  29   7  47   8   2   9   8  10  36  11  30  12  23  13  15  14   7  15  18  16   2  17  39  18  46  19  39 
  0   1   1  41   2   7   3  47   4  41   5  46   6  29   7  47   8   2   9   7  10  37  11  30  12  22  13  14  14   5  15  15  16   3  17  39  18  44  19  39 
  0   5   1  41   2   6   3  49   4  39   5  47   6  31   7  52   8   6   9  12  10  37  11  32  12  24  13  13  14   5  15  16  16   5  17  42  18  49  19  40 
  0  11   1  43   2   8   3  53   4  40   5  47   6  33   7  51   8  10   9  17  10  42  11  31  12  25  13  15  14   7  15  17  16   5  17  44  18  53  19  45 
  0   9   1  41   2   8   3  52   4  40   5  48   6  33   7  51   8   8   9  16  10  42  11  31  12  27  13  15  14   5  15  16  16   6  17  43  18  54  19  46 


