
 20  20

  0  81   1  59   2  77   3  84   4  83   5  39   6  72   7  70   8  46   9  73  10  39  11  81  12  71  13  85  14  42  15  58  16  54  17  55  18  76  19  79 
  0  77   1  53   2  73   3  84   4  83   5  37   6  69   7  64   8  41   9  69  10  37  11  81  12  71  13  79  14  35  15  51  16  51  17  53  18  76  19  79 
  0  79   1  54   2  79   3  81   4  84   5  37   6  71   7  70   8  47   9  73  10  42  11  82  12  73  13  82  14  36  15  53  16  55  17  53  18  76  19  80 
  0  82   1  60   2  82   3  85   4  85   5  38   6  71   7  74   8  48   9  76  10  41  11  82  12  73  13  85  14  40  15  59  16  55  17  59  18  78  19  80 
  0  77   1  51   2  72   3  83   4  83   5  39   6  69   7  64   8  41   9  67  10  40  11  81  12  73  13  83  14  38  15  50  16  53  17  51  18  78  19  78 
  0  80   1  59   2  80   3  84   4  83   5  37   6  68   7  72   8  48   9  72  10  43  11  82  12  72  13  85  14  38  15  54  16  54  17  57  18  77  19  76 
  0  78   1  53   2  76   3  83   4  85   5  39   6  70   7  67   8  46   9  68  10  38  11  83  12  73  13  82  14  35  15  51  16  53  17  52  18  78  19  80 
  0  79   1  57   2  77   3  84   4  84   5  39   6  69   7  71   8  48   9  75  10  39  11  83  12  73  13  85  14  38  15  55  16  55  17  56  18  78  19  77 
  0  74   1  51   2  72   3  81   4  85   5  39   6  70   7  65   8  42   9  66  10  38  11  82  12  71  13  81  14  36  15  49  16  53  17  49  18  77  19  76 
  0  77   1  54   2  77   3  81   4  85   5  38   6  71   7  68   8  43   9  69  10  41  11  83  12  73  13  81  14  38  15  50  16  51  17  52  18  78  19  79 
  0  77   1  55   2  78   3  83   4  85   5  37   6  71   7  67   8  46   9  70  10  40  11  83  12  71  13  84  14  36  15  52  16  54  17  52  18  78  19  77 
  0  80   1  55   2  77   3  81   4  83   5  39   6  70   7  71   8  47   9  70  10  38  11  81  12  73  13  85  14  39  15  56  16  52  17  55  18  76  19  78 
  0  80   1  54   2  75   3  82   4  83   5  38   6  71   7  68   8  43   9  69  10  39  11  81  12  73  13  83  14  40  15  56  16  52  17  54  18  78  19  76 
  0  78   1  53   2  76   3  83   4  84   5  38   6  68   7  66   8  43   9  71  10  41  11  82  12  71  13  83  14  35  15  55  16  51  17  51  18  76  19  76 
  0  81   1  55   2  76   3  85   4  83   5  38   6  68   7  69   8  46   9  72  10  41  11  81  12  73  13  86  14  37  15  55  16  53  17  55  18  76  19  78 
  0  73   1  53   2  73   3  81   4  83   5  39   6  69   7  64   8  41   9  69  10  37  11  83  12  72  13  80  14  34  15  52  16  54  17  49  18  76  19  76 
  0  75   1  51   2  75   3  81   4  83   5  38   6  70   7  68   8  44   9  68  10  38  11  81  12  71  13  82  14  34  15  52  16  51  17  51  18  77  19  78 
  0  75   1  51   2  75   3  81   4  84   5  37   6  68   7  66   8  40   9  66  10  40  11  81  12  71  13  79  14  34  15  50  16  51  17  49  18  78  19  77 
  0  82   1  61   2  80   3  85   4  85   5  37   6  72   7  70   8  49   9  72  10  40  11  82  12  72  13  87  14  40  15  59  16  56  17  56  18  78  19  80 
  0  78   1  55   2  79   3  85   4  85   5  37   6  72   7  71   8  47   9  71  10  41  11  83  12  73  13  84  14  36  15  56  16  56  17  54  18  76  19  76 


