
 20  20

  0  42   1  36   2  31   3  58   4  62   5  69   6  46   7  40   8  61   9  33  10  39  11  69  12  34  13  61  14  57  15  32  16  53  17  47  18  27  19  59 
  0  42   1  34   2  31   3  59   4  64   5  68   6  45   7  39   8  64   9  35  10  41  11  71  12  33  13  62  14  58  15  33  16  50  17  47  18  27  19  62 
  0  49   1  41   2  31   3  63   4  69   5  72   6  45   7  45   8  66   9  38  10  46  11  73  12  37  13  65  14  61  15  35  16  57  17  51  18  29  19  63 
  0  50   1  41   2  31   3  61   4  67   5  71   6  47   7  44   8  67   9  38  10  43  11  69  12  34  13  67  14  58  15  34  16  53  17  51  18  33  19  61 
  0  46   1  37   2  33   3  62   4  64   5  68   6  45   7  44   8  63   9  33  10  40  11  73  12  37  13  64  14  58  15  33  16  54  17  49  18  27  19  62 
  0  48   1  41   2  33   3  63   4  70   5  71   6  45   7  45   8  67   9  39  10  47  11  70  12  37  13  69  14  61  15  39  16  55  17  53  18  32  19  65 
  0  44   1  38   2  33   3  59   4  66   5  67   6  47   7  41   8  66   9  33  10  42  11  72  12  35  13  64  14  59  15  35  16  51  17  46  18  31  19  60 
  0  51   1  40   2  33   3  66   4  69   5  71   6  47   7  48   8  71   9  38  10  45  11  73  12  36  13  68  14  59  15  36  16  57  17  52  18  33  19  64 
  0  45   1  34   2  32   3  57   4  65   5  68   6  45   7  38   8  64   9  35  10  42  11  69  12  33  13  63  14  57  15  34  16  50  17  46  18  27  19  62 
  0  43   1  35   2  31   3  60   4  62   5  66   6  45   7  39   8  65   9  33  10  38  11  69  12  34  13  62  14  59  15  33  16  51  17  46  18  29  19  61 
  0  48   1  38   2  31   3  59   4  67   5  66   6  45   7  42   8  65   9  35  10  40  11  73  12  33  13  64  14  60  15  36  16  51  17  50  18  29  19  60 
  0  49   1  39   2  32   3  60   4  66   5  68   6  46   7  45   8  65   9  34  10  43  11  71  12  37  13  62  14  60  15  34  16  52  17  51  18  31  19  63 
  0  46   1  37   2  33   3  61   4  66   5  70   6  45   7  42   8  68   9  39  10  44  11  73  12  34  13  64  14  61  15  35  16  53  17  49  18  30  19  62 
  0  45   1  36   2  33   3  58   4  66   5  69   6  45   7  41   8  63   9  36  10  43  11  72  12  37  13  64  14  58  15  36  16  53  17  49  18  30  19  60 
  0  45   1  35   2  31   3  59   4  66   5  67   6  46   7  41   8  66   9  37  10  42  11  72  12  33  13  62  14  59  15  35  16  52  17  48  18  27  19  62 
  0  51   1  40   2  33   3  66   4  69   5  72   6  47   7  45   8  68   9  40  10  48  11  73  12  35  13  68  14  61  15  37  16  55  17  52  18  31  19  65 
  0  48   1  38   2  32   3  63   4  71   5  69   6  47   7  43   8  69   9  38  10  47  11  73  12  34  13  68  14  61  15  39  16  56  17  52  18  29  19  62 
  0  47   1  37   2  31   3  62   4  65   5  66   6  46   7  40   8  65   9  33  10  41  11  71  12  34  13  65  14  59  15  36  16  53  17  47  18  29  19  61 
  0  44   1  36   2  31   3  61   4  65   5  69   6  45   7  42   8  65   9  32  10  43  11  70  12  35  13  62  14  58  15  31  16  50  17  50  18  29  19  60 
  0  52   1  42   2  33   3  63   4  70   5  72   6  47   7  47   8  70   9  40  10  48  11  71  12  36  13  69  14  59  15  36  16  56  17  51  18  33  19  65 


