
 20  20

  0  74   1  57   2  65   3  86   4  67   5  58   6  88   7  81   8  64   9  84  10  79  11  48  12  68  13  50  14  81  15  87  16  81  17  66  18  74  19  80 
  0  68   1  57   2  67   3  84   4  63   5  58   6  88   7  76   8  62   9  84  10  79  11  48  12  70  13  50  14  82  15  87  16  77  17  66  18  74  19  79 
  0  74   1  60   2  66   3  86   4  68   5  56   6  90   7  78   8  63   9  84  10  79  11  48  12  68  13  48  14  81  15  88  16  82  17  65  18  76  19  81 
  0  70   1  60   2  65   3  83   4  66   5  56   6  88   7  76   8  64   9  85  10  79  11  45  12  68  13  48  14  80  15  89  16  77  17  63  18  72  19  80 
  0  70   1  60   2  68   3  87   4  68   5  57   6  88   7  80   8  64   9  87  10  79  11  48  12  70  13  50  14  85  15  88  16  80  17  67  18  73  19  79 
  0  76   1  62   2  69   3  86   4  66   5  56   6  89   7  84   8  64   9  85  10  79  11  52  12  69  13  50  14  86  15  89  16  82  17  68  18  77  19  82 
  0  75   1  60   2  70   3  87   4  69   5  56   6  90   7  82   8  62   9  88  10  80  11  52  12  70  13  50  14  87  15  88  16  83  17  70  18  78  19  83 
  0  69   1  57   2  64   3  84   4  64   5  58   6  88   7  79   8  63   9  84  10  79  11  48  12  68  13  48  14  79  15  87  16  78  17  63  18  75  19  82 
  0  72   1  63   2  67   3  89   4  66   5  58   6  90   7  84   8  63   9  89  10  79  11  50  12  69  13  48  14  87  15  89  16  85  17  70  18  75  19  83 
  0  69   1  58   2  65   3  81   4  63   5  58   6  88   7  79   8  62   9  84  10  80  11  46  12  70  13  49  14  80  15  88  16  80  17  64  18  72  19  79 
  0  75   1  63   2  69   3  87   4  68   5  58   6  90   7  85   8  62   9  89  10  81  11  53  12  68  13  50  14  85  15  89  16  84  17  71  18  76  19  83 
  0  73   1  57   2  67   3  83   4  67   5  58   6  88   7  80   8  62   9  85  10  81  11  49  12  70  13  50  14  84  15  89  16  81  17  66  18  76  19  79 
  0  77   1  60   2  71   3  87   4  66   5  56   6  90   7  84   8  63   9  88  10  80  11  50  12  68  13  50  14  86  15  89  16  84  17  69  18  75  19  82 
  0  71   1  57   2  64   3  81   4  64   5  56   6  88   7  79   8  64   9  85  10  81  11  47  12  68  13  48  14  79  15  89  16  77  17  64  18  72  19  79 
  0  76   1  61   2  67   3  90   4  66   5  56   6  90   7  83   8  63   9  86  10  79  11  52  12  69  13  50  14  86  15  89  16  84  17  68  18  77  19  80 
  0  76   1  61   2  68   3  88   4  65   5  56   6  88   7  82   8  62   9  86  10  81  11  50  12  68  13  48  14  84  15  88  16  86  17  69  18  77  19  83 
  0  71   1  60   2  66   3  83   4  63   5  56   6  88   7  80   8  64   9  83  10  79  11  48  12  68  13  48  14  81  15  87  16  79  17  64  18  72  19  79 
  0  72   1  59   2  69   3  84   4  63   5  56   6  88   7  78   8  62   9  84  10  79  11  47  12  70  13  50  14  83  15  89  16  82  17  65  18  73  19  80 
  0  75   1  63   2  69   3  86   4  67   5  57   6  89   7  80   8  63   9  89  10  81  11  49  12  70  13  49  14  84  15  87  16  82  17  68  18  76  19  80 
  0  68   1  57   2  65   3  83   4  63   5  56   6  88   7  77   8  62   9  83  10  80  11  45  12  68  13  48  14  79  15  89  16  77  17  64  18  72  19  80 


