
 20  20

  0  60   1  74   2  27   3  42   4  29   5  73   6  40   7  27   8  55   9  62  10  36  11  75  12  44  13  62  14  73  15  47  16  33  17  56  18  29  19  49 
  0  66   1  80   2  33   3  47   4  38   5  73   6  46   7  31   8  55   9  67  10  41  11  78  12  47  13  63  14  76  15  53  16  33  17  60  18  32  19  49 
  0  66   1  76   2  30   3  47   4  36   5  72   6  44   7  31   8  55   9  68  10  38  11  76  12  48  13  64  14  77  15  50  16  32  17  60  18  32  19  51 
  0  60   1  75   2  30   3  41   4  34   5  71   6  43   7  28   8  54   9  65  10  34  11  73  12  44  13  61  14  75  15  50  16  34  17  58  18  31  19  51 
  0  64   1  80   2  33   3  45   4  36   5  73   6  43   7  29   8  55   9  65  10  40  11  76  12  48  13  63  14  77  15  52  16  32  17  59  18  32  19  51 
  0  57   1  73   2  24   3  37   4  28   5  73   6  37   7  26   8  54   9  61  10  32  11  71  12  42  13  59  14  73  15  45  16  31  17  57  18  26  19  51 
  0  64   1  77   2  31   3  41   4  34   5  71   6  40   7  28   8  56   9  68  10  37  11  77  12  46  13  62  14  75  15  52  16  31  17  56  18  27  19  50 
  0  63   1  73   2  27   3  43   4  35   5  73   6  43   7  28   8  56   9  63  10  35  11  76  12  45  13  62  14  73  15  51  16  31  17  59  18  27  19  49 
  0  63   1  78   2  29   3  43   4  38   5  73   6  45   7  30   8  56   9  65  10  39  11  78  12  47  13  65  14  77  15  51  16  35  17  59  18  30  19  49 
  0  63   1  79   2  28   3  46   4  33   5  71   6  43   7  28   8  56   9  68  10  36  11  76  12  47  13  64  14  76  15  53  16  35  17  58  18  30  19  51 
  0  63   1  80   2  33   3  46   4  37   5  73   6  44   7  33   8  56   9  69  10  39  11  79  12  48  13  63  14  77  15  53  16  35  17  60  18  32  19  51 
  0  58   1  74   2  29   3  42   4  32   5  71   6  39   7  28   8  54   9  66  10  35  11  74  12  43  13  60  14  76  15  50  16  34  17  59  18  27  19  49 
  0  64   1  80   2  31   3  46   4  37   5  73   6  46   7  32   8  56   9  68  10  41  11  78  12  48  13  65  14  76  15  53  16  33  17  60  18  32  19  51 
  0  56   1  73   2  26   3  39   4  31   5  72   6  36   7  24   8  54   9  61  10  31  11  71  12  44  13  61  14  75  15  48  16  31  17  57  18  29  19  49 
  0  60   1  73   2  25   3  41   4  34   5  71   6  42   7  28   8  54   9  63  10  37  11  75  12  43  13  61  14  76  15  47  16  32  17  58  18  29  19  49 
  0  61   1  76   2  25   3  41   4  33   5  72   6  40   7  26   8  55   9  62  10  37  11  73  12  42  13  61  14  75  15  46  16  34  17  56  18  30  19  49 
  0  57   1  75   2  28   3  38   4  32   5  73   6  39   7  26   8  55   9  62  10  33  11  76  12  44  13  59  14  73  15  48  16  31  17  56  18  30  19  49 
  0  66   1  77   2  31   3  44   4  35   5  71   6  43   7  31   8  56   9  66  10  39  11  78  12  47  13  63  14  77  15  52  16  34  17  57  18  30  19  51 
  0  60   1  74   2  31   3  45   4  33   5  73   6  40   7  27   8  56   9  64  10  38  11  76  12  47  13  65  14  73  15  51  16  33  17  59  18  28  19  51 
  0  62   1  78   2  29   3  45   4  37   5  71   6  42   7  31   8  56   9  69  10  37  11  76  12  48  13  65  14  77  15  50  16  35  17  57  18  30  19  49 


