
 20  20

  0  95   1  89   2  88   3  81   4  61   5  79   6  54   7  95   8  63   9  60  10  79  11  86  12  49  13  57  14  84  15  52  16  77  17  55  18  87  19  81 
  0  99   1  93   2  91   3  82   4  61   5  80   6  56   7  95   8  62   9  59  10  81  11  88  12  51  13  62  14  89  15  52  16  78  17  58  18  88  19  82 
  0  91   1  87   2  86   3  74   4  54   5  79   6  51   7  93   8  59   9  58  10  76  11  83  12  51  13  56  14  82  15  47  16  71  17  53  18  87  19  80 
  0  91   1  88   2  85   3  74   4  56   5  79   6  52   7  95   8  62   9  56  10  76  11  82  12  51  13  55  14  82  15  47  16  69  17  51  18  86  19  78 
  0  95   1  89   2  86   3  78   4  58   5  80   6  54   7  94   8  62   9  58  10  81  11  86  12  51  13  58  14  85  15  51  16  76  17  58  18  88  19  80 
  0  96   1  92   2  91   3  79   4  63   5  80   6  56   7  95   8  60   9  60  10  79  11  86  12  51  13  58  14  88  15  52  16  79  17  56  18  88  19  81 
  0  96   1  93   2  91   3  82   4  62   5  81   6  57   7  95   8  61   9  62  10  79  11  89  12  49  13  60  14  89  15  49  16  78  17  57  18  88  19  84 
  0  93   1  85   2  85   3  74   4  55   5  80   6  51   7  95   8  60   9  54  10  77  11  84  12  49  13  52  14  81  15  47  16  69  17  53  18  86  19  81 
  0  95   1  88   2  85   3  78   4  55   5  81   6  51   7  94   8  59   9  56  10  78  11  83  12  51  13  57  14  80  15  47  16  71  17  53  18  87  19  79 
  0  91   1  86   2  85   3  75   4  53   5  79   6  51   7  94   8  62   9  55  10  78  11  84  12  49  13  54  14  80  15  48  16  69  17  52  18  86  19  81 
  0  97   1  93   2  90   3  82   4  60   5  80   6  55   7  95   8  61   9  60  10  80  11  88  12  51  13  60  14  86  15  50  16  76  17  59  18  87  19  80 
  0  96   1  88   2  87   3  80   4  58   5  79   6  55   7  93   8  63   9  58  10  78  11  84  12  50  13  61  14  87  15  52  16  75  17  56  18  87  19  80 
  0  99   1  92   2  91   3  82   4  60   5  80   6  57   7  95   8  63   9  62  10  82  11  89  12  51  13  62  14  89  15  49  16  77  17  58  18  88  19  84 
  0  91   1  85   2  85   3  76   4  53   5  81   6  51   7  93   8  60   9  54  10  77  11  83  12  51  13  52  14  83  15  48  16  69  17  50  18  88  19  78 
  0  93   1  88   2  85   3  79   4  56   5  79   6  52   7  95   8  60   9  57  10  76  11  85  12  49  13  58  14  85  15  50  16  75  17  56  18  86  19  81 
  0  96   1  90   2  86   3  79   4  60   5  79   6  54   7  93   8  61   9  57  10  77  11  83  12  49  13  59  14  84  15  49  16  72  17  55  18  88  19  83 
  0  98   1  89   2  90   3  81   4  59   5  79   6  57   7  93   8  60   9  61  10  79  11  87  12  51  13  57  14  83  15  52  16  77  17  55  18  88  19  80 
  0  97   1  91   2  88   3  79   4  61   5  80   6  56   7  93   8  63   9  58  10  82  11  87  12  51  13  56  14  87  15  49  16  73  17  57  18  88  19  84 
  0  91   1  88   2  83   3  74   4  54   5  79   6  53   7  93   8  59   9  54  10  76  11  81  12  49  13  52  14  79  15  47  16  70  17  52  18  86  19  78 
  0  99   1  93   2  90   3  82   4  63   5  79   6  56   7  94   8  62   9  62  10  82  11  88  12  51  13  60  14  87  15  52  16  79  17  60  18  86  19  83 


