
 20  20

  0  33   1  41   2  70   3  43   4  54   5  34   6  22   7  73   8  45   9  63  10  68  11  66  12  59  13  58  14  67  15  53  16  70  17  66  18  27  19  27 
  0  32   1  40   2  69   3  42   4  55   5  30   6  21   7  74   8  45   9  60  10  67  11  68  12  58  13  58  14  67  15  53  16  70  17  66  18  25  19  24 
  0  38   1  40   2  70   3  42   4  57   5  33   6  26   7  72   8  47   9  65  10  70  11  69  12  60  13  62  14  72  15  57  16  74  17  71  18  33  19  30 
  0  32   1  40   2  69   3  42   4  52   5  30   6  21   7  73   8  45   9  60  10  67  11  66  12  57  13  58  14  68  15  53  16  70  17  67  18  26  19  25 
  0  32   1  38   2  71   3  42   4  54   5  30   6  22   7  72   8  45   9  60  10  67  11  65  12  58  13  58  14  66  15  54  16  70  17  67  18  27  19  24 
  0  32   1  41   2  69   3  43   4  53   5  30   6  23   7  74   8  45   9  60  10  67  11  66  12  59  13  59  14  66  15  55  16  70  17  65  18  27  19  24 
  0  36   1  38   2  69   3  43   4  56   5  30   6  21   7  72   8  46   9  62  10  67  11  68  12  57  13  60  14  67  15  55  16  72  17  65  18  27  19  27 
  0  36   1  40   2  73   3  44   4  56   5  34   6  25   7  74   8  48   9  64  10  70  11  71  12  62  13  63  14  74  15  57  16  72  17  67  18  31  19  26 
  0  41   1  43   2  73   3  44   4  58   5  36   6  31   7  74   8  49   9  68  10  71  11  73  12  63  13  63  14  76  15  57  16  72  17  71  18  35  19  29 
  0  41   1  40   2  71   3  42   4  59   5  32   6  29   7  74   8  49   9  66  10  68  11  68  12  62  13  64  14  71  15  57  16  74  17  67  18  30  19  28 
  0  37   1  43   2  73   3  44   4  57   5  31   6  26   7  73   8  45   9  66  10  69  11  70  12  59  13  61  14  70  15  56  16  72  17  69  18  30  19  27 
  0  35   1  41   2  73   3  42   4  56   5  31   6  26   7  72   8  47   9  63  10  68  11  68  12  58  13  60  14  73  15  53  16  74  17  67  18  31  19  28 
  0  35   1  39   2  71   3  44   4  54   5  33   6  24   7  74   8  46   9  63  10  70  11  71  12  62  13  60  14  70  15  56  16  73  17  68  18  32  19  27 
  0  32   1  38   2  69   3  43   4  52   5  30   6  23   7  73   8  45   9  60  10  67  11  65  12  58  13  60  14  69  15  54  16  72  17  67  18  27  19  26 
  0  39   1  44   2  73   3  42   4  59   5  36   6  28   7  74   8  49   9  68  10  70  11  71  12  63  13  64  14  74  15  57  16  74  17  68  18  33  19  30 
  0  32   1  39   2  69   3  42   4  52   5  30   6  22   7  72   8  46   9  60  10  67  11  65  12  57  13  60  14  67  15  53  16  70  17  66  18  25  19  24 
  0  42   1  44   2  73   3  44   4  59   5  36   6  31   7  73   8  49   9  68  10  69  11  72  12  61  13  62  14  76  15  57  16  74  17  70  18  33  19  30 
  0  41   1  44   2  70   3  44   4  59   5  34   6  30   7  74   8  49   9  68  10  71  11  73  12  61  13  64  14  74  15  57  16  73  17  68  18  31  19  30 
  0  37   1  40   2  73   3  44   4  59   5  34   6  28   7  74   8  49   9  67  10  69  11  72  12  59  13  61  14  71  15  57  16  73  17  67  18  33  19  30 
  0  42   1  42   2  70   3  42   4  59   5  34   6  31   7  74   8  47   9  65  10  69  11  72  12  63  13  63  14  73  15  54  16  74  17  70  18  32  19  28 


