
 20  20

  0  63   1  79   2  84   3  60   4  78   5  83   6  49   7  82   8  50   9  90  10  75  11  89  12  58  13  56  14  52  15  65  16  55  17  66  18  86  19  69 
  0  63   1  81   2  81   3  62   4  74   5  82   6  50   7  82   8  50   9  87  10  73  11  91  12  60  13  54  14  53  15  61  16  54  17  65  18  88  19  69 
  0  58   1  77   2  82   3  57   4  75   5  81   6  48   7  78   8  48   9  89  10  73  11  89  12  59  13  52  14  49  15  62  16  53  17  60  18  84  19  70 
  0  57   1  73   2  79   3  55   4  69   5  79   6  48   7  80   8  48   9  84  10  73  11  87  12  59  13  52  14  45  15  59  16  52  17  60  18  81  19  68 
  0  63   1  82   2  83   3  63   4  79   5  87   6  52   7  82   8  51   9  92  10  75  11  91  12  61  13  56  14  53  15  64  16  54  17  66  18  89  19  70 
  0  54   1  72   2  79   3  55   4  69   5  80   6  50   7  78   8  47   9  84  10  73  11  87  12  59  13  52  14  45  15  59  16  51  17  60  18  81  19  68 
  0  55   1  73   2  82   3  55   4  70   5  79   6  48   7  79   8  48   9  85  10  73  11  88  12  57  13  52  14  47  15  62  16  51  17  60  18  81  19  68 
  0  61   1  77   2  82   3  59   4  75   5  83   6  50   7  82   8  52   9  92  10  75  11  91  12  60  13  54  14  53  15  62  16  52  17  63  18  86  19  70 
  0  63   1  80   2  82   3  62   4  78   5  87   6  52   7  82   8  51   9  91  10  74  11  91  12  59  13  58  14  55  15  65  16  55  17  66  18  91  19  70 
  0  61   1  81   2  84   3  61   4  78   5  84   6  52   7  80   8  52   9  91  10  75  11  89  12  61  13  56  14  50  15  65  16  52  17  64  18  90  19  68 
  0  57   1  77   2  79   3  55   4  71   5  79   6  49   7  78   8  48   9  88  10  74  11  89  12  58  13  52  14  49  15  62  16  51  17  63  18  85  19  69 
  0  59   1  76   2  82   3  58   4  74   5  81   6  49   7  82   8  50   9  86  10  71  11  87  12  60  13  57  14  52  15  62  16  55  17  62  18  88  19  70 
  0  56   1  72   2  82   3  58   4  70   5  83   6  49   7  78   8  49   9  84  10  71  11  87  12  57  13  55  14  47  15  60  16  51  17  60  18  83  19  68 
  0  62   1  82   2  84   3  61   4  77   5  87   6  52   7  82   8  53   9  92  10  75  11  89  12  61  13  58  14  54  15  65  16  55  17  64  18  89  19  70 
  0  57   1  77   2  80   3  57   4  74   5  80   6  50   7  78   8  51   9  89  10  72  11  90  12  57  13  52  14  49  15  61  16  51  17  62  18  86  19  68 
  0  64   1  80   2  85   3  63   4  79   5  85   6  50   7  81   8  51   9  92  10  73  11  91  12  61  13  58  14  55  15  64  16  55  17  64  18  91  19  69 
  0  58   1  73   2  80   3  57   4  71   5  82   6  49   7  80   8  51   9  86  10  73  11  90  12  57  13  54  14  48  15  62  16  53  17  60  18  85  19  68 
  0  55   1  72   2  81   3  57   4  71   5  81   6  48   7  79   8  47   9  84  10  74  11  88  12  57  13  52  14  48  15  59  16  51  17  63  18  83  19  68 
  0  57   1  76   2  84   3  57   4  73   5  81   6  52   7  81   8  48   9  86  10  72  11  88  12  59  13  55  14  50  15  60  16  51  17  63  18  86  19  70 
  0  64   1  81   2  85   3  61   4  76   5  87   6  52   7  82   8  53   9  90  10  75  11  89  12  60  13  58  14  55  15  65  16  55  17  66  18  91  19  70 


