
 20  20

  0  87   1  61   2  59   3  41   4  49   5  76   6  67   7  81   8  79   9  71  10  74  11  62  12  77  13  74  14  58  15  52  16  76  17  50  18  54  19  78 
  0  80   1  58   2  51   3  35   4  43   5  74   6  59   7  74   8  78   9  67  10  70  11  53  12  74  13  72  14  59  15  49  16  73  17  50  18  52  19  74 
  0  82   1  59   2  54   3  37   4  48   5  73   6  61   7  77   8  79   9  70  10  70  11  60  12  76  13  74  14  59  15  51  16  76  17  51  18  54  19  76 
  0  83   1  60   2  56   3  36   4  46   5  72   6  63   7  76   8  79   9  71  10  71  11  55  12  78  13  74  14  60  15  50  16  74  17  52  18  54  19  76 
  0  87   1  61   2  56   3  38   4  46   5  75   6  67   7  80   8  79   9  71  10  73  11  61  12  76  13  72  14  60  15  52  16  76  17  51  18  54  19  78 
  0  87   1  60   2  56   3  41   4  48   5  76   6  64   7  79   8  79   9  69  10  74  11  60  12  75  13  74  14  58  15  52  16  76  17  50  18  52  19  78 
  0  78   1  57   2  52   3  34   4  46   5  72   6  60   7  75   8  78   9  69  10  68  11  56  12  77  13  74  14  60  15  46  16  70  17  50  18  53  19  77 
  0  81   1  57   2  58   3  38   4  48   5  76   6  65   7  78   8  79   9  71  10  70  11  59  12  77  13  74  14  58  15  48  16  75  17  50  18  52  19  76 
  0  80   1  55   2  52   3  35   4  44   5  72   6  58   7  77   8  77   9  67  10  68  11  55  12  77  13  73  14  59  15  49  16  72  17  50  18  52  19  75 
  0  78   1  56   2  54   3  34   4  43   5  72   6  59   7  73   8  77   9  68  10  70  11  52  12  74  13  72  14  60  15  46  16  70  17  52  18  52  19  74 
  0  86   1  60   2  59   3  39   4  46   5  73   6  63   7  81   8  77   9  71  10  73  11  60  12  78  13  73  14  60  15  52  16  73  17  52  18  54  19  78 
  0  87   1  60   2  59   3  41   4  48   5  76   6  64   7  78   8  78   9  71  10  74  11  62  12  78  13  74  14  60  15  50  16  74  17  52  18  54  19  77 
  0  77   1  55   2  51   3  35   4  43   5  72   6  57   7  73   8  79   9  67  10  68  11  52  12  74  13  72  14  58  15  48  16  72  17  51  18  52  19  75 
  0  82   1  58   2  59   3  38   4  45   5  76   6  62   7  80   8  77   9  69  10  72  11  60  12  77  13  74  14  58  15  50  16  75  17  52  18  52  19  78 
  0  86   1  59   2  56   3  37   4  48   5  75   6  63   7  77   8  78   9  71  10  73  11  60  12  75  13  72  14  60  15  48  16  76  17  51  18  53  19  78 
  0  84   1  60   2  59   3  41   4  49   5  76   6  66   7  79   8  79   9  71  10  74  11  61  12  78  13  73  14  60  15  52  16  76  17  51  18  54  19  76 
  0  79   1  55   2  54   3  34   4  46   5  73   6  60   7  75   8  79   9  71  10  72  11  56  12  78  13  72  14  59  15  46  16  72  17  52  18  54  19  78 
  0  80   1  57   2  56   3  38   4  45   5  76   6  62   7  78   8  79   9  71  10  70  11  58  12  74  13  73  14  58  15  48  16  75  17  50  18  52  19  78 
  0  78   1  56   2  53   3  33   4  43   5  73   6  57   7  73   8  77   9  69  10  69  11  55  12  74  13  73  14  58  15  47  16  73  17  51  18  52  19  77 
  0  85   1  61   2  56   3  40   4  48   5  72   6  63   7  80   8  79   9  69  10  71  11  58  12  75  13  74  14  60  15  50  16  74  17  50  18  52  19  76 


