
 20  20

  0  18   1  30   2  26   3  29   4  46   5  14   6  33   7  31   8  16   9  43  10  52  11  14  12  34  13  21  14  55  15  37  16  15  17  53  18  25  19  31 
  0  11   1  21   2  25   3  27   4  42   5  12   6  33   7  27   8   9   9  40  10  50  11  13  12  29  13  22  14  52  15  36  16  15  17  52  18  19  19  33 
  0  11   1  22   2  25   3  26   4  38   5   9   6  31   7  28   8   7   9  40  10  51  11  13  12  30  13  18  14  49  15  33  16  13  17  52  18  18  19  32 
  0  20   1  30   2  24   3  29   4  47   5  14   6  35   7  31   8  16   9  47  10  50  11  14  12  34  13  23  14  55  15  40  16  15  17  53  18  28  19  33 
  0  17   1  24   2  26   3  26   4  42   5  12   6  36   7  29   8  13   9  45  10  52  11  14  12  30  13  22  14  51  15  36  16  15  17  52  18  22  19  31 
  0  11   1  23   2  22   3  25   4  41   5   9   6  30   7  28   8   7   9  39  10  48  11  14  12  28  13  21  14  49  15  33  16  14  17  52  18  21  19  32 
  0  10   1  22   2  24   3  27   4  38   5  10   6  32   7  27   8   6   9  39  10  48  11  13  12  28  13  20  14  47  15  34  16  15  17  54  18  20  19  33 
  0  14   1  22   2  22   3  25   4  41   5   9   6  31   7  27   8  11   9  40  10  51  11  14  12  30  13  18  14  50  15  36  16  13  17  52  18  21  19  33 
  0  15   1  29   2  23   3  28   4  44   5  11   6  35   7  31   8  12   9  45  10  52  11  12  12  30  13  24  14  51  15  37  16  15  17  52  18  23  19  33 
  0  17   1  29   2  24   3  27   4  43   5  13   6  33   7  30   8  15   9  46  10  51  11  13  12  34  13  24  14  51  15  37  16  13  17  52  18  23  19  33 
  0  16   1  26   2  23   3  29   4  45   5  11   6  32   7  30   8  14   9  46  10  52  11  12  12  34  13  24  14  50  15  37  16  14  17  53  18  26  19  33 
  0  14   1  21   2  22   3  25   4  42   5  11   6  30   7  27   8  11   9  42  10  50  11  14  12  30  13  19  14  50  15  35  16  15  17  52  18  20  19  33 
  0  19   1  27   2  25   3  29   4  45   5  12   6  35   7  29   8  13   9  45  10  52  11  14  12  31  13  21  14  51  15  37  16  15  17  54  18  25  19  31 
  0  13   1  21   2  22   3  25   4  40   5  11   6  33   7  26   8  11   9  42  10  49  11  12  12  32  13  20  14  49  15  34  16  14  17  52  18  22  19  32 
  0  14   1  26   2  25   3  28   4  44   5   9   6  34   7  26   8  10   9  43  10  49  11  14  12  29  13  22  14  50  15  34  16  15  17  52  18  22  19  31 
  0  18   1  28   2  24   3  28   4  48   5  15   6  33   7  28   8  12   9  46  10  51  11  14  12  34  13  21  14  53  15  41  16  15  17  54  18  24  19  33 
  0  15   1  24   2  24   3  28   4  41   5  12   6  32   7  26   8   8   9  43  10  51  11  14  12  30  13  22  14  52  15  36  16  15  17  53  18  20  19  32 
  0  17   1  28   2  25   3  27   4  44   5  14   6  36   7  27   8  10   9  46  10  50  11  14  12  34  13  20  14  52  15  36  16  15  17  53  18  26  19  32 
  0  16   1  29   2  23   3  28   4  45   5  12   6  35   7  30   8  13   9  43  10  50  11  14  12  34  13  22  14  52  15  37  16  13  17  54  18  26  19  31 
  0  15   1  26   2  24   3  29   4  44   5  13   6  34   7  31   8  13   9  45  10  50  11  13  12  32  13  22  14  50  15  38  16  13  17  54  18  23  19  33 


