
 20  20

  0  54   1  25   2  37   3  24   4  60   5  44   6  58   7  32   8  40   9  60  10  56  11  51  12  24  13  43  14  25  15  23  16  21  17  18  18  41  19  38 
  0  54   1  27   2  37   3  27   4  64   5  46   6  58   7  30   8  42   9  58  10  56  11  54  12  23  13  44  14  23  15  24  16  24  17  18  18  42  19  39 
  0  58   1  32   2  37   3  29   4  68   5  47   6  62   7  36   8  48   9  63  10  62  11  58  12  26  13  49  14  28  15  29  16  25  17  22  18  47  19  39 
  0  56   1  30   2  35   3  29   4  65   5  47   6  58   7  33   8  44   9  61  10  62  11  56  12  25  13  47  14  28  15  27  16  26  17  21  18  46  19  37 
  0  50   1  26   2  35   3  23   4  62   5  44   6  55   7  29   8  43   9  59  10  55  11  51  12  25  13  43  14  23  15  25  16  20  17  16  18  43  19  37 
  0  60   1  30   2  39   3  29   4  68   5  47   6  62   7  35   8  50   9  63  10  63  11  57  12  26  13  49  14  28  15  28  16  25  17  23  18  47  19  38 
  0  56   1  28   2  39   3  27   4  64   5  46   6  61   7  31   8  49   9  60  10  60  11  57  12  26  13  48  14  29  15  25  16  26  17  19  18  43  19  39 
  0  60   1  29   2  38   3  28   4  68   5  47   6  63   7  36   8  50   9  65  10  62  11  59  12  26  13  49  14  27  15  29  16  26  17  23  18  47  19  39 
  0  60   1  32   2  37   3  27   4  66   5  45   6  62   7  34   8  50   9  63  10  64  11  58  12  26  13  49  14  29  15  27  16  26  17  21  18  45  19  39 
  0  57   1  32   2  37   3  25   4  67   5  45   6  62   7  35   8  48   9  65  10  60  11  54  12  25  13  46  14  27  15  28  16  25  17  23  18  44  19  37 
  0  54   1  27   2  38   3  27   4  62   5  46   6  61   7  33   8  44   9  64  10  59  11  54  12  23  13  46  14  28  15  26  16  25  17  22  18  46  19  37 
  0  58   1  30   2  37   3  28   4  63   5  47   6  59   7  31   8  48   9  61  10  62  11  57  12  24  13  48  14  29  15  29  16  26  17  22  18  45  19  38 
  0  57   1  28   2  38   3  24   4  61   5  46   6  57   7  30   8  47   9  63  10  57  11  55  12  22  13  45  14  27  15  24  16  23  17  18  18  42  19  37 
  0  55   1  28   2  37   3  29   4  67   5  47   6  61   7  33   8  46   9  60  10  62  11  54  12  25  13  46  14  25  15  27  16  22  17  22  18  45  19  39 
  0  53   1  25   2  36   3  27   4  63   5  46   6  58   7  32   8  44   9  59  10  56  11  55  12  23  13  46  14  27  15  26  16  23  17  16  18  44  19  38 
  0  54   1  29   2  38   3  27   4  63   5  46   6  61   7  32   8  46   9  60  10  60  11  54  12  25  13  45  14  28  15  27  16  25  17  19  18  43  19  38 
  0  50   1  24   2  37   3  26   4  62   5  46   6  56   7  31   8  41   9  60  10  55  11  53  12  22  13  46  14  26  15  25  16  23  17  18  18  43  19  39 
  0  53   1  26   2  35   3  24   4  61   5  43   6  58   7  33   8  44   9  59  10  58  11  52  12  25  13  45  14  24  15  25  16  24  17  19  18  45  19  37 
  0  51   1  24   2  37   3  25   4  60   5  43   6  58   7  29   8  42   9  58  10  57  11  50  12  23  13  43  14  24  15  25  16  21  17  17  18  42  19  37 
  0  52   1  26   2  35   3  26   4  59   5  43   6  56   7  29   8  43   9  58  10  56  11  49  12  23  13  46  14  25  15  25  16  20  17  15  18  44  19  39 


