
 20  20

  0  31   1  38   2  44   3  22   4  25   5  10   6  27   7  46   8  41   9  20  10  38  11  23  12  38  13  31  14  53  15  34  16  30  17  18  18  55  19  34 
  0  40   1  40   2  51   3  28   4  29   5  16   6  31   7  50   8  45   9  25  10  36  11  29  12  47  13  32  14  59  15  38  16  34  17  24  18  58  19  38 
  0  30   1  37   2  45   3  21   4  23   5   8   6  25   7  46   8  41   9  20  10  37  11  25  12  39  13  31  14  53  15  34  16  30  17  18  18  55  19  35 
  0  37   1  43   2  50   3  29   4  28   5  14   6  29   7  49   8  44   9  26  10  38  11  28  12  43  13  31  14  60  15  38  16  34  17  21  18  60  19  37 
  0  33   1  40   2  45   3  21   4  23   5  10   6  28   7  46   8  43   9  21  10  37  11  23  12  39  13  31  14  54  15  34  16  30  17  17  18  55  19  34 
  0  34   1  43   2  47   3  29   4  28   5  15   6  31   7  50   8  44   9  24  10  36  11  27  12  41  13  31  14  56  15  38  16  33  17  22  18  60  19  38 
  0  34   1  38   2  49   3  25   4  27   5  12   6  30   7  47   8  45   9  25  10  37  11  27  12  44  13  32  14  57  15  35  16  34  17  22  18  60  19  38 
  0  35   1  40   2  51   3  28   4  27   5  16   6  32   7  48   8  46   9  27  10  38  11  29  12  42  13  33  14  59  15  38  16  34  17  22  18  61  19  37 
  0  35   1  41   2  48   3  26   4  26   5  15   6  30   7  50   8  45   9  26  10  37  11  26  12  40  13  33  14  57  15  35  16  33  17  21  18  58  19  36 
  0  31   1  38   2  46   3  22   4  26   5   8   6  27   7  47   8  43   9  22  10  36  11  24  12  37  13  32  14  56  15  34  16  31  17  17  18  55  19  34 
  0  35   1  41   2  48   3  29   4  31   5  14   6  33   7  50   8  44   9  27  10  38  11  29  12  42  13  31  14  57  15  37  16  34  17  21  18  58  19  37 
  0  30   1  38   2  44   3  21   4  23   5   9   6  25   7  47   8  42   9  22  10  36  11  23  12  37  13  31  14  55  15  34  16  30  17  17  18  56  19  35 
  0  37   1  42   2  50   3  25   4  26   5  16   6  29   7  48   8  44   9  23  10  38  11  28  12  44  13  33  14  58  15  34  16  33  17  20  18  60  19  38 
  0  37   1  39   2  50   3  25   4  29   5  12   6  27   7  49   8  42   9  22  10  38  11  27  12  42  13  33  14  58  15  34  16  33  17  19  18  59  19  34 
  0  32   1  39   2  45   3  27   4  28   5  10   6  30   7  47   8  43   9  21  10  38  11  27  12  41  13  33  14  56  15  36  16  32  17  22  18  56  19  34 
  0  33   1  41   2  48   3  25   4  25   5  13   6  26   7  46   8  45   9  24  10  36  11  27  12  39  13  31  14  58  15  34  16  30  17  21  18  59  19  36 
  0  33   1  38   2  49   3  24   4  24   5  12   6  30   7  50   8  43   9  21  10  38  11  27  12  41  13  31  14  58  15  35  16  33  17  21  18  58  19  35 
  0  33   1  42   2  50   3  25   4  28   5  15   6  28   7  46   8  43   9  25  10  38  11  25  12  43  13  31  14  58  15  37  16  31  17  23  18  59  19  37 
  0  36   1  39   2  50   3  25   4  29   5  12   6  27   7  46   8  44   9  24  10  38  11  28  12  44  13  31  14  55  15  35  16  34  17  21  18  57  19  35 
  0  33   1  38   2  47   3  23   4  24   5  12   6  27   7  46   8  43   9  24  10  36  11  27  12  39  13  32  14  57  15  34  16  32  17  19  18  59  19  35 


