
 20  20

  0  42   1  58   2  79   3  40   4  41   5  33   6  51   7  52   8  41   9  38  10  69  11  40  12  32  13  62  14  51  15  56  16  47  17  48  18  68  19  49 
  0  40   1  57   2  74   3  39   4  36   5  32   6  51   7  48   8  40   9  35  10  68  11  39  12  31  13  59  14  49  15  56  16  44  17  47  18  71  19  48 
  0  42   1  61   2  75   3  40   4  41   5  36   6  52   7  50   8  40   9  35  10  68  11  39  12  34  13  63  14  51  15  58  16  44  17  46  18  70  19  47 
  0  34   1  56   2  73   3  38   4  35   5  32   6  47   7  48   8  36   9  34  10  66  11  35  12  26  13  61  14  44  15  51  16  43  17  42  18  66  19  49 
  0  39   1  59   2  75   3  38   4  40   5  35   6  50   7  51   8  41   9  35  10  67  11  39  12  29  13  61  14  48  15  57  16  47  17  46  18  71  19  49 
  0  39   1  56   2  73   3  40   4  35   5  32   6  51   7  48   8  38   9  34  10  66  11  36  12  31  13  62  14  47  15  55  16  44  17  42  18  65  19  46 
  0  35   1  55   2  72   3  40   4  37   5  34   6  52   7  49   8  35   9  37  10  66  11  38  12  30  13  60  14  48  15  53  16  44  17  43  18  65  19  47 
  0  37   1  55   2  76   3  38   4  36   5  30   6  51   7  50   8  39   9  35  10  67  11  37  12  27  13  60  14  48  15  56  16  43  17  43  18  65  19  47 
  0  38   1  58   2  78   3  38   4  38   5  35   6  53   7  49   8  41   9  38  10  69  11  39  12  32  13  60  14  51  15  58  16  47  17  44  18  69  19  50 
  0  41   1  57   2  78   3  39   4  39   5  32   6  52   7  48   8  37   9  37  10  66  11  39  12  33  13  62  14  50  15  58  16  43  17  45  18  69  19  46 
  0  35   1  58   2  72   3  38   4  39   5  31   6  48   7  49   8  39   9  36  10  69  11  36  12  26  13  60  14  48  15  53  16  44  17  44  18  66  19  49 
  0  35   1  57   2  74   3  40   4  38   5  31   6  46   7  48   8  38   9  34  10  66  11  35  12  29  13  60  14  46  15  53  16  45  17  41  18  63  19  46 
  0  39   1  57   2  76   3  38   4  38   5  32   6  52   7  49   8  40   9  37  10  67  11  38  12  32  13  62  14  51  15  58  16  47  17  46  18  67  19  50 
  0  38   1  59   2  76   3  40   4  39   5  34   6  50   7  50   8  36   9  38  10  67  11  36  12  32  13  60  14  50  15  53  16  44  17  46  18  71  19  50 
  0  37   1  55   2  73   3  39   4  35   5  33   6  48   7  51   8  35   9  37  10  69  11  34  12  27  13  59  14  44  15  52  16  44  17  40  18  65  19  49 
  0  34   1  56   2  71   3  38   4  37   5  30   6  47   7  48   8  35   9  34  10  68  11  34  12  27  13  59  14  44  15  53  16  45  17  40  18  63  19  46 
  0  35   1  54   2  73   3  38   4  35   5  30   6  47   7  48   8  36   9  34  10  67  11  36  12  26  13  58  14  44  15  51  16  43  17  41  18  63  19  46 
  0  41   1  57   2  76   3  38   4  37   5  33   6  53   7  49   8  39   9  37  10  67  11  37  12  30  13  62  14  50  15  54  16  44  17  46  18  68  19  48 
  0  39   1  59   2  77   3  38   4  36   5  35   6  49   7  50   8  40   9  34  10  69  11  39  12  31  13  60  14  49  15  56  16  43  17  43  18  68  19  50 
  0  43   1  62   2  77   3  39   4  41   5  34   6  55   7  50   8  38   9  38  10  70  11  37  12  35  13  63  14  51  15  59  16  45  17  48  18  71  19  50 


