
 20  20

  0  58   1  74   2  73   3  53   4  52   5  55   6  91   7  46   8  72   9  55  10  87  11  95  12  56  13  50  14  67  15  72  16  54  17  60  18  72  19  90 
  0  60   1  74   2  71   3  55   4  49   5  52   6  93   7  46   8  74   9  54  10  85  11  93  12  60  13  51  14  64  15  72  16  52  17  59  18  73  19  94 
  0  59   1  71   2  70   3  53   4  48   5  52   6  94   7  44   8  73   9  57  10  87  11  93  12  58  13  49  14  64  15  73  16  53  17  60  18  72  19  91 
  0  55   1  71   2  72   3  53   4  49   5  52   6  92   7  45   8  69   9  57  10  85  11  93  12  55  13  50  14  63  15  72  16  54  17  58  18  72  19  92 
  0  55   1  73   2  68   3  50   4  48   5  52   6  93   7  42   8  69   9  54  10  85  11  95  12  57  13  48  14  62  15  72  16  54  17  58  18  73  19  91 
  0  59   1  72   2  74   3  52   4  51   5  56   6  91   7  44   8  73   9  56  10  85  11  95  12  57  13  49  14  68  15  72  16  55  17  58  18  76  19  93 
  0  62   1  72   2  72   3  55   4  53   5  54   6  91   7  44   8  76   9  58  10  86  11  95  12  60  13  50  14  68  15  73  16  53  17  60  18  76  19  95 
  0  63   1  72   2  74   3  58   4  52   5  56   6  92   7  48   8  76   9  57  10  85  11  95  12  60  13  51  14  66  15  73  16  54  17  59  18  75  19  97 
  0  64   1  75   2  78   3  58   4  52   5  56   6  94   7  50   8  79   9  58  10  86  11  93  12  65  13  54  14  71  15  72  16  55  17  60  18  78  19  99 
  0  59   1  72   2  74   3  54   4  50   5  57   6  94   7  44   8  72   9  56  10  87  11  94  12  61  13  52  14  68  15  73  16  55  17  60  18  77  19  92 
  0  56   1  71   2  72   3  55   4  51   5  53   6  92   7  43   8  70   9  55  10  86  11  95  12  57  13  48  14  67  15  74  16  52  17  60  18  72  19  93 
  0  61   1  71   2  71   3  55   4  50   5  56   6  93   7  47   8  73   9  57  10  87  11  95  12  60  13  51  14  67  15  72  16  56  17  60  18  76  19  92 
  0  61   1  74   2  72   3  53   4  48   5  54   6  91   7  45   8  74   9  54  10  87  11  95  12  59  13  51  14  64  15  73  16  52  17  60  18  76  19  95 
  0  60   1  74   2  69   3  52   4  50   5  53   6  91   7  47   8  72   9  56  10  85  11  93  12  58  13  50  14  66  15  74  16  54  17  59  18  77  19  90 
  0  62   1  73   2  74   3  58   4  54   5  56   6  95   7  46   8  74   9  58  10  87  11  95  12  61  13  53  14  71  15  72  16  54  17  60  18  76  19  96 
  0  58   1  74   2  71   3  54   4  50   5  52   6  92   7  43   8  74   9  57  10  87  11  94  12  57  13  50  14  67  15  74  16  53  17  60  18  76  19  92 
  0  63   1  71   2  72   3  58   4  52   5  54   6  94   7  47   8  77   9  56  10  85  11  93  12  60  13  53  14  70  15  74  16  55  17  59  18  77  19  93 
  0  65   1  72   2  78   3  57   4  52   5  55   6  94   7  47   8  76   9  56  10  86  11  95  12  64  13  53  14  71  15  74  16  56  17  58  18  78  19  95 
  0  60   1  71   2  72   3  51   4  51   5  54   6  91   7  45   8  72   9  57  10  85  11  93  12  59  13  49  14  65  15  74  16  55  17  60  18  72  19  92 
  0  55   1  72   2  68   3  52   4  49   5  52   6  91   7  42   8  72   9  54  10  86  11  93  12  55  13  48  14  64  15  73  16  52  17  59  18  73  19  90 


