
 20  20

  0  48   1  30   2  18   3  55   4  32   5  29   6  33   7  29   8  51   9  59  10  53  11  56  12  53  13  41  14  51  15  58  16  46  17  33  18  34  19  32 
  0  48   1  27   2  18   3  54   4  32   5  29   6  35   7  29   8  51   9  58  10  50  11  57  12  51  13  41  14  53  15  58  16  46  17  33  18  35  19  32 
  0  40   1  20   2  11   3  48   4  28   5  27   6  28   7  23   8  45   9  55  10  45  11  56  12  43  13  39  14  52  15  52  16  36  17  32  18  29  19  23 
  0  39   1  21   2  12   3  48   4  28   5  29   6  28   7  26   8  46   9  53  10  45  11  54  12  45  13  40  14  52  15  52  16  38  17  31  18  30  19  24 
  0  49   1  30   2  20   3  54   4  32   5  28   6  35   7  28   8  52   9  56  10  51  11  57  12  52  13  40  14  51  15  57  16  44  17  32  18  35  19  29 
  0  45   1  28   2  17   3  54   4  32   5  28   6  34   7  29   8  51   9  56  10  49  11  57  12  52  13  39  14  51  15  55  16  44  17  32  18  32  19  31 
  0  47   1  28   2  21   3  56   4  30   5  29   6  35   7  29   8  53   9  59  10  52  11  58  12  53  13  41  14  53  15  59  16  44  17  33  18  33  19  30 
  0  45   1  22   2  16   3  50   4  30   5  28   6  28   7  27   8  49   9  57  10  45  11  54  12  49  13  37  14  52  15  56  16  40  17  31  18  29  19  25 
  0  47   1  28   2  21   3  53   4  30   5  29   6  35   7  29   8  51   9  59  10  53  11  58  12  53  13  41  14  52  15  57  16  44  17  33  18  32  19  31 
  0  49   1  30   2  21   3  54   4  30   5  29   6  34   7  27   8  51   9  59  10  52  11  57  12  53  13  41  14  53  15  58  16  46  17  33  18  35  19  30 
  0  49   1  28   2  20   3  52   4  31   5  29   6  35   7  28   8  50   9  59  10  50  11  55  12  50  13  38  14  51  15  56  16  42  17  33  18  35  19  31 
  0  43   1  25   2  14   3  50   4  30   5  28   6  31   7  25   8  47   9  54  10  48  11  55  12  48  13  40  14  51  15  56  16  43  17  31  18  31  19  29 
  0  42   1  23   2  17   3  51   4  28   5  28   6  31   7  24   8  49   9  56  10  47  11  56  12  50  13  41  14  53  15  56  16  40  17  32  18  34  19  28 
  0  46   1  29   2  19   3  55   4  32   5  29   6  32   7  26   8  51   9  59  10  52  11  58  12  53  13  41  14  53  15  59  16  45  17  32  18  32  19  29 
  0  40   1  22   2  15   3  48   4  31   5  29   6  27   7  25   8  48   9  53  10  43  11  55  12  43  13  40  14  51  15  54  16  37  17  31  18  29  19  25 
  0  49   1  30   2  18   3  53   4  32   5  28   6  35   7  28   8  50   9  57  10  52  11  56  12  52  13  40  14  52  15  58  16  45  17  32  18  35  19  32 
  0  47   1  29   2  21   3  56   4  31   5  28   6  31   7  29   8  50   9  57  10  53  11  55  12  49  13  39  14  52  15  59  16  42  17  31  18  34  19  28 
  0  46   1  25   2  16   3  53   4  29   5  29   6  34   7  25   8  52   9  54  10  49  11  56  12  48  13  38  14  53  15  57  16  42  17  33  18  31  19  30 
  0  46   1  24   2  15   3  51   4  28   5  29   6  32   7  25   8  47   9  58  10  46  11  56  12  50  13  39  14  51  15  54  16  43  17  33  18  30  19  29 
  0  39   1  21   2  12   3  49   4  28   5  27   6  27   7  25   8  49   9  56  10  47  11  54  12  43  13  37  14  52  15  54  16  39  17  31  18  29  19  23 


