
 20  20

  0  27   1  39   2  29   3  22   4  35   5  53   6  39   7  24   8  36   9  53  10  39  11  46  12  38  13  43  14  19  15  32  16  61  17  29  18  43  19  64 
  0  28   1  43   2  29   3  24   4  34   5  56   6  42   7  24   8  35   9  55  10  40  11  46  12  40  13  46  14  19  15  32  16  61  17  27  18  44  19  62 
  0  34   1  43   2  34   3  26   4  38   5  58   6  43   7  29   8  35   9  63  10  42  11  49  12  39  13  48  14  19  15  31  16  63  17  29  18  49  19  65 
  0  27   1  39   2  27   3  24   4  33   5  51   6  39   7  24   8  35   9  56  10  39  11  43  12  36  13  42  14  19  15  30  16  59  17  27  18  40  19  64 
  0  27   1  40   2  28   3  22   4  35   5  53   6  41   7  26   8  37   9  59  10  43  11  44  12  39  13  46  14  19  15  32  16  60  17  29  18  45  19  65 
  0  25   1  39   2  26   3  22   4  34   5  53   6  38   7  21   8  35   9  53  10  41  11  44  12  36  13  42  14  21  15  31  16  60  17  27  18  41  19  61 
  0  27   1  41   2  26   3  22   4  36   5  54   6  41   7  23   8  35   9  57  10  39  11  46  12  36  13  46  14  21  15  32  16  61  17  28  18  42  19  62 
  0  35   1  42   2  34   3  28   4  40   5  59   6  43   7  31   8  37   9  61  10  43  11  49  12  40  13  48  14  19  15  32  16  63  17  29  18  47  19  65 
  0  28   1  41   2  29   3  24   4  32   5  51   6  38   7  23   8  37   9  56  10  39  11  44  12  37  13  42  14  19  15  30  16  59  17  27  18  41  19  61 
  0  34   1  40   2  32   3  25   4  38   5  58   6  45   7  28   8  37   9  61  10  41  11  50  12  38  13  46  14  19  15  30  16  64  17  29  18  44  19  67 
  0  26   1  39   2  29   3  25   4  32   5  51   6  41   7  21   8  35   9  56  10  39  11  46  12  39  13  44  14  21  15  30  16  59  17  29  18  39  19  61 
  0  34   1  42   2  30   3  25   4  36   5  57   6  44   7  29   8  35   9  62  10  43  11  50  12  38  13  48  14  19  15  31  16  62  17  29  18  46  19  67 
  0  35   1  43   2  34   3  28   4  38   5  58   6  44   7  31   8  37   9  63  10  43  11  51  12  38  13  46  14  21  15  30  16  63  17  27  18  47  19  67 
  0  33   1  43   2  33   3  27   4  36   5  56   6  41   7  29   8  35   9  60  10  43  11  47  12  38  13  45  14  19  15  30  16  61  17  29  18  44  19  64 
  0  35   1  43   2  31   3  26   4  38   5  58   6  46   7  30   8  37   9  63  10  43  11  50  12  38  13  46  14  20  15  32  16  65  17  28  18  47  19  67 
  0  28   1  39   2  30   3  22   4  32   5  52   6  42   7  22   8  36   9  55  10  39  11  45  12  38  13  44  14  21  15  30  16  59  17  29  18  41  19  62 
  0  33   1  43   2  33   3  28   4  39   5  58   6  44   7  30   8  36   9  62  10  41  11  49  12  40  13  48  14  21  15  32  16  63  17  29  18  49  19  67 
  0  29   1  39   2  27   3  25   4  36   5  53   6  39   7  25   8  36   9  59  10  43  11  46  12  38  13  46  14  19  15  32  16  62  17  28  18  44  19  65 
  0  28   1  39   2  29   3  23   4  36   5  55   6  38   7  26   8  37   9  54  10  40  11  46  12  38  13  44  14  21  15  30  16  62  17  29  18  41  19  62 
  0  26   1  39   2  27   3  23   4  32   5  51   6  38   7  24   8  35   9  55  10  41  11  42  12  37  13  44  14  19  15  31  16  62  17  27  18  42  19  61 


