
 20  20

  0  35   1  23   2  41   3  52   4  39   5  15   6  41   7  49   8  42   9  39  10  51  11  25  12  43  13  48  14  63  15  51  16  22  17  38  18  14  19  50 
  0  40   1  28   2  43   3  52   4  39   5  17   6  42   7  52   8  40   9  39  10  52  11  28  12  43  13  51  14  65  15  51  16  21  17  36  18  16  19  52 
  0  42   1  29   2  50   3  52   4  41   5  25   6  49   7  57   8  41   9  40  10  53  11  28  12  46  13  53  14  66  15  51  16  20  17  42  18  22  19  60 
  0  40   1  26   2  45   3  52   4  39   5  17   6  45   7  52   8  42   9  41  10  51  11  26  12  43  13  52  14  63  15  52  16  21  17  38  18  18  19  53 
  0  35   1  22   2  41   3  50   4  37   5  18   6  40   7  50   8  40   9  39  10  53  11  24  12  42  13  46  14  63  15  48  16  21  17  39  18  16  19  53 
  0  35   1  25   2  41   3  52   4  37   5  17   6  40   7  52   8  41   9  37  10  53  11  24  12  42  13  46  14  64  15  48  16  20  17  36  18  14  19  52 
  0  42   1  32   2  48   3  54   4  41   5  25   6  48   7  58   8  42   9  43  10  53  11  29  12  46  13  52  14  68  15  51  16  22  17  42  18  21  19  58 
  0  41   1  26   2  48   3  53   4  38   5  19   6  44   7  56   8  42   9  40  10  53  11  26  12  44  13  53  14  64  15  54  16  22  17  38  18  19  19  54 
  0  40   1  26   2  45   3  51   4  37   5  22   6  43   7  54   8  41   9  41  10  51  11  29  12  42  13  49  14  63  15  49  16  22  17  39  18  16  19  53 
  0  40   1  26   2  47   3  54   4  41   5  20   6  44   7  56   8  40   9  41  10  51  11  27  12  46  13  50  14  66  15  51  16  22  17  38  18  17  19  55 
  0  37   1  23   2  43   3  50   4  39   5  19   6  43   7  50   8  40   9  40  10  53  11  23  12  42  13  50  14  66  15  51  16  22  17  39  18  17  19  52 
  0  38   1  23   2  41   3  53   4  37   5  17   6  41   7  49   8  40   9  40  10  51  11  26  12  42  13  48  14  62  15  48  16  20  17  37  18  18  19  53 
  0  43   1  30   2  51   3  51   4  38   5  25   6  47   7  59   8  42   9  41  10  53  11  28  12  45  13  53  14  65  15  53  16  22  17  41  18  20  19  60 
  0  35   1  22   2  41   3  52   4  39   5  15   6  39   7  49   8  41   9  37  10  53  11  23  12  43  13  46  14  62  15  50  16  20  17  36  18  14  19  50 
  0  40   1  30   2  50   3  53   4  38   5  21   6  48   7  58   8  40   9  39  10  53  11  27  12  46  13  53  14  64  15  51  16  21  17  42  18  20  19  56 
  0  45   1  28   2  48   3  54   4  39   5  24   6  48   7  56   8  42   9  43  10  53  11  31  12  46  13  56  14  67  15  51  16  22  17  41  18  19  19  59 
  0  39   1  25   2  42   3  51   4  39   5  16   6  41   7  52   8  40   9  40  10  51  11  25  12  42  13  50  14  64  15  48  16  21  17  36  18  16  19  54 
  0  42   1  27   2  46   3  54   4  37   5  18   6  44   7  55   8  40   9  39  10  52  11  29  12  42  13  49  14  64  15  52  16  20  17  39  18  17  19  54 
  0  37   1  22   2  41   3  50   4  37   5  17   6  42   7  49   8  40   9  38  10  53  11  24  12  44  13  50  14  64  15  51  16  21  17  36  18  14  19  54 
  0  43   1  31   2  50   3  54   4  41   5  25   6  46   7  58   8  42   9  43  10  53  11  30  12  46  13  55  14  68  15  51  16  22  17  42  18  20  19  60 


