
 20  20

  0  65   1  60   2  43   3  48   4  44   5  33   6  54   7  25   8  23   9  59  10  35  11  39  12  31  13  51  14  35  15  58  16  33  17  26  18  56  19  51 
  0  70   1  62   2  46   3  49   4  43   5  31   6  59   7  27   8  26   9  61  10  36  11  40  12  33  13  55  14  35  15  59  16  33  17  28  18  57  19  54 
  0  67   1  62   2  44   3  50   4  43   5  32   6  58   7  24   8  26   9  61  10  37  11  39  12  33  13  53  14  37  15  58  16  31  17  28  18  57  19  52 
  0  63   1  56   2  40   3  46   4  44   5  30   6  50   7  25   8  22   9  60  10  31  11  34  12  26  13  46  14  37  15  53  16  33  17  21  18  55  19  50 
  0  67   1  62   2  46   3  50   4  43   5  31   6  57   7  27   8  26   9  61  10  36  11  40  12  33  13  53  14  36  15  58  16  32  17  27  18  57  19  54 
  0  65   1  56   2  41   3  47   4  42   5  30   6  54   7  24   8  25   9  59  10  35  11  39  12  29  13  51  14  36  15  55  16  33  17  26  18  57  19  54 
  0  66   1  57   2  44   3  47   4  43   5  33   6  55   7  23   8  25   9  60  10  36  11  39  12  32  13  49  14  37  15  57  16  33  17  28  18  57  19  52 
  0  67   1  57   2  42   3  46   4  44   5  32   6  52   7  27   8  24   9  61  10  36  11  39  12  31  13  51  14  37  15  58  16  31  17  26  18  55  19  51 
  0  64   1  60   2  45   3  47   4  43   5  29   6  52   7  24   8  24   9  59  10  33  11  39  12  27  13  50  14  37  15  55  16  31  17  24  18  57  19  54 
  0  65   1  57   2  42   3  47   4  43   5  29   6  52   7  26   8  22   9  61  10  32  11  34  12  26  13  47  14  37  15  55  16  31  17  23  18  55  19  52 
  0  68   1  57   2  45   3  50   4  44   5  32   6  57   7  26   8  25   9  61  10  35  11  39  12  29  13  51  14  37  15  59  16  31  17  28  18  56  19  53 
  0  60   1  54   2  40   3  46   4  42   5  30   6  49   7  24   8  20   9  59  10  33  11  36  12  25  13  45  14  37  15  55  16  31  17  20  18  55  19  51 
  0  66   1  58   2  41   3  46   4  42   5  33   6  56   7  27   8  25   9  59  10  34  11  36  12  29  13  48  14  37  15  56  16  33  17  25  18  56  19  53 
  0  63   1  60   2  43   3  46   4  44   5  29   6  56   7  24   8  22   9  59  10  32  11  37  12  30  13  51  14  36  15  54  16  31  17  25  18  55  19  50 
  0  67   1  59   2  42   3  48   4  44   5  30   6  55   7  23   8  21   9  60  10  35  11  36  12  27  13  51  14  35  15  55  16  32  17  25  18  55  19  50 
  0  67   1  56   2  44   3  46   4  43   5  30   6  56   7  24   8  22   9  61  10  34  11  36  12  31  13  48  14  36  15  58  16  33  17  25  18  55  19  54 
  0  69   1  59   2  44   3  50   4  44   5  33   6  59   7  27   8  24   9  59  10  36  11  40  12  32  13  53  14  37  15  56  16  32  17  30  18  56  19  54 
  0  60   1  57   2  42   3  49   4  42   5  30   6  50   7  25   8  20   9  61  10  32  11  36  12  29  13  47  14  35  15  53  16  31  17  24  18  55  19  53 
  0  60   1  55   2  40   3  46   4  44   5  30   6  50   7  23   8  20   9  59  10  33  11  35  12  25  13  45  14  35  15  53  16  31  17  22  18  55  19  52 
  0  62   1  55   2  41   3  47   4  42   5  29   6  49   7  23   8  20   9  59  10  31  11  34  12  25  13  45  14  35  15  55  16  31  17  20  18  55  19  51 


