
 20  20

  0  41   1  41   2  21   3  27   4  22   5  26   6  20   7  25   8  56   9  45  10  37  11   7  12  49  13  22  14  48  15  45  16   3  17  14  18  25  19  11 
  0  40   1  39   2  18   3  25   4  16   5  24   6  19   7  20   8  51   9  39  10  34  11   5  12  45  13  17  14  44  15  41  16   3  17  15  18  23  19  10 
  0  37   1  39   2  16   3  27   4  17   5  18   6  15   7  18   8  48   9  38  10  33  11   6  12  43  13  17  14  45  15  41  16   3  17  13  18  21  19   8 
  0  42   1  43   2  19   3  26   4  16   5  24   6  20   7  21   8  51   9  40  10  34  11   6  12  46  13  18  14  45  15  41  16   5  17  15  18  22  19  10 
  0  43   1  44   2  22   3  27   4  22   5  24   6  19   7  25   8  57   9  46  10  36  11   7  12  49  13  21  14  45  15  43  16   5  17  14  18  24  19  12 
  0  35   1  40   2  14   3  26   4  14   5  20   6  15   7  21   8  49   9  40  10  33  11   5  12  46  13  17  14  44  15  42  16   3  17  13  18  24  19   9 
  0  40   1  42   2  17   3  28   4  17   5  27   6  21   7  21   8  57   9  45  10  37  11   7  12  47  13  19  14  45  15  45  16   3  17  15  18  24  19   9 
  0  40   1  39   2  19   3  26   4  15   5  21   6  17   7  21   8  53   9  41  10  32  11   7  12  47  13  18  14  44  15  42  16   5  17  13  18  22  19   9 
  0  42   1  44   2  22   3  27   4  20   5  26   6  21   7  24   8  57   9  43  10  35  11   7  12  49  13  21  14  48  15  44  16   5  17  15  18  25  19  12 
  0  44   1  40   2  20   3  28   4  21   5  23   6  19   7  23   8  57   9  44  10  35  11   5  12  48  13  19  14  47  15  46  16   3  17  15  18  25  19   9 
  0  38   1  40   2  16   3  25   4  17   5  20   6  15   7  18   8  49   9  41  10  30  11   6  12  44  13  17  14  44  15  40  16   3  17  12  18  21  19   8 
  0  40   1  42   2  15   3  26   4  18   5  21   6  17   7  23   8  50   9  39  10  34  11   7  12  45  13  19  14  47  15  43  16   5  17  13  18  21  19   6 
  0  38   1  40   2  17   3  25   4  14   5  21   6  17   7  21   8  48   9  40  10  33  11   5  12  43  13  20  14  44  15  40  16   3  17  11  18  21  19   9 
  0  36   1  41   2  18   3  25   4  17   5  19   6  15   7  21   8  53   9  42  10  33  11   5  12  46  13  19  14  44  15  44  16   4  17  11  18  21  19   6 
  0  42   1  43   2  20   3  28   4  22   5  28   6  18   7  26   8  58   9  44  10  38  11   6  12  49  13  21  14  48  15  46  16   4  17  14  18  23  19  11 
  0  37   1  40   2  17   3  25   4  18   5  22   6  17   7  20   8  51   9  39  10  31  11   7  12  47  13  20  14  47  15  42  16   3  17  13  18  22  19  10 
  0  35   1  38   2  14   3  25   4  16   5  18   6  15   7  18   8  48   9  38  10  31  11   5  12  43  13  18  14  44  15  41  16   3  17  11  18  21  19   7 
  0  43   1  42   2  19   3  29   4  20   5  25   6  18   7  23   8  52   9  42  10  36  11   7  12  48  13  21  14  45  15  43  16   5  17  12  18  24  19   8 
  0  41   1  44   2  22   3  27   4  21   5  28   6  21   7  22   8  55   9  46  10  34  11   5  12  47  13  23  14  48  15  45  16   4  17  12  18  23  19   9 
  0  44   1  40   2  19   3  28   4  22   5  27   6  18   7  22   8  57   9  46  10  36  11   6  12  47  13  20  14  47  15  44  16   3  17  15  18  25  19  12 


