
 20  20

  0  24   1  55   2  53   3  67   4  53   5  69   6  24   7  46   8  41   9  29  10  57  11  38  12  54  13  56  14  24  15  33  16  65  17  57  18  53  19  38 
  0  23   1  53   2  53   3  66   4  55   5  65   6  20   7  43   8  41   9  29  10  55  11  35  12  51  13  52  14  23  15  33  16  60  17  57  18  51  19  35 
  0  29   1  57   2  56   3  66   4  55   5  66   6  28   7  50   8  43   9  37  10  56  11  41  12  54  13  53  14  29  15  37  16  66  17  57  18  60  19  39 
  0  27   1  57   2  55   3  66   4  55   5  69   6  24   7  47   8  41   9  33  10  59  11  43  12  55  13  54  14  25  15  40  16  66  17  57  18  58  19  38 
  0  23   1  53   2  55   3  64   4  54   5  66   6  23   7  43   8  43   9  30  10  55  11  38  12  55  13  55  14  23  15  32  16  64  17  57  18  51  19  37 
  0  23   1  50   2  55   3  65   4  53   5  65   6  19   7  43   8  43   9  28  10  55  11  36  12  54  13  52  14  23  15  31  16  63  17  55  18  53  19  36 
  0  30   1  55   2  54   3  65   4  53   5  69   6  24   7  45   8  41   9  34  10  57  11  43  12  54  13  55  14  26  15  39  16  64  17  57  18  56  19  39 
  0  29   1  57   2  54   3  65   4  53   5  66   6  29   7  50   8  43   9  35  10  57  11  44  12  55  13  54  14  29  15  41  16  66  17  57  18  57  19  37 
  0  27   1  56   2  56   3  65   4  53   5  66   6  26   7  47   8  41   9  33  10  58  11  39  12  56  13  54  14  28  15  38  16  63  17  57  18  55  19  37 
  0  28   1  60   2  55   3  66   4  55   5  68   6  29   7  47   8  43   9  35  10  57  11  40  12  54  13  53  14  28  15  39  16  66  17  57  18  60  19  39 
  0  25   1  57   2  54   3  66   4  53   5  67   6  24   7  45   8  41   9  32  10  59  11  38  12  52  13  54  14  24  15  34  16  65  17  57  18  56  19  36 
  0  21   1  51   2  54   3  64   4  53   5  65   6  19   7  40   8  41   9  29  10  55  11  34  12  51  13  53  14  24  15  31  16  61  17  55  18  50  19  36 
  0  28   1  57   2  56   3  67   4  53   5  69   6  27   7  45   8  41   9  31  10  57  11  39  12  56  13  53  14  25  15  36  16  63  17  55  18  57  19  38 
  0  29   1  60   2  57   3  67   4  54   5  69   6  27   7  46   8  41   9  35  10  57  11  44  12  54  13  56  14  29  15  38  16  66  17  56  18  57  19  38 
  0  24   1  53   2  55   3  66   4  53   5  67   6  22   7  43   8  41   9  29  10  57  11  36  12  51  13  53  14  23  15  31  16  60  17  55  18  50  19  35 
  0  23   1  56   2  57   3  67   4  53   5  68   6  25   7  43   8  43   9  29  10  59  11  37  12  54  13  55  14  24  15  35  16  64  17  55  18  53  19  38 
  0  26   1  57   2  57   3  66   4  53   5  68   6  24   7  46   8  42   9  34  10  56  11  38  12  55  13  56  14  27  15  36  16  63  17  57  18  55  19  37 
  0  27   1  56   2  57   3  66   4  53   5  67   6  24   7  48   8  41   9  33  10  56  11  41  12  57  13  56  14  26  15  36  16  62  17  57  18  57  19  38 
  0  26   1  55   2  55   3  68   4  55   5  69   6  24   7  47   8  41   9  34  10  57  11  40  12  53  13  56  14  26  15  36  16  65  17  57  18  55  19  37 
  0  23   1  50   2  53   3  66   4  53   5  65   6  19   7  40   8  41   9  27  10  56  11  34  12  51  13  53  14  23  15  32  16  61  17  55  18  52  19  35 


