
 20  20

  0  55   1  22   2  54   3  21   4  48   5  51   6  42   7  54   8  51   9  25  10  52  11  30  12  23  13  29  14  13  15  28  16  41  17  57  18  59  19  59 
  0  62   1  30   2  57   3  31   4  57   5  53   6  45   7  56   8  53   9  28  10  58  11  33  12  29  13  35  14  15  15  35  16  43  17  63  18  59  19  60 
  0  57   1  22   2  55   3  21   4  50   5  51   6  42   7  55   8  51   9  24  10  52  11  30  12  22  13  29  14  13  15  29  16  41  17  57  18  57  19  60 
  0  56   1  24   2  53   3  25   4  51   5  52   6  45   7  54   8  54   9  27  10  54  11  34  12  23  13  31  14  13  15  31  16  41  17  59  18  58  19  60 
  0  65   1  29   2  57   3  28   4  57   5  55   6  48   7  56   8  55   9  29  10  55  11  36  12  32  13  37  14  15  15  34  16  43  17  63  18  59  19  61 
  0  60   1  28   2  55   3  26   4  52   5  52   6  46   7  54   8  53   9  25  10  56  11  31  12  27  13  36  14  14  15  30  16  45  17  62  18  59  19  60 
  0  61   1  30   2  55   3  30   4  58   5  52   6  48   7  54   8  53   9  29  10  58  11  36  12  30  13  36  14  15  15  34  16  43  17  63  18  59  19  60 
  0  60   1  25   2  55   3  26   4  54   5  55   6  47   7  54   8  55   9  28  10  56  11  35  12  26  13  34  14  15  15  33  16  45  17  59  18  58  19  61 
  0  59   1  27   2  54   3  26   4  50   5  53   6  44   7  55   8  52   9  25  10  53  11  31  12  25  13  32  14  15  15  28  16  41  17  57  18  57  19  59 
  0  55   1  23   2  53   3  22   4  48   5  51   6  43   7  55   8  53   9  26  10  52  11  32  12  23  13  31  14  13  15  28  16  42  17  58  18  58  19  61 
  0  57   1  21   2  55   3  21   4  51   5  53   6  45   7  54   8  53   9  26  10  54  11  30  12  24  13  30  14  15  15  30  16  41  17  57  18  58  19  59 
  0  64   1  31   2  56   3  29   4  58   5  55   6  47   7  55   8  54   9  31  10  57  11  35  12  31  13  37  14  15  15  33  16  44  17  63  18  59  19  61 
  0  58   1  21   2  53   3  22   4  48   5  51   6  42   7  54   8  51   9  23  10  52  11  30  12  23  13  29  14  13  15  27  16  41  17  57  18  58  19  59 
  0  59   1  27   2  53   3  26   4  54   5  54   6  46   7  55   8  51   9  29  10  55  11  34  12  28  13  36  14  15  15  30  16  45  17  58  18  57  19  60 
  0  63   1  31   2  57   3  29   4  56   5  54   6  48   7  56   8  55   9  30  10  56  11  34  12  32  13  37  14  14  15  35  16  43  17  63  18  59  19  61 
  0  64   1  26   2  56   3  26   4  56   5  53   6  48   7  54   8  55   9  29  10  56  11  34  12  28  13  37  14  15  15  34  16  45  17  59  18  59  19  61 
  0  65   1  29   2  54   3  28   4  56   5  55   6  45   7  54   8  53   9  28  10  55  11  35  12  32  13  36  14  14  15  31  16  44  17  63  18  58  19  59 
  0  58   1  24   2  57   3  28   4  52   5  55   6  46   7  55   8  52   9  25  10  55  11  31  12  28  13  35  14  15  15  30  16  42  17  58  18  59  19  61 
  0  61   1  25   2  57   3  27   4  52   5  53   6  45   7  55   8  53   9  28  10  57  11  33  12  28  13  35  14  15  15  33  16  44  17  58  18  58  19  59 
  0  59   1  25   2  54   3  24   4  51   5  51   6  44   7  56   8  51   9  26  10  52  11  33  12  24  13  34  14  13  15  28  16  43  17  61  18  57  19  59 


