
 20  20

  0  14   1   8   2  17   3  31   4  12   5   8   6   5   7  47   8  17   9  22  10  52  11  45  12  12  13  20  14  19  15  37  16  40  17  27  18  33  19   9 
  0  18   1  11   2  21   3  31   4  14   5  14   6  11   7  51   8  23   9  22  10  53  11  45  12  12  13  22  14  27  15  38  16  42  17  32  18  36  19  13 
  0  13   1   7   2  19   3  29   4  12   5   9   6   6   7  48   8  18   9  21  10  52  11  42  12   9  13  21  14  19  15  33  16  40  17  26  18  30  19   9 
  0  18   1  12   2  24   3  32   4  14   5  11   6   9   7  53   8  24   9  20  10  52  11  43  12  11  13  21  14  27  15  38  16  42  17  30  18  36  19  13 
  0   9   1   4   2  15   3  29   4  12   5   9   6   5   7  47   8  16   9  22  10  51  11  42  12  10  13  18  14  18  15  33  16  40  17  22  18  29  19   9 
  0  19   1  10   2  23   3  32   4  13   5  14   6  11   7  51   8  24   9  21  10  53  11  46  12  11  13  22  14  27  15  37  16  41  17  29  18  36  19  13 
  0  19   1   9   2  25   3  33   4  12   5  11   6   8   7  53   8  24   9  22  10  53  11  46  12  13  13  22  14  25  15  36  16  40  17  31  18  37  19  11 
  0  13   1   7   2  20   3  33   4  13   5  13   6  10   7  49   8  21   9  20  10  49  11  46  12  10  13  19  14  24  15  36  16  41  17  26  18  36  19  11 
  0  19   1  10   2  24   3  31   4  14   5  13   6   9   7  53   8  23   9  22  10  51  11  46  12  13  13  22  14  28  15  39  16  42  17  32  18  39  19  11 
  0  16   1  12   2  25   3  33   4  14   5  12   6  10   7  52   8  23   9  22  10  52  11  45  12  12  13  19  14  26  15  39  16  42  17  31  18  38  19  13 
  0  17   1  12   2  22   3  33   4  13   5  14   6   9   7  53   8  24   9  22  10  53  11  43  12  10  13  22  14  27  15  39  16  42  17  30  18  38  19  12 
  0  14   1  10   2  20   3  30   4  12   5   9   6   8   7  49   8  21   9  22  10  52  11  45  12  11  13  22  14  22  15  34  16  42  17  30  18  37  19   9 
  0  14   1   8   2  21   3  30   4  12   5  12   6   7   7  52   8  23   9  20  10  51  11  42  12  10  13  22  14  25  15  39  16  40  17  26  18  34  19  13 
  0  16   1  12   2  25   3  33   4  14   5  11   6   9   7  52   8  21   9  22  10  51  11  43  12  13  13  22  14  26  15  38  16  40  17  32  18  38  19  12 
  0  11   1   4   2  18   3  29   4  12   5   9   6   5   7  49   8  18   9  21  10  51  11  44  12   9  13  18  14  19  15  35  16  40  17  22  18  29  19  10 
  0  15   1   9   2  21   3  33   4  14   5  11   6   8   7  51   8  23   9  20  10  50  11  46  12  13  13  20  14  27  15  38  16  42  17  30  18  35  19  12 
  0  11   1   8   2  18   3  29   4  12   5  12   6   6   7  48   8  17   9  20  10  49  11  42  12  12  13  18  14  22  15  36  16  41  17  23  18  33  19  11 
  0  17   1  12   2  23   3  33   4  14   5  12   6  11   7  53   8  24   9  22  10  53  11  43  12  10  13  19  14  25  15  36  16  42  17  32  18  39  19  13 
  0  18   1  12   2  22   3  31   4  14   5  14   6   9   7  53   8  22   9  22  10  51  11  46  12  12  13  21  14  25  15  38  16  42  17  30  18  39  19  12 
  0  14   1  11   2  19   3  32   4  12   5  12   6  11   7  51   8  23   9  20  10  53  11  45  12  12  13  20  14  26  15  38  16  42  17  27  18  37  19  13 


