
 20  20

  0  83   1  43   2  49   3  63   4  59   5  78   6  77   7  81   8  71   9  83  10  85  11  58  12  74  13  40  14  61  15  59  16  60  17  65  18  61  19  40 
  0  90   1  45   2  55   3  65   4  59   5  83   6  79   7  81   8  77   9  85  10  86  11  59  12  77  13  46  14  66  15  66  16  63  17  69  18  64  19  46 
  0  87   1  43   2  54   3  65   4  61   5  81   6  79   7  81   8  77   9  83  10  85  11  57  12  76  13  45  14  67  15  62  16  64  17  70  18  61  19  43 
  0  83   1  43   2  50   3  63   4  59   5  78   6  77   7  79   8  71   9  85  10  84  11  57  12  74  13  42  14  64  15  62  16  61  17  65  18  61  19  41 
  0  90   1  45   2  57   3  63   4  59   5  83   6  79   7  83   8  79   9  85  10  91  11  59  12  82  13  47  14  71  15  67  16  63  17  73  18  63  19  47 
  0  84   1  44   2  52   3  63   4  59   5  81   6  77   7  81   8  72   9  83  10  85  11  58  12  74  13  40  14  66  15  63  16  60  17  70  18  62  19  40 
  0  86   1  44   2  51   3  65   4  59   5  83   6  79   7  81   8  76   9  85  10  87  11  59  12  76  13  45  14  65  15  64  16  63  17  68  18  62  19  45 
  0  88   1  43   2  55   3  63   4  60   5  84   6  77   7  85   8  77   9  83  10  86  11  59  12  79  13  47  14  68  15  63  16  64  17  73  18  65  19  47 
  0  87   1  45   2  54   3  63   4  59   5  79   6  79   7  80   8  76   9  83  10  87  11  57  12  78  13  45  14  63  15  62  16  63  17  67  18  63  19  41 
  0  87   1  43   2  54   3  63   4  60   5  80   6  78   7  81   8  74   9  85  10  87  11  57  12  75  13  45  14  66  15  62  16  62  17  71  18  61  19  42 
  0  89   1  43   2  50   3  63   4  61   5  80   6  79   7  80   8  76   9  85  10  87  11  59  12  78  13  45  14  64  15  64  16  60  17  71  18  64  19  43 
  0  84   1  43   2  50   3  63   4  59   5  79   6  77   7  79   8  71   9  85  10  84  11  58  12  76  13  41  14  64  15  59  16  60  17  65  18  61  19  40 
  0  83   1  43   2  51   3  65   4  59   5  78   6  77   7  79   8  71   9  83  10  87  11  57  12  78  13  42  14  64  15  60  16  62  17  65  18  64  19  43 
  0  85   1  43   2  51   3  64   4  59   5  80   6  77   7  79   8  75   9  83  10  86  11  57  12  77  13  39  14  65  15  59  16  63  17  65  18  64  19  41 
  0  85   1  43   2  49   3  64   4  61   5  79   6  77   7  81   8  71   9  83  10  85  11  59  12  74  13  40  14  61  15  60  16  62  17  66  18  62  19  42 
  0  88   1  45   2  52   3  64   4  61   5  80   6  77   7  81   8  76   9  85  10  86  11  58  12  76  13  46  14  66  15  64  16  61  17  72  18  64  19  43 
  0  86   1  44   2  52   3  63   4  59   5  78   6  79   7  79   8  73   9  84  10  83  11  57  12  76  13  42  14  62  15  59  16  60  17  67  18  64  19  40 
  0  90   1  45   2  52   3  63   4  60   5  83   6  79   7  81   8  76   9  84  10  88  11  57  12  78  13  42  14  67  15  62  16  63  17  72  18  64  19  44 
  0  89   1  43   2  54   3  63   4  61   5  83   6  79   7  84   8  79   9  85  10  90  11  57  12  79  13  48  14  70  15  65  16  64  17  73  18  63  19  48 
  0  86   1  43   2  50   3  65   4  59   5  79   6  77   7  80   8  73   9  83  10  85  11  57  12  76  13  41  14  64  15  61  16  63  17  67  18  63  19  43 


