
 20  20

  0  62   1  21   2  44   3  43   4  19   5  30   6  25   7  50   8  62   9  29  10  30  11  54  12  48  13  48  14  61  15  54  16  53  17  49  18  44  19  22 
  0  66   1  28   2  48   3  45   4  24   5  34   6  29   7  52   8  64   9  31  10  31  11  56  12  48  13  52  14  62  15  56  16  54  17  50  18  44  19  24 
  0  72   1  28   2  50   3  44   4  29   5  31   6  32   7  53   8  66   9  35  10  36  11  55  12  48  13  54  14  69  15  59  16  53  17  56  18  45  19  24 
  0  66   1  23   2  46   3  42   4  21   5  33   6  28   7  50   8  60   9  33  10  32  11  54  12  49  13  47  14  59  15  51  16  55  17  46  18  45  19  22 
  0  66   1  26   2  46   3  44   4  22   5  34   6  30   7  50   8  63   9  33  10  32  11  56  12  48  13  51  14  62  15  55  16  55  17  53  18  46  19  22 
  0  68   1  29   2  47   3  43   4  27   5  34   6  32   7  54   8  65   9  33  10  36  11  58  12  50  13  51  14  67  15  56  16  53  17  54  18  46  19  22 
  0  71   1  27   2  49   3  44   4  25   5  34   6  30   7  51   8  65   9  33  10  36  11  58  12  49  13  52  14  66  15  57  16  55  17  53  18  46  19  22 
  0  64   1  22   2  44   3  43   4  22   5  33   6  28   7  53   8  63   9  32  10  33  11  56  12  48  13  48  14  63  15  56  16  55  17  51  18  46  19  23 
  0  62   1  23   2  45   3  44   4  23   5  30   6  28   7  52   8  61   9  29  10  30  11  56  12  48  13  47  14  59  15  53  16  53  17  48  18  44  19  22 
  0  66   1  23   2  42   3  42   4  19   5  31   6  26   7  50   8  64   9  32  10  30  11  54  12  48  13  46  14  60  15  54  16  53  17  50  18  46  19  22 
  0  67   1  27   2  44   3  42   4  22   5  33   6  28   7  52   8  63   9  34  10  34  11  58  12  48  13  49  14  61  15  55  16  53  17  52  18  46  19  24 
  0  69   1  29   2  51   3  43   4  28   5  31   6  29   7  54   8  67   9  33  10  36  11  55  12  48  13  53  14  67  15  56  16  53  17  52  18  45  19  23 
  0  66   1  27   2  46   3  45   4  24   5  34   6  29   7  52   8  63   9  34  10  36  11  58  12  48  13  51  14  63  15  58  16  55  17  54  18  45  19  24 
  0  71   1  29   2  52   3  45   4  28   5  34   6  31   7  53   8  65   9  37  10  34  11  58  12  50  13  54  14  68  15  61  16  55  17  56  18  46  19  22 
  0  71   1  29   2  49   3  43   4  28   5  34   6  30   7  53   8  67   9  36  10  33  11  56  12  50  13  53  14  66  15  60  16  54  17  54  18  46  19  24 
  0  66   1  25   2  49   3  42   4  22   5  30   6  30   7  50   8  66   9  33  10  35  11  55  12  50  13  53  14  64  15  55  16  55  17  53  18  44  19  22 
  0  72   1  31   2  50   3  46   4  28   5  34   6  30   7  54   8  67   9  36  10  36  11  57  12  48  13  56  14  69  15  61  16  55  17  53  18  46  19  24 
  0  70   1  31   2  49   3  46   4  26   5  34   6  32   7  54   8  67   9  37  10  34  11  57  12  50  13  55  14  67  15  59  16  55  17  56  18  45  19  24 
  0  71   1  30   2  49   3  46   4  26   5  33   6  30   7  53   8  67   9  36  10  33  11  58  12  48  13  55  14  68  15  61  16  55  17  54  18  44  19  24 
  0  64   1  21   2  42   3  44   4  20   5  30   6  25   7  50   8  60   9  32  10  30  11  56  12  48  13  47  14  60  15  53  16  53  17  49  18  44  19  22 


