
 20  20

  0  51   1  73   2  82   3  39   4  77   5  74   6  58   7  48   8  63   9  51  10  57  11  70  12  35  13  85  14  65  15  44  16  41  17  67  18  38  19  77 
  0  57   1  75   2  82   3  37   4  82   5  78   6  59   7  51   8  65   9  52  10  57  11  74  12  37  13  88  14  65  15  53  16  46  17  72  18  40  19  84 
  0  55   1  74   2  80   3  37   4  78   5  76   6  62   7  49   8  63   9  50  10  59  11  70  12  38  13  83  14  67  15  47  16  44  17  69  18  38  19  81 
  0  50   1  73   2  80   3  36   4  79   5  76   6  60   7  45   8  63   9  52  10  57  11  73  12  36  13  84  14  66  15  46  16  44  17  69  18  39  19  81 
  0  54   1  75   2  82   3  36   4  77   5  77   6  61   7  48   8  64   9  49  10  57  11  70  12  38  13  86  14  65  15  47  16  40  17  67  18  39  19  78 
  0  50   1  74   2  80   3  37   4  77   5  75   6  61   7  47   8  61   9  49  10  57  11  70  12  38  13  81  14  66  15  45  16  42  17  67  18  39  19  81 
  0  53   1  75   2  80   3  40   4  83   5  80   6  62   7  47   8  66   9  50  10  57  11  74  12  40  13  86  14  65  15  51  16  42  17  72  18  40  19  84 
  0  58   1  74   2  82   3  40   4  83   5  80   6  61   7  49   8  67   9  53  10  57  11  74  12  40  13  88  14  67  15  52  16  44  17  72  18  43  19  86 
  0  51   1  74   2  80   3  36   4  78   5  75   6  58   7  47   8  60   9  50  10  58  11  72  12  34  13  81  14  67  15  47  16  41  17  66  18  37  19  77 
  0  52   1  73   2  80   3  38   4  78   5  78   6  62   7  49   8  61   9  52  10  59  11  70  12  38  13  84  14  67  15  47  16  44  17  68  18  39  19  81 
  0  56   1  75   2  82   3  38   4  82   5  81   6  62   7  51   8  67   9  54  10  58  11  73  12  42  13  88  14  67  15  54  16  44  17  70  18  43  19  84 
  0  55   1  73   2  81   3  40   4  79   5  78   6  61   7  48   8  63   9  50  10  57  11  72  12  41  13  85  14  67  15  50  16  42  17  72  18  38  19  83 
  0  58   1  75   2  82   3  38   4  80   5  79   6  60   7  49   8  67   9  54  10  57  11  72  12  42  13  88  14  67  15  54  16  46  17  70  18  43  19  84 
  0  58   1  74   2  82   3  40   4  83   5  80   6  62   7  51   8  66   9  54  10  59  11  73  12  40  13  86  14  67  15  53  16  46  17  72  18  41  19  85 
  0  55   1  73   2  82   3  40   4  82   5  79   6  60   7  47   8  65   9  54  10  59  11  74  12  40  13  89  14  67  15  51  16  43  17  69  18  40  19  85 
  0  50   1  75   2  80   3  39   4  78   5  76   6  60   7  47   8  65   9  53  10  57  11  73  12  40  13  84  14  65  15  46  16  43  17  67  18  38  19  82 
  0  55   1  75   2  82   3  39   4  81   5  75   6  60   7  50   8  64   9  50  10  57  11  72  12  40  13  85  14  66  15  51  16  42  17  67  18  38  19  82 
  0  52   1  73   2  82   3  38   4  79   5  74   6  62   7  48   8  60   9  51  10  59  11  71  12  39  13  85  14  65  15  50  16  41  17  69  18  40  19  78 
  0  55   1  74   2  82   3  40   4  83   5  81   6  62   7  51   8  66   9  52  10  59  11  74  12  40  13  88  14  67  15  54  16  46  17  72  18  42  19  83 
  0  54   1  75   2  81   3  36   4  80   5  74   6  58   7  45   8  63   9  51  10  57  11  73  12  35  13  86  14  66  15  46  16  43  17  69  18  36  19  79 


