
 20  20

  0  23   1  25   2  19   3  47   4  65   5  40   6  20   7  28   8  22   9  52  10  29  11  39  12  56  13  40  14  53  15  62  16  26  17  47  18  62  19  46 
  0  24   1  23   2  21   3  49   4  68   5  43   6  18   7  28   8  23   9  50  10  31  11  39  12  54  13  40  14  55  15  64  16  30  17  47  18  63  19  44 
  0  25   1  23   2  20   3  49   4  68   5  43   6  20   7  30   8  23   9  50  10  31  11  39  12  56  13  38  14  53  15  66  16  29  17  47  18  63  19  46 
  0  25   1  24   2  21   3  49   4  67   5  42   6  18   7  30   8  21   9  51  10  29  11  36  12  53  13  37  14  55  15  65  16  28  17  47  18  63  19  46 
  0  17   1  23   2  14   3  44   4  63   5  38   6  12   7  21   8  21   9  46  10  30  11  32  12  48  13  38  14  52  15  57  16  24  17  40  18  54  19  46 
  0  18   1  24   2  12   3  45   4  61   5  38   6  13   7  22   8  21   9  46  10  27  11  32  12  51  13  36  14  49  15  57  16  24  17  40  18  56  19  44 
  0  26   1  25   2  21   3  49   4  69   5  42   6  19   7  27   8  23   9  50  10  30  11  39  12  54  13  40  14  55  15  65  16  27  17  47  18  63  19  46 
  0  17   1  23   2  11   3  41   4  59   5  37   6  12   7  20   8  23   9  46  10  27  11  30  12  48  13  38  14  49  15  57  16  20  17  39  18  53  19  45 
  0  22   1  24   2  15   3  45   4  66   5  40   6  14   7  23   8  21   9  49  10  29  11  35  12  54  13  40  14  52  15  61  16  25  17  43  18  57  19  46 
  0  23   1  25   2  16   3  45   4  65   5  41   6  16   7  25   8  23   9  51  10  29  11  38  12  52  13  39  14  51  15  63  16  26  17  45  18  58  19  44 
  0  25   1  23   2  19   3  49   4  66   5  43   6  20   7  27   8  23   9  52  10  29  11  39  12  55  13  40  14  55  15  66  16  30  17  45  18  63  19  45 
  0  16   1  25   2  11   3  41   4  59   5  37   6  12   7  20   8  21   9  46  10  27  11  29  12  48  13  37  14  49  15  56  16  20  17  40  18  55  19  45 
  0  21   1  24   2  12   3  45   4  61   5  38   6  14   7  23   8  23   9  50  10  29  11  31  12  52  13  36  14  52  15  60  16  23  17  43  18  54  19  46 
  0  25   1  25   2  19   3  45   4  65   5  41   6  17   7  26   8  23   9  50  10  31  11  35  12  52  13  40  14  52  15  63  16  28  17  47  18  59  19  44 
  0  21   1  23   2  14   3  45   4  62   5  37   6  14   7  23   8  21   9  49  10  28  11  34  12  49  13  38  14  51  15  61  16  26  17  44  18  57  19  46 
  0  20   1  25   2  18   3  47   4  64   5  42   6  19   7  24   8  21   9  51  10  31  11  35  12  52  13  37  14  52  15  61  16  27  17  45  18  60  19  44 
  0  22   1  23   2  17   3  47   4  62   5  40   6  17   7  27   8  22   9  51  10  30  11  35  12  54  13  36  14  51  15  60  16  24  17  45  18  57  19  46 
  0  16   1  25   2  13   3  41   4  59   5  38   6  12   7  20   8  21   9  47  10  27  11  31  12  50  13  38  14  51  15  56  16  20  17  39  18  53  19  44 
  0  20   1  24   2  12   3  44   4  59   5  39   6  15   7  22   8  21   9  49  10  27  11  29  12  48  13  36  14  49  15  60  16  20  17  42  18  53  19  45 
  0  20   1  23   2  17   3  43   4  62   5  39   6  13   7  25   8  23   9  46  10  30  11  34  12  52  13  36  14  50  15  62  16  22  17  42  18  57  19  46 


