
 20  20

  0  49   1  41   2  41   3  66   4  39   5  48   6  53   7  78   8  41   9  68  10  77  11  67  12  35  13  70  14  43  15  73  16  56  17  55  18  40  19  39 
  0  45   1  40   2  43   3  66   4  39   5  49   6  54   7  76   8  40   9  68  10  78  11  65  12  37  13  67  14  43  15  73  16  53  17  55  18  42  19  38 
  0  49   1  42   2  44   3  68   4  40   5  48   6  55   7  77   8  46   9  69  10  79  11  68  12  39  13  69  14  41  15  74  16  53  17  55  18  42  19  38 
  0  48   1  40   2  42   3  66   4  39   5  48   6  54   7  77   8  44   9  65  10  79  11  65  12  33  13  69  14  41  15  75  16  52  17  55  18  43  19  37 
  0  47   1  40   2  40   3  63   4  39   5  46   6  49   7  75   8  42   9  68  10  77  11  67  12  36  13  68  14  43  15  73  16  50  17  55  18  41  19  37 
  0  45   1  41   2  39   3  65   4  39   5  46   6  53   7  76   8  39   9  64  10  77  11  65  12  34  13  65  14  41  15  75  16  53  17  53  18  41  19  37 
  0  49   1  43   2  42   3  68   4  39   5  49   6  57   7  77   8  44   9  72  10  78  11  68  12  38  13  72  14  43  15  75  16  58  17  55  18  43  19  42 
  0  42   1  40   2  39   3  60   4  40   5  46   6  50   7  75   8  40   9  63  10  78  11  65  12  31  13  64  14  42  15  73  16  51  17  53  18  37  19  34 
  0  45   1  41   2  37   3  62   4  39   5  44   6  47   7  75   8  38   9  64  10  78  11  64  12  30  13  64  14  42  15  74  16  50  17  53  18  39  19  37 
  0  46   1  41   2  42   3  63   4  41   5  48   6  49   7  77   8  41   9  67  10  77  11  68  12  34  13  67  14  41  15  73  16  50  17  53  18  42  19  38 
  0  45   1  42   2  41   3  64   4  39   5  49   6  49   7  77   8  43   9  68  10  78  11  67  12  33  13  68  14  43  15  75  16  54  17  54  18  38  19  35 
  0  49   1  43   2  44   3  68   4  39   5  49   6  52   7  79   8  42   9  68  10  79  11  68  12  39  13  68  14  43  15  74  16  53  17  53  18  44  19  38 
  0  49   1  41   2  40   3  65   4  39   5  49   6  53   7  78   8  43   9  68  10  78  11  65  12  37  13  68  14  41  15  73  16  51  17  53  18  39  19  39 
  0  52   1  42   2  43   3  67   4  41   5  50   6  54   7  77   8  44   9  72  10  78  11  68  12  37  13  69  14  41  15  75  16  56  17  54  18  42  19  39 
  0  42   1  40   2  37   3  62   4  39   5  45   6  47   7  75   8  38   9  64  10  77  11  65  12  30  13  65  14  43  15  73  16  48  17  54  18  37  19  34 
  0  51   1  43   2  44   3  67   4  39   5  49   6  54   7  77   8  42   9  69  10  77  11  68  12  36  13  71  14  41  15  75  16  54  17  55  18  43  19  39 
  0  44   1  40   2  41   3  62   4  41   5  49   6  53   7  76   8  42   9  66  10  78  11  64  12  33  13  67  14  41  15  75  16  52  17  53  18  39  19  35 
  0  48   1  44   2  44   3  67   4  41   5  49   6  53   7  78   8  42   9  71  10  79  11  68  12  38  13  71  14  43  15  75  16  56  17  55  18  43  19  41 
  0  47   1  43   2  39   3  62   4  39   5  47   6  52   7  78   8  41   9  66  10  77  11  67  12  34  13  69  14  43  15  74  16  51  17  55  18  39  19  37 
  0  49   1  44   2  42   3  68   4  41   5  48   6  53   7  79   8  43   9  70  10  77  11  66  12  37  13  69  14  41  15  74  16  53  17  53  18  45  19  41 


