
 20  20

  0  34   1  42   2  53   3  44   4  67   5  73   6  38   7  48   8  41   9  47  10  74  11  41  12  56  13  73  14  32  15  51  16  51  17  76  18  67  19  58 
  0  33   1  42   2  50   3  42   4  70   5  72   6  38   7  51   8  38   9  46  10  75  11  40  12  60  13  74  14  33  15  51  16  50  17  76  18  67  19  58 
  0  34   1  41   2  51   3  45   4  70   5  75   6  37   7  53   8  38   9  49  10  72  11  40  12  60  13  75  14  31  15  51  16  55  17  79  18  65  19  59 
  0  32   1  40   2  50   3  40   4  68   5  75   6  39   7  47   8  37   9  45  10  74  11  41  12  56  13  73  14  31  15  49  16  52  17  73  18  67  19  54 
  0  31   1  43   2  52   3  40   4  64   5  74   6  37   7  47   8  37   9  46  10  72  11  41  12  56  13  75  14  33  15  51  16  50  17  74  18  67  19  53 
  0  31   1  40   2  50   3  45   4  70   5  74   6  37   7  53   8  39   9  47  10  74  11  41  12  60  13  74  14  34  15  51  16  51  17  79  18  65  19  58 
  0  29   1  42   2  51   3  38   4  63   5  72   6  37   7  47   8  34   9  42  10  72  11  40  12  52  13  73  14  31  15  49  16  49  17  73  18  67  19  53 
  0  36   1  42   2  54   3  43   4  71   5  74   6  38   7  52   8  43   9  51  10  74  11  41  12  59  13  74  14  32  15  49  16  55  17  77  18  67  19  56 
  0  34   1  42   2  52   3  45   4  70   5  73   6  38   7  50   8  39   9  47  10  73  11  41  12  59  13  75  14  32  15  50  16  54  17  78  18  67  19  59 
  0  28   1  41   2  50   3  41   4  65   5  75   6  39   7  49   8  37   9  45  10  73  11  39  12  56  13  73  14  30  15  51  16  49  17  73  18  66  19  56 
  0  28   1  41   2  50   3  38   4  65   5  74   6  37   7  49   8  34   9  44  10  70  11  39  12  55  13  73  14  32  15  49  16  49  17  71  18  65  19  53 
  0  29   1  40   2  52   3  42   4  63   5  72   6  37   7  50   8  38   9  42  10  73  11  40  12  52  13  73  14  33  15  51  16  51  17  74  18  65  19  54 
  0  34   1  41   2  53   3  45   4  68   5  76   6  39   7  53   8  43   9  49  10  76  11  41  12  60  13  74  14  34  15  51  16  55  17  80  18  66  19  57 
  0  32   1  43   2  51   3  42   4  65   5  73   6  39   7  49   8  37   9  46  10  72  11  41  12  54  13  73  14  30  15  51  16  50  17  75  18  65  19  57 
  0  29   1  44   2  52   3  41   4  68   5  72   6  39   7  50   8  36   9  47  10  70  11  41  12  56  13  73  14  34  15  51  16  49  17  75  18  65  19  54 
  0  37   1  42   2  54   3  46   4  68   5  76   6  39   7  52   8  43   9  50  10  74  11  41  12  61  13  75  14  34  15  51  16  53  17  81  18  67  19  59 
  0  33   1  40   2  50   3  42   4  67   5  73   6  39   7  47   8  38   9  46  10  72  11  41  12  55  13  75  14  30  15  49  16  49  17  75  18  66  19  53 
  0  37   1  44   2  52   3  46   4  69   5  75   6  39   7  51   8  44   9  52  10  76  11  39  12  59  13  75  14  34  15  50  16  55  17  79  18  65  19  56 
  0  32   1  43   2  52   3  42   4  68   5  72   6  39   7  49   8  39   9  45  10  71  11  41  12  56  13  75  14  33  15  51  16  50  17  74  18  65  19  57 
  0  30   1  42   2  50   3  43   4  67   5  72   6  39   7  51   8  37   9  45  10  71  11  41  12  57  13  75  14  33  15  51  16  50  17  77  18  65  19  58 


