
 20  20

  0  57   1  24   2  29   3  23   4  41   5  16   6  56   7  47   8  17   9  30  10  25  11  61  12  26  13  44  14  41  15  37  16  25  17  65  18  32  19  61 
  0  59   1  24   2  27   3  22   4  41   5  16   6  56   7  46   8  20   9  29  10  25  11  59  12  27  13  47  14  45  15  37  16  26  17  64  18  34  19  65 
  0  58   1  24   2  29   3  24   4  43   5  14   6  56   7  45   8  20   9  28  10  24  11  60  12  26  13  47  14  42  15  37  16  23  17  64  18  34  19  65 
  0  58   1  22   2  27   3  22   4  39   5  16   6  52   7  46   8  19   9  30  10  24  11  60  12  26  13  46  14  45  15  37  16  26  17  64  18  33  19  65 
  0  50   1  23   2  25   3  20   4  39   5  14   6  49   7  45   8  16   9  29  10  20  11  55  12  23  13  43  14  42  15  36  16  20  17  64  18  30  19  58 
  0  54   1  23   2  23   3  19   4  41   5  16   6  51   7  45   8  17   9  27  10  22  11  54  12  20  13  43  14  42  15  35  16  23  17  64  18  30  19  61 
  0  52   1  22   2  23   3  20   4  40   5  15   6  49   7  46   8  16   9  26  10  21  11  56  12  19  13  42  14  42  15  35  16  22  17  63  18  30  19  56 
  0  56   1  22   2  27   3  21   4  40   5  14   6  56   7  45   8  20   9  30  10  25  11  61  12  24  13  47  14  44  15  37  16  24  17  62  18  31  19  63 
  0  51   1  22   2  24   3  20   4  39   5  14   6  48   7  45   8  16   9  26  10  18  11  53  12  20  13  40  14  39  15  35  16  21  17  61  18  30  19  59 
  0  54   1  22   2  26   3  23   4  39   5  16   6  54   7  46   8  16   9  29  10  21  11  56  12  23  13  43  14  40  15  35  16  22  17  65  18  30  19  60 
  0  57   1  22   2  25   3  22   4  41   5  16   6  54   7  46   8  20   9  30  10  25  11  58  12  22  13  43  14  44  15  35  16  25  17  62  18  34  19  62 
  0  53   1  24   2  28   3  20   4  39   5  16   6  52   7  45   8  20   9  30  10  23  11  57  12  22  13  43  14  44  15  37  16  21  17  62  18  31  19  63 
  0  55   1  22   2  25   3  24   4  39   5  15   6  54   7  46   8  20   9  26  10  21  11  58  12  23  13  42  14  42  15  35  16  24  17  61  18  31  19  62 
  0  52   1  22   2  26   3  21   4  37   5  14   6  51   7  47   8  16   9  26  10  18  11  53  12  19  13  42  14  39  15  36  16  20  17  61  18  30  19  59 
  0  57   1  24   2  27   3  21   4  42   5  15   6  54   7  46   8  20   9  28  10  23  11  60  12  24  13  44  14  43  15  35  16  26  17  65  18  31  19  64 
  0  60   1  23   2  27   3  24   4  41   5  16   6  56   7  46   8  18   9  29  10  26  11  58  12  26  13  47  14  42  15  37  16  25  17  65  18  34  19  66 
  0  54   1  23   2  26   3  20   4  38   5  14   6  52   7  47   8  17   9  30  10  22  11  57  12  21  13  41  14  41  15  37  16  21  17  62  18  31  19  63 
  0  52   1  22   2  23   3  21   4  40   5  15   6  50   7  45   8  17   9  26  10  18  11  54  12  19  13  40  14  39  15  35  16  22  17  63  18  31  19  57 
  0  53   1  23   2  24   3  19   4  39   5  14   6  48   7  45   8  18   9  26  10  19  11  53  12  20  13  42  14  39  15  35  16  20  17  62  18  31  19  56 
  0  50   1  24   2  26   3  19   4  37   5  14   6  51   7  45   8  16   9  27  10  20  11  53  12  22  13  42  14  41  15  35  16  20  17  61  18  33  19  60 


