
 20  20

  0  25   1  53   2  29   3  51   4  25   5  45   6  26   7  20   8  38   9  43  10  27  11  45  12  36  13  22  14  12  15  14  16  20  17   9  18  32  19  47 
  0  30   1  58   2  35   3  51   4  24   5  49   6  33   7  22   8  40   9  44  10  27  11  49  12  39  13  28  14  16  15  23  16  27  17  11  18  37  19  48 
  0  21   1  53   2  29   3  49   4  26   5  45   6  27   7  20   8  40   9  42  10  25  11  46  12  34  13  24  14  14  15  15  16  20  17   9  18  33  19  45 
  0  23   1  55   2  33   3  51   4  25   5  46   6  30   7  20   8  41   9  44  10  25  11  46  12  35  13  24  14  16  15  15  16  23  17   9  18  33  19  49 
  0  26   1  53   2  30   3  49   4  25   5  45   6  30   7  22   8  42   9  44  10  27  11  44  12  38  13  26  14  12  15  18  16  25  17  11  18  34  19  47 
  0  28   1  55   2  34   3  51   4  24   5  50   6  30   7  22   8  42   9  43  10  26  11  49  12  37  13  29  14  12  15  18  16  24  17  10  18  34  19  46 
  0  30   1  61   2  35   3  51   4  26   5  49   6  33   7  22   8  41   9  44  10  27  11  51  12  40  13  29  14  15  15  22  16  28  17  11  18  39  19  49 
  0  31   1  59   2  32   3  51   4  26   5  49   6  32   7  22   8  42   9  44  10  27  11  51  12  42  13  30  14  16  15  23  16  26  17  11  18  39  19  49 
  0  24   1  55   2  29   3  50   4  24   5  45   6  27   7  22   8  38   9  44  10  25  11  46  12  34  13  24  14  13  15  14  16  23  17   9  18  34  19  46 
  0  26   1  54   2  31   3  51   4  26   5  47   6  26   7  20   8  39   9  43  10  26  11  47  12  35  13  27  14  12  15  18  16  24  17  11  18  32  19  45 
  0  26   1  58   2  33   3  49   4  25   5  50   6  29   7  22   8  41   9  44  10  25  11  49  12  41  13  30  14  13  15  22  16  24  17  10  18  38  19  47 
  0  25   1  59   2  31   3  50   4  24   5  49   6  30   7  20   8  39   9  43  10  27  11  50  12  37  13  28  14  16  15  18  16  23  17   9  18  38  19  45 
  0  27   1  58   2  35   3  51   4  24   5  48   6  30   7  20   8  40   9  44  10  25  11  47  12  39  13  30  14  13  15  20  16  25  17  11  18  37  19  49 
  0  22   1  53   2  29   3  49   4  24   5  47   6  28   7  20   8  41   9  42  10  26  11  44  12  32  13  25  14  14  15  15  16  22  17  10  18  32  19  48 
  0  29   1  57   2  32   3  51   4  24   5  47   6  32   7  22   8  38   9  44  10  25  11  47  12  39  13  27  14  15  15  20  16  27  17   9  18  34  19  48 
  0  27   1  56   2  32   3  49   4  24   5  49   6  30   7  20   8  42   9  42  10  26  11  49  12  41  13  30  14  14  15  18  16  28  17   9  18  36  19  47 
  0  21   1  51   2  29   3  50   4  25   5  46   6  27   7  20   8  38   9  44  10  27  11  44  12  32  13  22  14  13  15  16  16  21  17   9  18  33  19  45 
  0  26   1  54   2  31   3  49   4  24   5  45   6  29   7  22   8  42   9  42  10  26  11  44  12  34  13  24  14  14  15  19  16  25  17  11  18  33  19  46 
  0  28   1  56   2  32   3  49   4  26   5  50   6  30   7  22   8  38   9  42  10  26  11  47  12  36  13  27  14  12  15  18  16  27  17   9  18  36  19  48 
  0  27   1  57   2  33   3  51   4  24   5  51   6  30   7  21   8  39   9  44  10  26  11  49  12  37  13  29  14  16  15  20  16  25  17  11  18  36  19  47 


