
 20  20

  0  64   1  61   2  75   3  66   4  44   5  78   6  55   7  85   8  49   9  81  10  50  11  73  12  44  13  80  14  83  15  59  16  70  17  76  18  37  19  69 
  0  66   1  61   2  75   3  67   4  47   5  78   6  57   7  85   8  51   9  81  10  52  11  76  12  49  13  81  14  83  15  65  16  72  17  77  18  37  19  71 
  0  66   1  64   2  77   3  70   4  49   5  79   6  57   7  85   8  53   9  82  10  50  11  78  12  47  13  82  14  83  15  62  16  70  17  78  18  42  19  71 
  0  66   1  60   2  76   3  66   4  46   5  78   6  56   7  80   8  50   9  79  10  50  11  76  12  44  13  80  14  82  15  61  16  70  17  77  18  39  19  70 
  0  72   1  61   2  77   3  71   4  47   5  80   6  55   7  88   8  53   9  82  10  52  11  80  12  51  13  83  14  83  15  67  16  72  17  78  18  39  19  69 
  0  69   1  64   2  77   3  69   4  48   5  80   6  55   7  82   8  54   9  79  10  50  11  75  12  45  13  82  14  81  15  64  16  70  17  77  18  41  19  71 
  0  72   1  64   2  77   3  71   4  49   5  80   6  55   7  88   8  54   9  84  10  50  11  81  12  52  13  82  14  83  15  67  16  72  17  78  18  42  19  70 
  0  66   1  60   2  75   3  69   4  46   5  80   6  55   7  86   8  53   9  81  10  50  11  79  12  47  13  82  14  82  15  61  16  70  17  76  18  40  19  67 
  0  70   1  62   2  77   3  72   4  48   5  80   6  56   7  88   8  55   9  84  10  51  11  78  12  50  13  81  14  83  15  65  16  70  17  78  18  42  19  71 
  0  62   1  60   2  75   3  66   4  43   5  80   6  55   7  80   8  47   9  80  10  52  11  72  12  43  13  80  14  81  15  58  16  72  17  76  18  36  19  68 
  0  66   1  61   2  75   3  67   4  45   5  78   6  57   7  83   8  52   9  83  10  52  11  76  12  48  13  83  14  83  15  61  16  70  17  76  18  37  19  69 
  0  68   1  60   2  77   3  68   4  46   5  79   6  55   7  83   8  55   9  83  10  50  11  76  12  50  13  81  14  83  15  66  16  72  17  78  18  38  19  67 
  0  65   1  60   2  75   3  66   4  43   5  80   6  57   7  82   8  50   9  78  10  50  11  75  12  44  13  82  14  83  15  59  16  72  17  76  18  37  19  69 
  0  69   1  64   2  76   3  68   4  49   5  79   6  56   7  83   8  55   9  80  10  50  11  80  12  50  13  80  14  81  15  64  16  70  17  78  18  41  19  69 
  0  69   1  62   2  77   3  69   4  45   5  78   6  57   7  85   8  56   9  81  10  50  11  81  12  50  13  81  14  82  15  63  16  71  17  78  18  41  19  70 
  0  69   1  62   2  77   3  72   4  49   5  79   6  55   7  86   8  55   9  83  10  51  11  80  12  52  13  82  14  82  15  68  16  72  17  78  18  40  19  70 
  0  64   1  60   2  75   3  66   4  43   5  78   6  55   7  80   8  49   9  80  10  50  11  74  12  42  13  81  14  81  15  60  16  70  17  78  18  36  19  68 
  0  70   1  64   2  77   3  72   4  48   5  79   6  57   7  88   8  55   9  84  10  52  11  79  12  52  13  84  14  82  15  68  16  71  17  78  18  42  19  71 
  0  67   1  62   2  75   3  70   4  46   5  80   6  57   7  81   8  49   9  78  10  52  11  77  12  45  13  83  14  82  15  60  16  70  17  76  18  40  19  68 
  0  63   1  61   2  75   3  68   4  47   5  79   6  57   7  85   8  52   9  82  10  51  11  77  12  44  13  81  14  81  15  60  16  70  17  78  18  39  19  68 


