
 20  20

  0  66   1  71   2  69   3  59   4  54   5  47   6  74   7  75   8  63   9  72  10  60  11  45  12  63  13  76  14  77  15  71  16  44  17  46  18  63  19  62 
  0  69   1  75   2  70   3  62   4  53   5  49   6  74   7  76   8  67   9  70  10  66  11  50  12  65  13  80  14  75  15  73  16  44  17  48  18  65  19  63 
  0  71   1  77   2  71   3  58   4  56   5  49   6  74   7  74   8  65   9  70  10  64  11  47  12  67  13  79  14  77  15  75  16  47  17  48  18  65  19  63 
  0  65   1  73   2  70   3  61   4  54   5  49   6  75   7  74   8  66   9  71  10  61  11  48  12  67  13  77  14  75  15  74  16  42  17  45  18  63  19  64 
  0  69   1  71   2  71   3  62   4  55   5  48   6  74   7  76   8  64   9  70  10  65  11  46  12  64  13  78  14  77  15  73  16  45  17  48  18  66  19  63 
  0  65   1  72   2  67   3  57   4  52   5  46   6  74   7  75   8  64   9  68  10  62  11  48  12  63  13  78  14  77  15  69  16  43  17  46  18  63  19  62 
  0  67   1  73   2  72   3  61   4  54   5  50   6  74   7  75   8  64   9  72  10  65  11  50  12  67  13  77  14  75  15  74  16  44  17  49  18  67  19  62 
  0  63   1  69   2  67   3  60   4  52   5  48   6  75   7  74   8  65   9  68  10  61  11  47  12  63  13  77  14  76  15  68  16  41  17  46  18  64  19  62 
  0  71   1  74   2  69   3  63   4  55   5  53   6  75   7  75   8  68   9  70  10  64  11  47  12  67  13  80  14  75  15  76  16  45  17  51  18  66  19  62 
  0  70   1  78   2  72   3  62   4  55   5  52   6  73   7  75   8  69   9  73  10  68  11  50  12  66  13  77  14  76  15  74  16  47  17  51  18  67  19  62 
  0  68   1  71   2  71   3  58   4  54   5  48   6  75   7  74   8  64   9  71  10  62  11  47  12  63  13  79  14  75  15  72  16  40  17  45  18  66  19  62 
  0  65   1  71   2  69   3  59   4  49   5  48   6  73   7  74   8  64   9  69  10  59  11  45  12  65  13  77  14  76  15  72  16  42  17  45  18  64  19  62 
  0  67   1  76   2  71   3  59   4  53   5  49   6  75   7  75   8  64   9  72  10  66  11  50  12  66  13  79  14  77  15  73  16  45  17  46  18  66  19  63 
  0  68   1  74   2  69   3  60   4  55   5  49   6  75   7  74   8  65   9  73  10  65  11  46  12  68  13  76  14  77  15  72  16  46  17  48  18  64  19  64 
  0  67   1  73   2  69   3  58   4  51   5  47   6  73   7  76   8  66   9  69  10  65  11  48  12  63  13  76  14  77  15  74  16  43  17  47  18  64  19  64 
  0  64   1  69   2  68   3  58   4  49   5  46   6  73   7  74   8  65   9  68  10  60  11  45  12  64  13  78  14  75  15  71  16  42  17  46  18  64  19  63 
  0  66   1  73   2  68   3  59   4  55   5  50   6  75   7  74   8  67   9  70  10  63  11  50  12  67  13  78  14  76  15  72  16  45  17  49  18  63  19  64 
  0  68   1  74   2  68   3  61   4  53   5  46   6  75   7  76   8  66   9  71  10  64  11  49  12  63  13  76  14  75  15  71  16  40  17  47  18  65  19  64 
  0  73   1  77   2  71   3  62   4  57   5  54   6  75   7  76   8  69   9  74  10  69  11  51  12  68  13  80  14  77  15  78  16  49  17  53  18  67  19  64 
  0  67   1  72   2  71   3  58   4  56   5  48   6  75   7  74   8  64   9  70  10  64  11  48  12  64  13  77  14  75  15  74  16  45  17  46  18  66  19  62 


