
 20  20

  0  41   1  44   2  43   3  31   4  30   5   8   6   9   7  28   8  35   9  40  10  11  11  28  12  48  13   5  14  16  15  35  16  20  17   8  18  47  19   5 
  0  42   1  43   2  44   3  32   4  29   5   7   6   9   7  30   8  36   9  40  10  12  11  25  12  45  13   6  14  14  15  35  16  22  17   9  18  47  19   7 
  0  40   1  42   2  43   3  29   4  29   5   7   6  11   7  26   8  37   9  41  10  11  11  26  12  49  13   9  14  17  15  37  16  22  17  11  18  50  19   3 
  0  39   1  42   2  43   3  29   4  29   5   7   6   9   7  28   8  32   9  39  10  12  11  25  12  46  13   6  14  14  15  33  16  18  17   9  18  47  19   3 
  0  44   1  42   2  47   3  32   4  30   5   9   6  11   7  32   8  36   9  39  10  17  11  30  12  51  13  10  14  15  15  40  16  21  17   9  18  47  19   5 
  0  41   1  42   2  45   3  32   4  31   5   7   6  10   7  28   8  34   9  39  10  15  11  28  12  47  13   8  14  14  15  39  16  22  17  12  18  48  19   7 
  0  44   1  44   2  44   3  32   4  29   5   9   6  10   7  29   8  38   9  40  10  15  11  30  12  50  13   8  14  18  15  37  16  24  17  11  18  48  19   5 
  0  42   1  42   2  46   3  31   4  29   5   7   6   9   7  29   8  36   9  39  10  11  11  29  12  47  13   9  14  14  15  36  16  23  17  10  18  47  19   7 
  0  39   1  42   2  43   3  29   4  30   5   8   6   9   7  27   8  36   9  39  10  12  11  27  12  47  13   5  14  14  15  37  16  21  17   9  18  47  19   3 
  0  43   1  42   2  45   3  33   4  31   5  10   6   9   7  31   8  36   9  41  10  14  11  30  12  48  13   8  14  17  15  39  16  22  17  10  18  48  19   8 
  0  48   1  44   2  45   3  35   4  29   5  10   6  11   7  33   8  39   9  41  10  19  11  32  12  49  13  13  14  19  15  40  16  24  17  12  18  48  19  11 
  0  49   1  42   2  48   3  33   4  31   5   9   6  11   7  30   8  40   9  41  10  16  11  32  12  51  13  11  14  20  15  39  16  24  17  12  18  51  19  11 
  0  45   1  44   2  45   3  31   4  29   5  10   6  10   7  32   8  41   9  40  10  18  11  34  12  52  13  14  14  18  15  42  16  24  17  11  18  51  19   8 
  0  47   1  44   2  45   3  33   4  29   5   9   6  13   7  30   8  41   9  39  10  15  11  32  12  49  13  12  14  20  15  40  16  27  17  12  18  49  19  11 
  0  39   1  43   2  43   3  29   4  29   5   8   6   9   7  28   8  32   9  39  10  13  11  26  12  45  13   5  14  13  15  33  16  19  17   8  18  48  19   4 
  0  40   1  44   2  46   3  31   4  29   5   7   6   9   7  27   8  36   9  41  10  14  11  28  12  47  13   7  14  14  15  34  16  20  17  10  18  47  19   6 
  0  43   1  42   2  43   3  31   4  29   5   7   6  12   7  29   8  33   9  41  10  11  11  27  12  45  13  10  14  16  15  38  16  22  17  11  18  47  19   7 
  0  48   1  44   2  48   3  33   4  30   5  11   6  13   7  34   8  42   9  39  10  19  11  35  12  52  13  15  14  19  15  42  16  27  17  12  18  49  19  11 
  0  43   1  42   2  43   3  29   4  29   5   7   6  10   7  27   8  36   9  39  10  13  11  27  12  46  13   7  14  14  15  33  16  21  17  10  18  50  19   3 
  0  47   1  44   2  46   3  33   4  29   5  10   6  13   7  32   8  42   9  41  10  16  11  33  12  53  13  13  14  18  15  40  16  28  17  12  18  48  19   8 


