
 20  20

  0  64   1  54   2  85   3  78   4  53   5  68   6  95   7  70   8  78   9  87  10  48  11  69  12  61  13  55  14  62  15  90  16  61  17  68  18  45  19  82 
  0  67   1  54   2  86   3  78   4  54   5  68   6  94   7  74   8  80   9  89  10  48  11  74  12  63  13  57  14  63  15  90  16  60  17  67  18  48  19  82 
  0  67   1  58   2  90   3  79   4  55   5  67   6  95   7  72   8  80   9  88  10  47  11  74  12  65  13  57  14  63  15  91  16  61  17  66  18  49  19  82 
  0  68   1  59   2  92   3  81   4  54   5  72   6  98   7  73   8  79   9  89  10  47  11  73  12  67  13  58  14  61  15  95  16  65  17  69  18  47  19  82 
  0  70   1  61   2  93   3  85   4  53   5  70   6  99   7  74   8  78   9  87  10  48  11  75  12  69  13  60  14  66  15  96  16  63  17  73  18  51  19  86 
  0  70   1  57   2  88   3  80   4  55   5  70   6  95   7  72   8  80   9  87  10  47  11  76  12  68  13  58  14  64  15  92  16  61  17  69  18  48  19  85 
  0  65   1  54   2  85   3  78   4  54   5  67   6  93   7  70   8  78   9  89  10  47  11  70  12  61  13  53  14  61  15  90  16  58  17  68  18  46  19  84 
  0  67   1  55   2  87   3  81   4  53   5  67   6  95   7  73   8  80   9  89  10  48  11  74  12  66  13  54  14  60  15  92  16  59  17  66  18  47  19  84 
  0  66   1  55   2  91   3  83   4  55   5  71   6  94   7  74   8  78   9  89  10  49  11  73  12  65  13  57  14  60  15  94  16  60  17  71  18  49  19  83 
  0  69   1  57   2  90   3  83   4  54   5  68   6  94   7  73   8  79   9  89  10  49  11  71  12  63  13  56  14  61  15  93  16  62  17  68  18  50  19  83 
  0  66   1  59   2  88   3  80   4  53   5  71   6  95   7  72   8  80   9  89  10  49  11  71  12  65  13  55  14  63  15  91  16  64  17  70  18  48  19  85 
  0  74   1  62   2  93   3  85   4  55   5  74   6  98   7  78   8  80   9  89  10  48  11  76  12  71  13  61  14  66  15  94  16  66  17  73  18  51  19  83 
  0  64   1  55   2  86   3  81   4  53   5  66   6  93   7  73   8  79   9  87  10  47  11  71  12  64  13  56  14  61  15  93  16  61  17  67  18  49  19  85 
  0  70   1  59   2  93   3  84   4  53   5  74   6  96   7  75   8  80   9  88  10  47  11  76  12  70  13  60  14  66  15  93  16  67  17  74  18  49  19  84 
  0  71   1  58   2  93   3  85   4  55   5  70   6  97   7  76   8  79   9  89  10  47  11  74  12  69  13  61  14  64  15  91  16  66  17  71  18  49  19  82 
  0  74   1  62   2  95   3  83   4  55   5  74   6  97   7  77   8  80   9  88  10  47  11  79  12  70  13  63  14  65  15  96  16  68  17  73  18  53  19  86 
  0  71   1  62   2  95   3  86   4  55   5  74   6  99   7  78   8  80   9  89  10  47  11  79  12  71  13  63  14  65  15  94  16  65  17  74  18  53  19  84 
  0  72   1  61   2  93   3  84   4  55   5  71   6  97   7  77   8  80   9  89  10  49  11  79  12  69  13  62  14  66  15  96  16  66  17  72  18  53  19  85 
  0  68   1  55   2  85   3  78   4  55   5  66   6  96   7  73   8  80   9  87  10  47  11  73  12  64  13  56  14  61  15  91  16  62  17  66  18  49  19  82 
  0  71   1  62   2  95   3  83   4  55   5  74   6  99   7  79   8  78   9  88  10  48  11  78  12  68  13  60  14  66  15  93  16  68  17  74  18  50  19  85 


