
 20  20

  0  39   1  44   2  32   3  49   4  29   5  62   6  33   7  59   8  73   9  47  10  56  11  69  12  61  13  64  14  57  15  47  16  73  17  75  18  43  19  53 
  0  34   1  45   2  32   3  44   4  30   5  60   6  32   7  59   8  72   9  47  10  55  11  63  12  59  13  66  14  55  15  41  16  73  17  73  18  41  19  54 
  0  37   1  45   2  32   3  48   4  28   5  63   6  36   7  60   8  77   9  46  10  56  11  69  12  61  13  66  14  56  15  48  16  70  17  73  18  46  19  54 
  0  38   1  44   2  32   3  51   4  29   5  64   6  35   7  62   8  77   9  47  10  58  11  69  12  59  13  67  14  58  15  45  16  71  17  74  18  46  19  57 
  0  41   1  45   2  32   3  52   4  28   5  63   6  37   7  62   8  77   9  45  10  56  11  67  12  61  13  66  14  58  15  48  16  73  17  77  18  46  19  56 
  0  37   1  45   2  32   3  48   4  29   5  61   6  34   7  61   8  74   9  45  10  58  11  68  12  61  13  67  14  57  15  48  16  73  17  73  18  46  19  56 
  0  39   1  44   2  32   3  50   4  30   5  61   6  34   7  58   8  77   9  47  10  58  11  67  12  61  13  66  14  56  15  45  16  73  17  76  18  46  19  55 
  0  38   1  43   2  32   3  47   4  28   5  61   6  32   7  59   8  75   9  47  10  55  11  68  12  59  13  66  14  56  15  48  16  70  17  72  18  42  19  54 
  0  41   1  43   2  32   3  52   4  29   5  63   6  37   7  61   8  77   9  47  10  58  11  69  12  61  13  65  14  55  15  46  16  73  17  77  18  45  19  55 
  0  38   1  45   2  31   3  50   4  30   5  64   6  36   7  59   8  76   9  47  10  55  11  69  12  61  13  67  14  57  15  48  16  72  17  74  18  44  19  56 
  0  37   1  45   2  30   3  49   4  28   5  63   6  31   7  58   8  71   9  47  10  57  11  63  12  60  13  64  14  52  15  45  16  70  17  72  18  43  19  52 
  0  38   1  44   2  30   3  48   4  28   5  60   6  32   7  57   8  72   9  46  10  56  11  65  12  59  13  65  14  57  15  44  16  73  17  75  18  44  19  53 
  0  37   1  43   2  32   3  44   4  28   5  61   6  31   7  56   8  70   9  45  10  56  11  62  12  61  13  63  14  54  15  44  16  71  17  72  18  41  19  54 
  0  37   1  43   2  32   3  48   4  30   5  63   6  33   7  58   8  74   9  45  10  54  11  67  12  61  13  63  14  56  15  45  16  73  17  73  18  40  19  54 
  0  38   1  43   2  32   3  47   4  28   5  59   6  30   7  59   8  71   9  47  10  53  11  64  12  59  13  64  14  55  15  43  16  72  17  72  18  42  19  53 
  0  40   1  45   2  32   3  48   4  30   5  61   6  35   7  59   8  77   9  45  10  58  11  69  12  60  13  64  14  56  15  45  16  71  17  73  18  44  19  57 
  0  36   1  43   2  30   3  49   4  28   5  60   6  32   7  60   8  73   9  47  10  58  11  67  12  59  13  67  14  55  15  46  16  71  17  75  18  41  19  53 
  0  31   1  45   2  32   3  42   4  30   5  59   6  28   7  54   8  67   9  45  10  52  11  61  12  60  13  63  14  52  15  40  16  70  17  69  18  37  19  49 
  0  40   1  45   2  30   3  52   4  30   5  62   6  34   7  61   8  75   9  46  10  58  11  65  12  61  13  66  14  56  15  46  16  73  17  77  18  45  19  57 
  0  37   1  43   2  32   3  50   4  30   5  64   6  35   7  61   8  76   9  45  10  56  11  66  12  61  13  66  14  55  15  46  16  73  17  74  18  42  19  53 


