
 20  20

  0  45   1  76   2  39   3  66   4  59   5  48   6  27   7  49   8  50   9  42  10  29  11  49  12  64  13  64  14  67  15  70  16  28  17  28  18  50  19  66 
  0  42   1  76   2  38   3  65   4  58   5  47   6  28   7  49   8  49   9  42  10  30  11  46  12  63  13  64  14  66  15  70  16  28  17  28  18  52  19  63 
  0  46   1  76   2  41   3  70   4  62   5  51   6  29   7  50   8  53   9  47  10  31  11  48  12  67  13  68  14  68  15  76  16  36  17  28  18  56  19  71 
  0  45   1  75   2  37   3  71   4  59   5  48   6  29   7  49   8  53   9  45  10  29  11  49  12  67  13  69  14  67  15  75  16  30  17  30  18  54  19  65 
  0  48   1  75   2  38   3  73   4  61   5  52   6  29   7  50   8  52   9  48  10  29  11  49  12  68  13  70  14  68  15  75  16  33  17  28  18  57  19  70 
  0  42   1  75   2  36   3  68   4  60   5  45   6  28   7  51   8  51   9  42  10  29  11  46  12  64  13  67  14  64  15  70  16  28  17  28  18  50  19  64 
  0  49   1  74   2  39   3  71   4  62   5  51   6  27   7  53   8  54   9  46  10  29  11  51  12  69  13  72  14  67  15  78  16  36  17  28  18  57  19  69 
  0  45   1  74   2  38   3  69   4  61   5  46   6  27   7  50   8  52   9  43  10  31  11  46  12  64  13  66  14  66  15  70  16  28  17  30  18  53  19  64 
  0  43   1  74   2  37   3  68   4  60   5  47   6  29   7  50   8  51   9  45  10  29  11  47  12  63  13  66  14  65  15  73  16  32  17  30  18  53  19  66 
  0  45   1  74   2  39   3  71   4  58   5  49   6  27   7  50   8  50   9  46  10  29  11  51  12  65  13  69  14  67  15  75  16  33  17  30  18  54  19  70 
  0  46   1  76   2  40   3  70   4  62   5  50   6  27   7  52   8  55   9  47  10  29  11  51  12  67  13  69  14  65  15  74  16  35  17  28  18  56  19  70 
  0  48   1  75   2  42   3  75   4  62   5  51   6  29   7  53   8  55   9  48  10  31  11  52  12  67  13  72  14  66  15  77  16  35  17  28  18  58  19  72 
  0  45   1  75   2  37   3  67   4  58   5  46   6  27   7  49   8  50   9  44  10  29  11  49  12  63  13  66  14  66  15  71  16  29  17  30  18  51  19  67 
  0  46   1  76   2  37   3  71   4  62   5  51   6  29   7  49   8  53   9  43  10  29  11  48  12  68  13  69  14  64  15  72  16  34  17  28  18  56  19  70 
  0  47   1  76   2  39   3  71   4  60   5  51   6  27   7  53   8  55   9  48  10  31  11  52  12  68  13  68  14  68  15  78  16  34  17  30  18  55  19  68 
  0  47   1  75   2  41   3  72   4  62   5  50   6  29   7  51   8  54   9  48  10  31  11  52  12  66  13  67  14  66  15  75  16  33  17  28  18  56  19  68 
  0  46   1  74   2  39   3  68   4  60   5  46   6  28   7  49   8  51   9  42  10  29  11  48  12  66  13  64  14  64  15  70  16  32  17  30  18  50  19  65 
  0  49   1  75   2  42   3  75   4  62   5  50   6  28   7  51   8  53   9  46  10  29  11  50  12  69  13  72  14  68  15  78  16  37  17  28  18  58  19  70 
  0  46   1  74   2  38   3  71   4  58   5  47   6  27   7  53   8  51   9  44  10  31  11  50  12  68  13  69  14  65  15  76  16  34  17  28  18  56  19  69 
  0  48   1  74   2  42   3  71   4  61   5  48   6  29   7  51   8  54   9  45  10  31  11  51  12  69  13  67  14  66  15  76  16  35  17  30  18  56  19  67 


