
 20  20

  0  54   1  42   2  59   3  65   4  29   5  58   6  38   7  48   8  51   9  35  10  27  11  43  12  38  13  56  14  29  15  31  16  24  17  46  18  56  19  59 
  0  50   1  40   2  59   3  65   4  29   5  52   6  36   7  48   8  50   9  31  10  21  11  42  12  38  13  56  14  29  15  31  16  23  17  42  18  53  19  57 
  0  55   1  42   2  64   3  67   4  33   5  58   6  44   7  54   8  50   9  37  10  31  11  48  12  41  13  55  14  32  15  32  16  25  17  51  18  59  19  65 
  0  49   1  40   2  60   3  65   4  32   5  53   6  37   7  46   8  52   9  33  10  22  11  42  12  37  13  55  14  29  15  29  16  22  17  43  18  56  19  59 
  0  48   1  40   2  60   3  65   4  31   5  54   6  36   7  46   8  51   9  30  10  23  11  41  12  36  13  56  14  27  15  29  16  24  17  42  18  56  19  60 
  0  48   1  40   2  57   3  65   4  31   5  52   6  36   7  46   8  50   9  30  10  22  11  41  12  36  13  54  14  28  15  31  16  21  17  43  18  55  19  58 
  0  51   1  40   2  59   3  65   4  30   5  54   6  36   7  49   8  51   9  33  10  23  11  44  12  36  13  54  14  28  15  30  16  21  17  45  18  55  19  57 
  0  55   1  41   2  64   3  67   4  32   5  58   6  44   7  56   8  52   9  36  10  27  11  50  12  39  13  58  14  32  15  33  16  28  17  48  18  59  19  64 
  0  52   1  44   2  62   3  65   4  29   5  58   6  41   7  49   8  50   9  36  10  24  11  43  12  41  13  57  14  33  15  32  16  23  17  45  18  57  19  60 
  0  58   1  44   2  65   3  66   4  33   5  62   6  44   7  56   8  52   9  40  10  28  11  50  12  40  13  58  14  35  15  33  16  29  17  52  18  57  19  63 
  0  55   1  44   2  62   3  65   4  31   5  59   6  42   7  56   8  52   9  40  10  31  11  51  12  41  13  58  14  35  15  32  16  27  17  52  18  57  19  64 
  0  56   1  44   2  65   3  65   4  32   5  61   6  42   7  54   8  52   9  40  10  29  11  50  12  40  13  58  14  35  15  33  16  29  17  52  18  58  19  65 
  0  50   1  40   2  57   3  67   4  29   5  53   6  39   7  48   8  50   9  30  10  22  11  43  12  37  13  55  14  30  15  29  16  23  17  42  18  55  19  60 
  0  57   1  43   2  61   3  67   4  30   5  57   6  40   7  55   8  50   9  36  10  27  11  50  12  39  13  58  14  34  15  32  16  25  17  48  18  58  19  61 
  0  52   1  41   2  60   3  65   4  33   5  56   6  41   7  50   8  52   9  33  10  26  11  44  12  40  13  55  14  29  15  30  16  27  17  45  18  56  19  62 
  0  56   1  41   2  64   3  65   4  32   5  58   6  43   7  52   8  52   9  40  10  28  11  51  12  42  13  56  14  35  15  30  16  26  17  50  18  56  19  64 
  0  58   1  42   2  63   3  67   4  33   5  62   6  44   7  56   8  52   9  40  10  30  11  51  12  42  13  56  14  35  15  32  16  29  17  52  18  59  19  65 
  0  54   1  43   2  64   3  67   4  33   5  59   6  42   7  52   8  50   9  39  10  30  11  48  12  42  13  55  14  33  15  33  16  25  17  48  18  59  19  63 
  0  53   1  41   2  62   3  67   4  30   5  57   6  41   7  55   8  50   9  38  10  28  11  50  12  42  13  56  14  30  15  33  16  26  17  48  18  56  19  61 
  0  48   1  40   2  57   3  65   4  29   5  52   6  36   7  48   8  51   9  32  10  21  11  41  12  38  13  56  14  29  15  30  16  22  17  44  18  55  19  57 


