
 20  20

  0  53   1  23   2  38   3  52   4  23   5  37   6  22   7  49   8   8   9  22  10  45  11  38  12  55  13  28  14  42  15  14  16  12  17  25  18  45  19  51 
  0  47   1  24   2  32   3  52   4  19   5  36   6  18   7  48   8   7   9  22  10  45  11  35  12  49  13  23  14  39  15   9  16  10  17  24  18  44  19  46 
  0  45   1  23   2  29   3  53   4  18   5  36   6  18   7  45   8   6   9  21  10  40  11  31  12  50  13  24  14  39  15   7  16   8  17  21  18  46  19  46 
  0  54   1  24   2  38   3  52   4  20   5  38   6  20   7  52   8   8   9  26  10  45  11  37  12  52  13  30  14  41  15  15  16  12  17  29  18  46  19  54 
  0  51   1  24   2  37   3  52   4  19   5  38   6  18   7  49   8   7   9  24  10  44  11  37  12  53  13  28  14  41  15  14  16  12  17  26  18  45  19  52 
  0  46   1  25   2  30   3  53   4  19   5  36   6  16   7  48   8   8   9  21  10  42  11  32  12  52  13  23  14  37  15   8  16  10  17  23  18  45  19  45 
  0  44   1  23   2  30   3  52   4  19   5  36   6  18   7  46   8   6   9  23  10  42  11  33  12  49  13  22  14  36  15  10  16   9  17  19  18  46  19  46 
  0  44   1  23   2  30   3  52   4  18   5  38   6  18   7  44   8   7   9  21  10  41  11  33  12  49  13  22  14  36  15   9  16   8  17  19  18  46  19  45 
  0  49   1  24   2  31   3  54   4  17   5  36   6  19   7  45   8   6   9  21  10  41  11  35  12  51  13  23  14  39  15   8  16  11  17  23  18  44  19  48 
  0  48   1  23   2  35   3  52   4  18   5  38   6  17   7  47   8   6   9  24  10  44  11  33  12  51  13  28  14  39  15  14  16  11  17  24  18  48  19  50 
  0  48   1  25   2  30   3  54   4  17   5  36   6  15   7  45   8   6   9  23  10  43  11  35  12  52  13  24  14  37  15  11  16  10  17  21  18  47  19  49 
  0  53   1  25   2  36   3  53   4  23   5  37   6  22   7  52   8   8   9  24  10  48  11  40  12  54  13  27  14  44  15  16  16  14  17  27  18  48  19  50 
  0  44   1  23   2  31   3  53   4  17   5  36   6  17   7  44   8   6   9  22  10  40  11  33  12  50  13  25  14  37  15   8  16  11  17  21  18  44  19  47 
  0  51   1  23   2  35   3  52   4  20   5  38   6  18   7  49   8   6   9  24  10  45  11  36  12  51  13  27  14  41  15  13  16  13  17  26  18  48  19  50 
  0  50   1  24   2  34   3  53   4  21   5  37   6  20   7  51   8   6   9  24  10  45  11  39  12  53  13  28  14  42  15  15  16  16  17  28  18  46  19  53 
  0  44   1  23   2  31   3  53   4  19   5  38   6  15   7  44   8   6   9  20  10  41  11  30  12  49  13  23  14  36  15   7  16   8  17  19  18  44  19  44 
  0  47   1  25   2  32   3  52   4  17   5  36   6  18   7  46   8   6   9  23  10  44  11  34  12  52  13  27  14  41  15   9  16  12  17  25  18  44  19  48 
  0  50   1  23   2  34   3  52   4  20   5  38   6  18   7  53   8   8   9  26  10  44  11  35  12  52  13  28  14  41  15  13  16  11  17  25  18  46  19  52 
  0  49   1  25   2  36   3  52   4  23   5  37   6  21   7  50   8   8   9  22  10  46  11  38  12  51  13  26  14  43  15  13  16  13  17  26  18  45  19  52 
  0  50   1  23   2  33   3  54   4  18   5  37   6  17   7  50   8   6   9  25  10  42  11  37  12  52  13  28  14  39  15  14  16  11  17  23  18  46  19  50 


