
 20  20

  0  46   1  74   2  63   3  85   4  89   5  69   6  74   7  76   8  56   9  85  10  64  11  44  12  83  13  50  14  80  15  44  16  73  17  77  18  74  19  58 
  0  43   1  75   2  61   3  83   4  89   5  68   6  72   7  75   8  55   9  82  10  59  11  41  12  83  13  46  14  75  15  40  16  70  17  75  18  74  19  55 
  0  46   1  75   2  61   3  88   4  90   5  67   6  74   7  77   8  56   9  84  10  61  11  41  12  83  13  47  14  78  15  45  16  72  17  76  18  76  19  59 
  0  50   1  74   2  63   3  88   4  92   5  67   6  75   7  75   8  54   9  84  10  64  11  46  12  83  13  50  14  77  15  46  16  74  17  80  18  74  19  60 
  0  48   1  76   2  62   3  87   4  91   5  68   6  74   7  77   8  58   9  87  10  64  11  42  12  85  13  50  14  80  15  45  16  72  17  81  18  75  19  62 
  0  49   1  76   2  61   3  90   4  91   5  70   6  74   7  77   8  58   9  84  10  64  11  44  12  83  13  47  14  77  15  44  16  76  17  77  18  76  19  62 
  0  47   1  75   2  63   3  87   4  89   5  67   6  74   7  75   8  56   9  82  10  64  11  44  12  83  13  46  14  77  15  43  16  73  17  77  18  74  19  58 
  0  45   1  74   2  61   3  86   4  87   5  65   6  72   7  77   8  56   9  84  10  61  11  42  12  85  13  48  14  78  15  40  16  70  17  74  18  74  19  57 
  0  49   1  76   2  63   3  90   4  92   5  69   6  75   7  76   8  58   9  86  10  62  11  47  12  84  13  50  14  80  15  48  16  74  17  79  18  76  19  64 
  0  53   1  76   2  61   3  92   4  91   5  71   6  73   7  77   8  56   9  87  10  65  11  47  12  85  13  50  14  81  15  47  16  76  17  82  18  75  19  64 
  0  48   1  74   2  61   3  87   4  90   5  67   6  74   7  75   8  56   9  85  10  64  11  42  12  84  13  46  14  77  15  44  16  73  17  79  18  76  19  61 
  0  49   1  74   2  62   3  86   4  90   5  68   6  73   7  75   8  57   9  85  10  63  11  43  12  85  13  50  14  79  15  41  16  73  17  75  18  76  19  57 
  0  46   1  75   2  63   3  86   4  87   5  67   6  71   7  75   8  54   9  83  10  59  11  42  12  83  13  47  14  77  15  43  16  68  17  73  18  74  19  54 
  0  44   1  76   2  62   3  85   4  87   5  66   6  71   7  75   8  56   9  81  10  61  11  42  12  83  13  46  14  75  15  42  16  68  17  74  18  75  19  56 
  0  44   1  74   2  62   3  84   4  90   5  68   6  71   7  75   8  54   9  83  10  60  11  40  12  83  13  46  14  77  15  41  16  71  17  75  18  74  19  56 
  0  45   1  74   2  61   3  83   4  91   5  68   6  71   7  75   8  55   9  84  10  60  11  42  12  83  13  49  14  76  15  45  16  71  17  74  18  76  19  58 
  0  49   1  76   2  63   3  89   4  93   5  69   6  72   7  77   8  58   9  87  10  63  11  44  12  83  13  50  14  81  15  47  16  76  17  79  18  76  19  61 
  0  47   1  74   2  63   3  87   4  89   5  67   6  73   7  75   8  55   9  85  10  62  11  42  12  85  13  46  14  78  15  40  16  72  17  73  18  76  19  57 
  0  50   1  76   2  61   3  90   4  93   5  68   6  75   7  77   8  57   9  86  10  64  11  45  12  83  13  50  14  79  15  45  16  73  17  80  18  75  19  58 
  0  43   1  74   2  62   3  84   4  89   5  66   6  71   7  75   8  54   9  81  10  61  11  39  12  84  13  46  14  77  15  42  16  68  17  75  18  74  19  57 


