
 20  20

  0  11   1   9   2  51   3  33   4  22   5  53   6  20   7  30   8  13   9  56  10  55  11  14  12  58  13  36  14  37  15  32  16  21  17  33  18  19  19  39 
  0   9   1   9   2  51   3  27   4  23   5  52   6  18   7  27   8  12   9  56  10  53  11  12  12  57  13  29  14  37  15  33  16  20  17  35  18  21  19  37 
  0   4   1   9   2  49   3  27   4  22   5  51   6  17   7  24   8  11   9  53  10  53  11  12  12  55  13  28  14  34  15  30  16  19  17  35  18  20  19  37 
  0   4   1   8   2  49   3  28   4  24   5  51   6  18   7  27   8  12   9  54  10  56  11  11  12  56  13  31  14  34  15  30  16  19  17  36  18  19  19  37 
  0   8   1   8   2  47   3  28   4  24   5  51   6  17   7  24   8  10   9  53  10  53  11  15  12  55  13  29  14  37  15  31  16  20  17  36  18  21  19  40 
  0   8   1   9   2  48   3  28   4  24   5  54   6  20   7  26   8  10   9  53  10  55  11  12  12  55  13  31  14  34  15  30  16  21  17  35  18  19  19  37 
  0  13   1  12   2  53   3  33   4  23   5  54   6  20   7  32   8  14   9  57  10  57  11  16  12  60  13  35  14  36  15  34  16  23  17  35  18  21  19  41 
  0  14   1  11   2  53   3  35   4  24   5  55   6  22   7  29   8  14   9  56  10  59  11  16  12  61  13  37  14  38  15  34  16  23  17  37  18  19  19  39 
  0  11   1   9   2  53   3  31   4  24   5  55   6  24   7  27   8  14   9  55  10  58  11  16  12  56  13  33  14  37  15  34  16  21  17  37  18  21  19  41 
  0   9   1   8   2  51   3  29   4  22   5  50   6  21   7  26   8  10   9  55  10  54  11  16  12  58  13  32  14  37  15  30  16  19  17  33  18  19  19  37 
  0   8   1   9   2  50   3  26   4  24   5  52   6  22   7  24   8  10   9  55  10  54  11  13  12  58  13  31  14  34  15  30  16  19  17  33  18  19  19  37 
  0   8   1   8   2  48   3  26   4  22   5  51   6  19   7  24   8  13   9  54  10  54  11  11  12  55  13  32  14  34  15  33  16  21  17  34  18  20  19  40 
  0  14   1  13   2  56   3  35   4  22   5  56   6  25   7  33   8  13   9  55  10  59  11  19  12  61  13  38  14  38  15  34  16  22  17  35  18  21  19  41 
  0   6   1   6   2  48   3  25   4  24   5  50   6  17   7  23   8  10   9  53  10  53  11  11  12  53  13  28  14  35  15  31  16  19  17  35  18  21  19  37 
  0   9   1  10   2  52   3  31   4  23   5  51   6  20   7  26   8  12   9  55  10  57  11  15  12  56  13  34  14  35  15  33  16  22  17  35  18  19  19  39 
  0  11   1  13   2  52   3  30   4  22   5  54   6  24   7  29   8  12   9  57  10  55  11  16  12  57  13  37  14  38  15  32  16  23  17  37  18  21  19  40 
  0  11   1  12   2  51   3  33   4  23   5  56   6  24   7  28   8  11   9  57  10  57  11  18  12  58  13  37  14  35  15  32  16  20  17  35  18  19  19  39 
  0  14   1  13   2  55   3  32   4  24   5  55   6  23   7  29   8  11   9  54  10  59  11  17  12  61  13  37  14  38  15  32  16  21  17  35  18  21  19  41 
  0  10   1  12   2  55   3  30   4  22   5  52   6  20   7  31   8  12   9  56  10  58  11  16  12  56  13  36  14  37  15  31  16  21  17  37  18  21  19  39 
  0   7   1   6   2  47   3  26   4  22   5  51   6  21   7  25   8  11   9  53  10  56  11  11  12  54  13  32  14  34  15  30  16  19  17  34  18  21  19  38 


