
 20  20

  0  51   1  92   2  65   3  85   4  71   5  69   6  49   7  51   8  45   9  61  10  64  11  62  12  53  13  48  14  57  15  94  16  95  17  52  18  68  19  82 
  0  51   1  93   2  65   3  85   4  71   5  71   6  49   7  52   8  44   9  59  10  60  11  61  12  55  13  46  14  55  15  92  16  94  17  53  18  66  19  81 
  0  49   1  89   2  61   3  81   4  69   5  65   6  49   7  51   8  46   9  55  10  60  11  61  12  53  13  47  14  53  15  94  16  93  17  53  18  62  19  80 
  0  53   1  90   2  65   3  83   4  69   5  67   6  47   7  53   8  45   9  59  10  61  11  62  12  53  13  49  14  55  15  93  16  96  17  52  18  64  19  82 
  0  46   1  92   2  65   3  81   4  69   5  69   6  49   7  53   8  43   9  55  10  60  11  60  12  51  13  47  14  54  15  93  16  93  17  53  18  61  19  77 
  0  53   1  91   2  66   3  87   4  70   5  71   6  49   7  51   8  46   9  60  10  62  11  62  12  53  13  48  14  57  15  94  16  96  17  51  18  68  19  83 
  0  51   1  90   2  66   3  84   4  71   5  67   6  47   7  51   8  44   9  57  10  60  11  63  12  53  13  49  14  56  15  94  16  94  17  51  18  66  19  82 
  0  46   1  89   2  62   3  77   4  71   5  65   6  47   7  53   8  43   9  53  10  58  11  58  12  51  13  45  14  55  15  92  16  89  17  52  18  60  19  75 
  0  51   1  91   2  65   3  84   4  71   5  66   6  48   7  53   8  46   9  56  10  63  11  60  12  53  13  48  14  56  15  94  16  91  17  53  18  61  19  80 
  0  54   1  93   2  66   3  87   4  71   5  71   6  49   7  53   8  47   9  61  10  64  11  61  12  53  13  49  14  57  15  94  16  95  17  53  18  68  19  82 
  0  46   1  92   2  62   3  80   4  71   5  67   6  47   7  51   8  43   9  55  10  58  11  57  12  51  13  45  14  56  15  92  16  92  17  53  18  58  19  76 
  0  44   1  89   2  62   3  78   4  69   5  65   6  47   7  51   8  42   9  53  10  60  11  60  12  52  13  45  14  54  15  92  16  90  17  51  18  58  19  75 
  0  46   1  92   2  61   3  80   4  69   5  66   6  47   7  53   8  44   9  57  10  60  11  58  12  51  13  49  14  53  15  92  16  94  17  52  18  61  19  78 
  0  51   1  89   2  66   3  81   4  71   5  66   6  49   7  53   8  45   9  58  10  63  11  62  12  51  13  45  14  54  15  92  16  93  17  53  18  65  19  80 
  0  47   1  92   2  64   3  80   4  71   5  67   6  49   7  53   8  45   9  57  10  59  11  59  12  54  13  49  14  56  15  93  16  93  17  53  18  63  19  81 
  0  49   1  90   2  63   3  79   4  69   5  68   6  47   7  51   8  42   9  54  10  61  11  59  12  51  13  47  14  53  15  92  16  91  17  52  18  64  19  80 
  0  52   1  92   2  66   3  87   4  69   5  71   6  49   7  53   8  48   9  59  10  64  11  63  12  55  13  49  14  55  15  93  16  95  17  53  18  68  19  80 
  0  46   1  90   2  61   3  77   4  69   5  66   6  48   7  51   8  42   9  53  10  58  11  57  12  51  13  45  14  54  15  92  16  90  17  53  18  58  19  75 
  0  47   1  91   2  64   3  81   4  69   5  69   6  47   7  52   8  46   9  58  10  63  11  61  12  54  13  45  14  56  15  92  16  95  17  51  18  65  19  77 
  0  44   1  91   2  64   3  80   4  69   5  68   6  49   7  51   8  42   9  51  10  58  11  60  12  51  13  45  14  56  15  92  16  89  17  51  18  58  19  76 


