
 20  20

  0  60   1  69   2  38   3  55   4  40   5  59   6  81   7  66   8  81   9  72  10  77  11  68  12  60  13  38  14  52  15  77  16  74  17  48  18  37  19  62 
  0  68   1  71   2  43   3  57   4  42   5  65   6  81   7  68   8  84   9  73  10  83  11  77  12  66  13  39  14  55  15  78  16  76  17  54  18  42  19  68 
  0  62   1  70   2  39   3  57   4  40   5  64   6  79   7  68   8  83   9  74  10  80  11  74  12  64  13  40  14  54  15  79  16  75  17  48  18  40  19  64 
  0  69   1  70   2  45   3  57   4  42   5  67   6  81   7  70   8  81   9  74  10  84  11  76  12  65  13  40  14  58  15  81  16  76  17  52  18  40  19  68 
  0  69   1  72   2  44   3  57   4  41   5  67   6  80   7  68   8  83   9  72  10  84  11  74  12  66  13  39  14  58  15  81  16  76  17  55  18  43  19  68 
  0  69   1  72   2  45   3  57   4  43   5  67   6  83   7  68   8  84   9  75  10  87  11  78  12  66  13  40  14  56  15  79  16  76  17  55  18  43  19  71 
  0  67   1  73   2  45   3  57   4  42   5  63   6  81   7  67   8  82   9  72  10  86  11  77  12  63  13  40  14  55  15  81  16  76  17  55  18  39  19  66 
  0  61   1  69   2  39   3  57   4  39   5  59   6  79   7  66   8  82   9  71  10  80  11  73  12  64  13  38  14  55  15  77  16  74  17  50  18  41  19  62 
  0  65   1  70   2  38   3  57   4  38   5  63   6  81   7  66   8  80   9  71  10  83  11  70  12  63  13  38  14  54  15  77  16  76  17  52  18  37  19  67 
  0  60   1  70   2  38   3  55   4  38   5  61   6  79   7  66   8  80   9  71  10  79  11  68  12  60  13  38  14  52  15  77  16  74  17  47  18  37  19  62 
  0  69   1  71   2  41   3  57   4  43   5  65   6  83   7  70   8  81   9  74  10  86  11  77  12  66  13  40  14  55  15  78  16  76  17  52  18  40  19  71 
  0  65   1  71   2  42   3  55   4  44   5  67   6  82   7  67   8  81   9  75  10  83  11  75  12  65  13  38  14  57  15  80  16  74  17  52  18  39  19  67 
  0  60   1  70   2  37   3  56   4  38   5  59   6  79   7  67   8  80   9  71  10  79  11  68  12  60  13  38  14  54  15  77  16  74  17  49  18  37  19  61 
  0  59   1  69   2  40   3  55   4  38   5  59   6  79   7  68   8  80   9  71  10  77  11  71  12  61  13  38  14  52  15  79  16  74  17  49  18  38  19  61 
  0  62   1  69   2  38   3  55   4  39   5  59   6  82   7  69   8  82   9  71  10  81  11  68  12  62  13  38  14  52  15  77  16  76  17  49  18  37  19  65 
  0  62   1  70   2  39   3  55   4  42   5  64   6  81   7  66   8  80   9  71  10  82  11  73  12  63  13  40  14  55  15  80  16  75  17  51  18  39  19  65 
  0  61   1  69   2  39   3  55   4  38   5  63   6  79   7  68   8  83   9  74  10  81  11  71  12  63  13  38  14  53  15  77  16  74  17  48  18  37  19  63 
  0  68   1  73   2  45   3  57   4  42   5  67   6  83   7  70   8  82   9  73  10  85  11  76  12  66  13  40  14  57  15  81  16  76  17  55  18  41  19  71 
  0  64   1  72   2  43   3  55   4  41   5  65   6  79   7  70   8  81   9  72  10  82  11  74  12  61  13  40  14  53  15  81  16  74  17  50  18  38  19  67 
  0  61   1  70   2  42   3  55   4  41   5  61   6  79   7  66   8  80   9  71  10  83  11  74  12  63  13  38  14  54  15  77  16  74  17  49  18  40  19  67 


