
 20  20

  0  37   1  45   2  25   3  29   4  41   5  50   6  23   7   5   8  28   9  24  10  17  11  50  12  47  13  21  14  30  15  29  16  53  17  17  18  36  19  35 
  0  43   1  43   2  27   3  33   4  39   5  52   6  25   7   7   8  32   9  25  10  22  11  53  12  45  13  25  14  30  15  36  16  52  17  18  18  38  19  37 
  0  36   1  45   2  24   3  31   4  40   5  50   6  23   7   8   8  29   9  23  10  17  11  49  12  45  13  24  14  30  15  31  16  51  17  18  18  32  19  32 
  0  37   1  43   2  25   3  31   4  41   5  52   6  24   7   5   8  28   9  24  10  15  11  50  12  45  13  23  14  29  15  32  16  51  17  15  18  34  19  36 
  0  43   1  45   2  29   3  32   4  41   5  52   6  25   7   6   8  30   9  25  10  21  11  52  12  47  13  23  14  31  15  32  16  52  17  22  18  38  19  38 
  0  40   1  45   2  29   3  33   4  39   5  51   6  27   7   8   8  29   9  23  10  21  11  52  12  47  13  23  14  31  15  36  16  53  17  20  18  36  19  37 
  0  38   1  44   2  26   3  29   4  39   5  52   6  21   7   7   8  27   9  23  10  15  11  51  12  45  13  24  14  29  15  29  16  51  17  16  18  35  19  35 
  0  37   1  43   2  28   3  32   4  41   5  52   6  25   7   6   8  30   9  25  10  21  11  53  12  45  13  21  14  31  15  32  16  51  17  18  18  35  19  36 
  0  42   1  45   2  29   3  32   4  41   5  50   6  27   7   6   8  29   9  25  10  24  11  51  12  45  13  24  14  30  15  36  16  53  17  20  18  35  19  39 
  0  41   1  45   2  29   3  33   4  41   5  52   6  25   7   9   8  31   9  25  10  23  11  53  12  47  13  25  14  29  15  33  16  53  17  22  18  38  19  37 
  0  34   1  43   2  27   3  29   4  39   5  50   6  21   7   5   8  27   9  25  10  16  11  50  12  46  13  21  14  29  15  28  16  53  17  15  18  35  19  33 
  0  38   1  45   2  27   3  29   4  40   5  50   6  23   7   9   8  27   9  23  10  21  11  53  12  46  13  24  14  31  15  34  16  53  17  17  18  34  19  36 
  0  35   1  45   2  24   3  30   4  39   5  52   6  24   7   5   8  26   9  23  10  16  11  49  12  45  13  21  14  29  15  31  16  51  17  15  18  32  19  31 
  0  43   1  44   2  27   3  33   4  40   5  52   6  27   7   7   8  29   9  25  10  22  11  53  12  47  13  25  14  29  15  36  16  52  17  22  18  38  19  39 
  0  41   1  45   2  26   3  33   4  40   5  50   6  23   7   5   8  29   9  23  10  20  11  50  12  47  13  25  14  29  15  30  16  51  17  20  18  36  19  34 
  0  36   1  43   2  27   3  29   4  40   5  50   6  24   7   5   8  27   9  24  10  17  11  49  12  45  13  23  14  29  15  28  16  51  17  17  18  35  19  33 
  0  43   1  43   2  29   3  30   4  41   5  50   6  24   7   8   8  28   9  24  10  20  11  53  12  45  13  24  14  29  15  34  16  51  17  18  18  36  19  37 
  0  43   1  45   2  29   3  32   4  40   5  51   6  25   7   6   8  32   9  24  10  23  11  53  12  45  13  24  14  31  15  35  16  53  17  22  18  35  19  39 
  0  43   1  45   2  28   3  33   4  41   5  52   6  27   7   7   8  30   9  23  10  22  11  52  12  45  13  25  14  31  15  36  16  53  17  22  18  36  19  38 
  0  40   1  45   2  25   3  33   4  39   5  50   6  26   7   5   8  29   9  25  10  21  11  52  12  46  13  23  14  30  15  33  16  51  17  20  18  33  19  36 


