
 20  20

  0  37   1  36   2  38   3  40   4  44   5  37   6  59   7  45   8  53   9  29  10  60  11  47  12  63  13  43  14  56  15  58  16  43  17  59  18  43  19  46 
  0  39   1  37   2  39   3  45   4  49   5  43   6  63   7  46   8  55   9  28  10  64  11  47  12  63  13  46  14  58  15  59  16  44  17  59  18  44  19  50 
  0  46   1  39   2  39   3  45   4  51   5  42   6  64   7  46   8  57   9  31  10  69  11  50  12  64  13  50  14  61  15  64  16  42  17  59  18  45  19  52 
  0  41   1  42   2  40   3  46   4  48   5  42   6  62   7  47   8  56   9  33  10  65  11  50  12  64  13  52  14  60  15  64  16  42  17  61  18  46  19  48 
  0  41   1  38   2  39   3  44   4  49   5  43   6  66   7  46   8  57   9  33  10  69  11  47  12  64  13  50  14  62  15  61  16  44  17  59  18  43  19  48 
  0  41   1  41   2  42   3  44   4  47   5  41   6  66   7  48   8  55   9  32  10  67  11  48  12  63  13  50  14  60  15  63  16  44  17  60  18  45  19  49 
  0  41   1  38   2  41   3  44   4  46   5  42   6  60   7  44   8  55   9  29  10  65  11  50  12  64  13  45  14  56  15  58  16  42  17  59  18  45  19  48 
  0  39   1  37   2  41   3  43   4  44   5  37   6  62   7  43   8  54   9  26  10  61  11  49  12  62  13  46  14  57  15  62  16  42  17  60  18  41  19  48 
  0  38   1  37   2  39   3  41   4  44   5  39   6  59   7  43   8  55   9  31  10  63  11  49  12  62  13  49  14  60  15  60  16  43  17  61  18  45  19  49 
  0  37   1  37   2  38   3  40   4  46   5  37   6  59   7  46   8  54   9  28  10  61  11  48  12  62  13  44  14  59  15  59  16  42  17  60  18  42  19  46 
  0  39   1  36   2  38   3  40   4  43   5  37   6  59   7  43   8  54   9  28  10  63  11  46  12  62  13  46  14  56  15  58  16  44  17  61  18  41  19  48 
  0  44   1  42   2  42   3  44   4  50   5  45   6  65   7  47   8  55   9  32  10  70  11  50  12  62  13  52  14  62  15  63  16  43  17  61  18  44  19  52 
  0  39   1  39   2  38   3  40   4  43   5  37   6  57   7  46   8  51   9  27  10  62  11  46  12  62  13  43  14  56  15  60  16  42  17  59  18  42  19  47 
  0  43   1  42   2  41   3  45   4  51   5  43   6  67   7  49   8  57   9  34  10  67  11  50  12  64  13  51  14  62  15  64  16  44  17  61  18  46  19  52 
  0  39   1  39   2  41   3  42   4  44   5  39   6  60   7  44   8  52   9  27  10  64  11  49  12  62  13  47  14  58  15  58  16  43  17  60  18  41  19  50 
  0  39   1  36   2  38   3  42   4  45   5  39   6  60   7  43   8  51   9  29  10  61  11  47  12  63  13  43  14  58  15  60  16  42  17  59  18  42  19  46 
  0  41   1  39   2  39   3  42   4  46   5  42   6  65   7  46   8  56   9  30  10  68  11  49  12  64  13  49  14  58  15  59  16  42  17  59  18  46  19  50 
  0  45   1  42   2  42   3  44   4  50   5  42   6  67   7  49   8  58   9  33  10  70  11  50  12  64  13  50  14  60  15  64  16  44  17  61  18  45  19  52 
  0  45   1  41   2  42   3  45   4  51   5  42   6  66   7  49   8  59   9  32  10  70  11  48  12  63  13  53  14  62  15  61  16  44  17  61  18  47  19  52 
  0  37   1  36   2  40   3  42   4  43   5  38   6  60   7  46   8  53   9  26  10  61  11  46  12  62  13  43  14  56  15  59  16  42  17  59  18  41  19  48 


