
 20  20

  0  64   1  70   2  69   3  37   4  61   5  46   6  39   7  47   8  33   9  33  10  54  11  31  12  48  13  62  14  43  15  62  16  35  17  54  18  69  19  30 
  0  62   1  72   2  69   3  39   4  62   5  45   6  35   7  43   8  33   9  33  10  51  11  32  12  47  13  60  14  44  15  59  16  35  17  55  18  67  19  26 
  0  62   1  72   2  69   3  37   4  62   5  48   6  35   7  47   8  32   9  35  10  52  11  31  12  47  13  61  14  42  15  59  16  35  17  56  18  68  19  26 
  0  63   1  70   2  67   3  39   4  59   5  43   6  34   7  45   8  32   9  32  10  51  11  29  12  45  13  60  14  44  15  59  16  34  17  52  18  69  19  27 
  0  65   1  73   2  68   3  37   4  61   5  47   6  37   7  47   8  33   9  33  10  54  11  31  12  50  13  60  14  41  15  62  16  35  17  54  18  66  19  26 
  0  62   1  70   2  69   3  37   4  59   5  42   6  36   7  42   8  30   9  33  10  52  11  32  12  44  13  57  14  40  15  58  16  35  17  55  18  65  19  24 
  0  57   1  69   2  67   3  37   4  59   5  39   6  32   7  42   8  27   9  31  10  46  11  29  12  40  13  57  14  40  15  58  16  35  17  48  18  65  19  22 
  0  61   1  69   2  68   3  38   4  57   5  42   6  36   7  45   8  30   9  34  10  50  11  31  12  43  13  60  14  41  15  58  16  35  17  54  18  65  19  23 
  0  64   1  73   2  69   3  39   4  62   5  49   6  39   7  46   8  30   9  34  10  54  11  33  12  49  13  61  14  44  15  62  16  34  17  57  18  69  19  27 
  0  61   1  70   2  67   3  39   4  60   5  46   6  35   7  46   8  28   9  33  10  48  11  31  12  47  13  61  14  40  15  61  16  33  17  52  18  66  19  27 
  0  67   1  73   2  68   3  39   4  63   5  49   6  39   7  47   8  32   9  35  10  54  11  31  12  50  13  60  14  44  15  62  16  35  17  58  18  67  19  30 
  0  60   1  71   2  69   3  37   4  60   5  40   6  33   7  44   8  28   9  32  10  47  11  28  12  41  13  60  14  42  15  60  16  35  17  49  18  68  19  24 
  0  57   1  70   2  68   3  39   4  57   5  41   6  32   7  43   8  28   9  32  10  49  11  27  12  43  13  56  14  43  15  60  16  33  17  49  18  65  19  20 
  0  65   1  69   2  67   3  39   4  62   5  44   6  36   7  45   8  28   9  31  10  51  11  29  12  46  13  58  14  40  15  58  16  33  17  56  18  67  19  26 
  0  65   1  73   2  69   3  37   4  59   5  47   6  38   7  46   8  31   9  33  10  51  11  32  12  45  13  62  14  43  15  62  16  35  17  54  18  66  19  26 
  0  63   1  73   2  69   3  39   4  62   5  46   6  39   7  43   8  31   9  34  10  50  11  33  12  49  13  58  14  44  15  61  16  34  17  56  18  67  19  25 
  0  63   1  73   2  69   3  38   4  63   5  44   6  38   7  44   8  32   9  32  10  51  11  30  12  46  13  60  14  43  15  62  16  33  17  56  18  69  19  27 
  0  65   1  73   2  67   3  38   4  61   5  46   6  35   7  46   8  31   9  32  10  51  11  31  12  44  13  58  14  42  15  60  16  33  17  54  18  65  19  26 
  0  63   1  73   2  69   3  39   4  60   5  46   6  35   7  42   8  28   9  35  10  50  11  29  12  47  13  60  14  44  15  58  16  33  17  54  18  66  19  27 
  0  66   1  73   2  68   3  37   4  62   5  48   6  38   7  47   8  33   9  35  10  54  11  32  12  50  13  61  14  44  15  62  16  35  17  55  18  68  19  27 


