
 20  20

  0  72   1  62   2  67   3  66   4  74   5  52   6  51   7  49   8  77   9  50  10  67  11  84  12  47  13  78  14  52  15  77  16  77  17  74  18  78  19  42 
  0  62   1  54   2  65   3  62   4  75   5  50   6  49   7  50   8  77   9  49  10  63  11  79  12  46  13  79  14  48  15  72  16  69  17  69  18  76  19  41 
  0  67   1  58   2  67   3  65   4  73   5  50   6  50   7  51   8  78   9  49  10  66  11  83  12  45  13  79  14  50  15  77  16  76  17  75  18  78  19  42 
  0  63   1  57   2  65   3  65   4  73   5  50   6  51   7  49   8  74   9  48  10  64  11  81  12  47  13  78  14  51  15  72  16  70  17  71  18  78  19  43 
  0  71   1  60   2  67   3  66   4  74   5  52   6  49   7  51   8  78   9  50  10  70  11  84  12  49  13  80  14  49  15  78  16  75  17  77  18  80  19  45 
  0  72   1  61   2  67   3  66   4  75   5  52   6  51   7  50   8  78   9  49  10  69  11  85  12  48  13  80  14  52  15  77  16  77  17  77  18  80  19  44 
  0  63   1  56   2  65   3  65   4  73   5  52   6  51   7  49   8  75   9  48  10  63  11  81  12  45  13  77  14  51  15  72  16  72  17  72  18  75  19  43 
  0  67   1  56   2  65   3  64   4  75   5  51   6  49   7  49   8  76   9  48  10  65  11  82  12  45  13  80  14  51  15  72  16  73  17  72  18  78  19  44 
  0  69   1  61   2  69   3  67   4  74   5  52   6  50   7  49   8  78   9  48  10  69  11  83  12  48  13  81  14  50  15  78  16  78  17  76  18  78  19  45 
  0  69   1  62   2  67   3  66   4  75   5  51   6  50   7  50   8  77   9  50  10  70  11  85  12  49  13  79  14  49  15  75  16  75  17  75  18  77  19  45 
  0  69   1  58   2  67   3  63   4  74   5  50   6  49   7  49   8  75   9  50  10  64  11  81  12  46  13  80  14  51  15  73  16  71  17  72  18  77  19  44 
  0  68   1  56   2  68   3  67   4  75   5  50   6  50   7  49   8  74   9  49  10  62  11  82  12  49  13  77  14  52  15  76  16  74  17  71  18  76  19  43 
  0  68   1  59   2  67   3  66   4  73   5  51   6  50   7  51   8  76   9  49  10  64  11  79  12  47  13  78  14  49  15  73  16  74  17  74  18  77  19  41 
  0  62   1  54   2  65   3  62   4  73   5  50   6  49   7  49   8  74   9  48  10  62  11  80  12  47  13  78  14  49  15  74  16  69  17  69  18  74  19  42 
  0  64   1  54   2  66   3  63   4  73   5  51   6  49   7  49   8  74   9  48  10  61  11  79  12  45  13  78  14  50  15  73  16  70  17  69  18  74  19  41 
  0  66   1  57   2  65   3  64   4  74   5  50   6  49   7  49   8  74   9  48  10  64  11  77  12  47  13  80  14  49  15  72  16  72  17  70  18  75  19  41 
  0  68   1  57   2  65   3  65   4  75   5  52   6  49   7  49   8  77   9  50  10  65  11  78  12  45  13  77  14  50  15  75  16  71  17  71  18  78  19  45 
  0  69   1  59   2  65   3  63   4  73   5  52   6  51   7  50   8  76   9  50  10  64  11  81  12  47  13  77  14  48  15  75  16  72  17  72  18  77  19  41 
  0  63   1  55   2  65   3  64   4  75   5  52   6  49   7  49   8  76   9  50  10  62  11  80  12  46  13  78  14  48  15  74  16  68  17  70  18  74  19  42 
  0  66   1  59   2  66   3  67   4  75   5  50   6  49   7  51   8  75   9  50  10  62  11  83  12  46  13  78  14  48  15  77  16  72  17  74  18  78  19  43 


