
 20  20

  0  32   1  60   2  34   3  20   4  67   5  59   6  69   7  53   8  28   9  31  10  39  11  66  12  61  13  49  14  48  15  30  16  34  17  54  18  36  19  38 
  0  36   1  60   2  33   3  24   4  70   5  59   6  72   7  56   8  29   9  32  10  40  11  67  12  61  13  48  14  50  15  34  16  35  17  55  18  36  19  37 
  0  37   1  62   2  34   3  24   4  70   5  56   6  69   7  58   8  29   9  33  10  41  11  68  12  62  13  49  14  51  15  33  16  36  17  53  18  38  19  37 
  0  30   1  59   2  34   3  20   4  64   5  53   6  67   7  48   8  25   9  29  10  41  11  60  12  58  13  45  14  44  15  31  16  31  17  55  18  31  19  34 
  0  35   1  60   2  34   3  24   4  68   5  59   6  70   7  58   8  27   9  33  10  42  11  68  12  60  13  47  14  50  15  34  16  37  17  55  18  38  19  38 
  0  32   1  58   2  32   3  22   4  67   5  51   6  66   7  51   8  27   9  29  10  38  11  62  12  56  13  43  14  43  15  31  16  31  17  53  18  30  19  35 
  0  32   1  59   2  34   3  19   4  66   5  55   6  67   7  53   8  29   9  29  10  39  11  65  12  59  13  46  14  45  15  32  16  33  17  55  18  31  19  37 
  0  33   1  58   2  34   3  20   4  68   5  59   6  71   7  57   8  29   9  31  10  40  11  67  12  58  13  48  14  47  15  34  16  33  17  55  18  36  19  37 
  0  36   1  60   2  34   3  21   4  70   5  57   6  69   7  58   8  29   9  33  10  42  11  66  12  62  13  49  14  51  15  33  16  34  17  55  18  38  19  38 
  0  35   1  57   2  32   3  22   4  67   5  54   6  70   7  55   8  25   9  32  10  39  11  66  12  60  13  45  14  49  15  32  16  32  17  53  18  34  19  37 
  0  37   1  60   2  32   3  22   4  70   5  59   6  72   7  56   8  28   9  33  10  42  11  68  12  62  13  49  14  52  15  34  16  36  17  53  18  38  19  38 
  0  30   1  60   2  32   3  19   4  67   5  53   6  66   7  54   8  27   9  31  10  41  11  65  12  56  13  44  14  48  15  31  16  36  17  55  18  34  19  36 
  0  27   1  59   2  34   3  18   4  64   5  54   6  65   7  51   8  27   9  29  10  38  11  63  12  54  13  41  14  42  15  28  16  31  17  53  18  28  19  36 
  0  27   1  56   2  32   3  18   4  67   5  54   6  65   7  50   8  25   9  29  10  40  11  60  12  55  13  43  14  42  15  31  16  32  17  53  18  28  19  34 
  0  31   1  56   2  32   3  21   4  64   5  55   6  65   7  52   8  25   9  32  10  41  11  61  12  57  13  45  14  42  15  30  16  32  17  53  18  30  19  34 
  0  27   1  57   2  32   3  18   4  65   5  52   6  67   7  48   8  25   9  29  10  39  11  63  12  56  13  43  14  46  15  28  16  34  17  53  18  30  19  36 
  0  37   1  62   2  34   3  22   4  69   5  57   6  72   7  58   8  29   9  31  10  42  11  65  12  61  13  47  14  52  15  34  16  37  17  54  18  35  19  38 
  0  28   1  56   2  32   3  19   4  65   5  52   6  64   7  50   8  27   9  32  10  40  11  60  12  54  13  44  14  42  15  31  16  33  17  53  18  31  19  36 
  0  30   1  58   2  33   3  20   4  64   5  51   6  65   7  50   8  27   9  29  10  39  11  62  12  54  13  42  14  42  15  31  16  31  17  53  18  31  19  34 
  0  28   1  59   2  34   3  20   4  65   5  52   6  68   7  49   8  28   9  29  10  38  11  64  12  56  13  45  14  42  15  29  16  31  17  55  18  32  19  36 


