
 20  20

  0  89   1  42   2  45   3  60   4  85   5  54   6  70   7  50   8  50   9  51  10  53  11  61  12  77  13  42  14  84  15  76  16  63  17  68  18  50  19  69 
  0  85   1  39   2  46   3  59   4  86   5  53   6  72   7  42   8  49   9  49  10  48  11  57  12  78  13  36  14  83  15  72  16  62  17  66  18  50  19  66 
  0  87   1  41   2  45   3  59   4  84   5  52   6  70   7  47   8  49   9  51  10  49  11  61  12  79  13  41  14  82  15  72  16  64  17  65  18  52  19  71 
  0  86   1  40   2  46   3  60   4  87   5  51   6  71   7  42   8  50   9  51  10  48  11  57  12  77  13  35  14  82  15  72  16  62  17  66  18  50  19  66 
  0  93   1  41   2  45   3  61   4  91   5  55   6  73   7  52   8  49   9  54  10  54  11  67  12  79  13  43  14  83  15  76  16  62  17  69  18  52  19  72 
  0  88   1  43   2  44   3  61   4  87   5  55   6  71   7  50   8  49   9  53  10  54  11  64  12  77  13  44  14  82  15  76  16  64  17  69  18  50  19  70 
  0  92   1  42   2  46   3  59   4  90   5  53   6  73   7  52   8  50   9  54  10  52  11  67  12  78  13  45  14  83  15  75  16  64  17  69  18  52  19  70 
  0  90   1  39   2  46   3  59   4  88   5  53   6  70   7  45   8  51   9  55  10  51  11  64  12  77  13  38  14  84  15  73  16  62  17  64  18  50  19  71 
  0  86   1  42   2  45   3  61   4  88   5  53   6  73   7  46   8  49   9  52  10  53  11  59  12  79  13  40  14  84  15  76  16  63  17  64  18  50  19  67 
  0  84   1  38   2  46   3  60   4  86   5  51   6  70   7  43   8  51   9  51  10  51  11  59  12  77  13  35  14  82  15  72  16  62  17  63  18  52  19  66 
  0  87   1  38   2  46   3  59   4  84   5  54   6  72   7  45   8  51   9  53  10  49  11  59  12  77  13  41  14  82  15  76  16  62  17  63  18  50  19  69 
  0  93   1  42   2  46   3  61   4  90   5  55   6  73   7  51   8  50   9  57  10  54  11  66  12  79  13  44  14  84  15  76  16  64  17  69  18  52  19  71 
  0  86   1  38   2  44   3  61   4  84   5  51   6  72   7  47   8  49   9  51  10  51  11  59  12  77  13  39  14  82  15  72  16  64  17  67  18  50  19  66 
  0  88   1  41   2  44   3  61   4  88   5  52   6  71   7  49   8  50   9  55  10  54  11  65  12  79  13  43  14  82  15  74  16  62  17  67  18  51  19  70 
  0  85   1  37   2  46   3  59   4  84   5  51   6  69   7  47   8  51   9  52  10  48  11  62  12  77  13  37  14  84  15  73  16  62  17  63  18  50  19  66 
  0  89   1  41   2  46   3  61   4  89   5  53   6  72   7  48   8  50   9  54  10  53  11  63  12  79  13  43  14  84  15  76  16  62  17  68  18  50  19  69 
  0  90   1  42   2  45   3  61   4  87   5  53   6  73   7  48   8  51   9  54  10  51  11  63  12  79  13  42  14  84  15  72  16  63  17  68  18  52  19  69 
  0  84   1  40   2  44   3  60   4  83   5  52   6  69   7  46   8  51   9  51  10  48  11  58  12  77  13  36  14  82  15  72  16  62  17  63  18  50  19  66 
  0  91   1  43   2  46   3  61   4  90   5  55   6  71   7  49   8  49   9  54  10  51  11  62  12  77  13  42  14  83  15  76  16  63  17  67  18  52  19  70 
  0  85   1  38   2  46   3  59   4  86   5  51   6  70   7  45   8  49   9  51  10  49  11  58  12  79  13  37  14  84  15  72  16  64  17  66  18  52  19  66 


