
 20  20

  0  56   1  75   2  60   3  41   4  41   5  62   6  56   7  55   8  45   9  47  10  40  11  45  12  40  13  76  14  39  15  42  16  60  17  64  18  63  19  79 
  0  57   1  75   2  59   3  44   4  43   5  65   6  53   7  56   8  45   9  47  10  42  11  47  12  41  13  74  14  37  15  42  16  63  17  65  18  64  19  79 
  0  57   1  75   2  60   3  43   4  44   5  64   6  55   7  57   8  47   9  52  10  42  11  46  12  41  13  76  14  39  15  44  16  61  17  67  18  64  19  79 
  0  60   1  80   2  63   3  45   4  48   5  66   6  56   7  59   8  49   9  53  10  41  11  45  12  45  13  76  14  42  15  45  16  63  17  69  18  69  19  79 
  0  53   1  72   2  56   3  39   4  41   5  61   6  49   7  53   8  43   9  47  10  42  11  45  12  39  13  74  14  34  15  43  16  59  17  61  18  62  19  77 
  0  56   1  74   2  59   3  42   4  43   5  61   6  52   7  54   8  47   9  47  10  40  11  45  12  40  13  74  14  37  15  43  16  64  17  65  18  64  19  79 
  0  57   1  74   2  57   3  43   4  44   5  62   6  51   7  55   8  47   9  50  10  40  11  47  12  38  13  76  14  39  15  43  16  62  17  65  18  64  19  79 
  0  60   1  77   2  61   3  46   4  44   5  65   6  55   7  57   8  51   9  52  10  40  11  47  12  42  13  76  14  41  15  44  16  64  17  69  18  68  19  77 
  0  56   1  76   2  58   3  41   4  44   5  64   6  52   7  58   8  49   9  50  10  40  11  47  12  42  13  74  14  39  15  44  16  61  17  65  18  64  19  79 
  0  51   1  74   2  54   3  42   4  42   5  59   6  52   7  53   8  46   9  48  10  42  11  46  12  36  13  74  14  38  15  41  16  62  17  64  18  61  19  77 
  0  54   1  75   2  57   3  43   4  43   5  62   6  51   7  55   8  47   9  50  10  40  11  45  12  40  13  76  14  38  15  44  16  62  17  63  18  65  19  77 
  0  52   1  72   2  57   3  39   4  38   5  59   6  49   7  54   8  45   9  47  10  42  11  47  12  39  13  76  14  37  15  43  16  60  17  61  18  63  19  77 
  0  54   1  76   2  57   3  43   4  41   5  61   6  54   7  53   8  47   9  46  10  40  11  47  12  38  13  75  14  37  15  44  16  61  17  65  18  63  19  79 
  0  53   1  74   2  59   3  38   4  39   5  63   6  51   7  55   8  46   9  46  10  40  11  47  12  39  13  74  14  35  15  41  16  60  17  64  18  62  19  77 
  0  59   1  78   2  64   3  43   4  45   5  67   6  59   7  59   8  51   9  50  10  42  11  46  12  46  13  76  14  42  15  44  16  65  17  67  18  69  19  79 
  0  52   1  73   2  56   3  38   4  41   5  63   6  51   7  54   8  44   9  49  10  42  11  45  12  39  13  76  14  37  15  45  16  62  17  62  18  62  19  79 
  0  57   1  79   2  61   3  45   4  43   5  66   6  54   7  56   8  50   9  52  10  41  11  46  12  44  13  76  14  41  15  44  16  64  17  67  18  66  19  79 
  0  61   1  76   2  61   3  44   4  44   5  65   6  59   7  59   8  50   9  50  10  41  11  47  12  43  13  76  14  38  15  47  16  65  17  68  18  66  19  78 
  0  56   1  76   2  59   3  43   4  41   5  59   6  51   7  57   8  48   9  49  10  41  11  45  12  39  13  74  14  38  15  43  16  60  17  62  18  62  19  77 
  0  55   1  76   2  57   3  40   4  45   5  64   6  52   7  55   8  48   9  50  10  42  11  47  12  41  13  76  14  37  15  46  16  61  17  65  18  64  19  79 


