
 20  20

  0  34   1  42   2   8   3  10   4   9   5  41   6  48   7   1   8  36   9  25  10  10  11   6  12  26  13  17  14  13  15  12  16  24  17  31  18  24  19  26 
  0  29   1  40   2   8   3   7   4   6   5  35   6  47   7   1   8  32   9  16  10  10  11   1  12  21  13  17  14   4  15  12  16  21  17  30  18  22  19  23 
  0  24   1  42   2   6   3   6   4   5   5  33   6  44   7   1   8  32   9  19  10   8  11   4  12  20  13  15  14   7  15  12  16  20  17  30  18  22  19  22 
  0  33   1  41   2   8   3   9   4   9   5  41   6  48   7   3   8  36   9  24  10  10  11   5  12  25  13  16  14  10  15  14  16  25  17  31  18  23  19  27 
  0  29   1  43   2   8   3  10   4   8   5  37   6  49   7   3   8  32   9  18  10   8  11   4  12  22  13  17  14   7  15  13  16  22  17  32  18  22  19  26 
  0  27   1  40   2   6   3   7   4   5   5  35   6  47   7   1   8  33   9  19  10   8  11   5  12  22  13  17  14   9  15  14  16  21  17  30  18  25  19  23 
  0  31   1  42   2   8   3  10   4   6   5  39   6  46   7   1   8  34   9  23  10   8  11   5  12  20  13  17  14  11  15  13  16  23  17  30  18  25  19  23 
  0  24   1  40   2   8   3   6   4   3   5  33   6  46   7   1   8  33   9  16  10   9  11   1  12  16  13  16  14   5  15  12  16  20  17  31  18  21  19  22 
  0  33   1  44   2   6   3  10   4  10   5  38   6  47   7   3   8  36   9  24  10  10  11   4  12  22  13  16  14   8  15  14  16  25  17  30  18  23  19  25 
  0  25   1  41   2   8   3   7   4   5   5  35   6  47   7   1   8  34   9  18  10   8  11   1  12  20  13  15  14   7  15  13  16  20  17  32  18  20  19  22 
  0  26   1  44   2   8   3   9   4   7   5  35   6  45   7   1   8  35   9  20  10   9  11   2  12  21  13  15  14   8  15  14  16  21  17  31  18  20  19  22 
  0  29   1  43   2   7   3   7   4   8   5  36   6  46   7   1   8  32   9  17  10   9  11   2  12  20  13  17  14   4  15  13  16  22  17  31  18  20  19  22 
  0  25   1  40   2   6   3   9   4   3   5  33   6  45   7   1   8  33   9  18  10  10  11   1  12  16  13  16  14   6  15  12  16  19  17  31  18  23  19  25 
  0  26   1  41   2   6   3   6   4   3   5  32   6  44   7   3   8  32   9  15  10   8  11   1  12  16  13  15  14   6  15  13  16  21  17  30  18  20  19  22 
  0  30   1  41   2   8   3   6   4   7   5  33   6  47   7   1   8  35   9  17  10  10  11   5  12  21  13  15  14   7  15  12  16  22  17  30  18  21  19  24 
  0  31   1  42   2   6   3  10   4   9   5  34   6  45   7   1   8  36   9  21  10  10  11   2  12  23  13  17  14   6  15  14  16  21  17  30  18  22  19  23 
  0  26   1  41   2   8   3   6   4   4   5  35   6  48   7   1   8  35   9  20  10  10  11   4  12  18  13  17  14   6  15  13  16  21  17  30  18  21  19  26 
  0  26   1  40   2   7   3   6   4   3   5  33   6  45   7   2   8  32   9  15  10   8  11   1  12  17  13  15  14   3  15  13  16  20  17  30  18  20  19  23 
  0  28   1  40   2   7   3   6   4   3   5  34   6  45   7   1   8  33   9  18  10   9  11   1  12  18  13  15  14   5  15  12  16  22  17  30  18  22  19  24 
  0  33   1  43   2   8   3  10   4   6   5  38   6  49   7   1   8  35   9  21  10  10  11   6  12  25  13  17  14  10  15  13  16  24  17  30  18  24  19  25 


