
 20  20

  0  54   1  25   2  60   3  70   4  53   5  60   6  66   7  28   8  65   9  65  10  32  11  29  12  70  13  55  14  58  15  33  16  56  17  26  18  71  19  44 
  0  51   1  24   2  59   3  68   4  48   5  56   6  63   7  25   8  60   9  62  10  27  11  29  12  68  13  54  14  55  15  32  16  50  17  24  18  67  19  42 
  0  55   1  26   2  60   3  71   4  51   5  59   6  69   7  24   8  63   9  64  10  28  11  29  12  68  13  56  14  59  15  34  16  52  17  22  18  68  19  43 
  0  46   1  24   2  54   3  69   4  47   5  52   6  59   7  22   8  56   9  59  10  23  11  28  12  68  13  55  14  49  15  25  16  48  17  19  18  66  19  35 
  0  50   1  24   2  56   3  71   4  48   5  55   6  66   7  22   8  59   9  62  10  28  11  28  12  70  13  56  14  53  15  28  16  50  17  22  18  70  19  38 
  0  53   1  26   2  57   3  71   4  51   5  62   6  65   7  26   8  63   9  63  10  29  11  28  12  69  13  56  14  56  15  31  16  56  17  24  18  68  19  43 
  0  56   1  26   2  60   3  72   4  51   5  59   6  67   7  28   8  62   9  64  10  31  11  29  12  70  13  56  14  56  15  32  16  54  17  25  18  68  19  45 
  0  46   1  24   2  54   3  68   4  48   5  53   6  59   7  21   8  56   9  59  10  22  11  29  12  70  13  54  14  49  15  27  16  49  17  18  18  65  19  35 
  0  55   1  24   2  60   3  69   4  52   5  61   6  68   7  28   8  61   9  65  10  29  11  27  12  70  13  56  14  57  15  32  16  52  17  22  18  69  19  42 
  0  56   1  26   2  60   3  72   4  51   5  62   6  67   7  28   8  63   9  65  10  30  11  29  12  70  13  54  14  59  15  35  16  56  17  25  18  71  19  45 
  0  49   1  24   2  57   3  71   4  49   5  54   6  60   7  23   8  58   9  61  10  23  11  28  12  69  13  56  14  50  15  28  16  48  17  20  18  68  19  35 
  0  48   1  24   2  57   3  68   4  50   5  56   6  61   7  24   8  56   9  61  10  22  11  27  12  68  13  54  14  53  15  27  16  51  17  21  18  68  19  38 
  0  55   1  25   2  59   3  72   4  51   5  62   6  69   7  27   8  63   9  65  10  30  11  27  12  70  13  54  14  59  15  33  16  56  17  24  18  71  19  45 
  0  49   1  24   2  58   3  68   4  49   5  56   6  64   7  20   8  57   9  62  10  23  11  29  12  68  13  54  14  53  15  30  16  51  17  18  18  67  19  40 
  0  48   1  25   2  54   3  70   4  47   5  56   6  60   7  23   8  56   9  59  10  22  11  27  12  70  13  55  14  50  15  25  16  48  17  18  18  65  19  36 
  0  51   1  26   2  58   3  69   4  49   5  57   6  68   7  25   8  60   9  61  10  31  11  29  12  70  13  55  14  54  15  33  16  54  17  22  18  67  19  42 
  0  55   1  25   2  57   3  72   4  51   5  59   6  66   7  27   8  64   9  64  10  32  11  29  12  69  13  56  14  59  15  34  16  55  17  25  18  71  19  45 
  0  48   1  24   2  54   3  68   4  49   5  54   6  59   7  22   8  57   9  60  10  22  11  28  12  68  13  54  14  49  15  26  16  48  17  18  18  66  19  37 
  0  55   1  26   2  59   3  71   4  53   5  61   6  65   7  25   8  61   9  65  10  29  11  29  12  69  13  55  14  58  15  31  16  53  17  26  18  71  19  42 
  0  54   1  24   2  60   3  72   4  52   5  60   6  69   7  27   8  65   9  64  10  29  11  29  12  69  13  56  14  59  15  32  16  55  17  25  18  71  19  44 


