
 20  20

  0  32   1  45   2  58   3  31   4  51   5  42   6  38   7  36   8  20   9  57  10  24  11  24  12  44  13  35  14  43  15  29  16  31  17  27  18  21  19  12 
  0  30   1  45   2  56   3  27   4  49   5  41   6  37   7  33   8  22   9  59  10  24  11  20  12  41  13  35  14  41  15  24  16  33  17  27  18  19  19   9 
  0  32   1  47   2  55   3  26   4  49   5  41   6  34   7  32   8  21   9  57  10  22  11  20  12  40  13  30  14  39  15  25  16  30  17  26  18  19  19   9 
  0  38   1  45   2  57   3  31   4  49   5  43   6  35   7  36   8  21   9  59  10  23  11  23  12  46  13  39  14  42  15  27  16  34  17  25  18  22  19  14 
  0  32   1  47   2  55   3  27   4  49   5  41   6  35   7  29   8  20   9  57  10  22  11  18  12  41  13  30  14  38  15  24  16  30  17  26  18  19  19   9 
  0  29   1  45   2  57   3  26   4  49   5  41   6  33   7  32   8  20   9  57  10  24  11  21  12  43  13  31  14  40  15  27  16  30  17  25  18  17  19  10 
  0  31   1  45   2  55   3  26   4  51   5  41   6  33   7  30   8  20   9  57  10  24  11  18  12  41  13  30  14  38  15  25  16  30  17  25  18  17  19   9 
  0  38   1  45   2  61   3  35   4  49   5  42   6  39   7  39   8  22   9  57  10  24  11  26  12  45  13  37  14  42  15  31  16  33  17  26  18  25  19  16 
  0  34   1  46   2  60   3  31   4  51   5  42   6  37   7  34   8  20   9  59  10  23  11  21  12  42  13  36  14  43  15  29  16  30  17  26  18  19  19  13 
  0  33   1  45   2  57   3  31   4  50   5  42   6  36   7  34   8  20   9  59  10  22  11  20  12  40  13  34  14  39  15  25  16  34  17  25  18  21  19  13 
  0  36   1  45   2  59   3  34   4  51   5  41   6  39   7  37   8  22   9  59  10  22  11  25  12  43  13  35  14  40  15  29  16  33  17  27  18  25  19  14 
  0  32   1  46   2  55   3  30   4  49   5  41   6  33   7  32   8  20   9  57  10  22  11  19  12  41  13  32  14  41  15  26  16  31  17  26  18  20  19  12 
  0  34   1  47   2  57   3  30   4  49   5  41   6  37   7  32   8  20   9  57  10  24  11  20  12  43  13  33  14  43  15  29  16  33  17  25  18  21  19  12 
  0  29   1  47   2  55   3  26   4  50   5  42   6  35   7  29   8  20   9  59  10  22  11  18  12  41  13  30  14  38  15  25  16  30  17  26  18  17  19  11 
  0  31   1  47   2  55   3  26   4  50   5  41   6  33   7  29   8  20   9  57  10  22  11  20  12  41  13  30  14  40  15  25  16  30  17  25  18  18  19   9 
  0  31   1  45   2  55   3  27   4  49   5  43   6  34   7  29   8  20   9  57  10  22  11  18  12  40  13  30  14  38  15  25  16  30  17  25  18  17  19   9 
  0  29   1  47   2  55   3  29   4  51   5  41   6  36   7  29   8  20   9  57  10  23  11  18  12  42  13  33  14  40  15  23  16  31  17  25  18  20  19   9 
  0  38   1  47   2  61   3  36   4  50   5  43   6  36   7  37   8  20   9  59  10  24  11  22  12  43  13  36  14  44  15  30  16  33  17  27  18  21  19  13 
  0  34   1  47   2  57   3  33   4  51   5  41   6  38   7  34   8  20   9  59  10  24  11  21  12  46  13  36  14  41  15  29  16  31  17  25  18  20  19  13 
  0  34   1  45   2  55   3  29   4  50   5  43   6  37   7  30   8  20   9  59  10  23  11  22  12  40  13  35  14  42  15  24  16  31  17  25  18  21  19  10 


