
 20  20

  0  20   1  53   2  11   3  45   4  34   5  38   6  42   7  48   8  31   9  26  10  28  11  16  12  33  13  36  14  25  15  62  16  52  17  15  18  21  19  26 
  0  20   1  56   2  14   3  46   4  32   5  39   6  39   7  45   8  32   9  27  10  27  11  18  12  31  13  37  14  27  15  59  16  50  17  17  18  21  19  26 
  0  25   1  61   2  15   3  50   4  34   5  41   6  45   7  50   8  36   9  26  10  29  11  17  12  32  13  37  14  29  15  65  16  56  17  20  18  23  19  24 
  0  22   1  59   2  14   3  52   4  34   5  40   6  41   7  49   8  35   9  25  10  31  11  17  12  34  13  38  14  26  15  64  16  54  17  17  18  22  19  25 
  0  24   1  57   2  12   3  51   4  34   5  41   6  42   7  50   8  35   9  25  10  28  11  18  12  34  13  38  14  27  15  60  16  53  17  18  18  20  19  26 
  0  25   1  59   2  14   3  50   4  34   5  40   6  43   7  49   8  36   9  26  10  29  11  18  12  34  13  39  14  29  15  64  16  58  17  18  18  23  19  24 
  0  23   1  59   2  13   3  50   4  32   5  41   6  44   7  51   8  32   9  27  10  28  11  18  12  33  13  39  14  28  15  65  16  55  17  18  18  22  19  23 
  0  16   1  52   2  10   3  48   4  32   5  36   6  41   7  43   8  29   9  25  10  27  11  18  12  30  13  35  14  22  15  60  16  51  17  17  18  19  19  23 
  0  25   1  61   2  15   3  48   4  34   5  42   6  43   7  49   8  33   9  27  10  31  11  18  12  34  13  36  14  26  15  62  16  56  17  18  18  25  19  24 
  0  22   1  61   2  15   3  52   4  34   5  41   6  43   7  51   8  34   9  27  10  29  11  18  12  34  13  39  14  28  15  62  16  58  17  17  18  24  19  25 
  0  16   1  52   2  10   3  46   4  33   5  37   6  41   7  43   8  28   9  26  10  29  11  17  12  32  13  37  14  25  15  59  16  51  17  14  18  17  19  25 
  0  19   1  55   2  10   3  45   4  34   5  38   6  39   7  47   8  30   9  25  10  28  11  16  12  30  13  35  14  25  15  57  16  52  17  17  18  18  19  25 
  0  16   1  52   2  13   3  45   4  32   5  38   6  37   7  46   8  28   9  26  10  27  11  17  12  32  13  37  14  21  15  58  16  50  17  16  18  15  19  23 
  0  17   1  53   2  11   3  47   4  33   5  40   6  41   7  44   8  27   9  27  10  30  11  18  12  33  13  35  14  21  15  61  16  49  17  17  18  20  19  22 
  0  18   1  53   2  10   3  44   4  32   5  38   6  39   7  46   8  28   9  26  10  29  11  17  12  30  13  35  14  22  15  58  16  48  17  15  18  15  19  22 
  0  22   1  57   2  13   3  50   4  34   5  41   6  40   7  47   8  33   9  25  10  29  11  17  12  31  13  37  14  26  15  60  16  56  17  16  18  22  19  22 
  0  19   1  55   2  14   3  47   4  32   5  41   6  40   7  49   8  30   9  26  10  28  11  16  12  31  13  38  14  23  15  61  16  55  17  17  18  22  19  22 
  0  20   1  54   2  12   3  46   4  32   5  37   6  39   7  44   8  27   9  27  10  28  11  16  12  33  13  38  14  25  15  57  16  51  17  15  18  17  19  23 
  0  17   1  52   2  10   3  46   4  34   5  37   6  40   7  47   8  28   9  27  10  27  11  18  12  32  13  38  14  25  15  59  16  52  17  16  18  18  19  24 
  0  19   1  55   2  13   3  45   4  32   5  38   6  39   7  44   8  31   9  26  10  27  11  18  12  33  13  35  14  21  15  58  16  53  17  14  18  17  19  22 


