
 20  20

  0  42   1  76   2  67   3  69   4  69   5  38   6  41   7  78   8  41   9  76  10  33  11  69  12  61  13  80  14  76  15  69  16  61  17  36  18  41  19  47 
  0  41   1  78   2  72   3  69   4  67   5  39   6  39   7  78   8  44   9  79  10  36  11  69  12  63  13  81  14  76  15  70  16  60  17  35  18  40  19  49 
  0  42   1  80   2  72   3  71   4  70   5  42   6  41   7  81   8  44   9  78  10  35  11  70  12  62  13  80  14  79  15  70  16  62  17  39  18  41  19  49 
  0  46   1  79   2  70   3  68   4  71   5  42   6  39   7  79   8  48   9  79  10  35  11  73  12  64  13  83  14  78  15  70  16  62  17  37  18  41  19  49 
  0  38   1  73   2  68   3  66   4  69   5  36   6  39   7  74   8  39   9  76  10  31  11  65  12  58  13  79  14  74  15  67  16  60  17  36  18  39  19  41 
  0  42   1  80   2  70   3  72   4  68   5  40   6  39   7  81   8  46   9  79  10  36  11  71  12  65  13  83  14  81  15  68  16  61  17  39  18  41  19  45 
  0  44   1  79   2  72   3  67   4  67   5  42   6  39   7  76   8  44   9  78  10  35  11  70  12  61  13  80  14  79  15  69  16  61  17  35  18  39  19  47 
  0  41   1  75   2  71   3  70   4  68   5  42   6  40   7  76   8  45   9  80  10  34  11  68  12  65  13  83  14  76  15  67  16  61  17  38  18  41  19  48 
  0  47   1  80   2  73   3  72   4  71   5  44   6  41   7  80   8  49   9  82  10  37  11  74  12  67  13  83  14  80  15  71  16  62  17  39  18  41  19  51 
  0  47   1  82   2  73   3  72   4  71   5  44   6  41   7  81   8  47   9  82  10  37  11  73  12  68  13  82  14  82  15  70  16  62  17  37  18  39  19  50 
  0  38   1  74   2  67   3  67   4  67   5  37   6  39   7  77   8  42   9  78  10  33  11  68  12  58  13  79  14  77  15  69  16  60  17  35  18  40  19  42 
  0  43   1  76   2  73   3  70   4  69   5  39   6  40   7  79   8  44   9  79  10  34  11  73  12  62  13  82  14  77  15  68  16  62  17  39  18  39  19  47 
  0  44   1  79   2  71   3  71   4  68   5  41   6  39   7  82   8  47   9  79  10  35  11  71  12  65  13  81  14  82  15  68  16  60  17  39  18  40  19  47 
  0  42   1  77   2  69   3  68   4  68   5  39   6  41   7  78   8  47   9  80  10  35  11  73  12  66  13  80  14  79  15  70  16  60  17  36  18  39  19  45 
  0  38   1  76   2  67   3  68   4  69   5  40   6  41   7  74   8  41   9  78  10  33  11  67  12  59  13  81  14  77  15  68  16  62  17  35  18  39  19  45 
  0  44   1  79   2  72   3  67   4  69   5  42   6  40   7  77   8  44   9  79  10  36  11  71  12  65  13  82  14  78  15  69  16  61  17  37  18  39  19  44 
  0  42   1  77   2  69   3  69   4  71   5  41   6  39   7  78   8  46   9  81  10  35  11  70  12  67  13  83  14  81  15  71  16  61  17  39  18  39  19  50 
  0  45   1  80   2  73   3  69   4  71   5  42   6  41   7  81   8  46   9  80  10  34  11  72  12  67  13  82  14  79  15  69  16  61  17  39  18  41  19  49 
  0  42   1  77   2  67   3  69   4  67   5  39   6  39   7  78   8  42   9  80  10  34  11  67  12  62  13  79  14  78  15  69  16  61  17  37  18  41  19  44 
  0  42   1  74   2  67   3  66   4  69   5  40   6  41   7  76   8  41   9  76  10  34  11  66  12  61  13  79  14  77  15  67  16  60  17  35  18  41  19  45 


