
 20  20

  0  44   1  44   2  74   3  67   4  49   5  42   6  65   7  57   8  85   9  51  10  85  11  38  12  82  13  83  14  54  15  74  16  81  17  65  18  81  19  70 
  0  38   1  44   2  70   3  63   4  49   5  36   6  63   7  52   8  85   9  51  10  82  11  33  12  80  13  79  14  51  15  66  16  81  17  59  18  72  19  62 
  0  45   1  42   2  74   3  64   4  49   5  39   6  65   7  55   8  85   9  52  10  83  11  40  12  82  13  81  14  57  15  69  16  83  17  63  18  79  19  65 
  0  43   1  43   2  75   3  67   4  50   5  42   6  64   7  59   8  83   9  52  10  83  11  38  12  84  13  83  14  56  15  71  16  83  17  65  18  78  19  70 
  0  45   1  44   2  72   3  64   4  51   5  42   6  65   7  55   8  85   9  50  10  83  11  40  12  84  13  82  14  54  15  71  16  81  17  63  18  78  19  69 
  0  44   1  43   2  75   3  67   4  51   5  41   6  65   7  58   8  83   9  50  10  86  11  40  12  84  13  80  14  54  15  74  16  83  17  62  18  82  19  68 
  0  42   1  44   2  75   3  63   4  51   5  40   6  65   7  55   8  83   9  52  10  86  11  40  12  84  13  81  14  53  15  69  16  81  17  62  18  81  19  66 
  0  42   1  42   2  72   3  62   4  49   5  37   6  63   7  52   8  85   9  52  10  82  11  38  12  80  13  80  14  51  15  66  16  81  17  63  18  76  19  63 
  0  43   1  44   2  74   3  67   4  49   5  41   6  63   7  58   8  85   9  51  10  83  11  37  12  83  13  82  14  55  15  72  16  81  17  62  18  80  19  68 
  0  44   1  44   2  76   3  64   4  51   5  42   6  64   7  59   8  85   9  52  10  86  11  38  12  84  13  81  14  56  15  72  16  82  17  64  18  81  19  67 
  0  47   1  43   2  75   3  67   4  51   5  42   6  65   7  60   8  85   9  52  10  83  11  41  12  84  13  82  14  56  15  72  16  83  17  63  18  79  19  70 
  0  43   1  42   2  72   3  63   4  51   5  39   6  63   7  55   8  85   9  50  10  80  11  34  12  83  13  82  14  54  15  67  16  83  17  62  18  76  19  63 
  0  47   1  44   2  75   3  65   4  50   5  39   6  65   7  59   8  85   9  52  10  86  11  41  12  83  13  83  14  56  15  72  16  82  17  62  18  81  19  70 
  0  39   1  43   2  69   3  61   4  50   5  36   6  63   7  50   8  84   9  50  10  80  11  36  12  82  13  79  14  51  15  67  16  82  17  59  18  73  19  62 
  0  40   1  43   2  70   3  63   4  50   5  37   6  63   7  56   8  85   9  52  10  81  11  36  12  84  13  80  14  55  15  71  16  82  17  60  18  78  19  64 
  0  42   1  42   2  71   3  62   4  51   5  41   6  63   7  55   8  85   9  50  10  82  11  39  12  83  13  80  14  53  15  71  16  81  17  63  18  77  19  67 
  0  44   1  44   2  73   3  67   4  49   5  39   6  64   7  57   8  85   9  50  10  86  11  40  12  83  13  80  14  57  15  72  16  83  17  63  18  81  19  69 
  0  44   1  44   2  71   3  67   4  51   5  41   6  63   7  58   8  84   9  50  10  85  11  40  12  83  13  81  14  54  15  68  16  81  17  62  18  79  19  66 
  0  38   1  42   2  68   3  61   4  49   5  36   6  64   7  52   8  83   9  50  10  83  11  34  12  80  13  79  14  51  15  65  16  83  17  59  18  72  19  63 
  0  42   1  44   2  70   3  63   4  51   5  40   6  63   7  54   8  83   9  52  10  85  11  37  12  80  13  81  14  55  15  66  16  82  17  62  18  77  19  64 


