
 20  20

  0  85   1  94   2  77   3  64   4  47   5  93   6  87   7  77   8  92   9  91  10  56  11  84  12  75  13  56  14  47  15  69  16  94  17  73  18  89  19  50 
  0  86   1  92   2  77   3  60   4  50   5  93   6  85   7  77   8  92   9  87  10  57  11  85  12  77  13  54  14  49  15  69  16  94  17  75  18  89  19  49 
  0  83   1  92   2  76   3  59   4  47   5  93   6  83   7  75   8  89   9  86  10  56  11  83  12  73  13  50  14  43  15  67  16  91  17  71  18  85  19  48 
  0  82   1  90   2  77   3  63   4  45   5  94   6  87   7  74   8  94   9  85  10  55  11  81  12  77  13  51  14  46  15  69  16  91  17  71  18  85  19  49 
  0  79   1  89   2  75   3  59   4  44   5  93   6  83   7  75   8  88   9  85  10  51  11  83  12  74  13  50  14  45  15  67  16  90  17  70  18  86  19  44 
  0  78   1  92   2  75   3  58   4  45   5  93   6  85   7  75   8  88   9  83  10  52  11  81  12  73  13  53  14  46  15  68  16  92  17  71  18  85  19  44 
  0  85   1  95   2  75   3  64   4  51   5  94   6  86   7  78   8  96   9  87  10  58  11  85  12  77  13  53  14  47  15  69  16  91  17  74  18  88  19  49 
  0  85   1  92   2  77   3  61   4  47   5  93   6  86   7  77   8  95   9  88  10  55  11  85  12  78  13  54  14  47  15  67  16  93  17  77  18  87  19  49 
  0  79   1  92   2  77   3  55   4  45   5  93   6  83   7  72   8  89   9  83  10  52  11  81  12  75  13  50  14  43  15  69  16  90  17  69  18  85  19  46 
  0  87   1  91   2  77   3  63   4  49   5  93   6  87   7  74   8  94   9  89  10  57  11  85  12  76  13  55  14  48  15  68  16  92  17  74  18  88  19  49 
  0  88   1  92   2  76   3  63   4  49   5  95   6  87   7  78   8  96   9  91  10  59  11  84  12  75  13  55  14  46  15  68  16  94  17  77  18  87  19  48 
  0  83   1  91   2  76   3  61   4  47   5  95   6  86   7  75   8  95   9  88  10  54  11  85  12  77  13  52  14  49  15  69  16  91  17  76  18  88  19  47 
  0  85   1  93   2  75   3  61   4  47   5  93   6  87   7  76   8  94   9  87  10  59  11  85  12  76  13  55  14  47  15  67  16  94  17  76  18  88  19  46 
  0  88   1  92   2  76   3  62   4  51   5  94   6  86   7  78   8  96   9  91  10  56  11  83  12  77  13  53  14  48  15  69  16  94  17  75  18  89  19  49 
  0  85   1  93   2  77   3  65   4  49   5  95   6  87   7  78   8  94   9  89  10  59  11  84  12  75  13  55  14  49  15  67  16  93  17  77  18  88  19  50 
  0  84   1  91   2  75   3  59   4  47   5  95   6  84   7  75   8  92   9  90  10  57  11  81  12  75  13  53  14  49  15  69  16  91  17  76  18  88  19  47 
  0  85   1  95   2  75   3  64   4  51   5  95   6  86   7  77   8  96   9  89  10  59  11  84  12  78  13  55  14  46  15  69  16  94  17  74  18  87  19  48 
  0  79   1  92   2  75   3  55   4  43   5  94   6  85   7  72   8  88   9  86  10  51  11  82  12  75  13  53  14  46  15  67  16  90  17  71  18  85  19  44 
  0  81   1  93   2  77   3  61   4  48   5  93   6  85   7  74   8  90   9  84  10  52  11  84  12  77  13  55  14  48  15  68  16  90  17  74  18  88  19  48 
  0  88   1  95   2  77   3  65   4  51   5  95   6  87   7  77   8  96   9  91  10  57  11  84  12  77  13  56  14  48  15  69  16  93  17  77  18  89  19  50 


