
 20  20

  0  51   1  41   2  60   3  48   4  41   5  55   6  53   7  18   8  12   9  47  10  64  11  30  12  21  13  34  14  45  15  20  16  18  17  57  18  58  19  22 
  0  42   1  34   2  57   3  42   4  34   5  45   6  46   7  17   8  12   9  42  10  56  11  23  12  13  13  34  14  45  15  13  16   9  17  47  18  56  19  19 
  0  50   1  39   2  59   3  48   4  42   5  55   6  52   7  17   8  13   9  50  10  61  11  32  12  19  13  35  14  47  15  20  16  16  17  54  18  60  19  25 
  0  46   1  39   2  58   3  44   4  34   5  47   6  50   7  17   8  12   9  43  10  60  11  28  12  14  13  36  14  45  15  14  16  14  17  51  18  57  19  21 
  0  48   1  40   2  59   3  45   4  35   5  52   6  49   7  17   8  13   9  44  10  60  11  26  12  19  13  36  14  45  15  14  16  15  17  53  18  58  19  22 
  0  42   1  37   2  60   3  41   4  36   5  50   6  47   7  18   8  12   9  44  10  60  11  24  12  14  13  34  14  47  15  15  16  12  17  51  18  58  19  21 
  0  48   1  41   2  58   3  43   4  36   5  51   6  50   7  17   8  12   9  48  10  63  11  30  12  18  13  36  14  47  15  17  16  15  17  54  18  57  19  20 
  0  42   1  34   2  58   3  41   4  34   5  45   6  46   7  17   8  13   9  43  10  56  11  24  12  15  13  33  14  47  15  13  16  11  17  47  18  58  19  19 
  0  49   1  39   2  58   3  44   4  37   5  53   6  51   7  17   8  13   9  46  10  63  11  31  12  21  13  36  14  45  15  18  16  17  17  56  18  60  19  21 
  0  49   1  37   2  59   3  44   4  37   5  51   6  50   7  19   8  14   9  47  10  61  11  29  12  16  13  37  14  46  15  16  16  15  17  53  18  60  19  25 
  0  48   1  38   2  59   3  43   4  36   5  50   6  53   7  18   8  14   9  47  10  60  11  27  12  20  13  33  14  47  15  18  16  14  17  52  18  58  19  21 
  0  41   1  37   2  59   3  41   4  32   5  47   6  47   7  17   8  12   9  44  10  56  11  22  12  13  13  35  14  46  15  14  16  11  17  48  18  56  19  22 
  0  51   1  42   2  59   3  46   4  38   5  55   6  52   7  19   8  14   9  50  10  62  11  31  12  21  13  34  14  47  15  19  16  15  17  56  18  57  19  24 
  0  48   1  38   2  59   3  48   4  39   5  55   6  53   7  18   8  14   9  48  10  60  11  28  12  21  13  37  14  45  15  17  16  16  17  57  18  60  19  25 
  0  49   1  42   2  61   3  45   4  42   5  55   6  53   7  17   8  14   9  48  10  64  11  29  12  21  13  35  14  47  15  18  16  16  17  54  18  58  19  23 
  0  44   1  36   2  60   3  40   4  32   5  46   6  46   7  17   8  12   9  42  10  58  11  26  12  14  13  35  14  45  15  16  16   9  17  48  18  59  19  19 
  0  41   1  36   2  59   3  42   4  35   5  46   6  47   7  18   8  12   9  44  10  58  11  22  12  14  13  33  14  47  15  13  16  12  17  51  18  57  19  19 
  0  41   1  35   2  59   3  41   4  32   5  46   6  46   7  17   8  12   9  42  10  56  11  22  12  14  13  33  14  47  15  12  16   9  17  49  18  56  19  19 
  0  45   1  36   2  57   3  41   4  34   5  47   6  47   7  19   8  12   9  44  10  56  11  24  12  15  13  33  14  45  15  12  16  10  17  48  18  59  19  21 
  0  44   1  39   2  61   3  41   4  34   5  51   6  51   7  19   8  12   9  44  10  61  11  28  12  17  13  37  14  47  15  17  16  11  17  53  18  58  19  19 


