
 20  20

  0  21   1  44   2  38   3   7   4  12   5  21   6   8   7  28   8  22   9  50  10  14  11  24  12  18  13  28  14  17  15   6  16  48  17  36  18   6  19  48 
  0  24   1  45   2  39   3   9   4  19   5  28   6  10   7  31   8  29   9  54  10  15  11  25  12  16  13  32  14  18  15   9  16  50  17  41  18   9  19  54 
  0  19   1  43   2  37   3   9   4  12   5  23   6   9   7  27   8  21   9  48  10  11  11  23  12  15  13  25  14  19  15   5  16  47  17  35  18   3  19  48 
  0  22   1  41   2  38   3   7   4  14   5  21   6   9   7  29   8  21   9  52  10  11  11  23  12  18  13  25  14  18  15   2  16  49  17  37  18   4  19  48 
  0  26   1  42   2  38   3   9   4  16   5  27   6  12   7  32   8  25   9  56  10  15  11  23  12  18  13  31  14  21  15  11  16  53  17  39  18  12  19  51 
  0  28   1  44   2  38   3   8   4  20   5  31   6  12   7  31   8  28   9  57  10  15  11  25  12  19  13  32  14  21  15  12  16  54  17  39  18  13  19  54 
  0  23   1  41   2  37   3   8   4  16   5  24   6   8   7  27   8  23   9  54  10  14  11  24  12  15  13  26  14  17  15   4  16  48  17  38  18   7  19  50 
  0  22   1  41   2  39   3   8   4  16   5  24   6   6   7  26   8  24   9  49  10  11  11  23  12  18  13  24  14  17  15   5  16  46  17  38  18   8  19  49 
  0  20   1  44   2  39   3   9   4  16   5  27   6   7   7  27   8  26   9  53  10  12  11  23  12  16  13  29  14  20  15   8  16  49  17  35  18   6  19  52 
  0  26   1  42   2  39   3   8   4  17   5  29   6   9   7  28   8  27   9  55  10  13  11  24  12  16  13  31  14  18  15  10  16  52  17  38  18  11  19  51 
  0  26   1  45   2  39   3   7   4  20   5  29   6  11   7  32   8  29   9  58  10  14  11  25  12  18  13  32  14  21  15  10  16  51  17  38  18  13  19  54 
  0  18   1  42   2  37   3   7   4  12   5  21   6   6   7  28   8  22   9  48  10  11  11  25  12  15  13  24  14  17  15   2  16  46  17  37  18   4  19  50 
  0  24   1  44   2  37   3   8   4  14   5  28   6   9   7  28   8  23   9  53  10  11  11  25  12  17  13  30  14  17  15   6  16  50  17  39  18   7  19  53 
  0  20   1  41   2  37   3   9   4  13   5  24   6   7   7  29   8  22   9  50  10  11  11  23  12  15  13  28  14  17  15   2  16  46  17  35  18   6  19  50 
  0  28   1  44   2  39   3   9   4  17   5  30   6  13   7  30   8  27   9  58  10  15  11  25  12  18  13  31  14  20  15  12  16  54  17  41  18  12  19  52 
  0  21   1  41   2  38   3   7   4  16   5  25   6  11   7  27   8  25   9  52  10  14  11  25  12  16  13  27  14  17  15   6  16  48  17  35  18   8  19  52 
  0  25   1  44   2  37   3   9   4  17   5  29   6  10   7  28   8  24   9  55  10  13  11  24  12  18  13  29  14  18  15   7  16  53  17  39  18  11  19  52 
  0  25   1  43   2  39   3   9   4  18   5  29   6  13   7  32   8  29   9  56  10  14  11  24  12  19  13  30  14  21  15  12  16  52  17  41  18  12  19  52 
  0  28   1  45   2  39   3   7   4  17   5  28   6  14   7  29   8  28   9  56  10  15  11  24  12  18  13  32  14  19  15   9  16  53  17  41  18  13  19  54 
  0  20   1  44   2  37   3   9   4  13   5  24   6  10   7  26   8  22   9  51  10  13  11  23  12  17  13  25  14  21  15   4  16  47  17  37  18   7  19  51 


