
 20  20

  0  84   1  58   2  80   3  55   4  76   5  94   6  59   7  48   8  80   9  56  10  51  11  49  12  90  13  50  14  70  15  67  16  63  17  47  18  74  19  66 
  0  81   1  57   2  79   3  54   4  78   5  93   6  58   7  51   8  82   9  56  10  51  11  51  12  92  13  51  14  73  15  68  16  64  17  48  18  75  19  67 
  0  83   1  56   2  78   3  52   4  75   5  93   6  57   7  52   8  81   9  56  10  54  11  49  12  95  13  51  14  71  15  69  16  64  17  49  18  73  19  64 
  0  85   1  60   2  79   3  58   4  79   5  94   6  58   7  53   8  86   9  58  10  57  11  51  12  93  13  56  14  74  15  70  16  64  17  52  18  75  19  65 
  0  87   1  59   2  80   3  57   4  80   5  95   6  60   7  51   8  85   9  59  10  58  11  50  12  94  13  54  14  74  15  69  16  66  17  50  18  75  19  65 
  0  85   1  57   2  77   3  56   4  76   5  93   6  57   7  50   8  81   9  56  10  54  11  50  12  94  13  50  14  70  15  68  16  62  17  49  18  75  19  64 
  0  90   1  62   2  81   3  59   4  79   5  93   6  59   7  51   8  86   9  60  10  58  11  51  12  96  13  53  14  74  15  70  16  66  17  53  18  75  19  66 
  0  87   1  56   2  81   3  56   4  79   5  94   6  57   7  53   8  83   9  57  10  56  11  51  12  92  13  51  14  72  15  67  16  63  17  47  18  77  19  64 
  0  87   1  61   2  81   3  57   4  80   5  95   6  59   7  53   8  84   9  57  10  54  11  51  12  94  13  53  14  73  15  68  16  63  17  52  18  76  19  66 
  0  88   1  57   2  79   3  54   4  77   5  93   6  59   7  50   8  81   9  59  10  56  11  51  12  97  13  53  14  70  15  70  16  65  17  52  18  73  19  66 
  0  89   1  61   2  80   3  56   4  79   5  95   6  60   7  53   8  85   9  60  10  54  11  49  12  97  13  55  14  73  15  71  16  66  17  53  18  76  19  68 
  0  85   1  56   2  78   3  54   4  77   5  93   6  57   7  50   8  79   9  56  10  55  11  49  12  93  13  52  14  72  15  69  16  64  17  45  18  76  19  67 
  0  90   1  61   2  79   3  59   4  78   5  93   6  59   7  51   8  87   9  59  10  55  11  50  12  96  13  56  14  74  15  70  16  66  17  51  18  77  19  67 
  0  82   1  56   2  78   3  54   4  75   5  95   6  59   7  51   8  80   9  57  10  51  11  49  12  93  13  52  14  71  15  65  16  65  17  47  18  73  19  66 
  0  84   1  57   2  79   3  52   4  74   5  95   6  57   7  49   8  80   9  56  10  51  11  49  12  93  13  50  14  72  15  66  16  62  17  47  18  74  19  64 
  0  88   1  57   2  79   3  54   4  79   5  95   6  59   7  50   8  84   9  60  10  53  11  49  12  94  13  52  14  74  15  67  16  66  17  48  18  77  19  67 
  0  89   1  62   2  80   3  59   4  80   5  94   6  61   7  54   8  85   9  60  10  56  11  51  12  98  13  56  14  73  15  71  16  65  17  54  18  76  19  66 
  0  90   1  60   2  81   3  59   4  80   5  93   6  61   7  53   8  84   9  60  10  58  11  50  12  98  13  56  14  74  15  70  16  63  17  52  18  76  19  65 
  0  84   1  55   2  79   3  53   4  74   5  95   6  60   7  48   8  80   9  56  10  51  11  51  12  92  13  54  14  70  15  66  16  64  17  46  18  73  19  65 
  0  80   1  56   2  77   3  51   4  74   5  95   6  57   7  49   8  77   9  58  10  50  11  49  12  90  13  51  14  70  15  66  16  63  17  44  18  74  19  64 


