
 20  20

  0  62   1  75   2  50   3  42   4  73   5  39   6  47   7  75   8  71   9  67  10  58  11  55  12  42  13  73  14  58  15  55  16  64  17  62  18  56  19  56 
  0  54   1  71   2  49   3  37   4  70   5  34   6  48   7  68   8  71   9  65  10  53  11  46  12  42  13  72  14  53  15  53  16  61  17  59  18  54  19  48 
  0  58   1  73   2  50   3  40   4  71   5  34   6  49   7  74   8  72   9  65  10  53  11  53  12  39  13  73  14  53  15  53  16  65  17  61  18  57  19  54 
  0  62   1  74   2  48   3  40   4  73   5  39   6  48   7  76   8  72   9  69  10  59  11  52  12  43  13  73  14  56  15  55  16  64  17  63  18  57  19  56 
  0  54   1  71   2  48   3  34   4  70   5  31   6  47   7  68   8  72   9  66  10  52  11  45  12  41  13  71  14  52  15  55  16  63  17  60  18  54  19  50 
  0  61   1  75   2  50   3  40   4  74   5  37   6  48   7  74   8  72   9  69  10  58  11  52  12  43  13  71  14  58  15  53  16  64  17  63  18  54  19  55 
  0  59   1  72   2  50   3  39   4  72   5  38   6  49   7  76   8  70   9  67  10  58  11  55  12  41  13  71  14  58  15  55  16  64  17  61  18  54  19  56 
  0  56   1  73   2  49   3  40   4  72   5  38   6  47   7  72   8  72   9  66  10  55  11  53  12  43  13  71  14  57  15  53  16  62  17  63  18  56  19  52 
  0  56   1  74   2  48   3  40   4  71   5  34   6  47   7  69   8  70   9  69  10  52  11  51  12  42  13  73  14  52  15  55  16  65  17  61  18  55  19  54 
  0  54   1  72   2  48   3  34   4  68   5  33   6  48   7  68   8  70   9  66  10  49  11  47  12  39  13  71  14  50  15  55  16  61  17  60  18  53  19  48 
  0  59   1  74   2  50   3  39   4  69   5  35   6  47   7  70   8  71   9  68  10  55  11  48  12  39  13  73  14  55  15  54  16  63  17  61  18  56  19  53 
  0  62   1  75   2  50   3  40   4  74   5  38   6  49   7  76   8  72   9  68  10  59  11  55  12  43  13  73  14  58  15  55  16  65  17  63  18  57  19  58 
  0  57   1  73   2  50   3  38   4  69   5  33   6  48   7  71   8  72   9  65  10  52  11  51  12  40  13  71  14  52  15  55  16  63  17  61  18  54  19  52 
  0  61   1  75   2  49   3  38   4  71   5  36   6  48   7  75   8  70   9  68  10  57  11  54  12  41  13  73  14  56  15  53  16  64  17  63  18  57  19  55 
  0  54   1  71   2  50   3  36   4  68   5  31   6  47   7  70   8  70   9  65  10  49  11  46  12  41  13  71  14  50  15  54  16  61  17  61  18  51  19  48 
  0  59   1  71   2  50   3  36   4  71   5  37   6  49   7  71   8  70   9  66  10  54  11  52  12  40  13  73  14  56  15  53  16  63  17  63  18  55  19  52 
  0  53   1  72   2  48   3  34   4  68   5  31   6  47   7  66   8  71   9  66  10  52  11  48  12  40  13  73  14  50  15  53  16  63  17  61  18  53  19  48 
  0  56   1  71   2  49   3  36   4  72   5  37   6  47   7  70   8  72   9  67  10  55  11  52  12  43  13  71  14  56  15  55  16  65  17  59  18  52  19  54 
  0  54   1  72   2  49   3  37   4  70   5  32   6  48   7  70   8  70   9  66  10  50  11  45  12  41  13  71  14  51  15  55  16  61  17  59  18  52  19  52 
  0  59   1  75   2  49   3  39   4  72   5  35   6  47   7  71   8  70   9  69  10  55  11  52  12  42  13  72  14  53  15  54  16  63  17  62  18  54  19  55 


