
 20  20

  0   2   1  24   2   6   3   5   4  12   5  45   6   8   7  22   8  14   9  39  10  39  11  13  12   7  13  14  14  28  15  19  16  32  17  14  18  11  19  21 
  0   5   1  25   2   6   3   4   4  12   5  49   6   7   7  21   8  19   9  42  10  44  11  18  12   7  13  15  14  29  15  19  16  37  17  16  18  14  19  25 
  0   1   1  23   2   1   3   1   4  10   5  45   6   7   7  21   8  14   9  37  10  39  11  12  12   5  13  13  14  27  15  17  16  32  17  16  18   8  19  19 
  0   4   1  23   2   5   3   6   4  11   5  46   6   9   7  21   8  15   9  40  10  43  11  14  12   7  13  15  14  30  15  17  16  33  17  16  18  10  19  21 
  0   2   1  23   2   1   3   3   4  11   5  45   6   6   7  20   8  15   9  37  10  42  11  16  12   7  13  15  14  30  15  18  16  31  17  13  18   9  19  19 
  0   6   1  25   2   5   3   5   4  10   5  46   6  10   7  23   8  18   9  41  10  44  11  15  12   7  13  14  14  30  15  17  16  34  17  16  18  14  19  24 
  0   5   1  25   2   5   3   2   4   8   5  47   6   4   7  20   8  16   9  41  10  38  11  15  12   7  13  15  14  30  15  17  16  35  17  14  18   8  19  19 
  0   7   1  24   2   7   3   4   4  10   5  47   6   9   7  24   8  19   9  40  10  44  11  18  12   7  13  15  14  30  15  19  16  37  17  18  18  14  19  26 
  0   6   1  24   2   7   3   5   4   9   5  48   6   6   7  23   8  19   9  41  10  44  11  14  12   5  13  15  14  31  15  17  16  33  17  18  18  10  19  21 
  0   1   1  24   2   1   3   1   4   7   5  46   6   6   7  20   8  13   9  38  10  39  11  13  12   5  13  13  14  29  15  18  16  33  17  13  18   6  19  17 
  0   7   1  25   2   6   3   5   4  13   5  46   6   8   7  24   8  16   9  43  10  41  11  18  12   7  13  15  14  30  15  17  16  37  17  18  18  16  19  24 
  0   1   1  25   2   1   3   2   4   7   5  45   6   5   7  21   8  13   9  38  10  39  11  13  12   5  13  13  14  29  15  17  16  33  17  13  18   6  19  17 
  0   8   1  25   2   6   3   3   4   9   5  49   6  10   7  22   8  19   9  39  10  40  11  15  12   5  13  15  14  29  15  18  16  36  17  18  18  11  19  26 
  0   5   1  24   2   3   3   5   4  12   5  47   6   5   7  24   8  18   9  38  10  41  11  17  12   5  13  13  14  27  15  17  16  32  17  16  18  10  19  21 
  0   1   1  23   2   1   3   1   4   7   5  45   6   5   7  20   8  15   9  39  10  39  11  12  12   7  13  13  14  29  15  19  16  32  17  14  18   7  19  18 
  0   3   1  23   2   2   3   1   4   7   5  46   6   4   7  20   8  15   9  39  10  40  11  12  12   6  13  13  14  27  15  17  16  32  17  13  18   8  19  18 
  0   7   1  23   2   9   3   7   4  13   5  47   6   8   7  23   8  17   9  41  10  43  11  18  12   7  13  14  14  30  15  18  16  35  17  19  18  16  19  27 
  0   4   1  23   2   8   3   6   4  10   5  48   6   7   7  23   8  17   9  42  10  41  11  18  12   6  13  13  14  28  15  17  16  35  17  18  18  12  19  23 
  0   1   1  25   2   1   3   1   4   8   5  47   6   4   7  20   8  14   9  37  10  39  11  14  12   5  13  14  14  27  15  17  16  31  17  13  18   6  19  18 
  0   7   1  25   2   5   3   5   4  13   5  49   6   7   7  24   8  18   9  40  10  42  11  17  12   7  13  15  14  28  15  18  16  37  17  19  18  14  19  23 


