
 20  20

  0  34   1  10   2   2   3  53   4  16   5  11   6  16   7  48   8  52   9  15  10  27  11  26  12  43  13  13  14   6  15  28  16  47  17   7  18  52  19  21 
  0  27   1   3   2   2   3  51   4  14   5   6   6  13   7  42   8  46   9  10  10  22  11  27  12  37  13  12  14   1  15  21  16  45  17   1  18  49  19  20 
  0  29   1   3   2   1   3  50   4  14   5   6   6  14   7  40   8  44   9   8  10  20  11  26  12  37  13  12  14   1  15  21  16  41  17   1  18  46  19  20 
  0  27   1   1   2   1   3  48   4  14   5   6   6  13   7  43   8  46   9   5  10  20  11  24  12  40  13  12  14   1  15  19  16  44  17   1  18  46  19  17 
  0  26   1   2   2   1   3  47   4  14   5   4   6  12   7  42   8  47   9   5  10  17  11  24  12  40  13  14  14   1  15  19  16  43  17   1  18  48  19  19 
  0  27   1   3   2   1   3  49   4  16   5   5   6  15   7  42   8  47   9   6  10  19  11  25  12  37  13  14  14   1  15  18  16  44  17   1  18  46  19  18 
  0  26   1   1   2   1   3  50   4  14   5   5   6  15   7  42   8  46   9   9  10  21  11  27  12  40  13  13  14   1  15  21  16  41  17   1  18  46  19  17 
  0  29   1   5   2   1   3  52   4  16   5   9   6  15   7  47   8  50   9  11  10  25  11  28  12  40  13  14  14   1  15  24  16  43  17   1  18  49  19  21 
  0  29   1   7   2   1   3  50   4  16   5   8   6  17   7  43   8  50   9   8  10  24  11  24  12  39  13  12  14   3  15  22  16  43  17   1  18  51  19  21 
  0  33   1  10   2   3   3  53   4  16   5  11   6  18   7  45   8  51   9  14  10  27  11  26  12  40  13  13  14   6  15  28  16  46  17   5  18  51  19  21 
  0  28   1   4   2   1   3  50   4  14   5   7   6  12   7  40   8  46   9   7  10  19  11  25  12  37  13  12  14   1  15  19  16  42  17   1  18  48  19  18 
  0  35   1   7   2   1   3  53   4  16   5   9   6  17   7  46   8  52   9  15  10  25  11  28  12  42  13  12  14   6  15  27  16  46  17   7  18  50  19  19 
  0  28   1   3   2   2   3  47   4  14   5   4   6  14   7  42   8  45   9   7  10  20  11  26  12  37  13  14  14   2  15  22  16  41  17   3  18  46  19  21 
  0  35   1   8   2   2   3  53   4  16   5  11   6  18   7  46   8  52   9  15  10  27  11  28  12  42  13  14  14   5  15  28  16  47  17   7  18  50  19  21 
  0  25   1   1   2   1   3  47   4  15   5   6   6  12   7  41   8  45   9   5  10  17  11  25  12  37  13  12  14   1  15  21  16  41  17   1  18  46  19  17 
  0  35   1   8   2   1   3  53   4  16   5   7   6  17   7  44   8  49   9  14  10  26  11  28  12  42  13  13  14   2  15  25  16  47  17   3  18  52  19  20 
  0  34   1   7   2   2   3  53   4  15   5   9   6  15   7  44   8  47   9  11  10  25  11  28  12  42  13  14  14   1  15  24  16  47  17   2  18  49  19  21 
  0  29   1   4   2   1   3  51   4  15   5   9   6  17   7  44   8  49   9   8  10  22  11  27  12  39  13  14  14   1  15  24  16  43  17   1  18  48  19  21 
  0  32   1  10   2   3   3  51   4  16   5   9   6  16   7  48   8  52   9  14  10  27  11  27  12  41  13  12  14   6  15  27  16  44  17   7  18  51  19  20 
  0  32   1   8   2   3   3  50   4  16   5   8   6  17   7  47   8  51   9  15  10  27  11  27  12  43  13  14  14   5  15  28  16  44  17   7  18  51  19  21 


