
 20  20

  0  62   1  62   2  26   3  48   4  54   5  72   6  70   7  53   8  66   9  43  10  42  11  61  12  27  13  64  14  51  15  50  16  60  17  34  18  45  19  31 
  0  59   1  57   2  26   3  46   4  52   5  73   6  69   7  54   8  66   9  46  10  38  11  58  12  26  13  60  14  47  15  51  16  60  17  34  18  40  19  28 
  0  63   1  62   2  26   3  48   4  54   5  73   6  69   7  53   8  66   9  46  10  39  11  63  12  25  13  64  14  50  15  51  16  60  17  33  18  45  19  31 
  0  59   1  59   2  23   3  46   4  52   5  71   6  68   7  49   8  64   9  42  10  36  11  58  12  27  13  61  14  47  15  52  16  62  17  34  18  42  19  31 
  0  57   1  55   2  23   3  48   4  53   5  72   6  66   7  51   8  66   9  42  10  35  11  57  12  26  13  59  14  48  15  50  16  60  17  33  18  41  19  31 
  0  65   1  62   2  26   3  48   4  54   5  73   6  69   7  55   8  66   9  44  10  39  11  60  12  27  13  65  14  50  15  50  16  60  17  34  18  45  19  32 
  0  60   1  60   2  26   3  46   4  52   5  71   6  66   7  50   8  65   9  44  10  35  11  59  12  25  13  62  14  47  15  49  16  61  17  34  18  40  19  28 
  0  64   1  59   2  25   3  46   4  52   5  71   6  68   7  54   8  66   9  43  10  39  11  59  12  25  13  65  14  48  15  52  16  61  17  34  18  43  19  29 
  0  58   1  58   2  22   3  47   4  52   5  71   6  65   7  50   8  66   9  42  10  34  11  57  12  25  13  62  14  48  15  48  16  61  17  32  18  42  19  28 
  0  63   1  63   2  27   3  48   4  53   5  72   6  71   7  57   8  65   9  46  10  38  11  62  12  27  13  65  14  49  15  52  16  61  17  34  18  42  19  29 
  0  60   1  58   2  23   3  46   4  52   5  71   6  63   7  51   8  65   9  44  10  32  11  58  12  27  13  62  14  47  15  49  16  62  17  32  18  39  19  28 
  0  63   1  60   2  28   3  48   4  52   5  73   6  69   7  54   8  66   9  46  10  39  11  60  12  25  13  64  14  48  15  52  16  60  17  34  18  44  19  32 
  0  66   1  63   2  25   3  48   4  52   5  72   6  72   7  57   8  64   9  43  10  42  11  64  12  27  13  63  14  52  15  51  16  61  17  34  18  45  19  31 
  0  60   1  60   2  26   3  46   4  52   5  71   6  70   7  53   8  66   9  45  10  36  11  58  12  26  13  62  14  52  15  50  16  63  17  33  18  44  19  29 
  0  58   1  56   2  22   3  48   4  54   5  72   6  62   7  47   8  65   9  42  10  33  11  57  12  26  13  61  14  48  15  48  16  61  17  33  18  39  19  30 
  0  59   1  59   2  26   3  48   4  52   5  73   6  67   7  50   8  64   9  43  10  36  11  56  12  25  13  62  14  49  15  50  16  62  17  34  18  43  19  31 
  0  61   1  59   2  26   3  47   4  54   5  73   6  63   7  50   8  65   9  44  10  37  11  56  12  27  13  62  14  46  15  51  16  62  17  34  18  42  19  29 
  0  57   1  57   2  25   3  46   4  52   5  73   6  65   7  47   8  64   9  42  10  33  11  57  12  26  13  59  14  48  15  48  16  59  17  32  18  39  19  28 
  0  65   1  61   2  28   3  48   4  52   5  72   6  71   7  54   8  66   9  43  10  40  11  62  12  25  13  65  14  52  15  52  16  60  17  33  18  45  19  32 
  0  61   1  63   2  28   3  46   4  53   5  71   6  69   7  52   8  64   9  44  10  40  11  62  12  25  13  63  14  52  15  51  16  62  17  34  18  42  19  30 


