
 20  20

  0  23   1  24   2  42   3  26   4  35   5  19   6  21   7  49   8  17   9   9  10  47  11  40  12  35  13  11  14  39  15  42  16  35  17  44  18  40  19   5 
  0  24   1  26   2  41   3  29   4  38   5  21   6  20   7  51   8  20   9  10  10  46  11  45  12  33  13  11  14  41  15  44  16  35  17  47  18  39  19   4 
  0  16   1  22   2  43   3  28   4  32   5  20   6  19   7  51   8  17   9   7  10  45  11  39  12  33  13   8  14  40  15  38  16  32  17  44  18  36  19   4 
  0  20   1  25   2  42   3  27   4  37   5  19   6  19   7  50   8  21   9   9  10  47  11  44  12  35  13   7  14  40  15  44  16  36  17  44  18  37  19   3 
  0  19   1  24   2  40   3  25   4  34   5  20   6  18   7  49   8  19   9   8  10  45  11  42  12  33  13   8  14  40  15  43  16  34  17  44  18  35  19   5 
  0  22   1  27   2  42   3  26   4  36   5  24   6  21   7  51   8  19   9  10  10  46  11  44  12  33  13  12  14  38  15  43  16  35  17  47  18  37  19   5 
  0  15   1  20   2  40   3  24   4  29   5  17   6  21   7  50   8  20   9   7  10  45  11  41  12  35  13   4  14  37  15  37  16  30  17  41  18  35  19   3 
  0  18   1  19   2  40   3  24   4  32   5  17   6  18   7  51   8  18   9   9  10  45  11  39  12  33  13   5  14  39  15  38  16  32  17  41  18  36  19   3 
  0  18   1  22   2  41   3  24   4  29   5  18   6  18   7  49   8  19   9   8  10  45  11  38  12  34  13   4  14  37  15  37  16  32  17  41  18  33  19   3 
  0  19   1  21   2  40   3  25   4  30   5  18   6  18   7  51   8  20   9   9  10  46  11  38  12  34  13   4  14  39  15  41  16  33  17  44  18  35  19   3 
  0  15   1  21   2  40   3  25   4  30   5  16   6  18   7  49   8  19   9   9  10  45  11  37  12  33  13   3  14  37  15  39  16  32  17  44  18  36  19   3 
  0  20   1  24   2  41   3  28   4  33   5  21   6  18   7  51   8  18   9  13  10  45  11  42  12  34  13  10  14  39  15  44  16  33  17  47  18  39  19   5 
  0  20   1  21   2  41   3  24   4  32   5  20   6  21   7  50   8  17   9  10  10  47  11  38  12  35  13   9  14  41  15  39  16  34  17  44  18  38  19   3 
  0  18   1  21   2  43   3  26   4  33   5  16   6  20   7  49   8  18   9   7  10  45  11  39  12  35  13   3  14  40  15  41  16  29  17  41  18  33  19   3 
  0  24   1  29   2  44   3  29   4  39   5  24   6  19   7  49   8  21   9  13  10  47  11  42  12  35  13  12  14  41  15  45  16  39  17  49  18  40  19   4 
  0  22   1  29   2  42   3  27   4  37   5  23   6  20   7  49   8  20   9  13  10  47  11  45  12  35  13  12  14  40  15  44  16  39  17  49  18  41  19   5 
  0  24   1  29   2  44   3  28   4  39   5  24   6  20   7  51   8  19   9  11  10  47  11  44  12  34  13  12  14  41  15  47  16  39  17  48  18  41  19   5 
  0  22   1  28   2  44   3  26   4  36   5  21   6  19   7  51   8  21   9  12  10  46  11  41  12  33  13  10  14  38  15  46  16  35  17  48  18  36  19   3 
  0  15   1  22   2  40   3  24   4  29   5  17   6  18   7  50   8  17   9   7  10  45  11  40  12  33  13   6  14  39  15  37  16  29  17  41  18  33  19   3 
  0  25   1  27   2  43   3  29   4  37   5  24   6  22   7  51   8  21   9  13  10  47  11  43  12  35  13  12  14  41  15  47  16  39  17  48  18  39  19   3 


