
 20  20

  0  54   1  43   2  83   3  85   4  62   5  78   6  85   7  76   8  55   9  73  10  57  11  40  12  56  13  84  14  43  15  48  16  63  17  43  18  78  19  51 
  0  48   1  39   2  81   3  82   4  61   5  73   6  84   7  71   8  49   9  71  10  58  11  40  12  54  13  83  14  38  15  49  16  63  17  40  18  73  19  50 
  0  53   1  39   2  81   3  84   4  61   5  78   6  86   7  73   8  51   9  71  10  58  11  40  12  58  13  83  14  42  15  50  16  65  17  42  18  75  19  53 
  0  52   1  39   2  82   3  81   4  58   5  77   6  86   7  73   8  50   9  70  10  58  11  40  12  56  13  83  14  44  15  50  16  65  17  42  18  74  19  48 
  0  58   1  43   2  85   3  85   4  62   5  78   6  84   7  79   8  57   9  76  10  57  11  40  12  59  13  86  14  46  15  49  16  67  17  46  18  81  19  53 
  0  52   1  39   2  82   3  82   4  62   5  77   6  84   7  77   8  51   9  72  10  56  11  38  12  58  13  84  14  44  15  50  16  66  17  44  18  78  19  49 
  0  56   1  43   2  83   3  85   4  60   5  79   6  86   7  75   8  56   9  77  10  58  11  40  12  58  13  86  14  45  15  48  16  67  17  45  18  78  19  53 
  0  53   1  40   2  84   3  83   4  62   5  79   6  86   7  76   8  56   9  76  10  58  11  40  12  58  13  84  14  44  15  48  16  63  17  48  18  79  19  52 
  0  57   1  43   2  84   3  85   4  62   5  79   6  86   7  76   8  56   9  78  10  58  11  40  12  58  13  86  14  45  15  50  16  66  17  48  18  78  19  52 
  0  52   1  40   2  82   3  85   4  62   5  77   6  86   7  76   8  52   9  73  10  58  11  38  12  56  13  85  14  40  15  48  16  61  17  43  18  74  19  49 
  0  54   1  40   2  86   3  83   4  62   5  78   6  86   7  79   8  55   9  76  10  57  11  38  12  59  13  85  14  43  15  49  16  63  17  45  18  78  19  53 
  0  54   1  41   2  82   3  84   4  60   5  77   6  84   7  74   8  53   9  74  10  56  11  39  12  56  13  84  14  42  15  48  16  65  17  41  18  76  19  48 
  0  48   1  39   2  82   3  82   4  58   5  75   6  84   7  73   8  48   9  68  10  56  11  39  12  52  13  81  14  40  15  46  16  62  17  41  18  75  19  47 
  0  54   1  40   2  84   3  84   4  58   5  77   6  86   7  76   8  51   9  72  10  58  11  39  12  54  13  84  14  44  15  49  16  62  17  41  18  76  19  51 
  0  48   1  40   2  81   3  81   4  58   5  75   6  86   7  71   8  50   9  70  10  56  11  39  12  51  13  80  14  40  15  47  16  61  17  40  18  73  19  47 
  0  53   1  43   2  82   3  84   4  61   5  75   6  85   7  73   8  52   9  73  10  58  11  40  12  57  13  82  14  45  15  48  16  63  17  43  18  76  19  49 
  0  51   1  41   2  85   3  82   4  61   5  78   6  86   7  73   8  55   9  74  10  57  11  38  12  56  13  86  14  44  15  49  16  65  17  44  18  77  19  51 
  0  50   1  40   2  80   3  81   4  58   5  74   6  86   7  74   8  48   9  70  10  56  11  40  12  53  13  82  14  38  15  49  16  61  17  40  18  73  19  50 
  0  56   1  43   2  85   3  83   4  59   5  77   6  84   7  77   8  56   9  75  10  56  11  40  12  61  13  86  14  45  15  49  16  65  17  48  18  81  19  55 
  0  54   1  41   2  85   3  82   4  62   5  74   6  86   7  74   8  52   9  70  10  57  11  40  12  56  13  85  14  42  15  50  16  62  17  41  18  75  19  48 


