
 20  20

  0  92   1  78   2  92   3  88   4  50   5  59   6  85   7  52   8  96   9  70  10  66  11  63  12  80  13  60  14  91  15  89  16  51  17  87  18  63  19  89 
  0  94   1  77   2  93   3  87   4  52   5  61   6  89   7  56   8  98   9  70  10  69  11  63  12  81  13  63  14  92  15  90  16  52  17  85  18  63  19  89 
  0  91   1  74   2  92   3  84   4  48   5  59   6  86   7  52   8  95   9  70  10  63  11  64  12  80  13  60  14  89  15  88  16  50  17  83  18  59  19  85 
  0  95   1  80   2  94   3  90   4  50   5  61   6  87   7  57   8  99   9  72  10  68  11  65  12  83  13  65  14  95  15  90  16  55  17  85  18  61  19  88 
  0  96   1  79   2  93   3  90   4  52   5  62   6  87   7  57   8  99   9  71  10  71  11  65  12  84  13  64  14  93  15  92  16  56  17  87  18  62  19  89 
  0  89   1  75   2  92   3  85   4  51   5  61   6  83   7  52   8  95   9  66  10  64  11  63  12  78  13  57  14  90  15  84  16  47  17  85  18  61  19  83 
  0  91   1  72   2  92   3  84   4  50   5  60   6  85   7  50   8  94   9  66  10  65  11  64  12  79  13  59  14  90  15  88  16  49  17  84  18  61  19  86 
  0  91   1  74   2  94   3  84   4  50   5  61   6  88   7  53   8  98   9  68  10  66  11  63  12  80  13  59  14  90  15  88  16  50  17  85  18  61  19  86 
  0  92   1  77   2  92   3  88   4  50   5  61   6  86   7  55   8  95   9  67  10  68  11  65  12  81  13  59  14  90  15  89  16  54  17  84  18  62  19  87 
  0  93   1  75   2  92   3  85   4  52   5  60   6  85   7  54   8  95   9  70  10  67  11  65  12  79  13  61  14  90  15  89  16  50  17  83  18  63  19  85 
  0  98   1  79   2  94   3  90   4  52   5  60   6  89   7  57   8  99   9  72  10  71  11  65  12  83  13  65  14  94  15  92  16  56  17  87  18  63  19  91 
  0  88   1  74   2  92   3  82   4  48   5  59   6  83   7  52   8  92   9  67  10  63  11  63  12  79  13  59  14  86  15  87  16  48  17  85  18  59  19  81 
  0  96   1  79   2  92   3  87   4  48   5  62   6  89   7  56   8  98   9  69  10  67  11  63  12  83  13  63  14  94  15  90  16  52  17  84  18  62  19  85 
  0  89   1  73   2  94   3  83   4  48   5  61   6  84   7  49   8  92   9  68  10  63  11  63  12  81  13  61  14  89  15  88  16  49  17  85  18  59  19  84 
  0  94   1  77   2  93   3  90   4  50   5  60   6  89   7  55   8  99   9  70  10  68  11  65  12  83  13  64  14  93  15  88  16  52  17  85  18  61  19  87 
  0  91   1  74   2  92   3  85   4  49   5  58   6  83   7  50   8  93   9  66  10  64  11  63  12  80  13  59  14  88  15  88  16  49  17  84  18  59  19  83 
  0  89   1  72   2  92   3  82   4  48   5  58   6  84   7  51   8  96   9  67  10  66  11  63  12  79  13  59  14  88  15  85  16  48  17  84  18  62  19  81 
  0  88   1  73   2  92   3  83   4  49   5  60   6  83   7  51   8  95   9  66  10  66  11  65  12  79  13  61  14  86  15  85  16  49  17  85  18  62  19  84 
  0  92   1  76   2  92   3  87   4  48   5  60   6  83   7  52   8  97   9  67  10  65  11  64  12  81  13  59  14  92  15  86  16  49  17  83  18  60  19  83 
  0  96   1  78   2  94   3  87   4  52   5  61   6  87   7  57   8  98   9  71  10  70  11  65  12  82  13  62  14  92  15  89  16  55  17  85  18  60  19  89 


