
 20  20

  0  67   1  60   2  44   3  68   4  33   5  39   6  37   7  55   8  60   9  47  10  46  11  54  12  47  13  69  14  66  15  68  16  40  17  67  18  53  19  38 
  0  74   1  63   2  45   3  75   4  39   5  40   6  47   7  55   8  62   9  50  10  52  11  59  12  53  13  72  14  74  15  70  16  46  17  74  18  55  19  41 
  0  74   1  63   2  46   3  74   4  35   5  39   6  46   7  56   8  61   9  46  10  51  11  55  12  53  13  70  14  74  15  68  16  42  17  73  18  54  19  41 
  0  75   1  63   2  46   3  72   4  39   5  40   6  45   7  57   8  62   9  47  10  52  11  56  12  53  13  71  14  72  15  68  16  47  17  73  18  55  19  40 
  0  72   1  62   2  44   3  71   4  38   5  36   6  41   7  57   8  58   9  49  10  48  11  57  12  52  13  71  14  68  15  68  16  41  17  71  18  53  19  42 
  0  69   1  59   2  45   3  65   4  34   5  36   6  39   7  57   8  60   9  44  10  45  11  56  12  50  13  67  14  67  15  69  16  39  17  66  18  51  19  38 
  0  68   1  59   2  46   3  67   4  33   5  36   6  37   7  56   8  58   9  46  10  45  11  54  12  47  13  68  14  68  15  70  16  37  17  64  18  51  19  39 
  0  70   1  57   2  44   3  68   4  34   5  36   6  38   7  55   8  60   9  44  10  47  11  57  12  47  13  67  14  70  15  68  16  41  17  66  18  51  19  38 
  0  66   1  57   2  44   3  68   4  35   5  36   6  39   7  55   8  58   9  44  10  47  11  53  12  47  13  68  14  69  15  68  16  39  17  67  18  54  19  38 
  0  69   1  58   2  44   3  71   4  35   5  40   6  40   7  56   8  58   9  49  10  50  11  55  12  49  13  70  14  68  15  68  16  42  17  71  18  54  19  39 
  0  76   1  63   2  45   3  75   4  37   5  38   6  45   7  57   8  62   9  50  10  52  11  57  12  53  13  72  14  74  15  70  16  47  17  73  18  54  19  42 
  0  73   1  61   2  46   3  74   4  39   5  38   6  45   7  56   8  61   9  47  10  52  11  59  12  50  13  74  14  74  15  68  16  44  17  73  18  55  19  40 
  0  75   1  63   2  44   3  74   4  36   5  39   6  44   7  57   8  61   9  49  10  51  11  56  12  53  13  73  14  74  15  69  16  46  17  71  18  52  19  42 
  0  73   1  59   2  45   3  72   4  36   5  37   6  42   7  57   8  61   9  48  10  47  11  55  12  48  13  71  14  72  15  68  16  40  17  67  18  51  19  40 
  0  69   1  57   2  45   3  68   4  35   5  38   6  41   7  55   8  59   9  45  10  45  11  53  12  50  13  68  14  68  15  68  16  38  17  65  18  53  19  40 
  0  68   1  58   2  44   3  65   4  35   5  36   6  37   7  55   8  58   9  44  10  44  11  53  12  47  13  66  14  66  15  68  16  39  17  65  18  51  19  38 
  0  72   1  61   2  46   3  73   4  35   5  39   6  45   7  56   8  61   9  47  10  48  11  55  12  53  13  70  14  71  15  70  16  45  17  72  18  55  19  39 
  0  74   1  63   2  46   3  74   4  39   5  38   6  47   7  57   8  60   9  50  10  52  11  59  12  51  13  73  14  74  15  69  16  47  17  73  18  55  19  41 
  0  70   1  58   2  45   3  72   4  36   5  37   6  43   7  55   8  58   9  47  10  46  11  54  12  51  13  70  14  68  15  69  16  42  17  71  18  55  19  40 
  0  74   1  60   2  44   3  73   4  38   5  39   6  45   7  55   8  59   9  50  10  50  11  57  12  52  13  70  14  72  15  70  16  45  17  70  18  55  19  42 


