
 20  20

  0  35   1  60   2  53   3  23   4  56   5  14   6  57   7  26   8  37   9  48  10  38  11  42  12  63  13  33  14  37  15  36  16  52  17  45  18  46  19  58 
  0  34   1  57   2  52   3  21   4  56   5  11   6  53   7  27   8  36   9  47  10  37  11  45  12  62  13  31  14  33  15  35  16  54  17  47  18  47  19  58 
  0  32   1  56   2  53   3  19   4  54   5  12   6  52   7  24   8  32   9  46  10  31  11  42  12  60  13  31  14  33  15  33  16  52  17  42  18  44  19  55 
  0  39   1  62   2  51   3  26   4  60   5  15   6  56   7  29   8  37   9  50  10  40  11  44  12  63  13  33  14  35  15  38  16  56  17  50  18  49  19  59 
  0  40   1  62   2  53   3  26   4  60   5  15   6  55   7  29   8  35   9  48  10  38  11  46  12  61  13  31  14  36  15  37  16  56  17  50  18  46  19  57 
  0  41   1  61   2  52   3  26   4  58   5  18   6  58   7  27   8  39   9  48  10  39  11  45  12  62  13  33  14  36  15  39  16  56  17  49  18  49  19  59 
  0  37   1  61   2  52   3  22   4  60   5  13   6  56   7  26   8  35   9  47  10  37  11  46  12  63  13  31  14  37  15  39  16  56  17  49  18  49  19  57 
  0  37   1  56   2  53   3  20   4  55   5  13   6  54   7  25   8  36   9  50  10  37  11  45  12  62  13  31  14  35  15  37  16  55  17  47  18  47  19  58 
  0  33   1  55   2  51   3  21   4  57   5  13   6  53   7  24   8  33   9  49  10  33  11  42  12  60  13  32  14  35  15  35  16  53  17  45  18  48  19  55 
  0  32   1  56   2  51   3  20   4  54   5  10   6  52   7  24   8  31   9  47  10  32  11  42  12  60  13  31  14  32  15  33  16  54  17  44  18  46  19  55 
  0  34   1  57   2  51   3  24   4  56   5  15   6  57   7  26   8  34   9  49  10  34  11  46  12  64  13  31  14  36  15  34  16  55  17  45  18  47  19  59 
  0  40   1  62   2  51   3  24   4  60   5  18   6  55   7  29   8  35   9  50  10  37  11  44  12  62  13  33  14  37  15  39  16  54  17  47  18  47  19  59 
  0  37   1  61   2  53   3  25   4  58   5  17   6  58   7  26   8  38   9  48  10  37  11  44  12  63  13  31  14  38  15  37  16  56  17  48  18  50  19  56 
  0  40   1  62   2  51   3  27   4  60   5  18   6  57   7  29   8  39   9  50  10  41  11  46  12  64  13  32  14  38  15  39  16  54  17  49  18  50  19  58 
  0  40   1  58   2  51   3  24   4  60   5  16   6  56   7  28   8  39   9  47  10  36  11  46  12  61  13  31  14  36  15  39  16  54  17  50  18  48  19  58 
  0  36   1  59   2  53   3  20   4  58   5  15   6  56   7  23   8  34   9  46  10  34  11  45  12  60  13  33  14  35  15  35  16  55  17  43  18  48  19  58 
  0  37   1  60   2  51   3  23   4  56   5  13   6  54   7  24   8  34   9  48  10  35  11  44  12  60  13  33  14  33  15  34  16  53  17  44  18  49  19  55 
  0  32   1  55   2  51   3  17   4  55   5  11   6  52   7  23   8  33   9  48  10  34  11  45  12  61  13  31  14  34  15  35  16  52  17  44  18  47  19  55 
  0  34   1  55   2  53   3  22   4  54   5  15   6  54   7  26   8  35   9  47  10  33  11  45  12  61  13  31  14  34  15  33  16  53  17  47  18  48  19  55 
  0  34   1  60   2  53   3  20   4  56   5  14   6  57   7  25   8  34   9  47  10  36  11  44  12  64  13  33  14  37  15  38  16  56  17  46  18  45  19  55 


