
 20  20

  0  84   1  52   2  47   3  54   4  66   5  50   6  45   7  73   8  88   9  74  10  48  11  77  12  45  13  89  14  55  15  69  16  84  17  87  18  90  19  86 
  0  93   1  60   2  49   3  55   4  71   5  53   6  45   7  73   8  92   9  74  10  52  11  80  12  47  13  89  14  64  15  74  16  84  17  89  18  88  19  88 
  0  86   1  54   2  47   3  55   4  69   5  54   6  45   7  73   8  91   9  74  10  47  11  81  12  46  13  91  14  60  15  70  16  86  17  92  18  90  19  86 
  0  89   1  56   2  46   3  56   4  67   5  50   6  47   7  73   8  91   9  76  10  49  11  80  12  46  13  91  14  58  15  70  16  85  17  89  18  88  19  87 
  0  87   1  58   2  49   3  55   4  68   5  51   6  47   7  73   8  90   9  76  10  50  11  79  12  45  13  90  14  58  15  75  16  86  17  90  18  90  19  89 
  0  94   1  58   2  48   3  56   4  68   5  52   6  47   7  74   8  92   9  75  10  49  11  82  12  49  13  89  14  64  15  77  16  86  17  90  18  90  19  90 
  0  86   1  52   2  45   3  54   4  68   5  52   6  45   7  75   8  89   9  74  10  46  11  79  12  47  13  90  14  56  15  72  16  84  17  90  18  89  19  87 
  0  86   1  52   2  48   3  55   4  68   5  53   6  47   7  73   8  91   9  74  10  47  11  79  12  46  13  91  14  60  15  70  16  86  17  87  18  89  19  86 
  0  84   1  54   2  45   3  54   4  65   5  51   6  45   7  75   8  88   9  74  10  48  11  79  12  47  13  90  14  59  15  69  16  84  17  88  18  88  19  88 
  0  85   1  54   2  45   3  54   4  66   5  50   6  45   7  73   8  88   9  75  10  48  11  77  12  45  13  91  14  58  15  70  16  84  17  87  18  88  19  86 
  0  86   1  52   2  48   3  54   4  66   5  50   6  46   7  73   8  90   9  75  10  48  11  76  12  45  13  91  14  59  15  69  16  84  17  87  18  89  19  86 
  0  89   1  57   2  48   3  56   4  71   5  51   6  45   7  75   8  92   9  75  10  50  11  82  12  49  13  91  14  61  15  73  16  84  17  91  18  88  19  87 
  0  90   1  55   2  45   3  54   4  67   5  53   6  45   7  73   8  90   9  75  10  47  11  81  12  49  13  91  14  61  15  73  16  85  17  88  18  88  19  88 
  0  86   1  54   2  45   3  54   4  68   5  51   6  46   7  73   8  88   9  74  10  49  11  78  12  47  13  89  14  56  15  71  16  84  17  89  18  89  19  87 
  0  93   1  59   2  49   3  56   4  71   5  53   6  46   7  73   8  89   9  75  10  50  11  83  12  46  13  91  14  64  15  75  16  86  17  90  18  89  19  89 
  0  91   1  59   2  46   3  56   4  67   5  52   6  46   7  73   8  92   9  76  10  48  11  81  12  49  13  90  14  62  15  74  16  86  17  93  18  88  19  90 
  0  88   1  57   2  48   3  54   4  69   5  50   6  45   7  75   8  92   9  74  10  51  11  80  12  46  13  89  14  63  15  75  16  86  17  89  18  90  19  87 
  0  93   1  58   2  49   3  56   4  71   5  54   6  46   7  73   8  92   9  76  10  52  11  84  12  49  13  90  14  64  15  76  16  86  17  93  18  90  19  90 
  0  88   1  56   2  49   3  54   4  66   5  50   6  47   7  73   8  89   9  75  10  49  11  78  12  48  13  90  14  62  15  73  16  86  17  92  18  88  19  88 
  0  86   1  56   2  45   3  55   4  69   5  50   6  45   7  75   8  91   9  74  10  49  11  80  12  46  13  90  14  60  15  70  16  84  17  87  18  90  19  88 


