
 20  20

  0  22   1  64   2  21   3  57   4  60   5  19   6  51   7  35   8  60   9  61  10  16  11  65  12  39  13  41  14  60  15  52  16  55  17  25  18  33  19  52 
  0  25   1  64   2  23   3  53   4  60   5  20   6  50   7  35   8  59   9  61  10  16  11  64  12  39  13  40  14  60  15  52  16  55  17  26  18  32  19  52 
  0  15   1  60   2  20   3  49   4  54   5  14   6  45   7  33   8  55   9  56  10  15  11  63  12  29  13  41  14  58  15  51  16  47  17  17  18  31  19  50 
  0  20   1  64   2  21   3  54   4  57   5  19   6  46   7  34   8  58   9  61  10  15  11  65  12  36  13  40  14  58  15  50  16  52  17  23  18  32  19  53 
  0  19   1  61   2  23   3  53   4  56   5  19   6  49   7  32   8  59   9  58  10  19  11  65  12  37  13  41  14  59  15  50  16  53  17  21  18  33  19  52 
  0  23   1  64   2  23   3  54   4  58   5  21   6  50   7  35   8  61   9  58  10  18  11  65  12  34  13  39  14  60  15  52  16  52  17  25  18  31  19  52 
  0  16   1  62   2  21   3  51   4  57   5  16   6  48   7  32   8  57   9  57  10  16  11  62  12  31  13  40  14  59  15  51  16  50  17  21  18  33  19  50 
  0  21   1  60   2  20   3  50   4  58   5  17   6  48   7  34   8  58   9  58  10  17  11  64  12  33  13  39  14  60  15  52  16  50  17  22  18  33  19  50 
  0  21   1  64   2  24   3  55   4  60   5  19   6  49   7  34   8  57   9  59  10  18  11  65  12  38  13  41  14  61  15  50  16  56  17  23  18  32  19  51 
  0  15   1  60   2  20   3  51   4  54   5  16   6  43   7  31   8  55   9  58  10  13  11  62  12  31  13  39  14  58  15  50  16  47  17  17  18  33  19  49 
  0  18   1  60   2  21   3  51   4  55   5  15   6  45   7  31   8  58   9  59  10  13  11  62  12  33  13  41  14  59  15  50  16  50  17  21  18  31  19  51 
  0  18   1  63   2  21   3  55   4  58   5  19   6  46   7  35   8  59   9  60  10  16  11  63  12  32  13  41  14  61  15  50  16  52  17  20  18  33  19  51 
  0  24   1  64   2  24   3  57   4  58   5  22   6  50   7  35   8  61   9  62  10  19  11  65  12  39  13  42  14  62  15  52  16  57  17  27  18  33  19  51 
  0  24   1  61   2  24   3  56   4  58   5  20   6  51   7  35   8  59   9  61  10  18  11  65  12  35  13  43  14  62  15  52  16  57  17  24  18  32  19  53 
  0  22   1  64   2  23   3  54   4  56   5  18   6  49   7  32   8  58   9  61  10  18  11  65  12  36  13  42  14  62  15  52  16  52  17  22  18  33  19  51 
  0  20   1  62   2  23   3  52   4  58   5  19   6  47   7  31   8  58   9  59  10  13  11  63  12  32  13  41  14  56  15  52  16  52  17  21  18  31  19  52 
  0  15   1  60   2  23   3  52   4  57   5  15   6  43   7  31   8  55   9  57  10  16  11  63  12  29  13  40  14  58  15  50  16  50  17  17  18  31  19  52 
  0  21   1  63   2  22   3  52   4  60   5  21   6  47   7  34   8  61   9  60  10  19  11  62  12  34  13  42  14  58  15  50  16  54  17  21  18  32  19  49 
  0  21   1  61   2  22   3  53   4  57   5  16   6  45   7  34   8  60   9  57  10  15  11  61  12  35  13  40  14  61  15  52  16  54  17  22  18  31  19  53 
  0  16   1  60   2  20   3  51   4  55   5  14   6  43   7  31   8  56   9  58  10  15  11  61  12  33  13  39  14  56  15  50  16  50  17  17  18  31  19  49 


