
 20  20

  0  12   1  24   2  47   3  20   4  30   5  24   6  39   7  18   8  26   9  46  10  18  11  37  12  27  13  29  14  31  15  44  16  42  17  55  18  48  19  36 
  0   8   1  23   2  43   3  23   4  28   5  23   6  39   7  21   8  28   9  43  10  20  11  37  12  28  13  30  14  30  15  41  16  45  17  55  18  44  19  35 
  0   7   1  22   2  43   3  16   4  29   5  22   6  37   7  16   8  23   9  44  10  16  11  35  12  24  13  29  14  29  15  41  16  41  17  54  18  41  19  29 
  0   8   1  20   2  44   3  19   4  30   5  25   6  40   7  17   8  25   9  44  10  15  11  38  12  25  13  31  14  30  15  41  16  41  17  54  18  45  19  32 
  0  15   1  24   2  48   3  26   4  32   5  24   6  42   7  20   8  28   9  46  10  19  11  39  12  28  13  29  14  30  15  44  16  45  17  55  18  50  19  36 
  0  14   1  23   2  48   3  23   4  33   5  26   6  43   7  20   8  30   9  46  10  19  11  39  12  28  13  31  14  31  15  42  16  44  17  54  18  50  19  39 
  0   8   1  20   2  46   3  21   4  29   5  22   6  37   7  18   8  25   9  44  10  16  11  38  12  26  13  30  14  30  15  43  16  41  17  54  18  42  19  34 
  0  11   1  21   2  45   3  20   4  32   5  24   6  39   7  19   8  27   9  43  10  20  11  39  12  28  13  31  14  29  15  43  16  41  17  54  18  47  19  35 
  0   7   1  20   2  43   3  20   4  32   5  26   6  39   7  20   8  28   9  44  10  18  11  37  12  24  13  29  14  29  15  42  16  45  17  54  18  45  19  32 
  0   6   1  21   2  42   3  18   4  27   5  24   6  36   7  16   8  22   9  42  10  15  11  35  12  24  13  30  14  31  15  40  16  43  17  54  18  41  19  31 
  0   5   1  21   2  43   3  16   4  27   5  22   6  38   7  16   8  24   9  43  10  15  11  36  12  25  13  29  14  31  15  42  16  41  17  54  18  41  19  31 
  0  14   1  24   2  45   3  24   4  33   5  25   6  42   7  20   8  29   9  43  10  18  11  36  12  26  13  31  14  31  15  44  16  44  17  56  18  50  19  39 
  0   6   1  20   2  42   3  17   4  27   5  22   6  39   7  18   8  24   9  42  10  19  11  38  12  26  13  31  14  31  15  40  16  41  17  54  18  46  19  33 
  0  15   1  24   2  48   3  26   4  33   5  25   6  43   7  22   8  30   9  46  10  21  11  39  12  28  13  31  14  31  15  44  16  43  17  55  18  51  19  39 
  0   8   1  22   2  44   3  20   4  28   5  22   6  38   7  16   8  23   9  43  10  16  11  35  12  26  13  30  14  30  15  41  16  42  17  54  18  41  19  33 
  0  15   1  24   2  46   3  24   4  33   5  25   6  41   7  21   8  30   9  46  10  19  11  37  12  26  13  30  14  31  15  42  16  45  17  56  18  49  19  39 
  0   5   1  21   2  45   3  18   4  29   5  22   6  35   7  19   8  22   9  42  10  15  11  38  12  26  13  30  14  30  15  40  16  42  17  54  18  41  19  29 
  0   7   1  20   2  42   3  18   4  30   5  23   6  39   7  16   8  24   9  42  10  15  11  35  12  25  13  31  14  30  15  40  16  41  17  54  18  44  19  30 
  0   8   1  20   2  45   3  20   4  29   5  25   6  40   7  17   8  27   9  43  10  19  11  36  12  28  13  30  14  31  15  41  16  43  17  54  18  46  19  31 
  0  12   1  23   2  46   3  23   4  28   5  26   6  40   7  20   8  27   9  44  10  19  11  38  12  24  13  30  14  29  15  43  16  44  17  56  18  48  19  33 


