
 20  20

  0  43   1  41   2  18   3  48   4  59   5  29   6  55   7  51   8  41   9  26  10  47  11  25  12  18  13  41  14  32  15  56  16  61  17  56  18  19  19  48 
  0  47   1  43   2  18   3  49   4  61   5  29   6  58   7  51   8  37   9  29  10  48  11  23  12  20  13  39  14  31  15  56  16  63  17  59  18  20  19  48 
  0  50   1  45   2  20   3  53   4  61   5  29   6  61   7  57   8  44   9  34  10  52  11  24  12  20  13  40  14  36  15  55  16  67  17  59  18  22  19  50 
  0  44   1  41   2  18   3  45   4  61   5  28   6  56   7  51   8  39   9  27  10  43  11  25  12  19  13  40  14  31  15  57  16  62  17  58  18  21  19  47 
  0  43   1  44   2  18   3  51   4  59   5  30   6  56   7  55   8  42   9  26  10  46  11  23  12  20  13  41  14  32  15  55  16  60  17  56  18  23  19  47 
  0  49   1  44   2  20   3  53   4  61   5  30   6  58   7  55   8  41   9  31  10  51  11  24  12  20  13  42  14  34  15  57  16  65  17  60  18  21  19  49 
  0  41   1  41   2  19   3  48   4  60   5  28   6  54   7  53   8  37   9  24  10  43  11  24  12  16  13  39  14  29  15  55  16  60  17  56  18  21  19  45 
  0  42   1  41   2  19   3  47   4  59   5  30   6  55   7  51   8  38   9  28  10  46  11  24  12  16  13  41  14  28  15  56  16  59  17  56  18  20  19  46 
  0  45   1  41   2  20   3  50   4  60   5  29   6  57   7  54   8  39   9  32  10  49  11  25  12  20  13  40  14  33  15  55  16  63  17  60  18  22  19  47 
  0  51   1  45   2  19   3  52   4  61   5  30   6  58   7  55   8  43   9  34  10  50  11  24  12  20  13  42  14  36  15  57  16  68  17  59  18  21  19  52 
  0  44   1  41   2  20   3  48   4  61   5  28   6  58   7  54   8  38   9  31  10  48  11  23  12  16  13  38  14  32  15  57  16  61  17  56  18  19  19  46 
  0  44   1  44   2  18   3  45   4  61   5  30   6  53   7  52   8  38   9  28  10  44  11  23  12  16  13  38  14  29  15  57  16  61  17  56  18  20  19  47 
  0  47   1  41   2  20   3  52   4  59   5  28   6  60   7  55   8  42   9  31  10  49  11  23  12  19  13  39  14  31  15  57  16  62  17  60  18  24  19  47 
  0  45   1  44   2  20   3  48   4  59   5  28   6  55   7  51   8  36   9  27  10  46  11  25  12  16  13  38  14  31  15  55  16  59  17  58  18  19  19  46 
  0  44   1  41   2  20   3  50   4  61   5  28   6  57   7  53   8  38   9  28  10  47  11  23  12  19  13  40  14  29  15  57  16  65  17  58  18  21  19  46 
  0  51   1  45   2  19   3  51   4  59   5  29   6  61   7  56   8  44   9  34  10  52  11  23  12  20  13  40  14  35  15  57  16  67  17  60  18  24  19  50 
  0  51   1  45   2  20   3  51   4  61   5  28   6  60   7  54   8  42   9  33  10  49  11  25  12  20  13  42  14  34  15  57  16  66  17  59  18  24  19  52 
  0  46   1  43   2  20   3  47   4  61   5  28   6  58   7  53   8  41   9  25  10  43  11  23  12  16  13  38  14  31  15  57  16  61  17  57  18  20  19  48 
  0  43   1  41   2  18   3  48   4  59   5  29   6  53   7  51   8  36   9  29  10  44  11  24  12  17  13  40  14  29  15  57  16  61  17  56  18  21  19  47 
  0  46   1  43   2  20   3  47   4  60   5  28   6  56   7  55   8  38   9  26  10  43  11  25  12  18  13  38  14  30  15  55  16  63  17  59  18  20  19  48 


