
 20  20

  0  61   1  77   2  51   3  60   4  65   5  43   6  87   7  51   8  59   9  56  10  68  11  69  12  60  13  42  14  86  15  67  16  72  17  57  18  51  19  90 
  0  61   1  71   2  47   3  59   4  58   5  40   6  87   7  49   8  57   9  51  10  67  11  64  12  58  13  41  14  86  15  66  16  74  17  54  18  50  19  92 
  0  61   1  76   2  51   3  60   4  62   5  40   6  86   7  51   8  57   9  55  10  67  11  68  12  60  13  44  14  89  15  69  16  74  17  54  18  53  19  92 
  0  65   1  77   2  51   3  60   4  67   5  45   6  85   7  56   8  58   9  59  10  68  11  70  12  63  13  43  14  90  15  70  16  72  17  56  18  51  19  91 
  0  63   1  77   2  50   3  60   4  64   5  46   6  85   7  56   8  57   9  59  10  67  11  68  12  66  13  43  14  89  15  72  16  72  17  56  18  53  19  90 
  0  64   1  78   2  51   3  58   4  62   5  43   6  85   7  56   8  58   9  54  10  67  11  71  12  64  13  44  14  90  15  68  16  72  17  56  18  51  19  90 
  0  61   1  75   2  48   3  59   4  59   5  42   6  86   7  52   8  59   9  54  10  67  11  67  12  62  13  41  14  87  15  65  16  74  17  55  18  49  19  92 
  0  64   1  73   2  49   3  60   4  61   5  42   6  85   7  51   8  59   9  56  10  67  11  69  12  60  13  44  14  87  15  67  16  74  17  56  18  52  19  90 
  0  60   1  72   2  50   3  58   4  61   5  39   6  87   7  49   8  59   9  54  10  69  11  64  12  61  13  39  14  85  15  68  16  72  17  57  18  50  19  92 
  0  62   1  72   2  49   3  59   4  58   5  39   6  85   7  51   8  59   9  54  10  68  11  67  12  58  13  41  14  88  15  66  16  74  17  54  18  48  19  91 
  0  65   1  76   2  52   3  60   4  64   5  44   6  87   7  56   8  58   9  59  10  67  11  71  12  67  13  45  14  88  15  68  16  74  17  55  18  54  19  92 
  0  68   1  78   2  53   3  60   4  68   5  47   6  85   7  54   8  59   9  57  10  69  11  73  12  67  13  45  14  91  15  72  16  73  17  58  18  52  19  90 
  0  67   1  80   2  53   3  58   4  66   5  46   6  87   7  55   8  58   9  57  10  69  11  72  12  67  13  47  14  88  15  71  16  72  17  55  18  52  19  92 
  0  65   1  75   2  51   3  60   4  63   5  44   6  87   7  54   8  59   9  56  10  69  11  71  12  65  13  44  14  87  15  70  16  72  17  57  18  55  19  92 
  0  67   1  80   2  52   3  60   4  67   5  46   6  87   7  54   8  58   9  56  10  69  11  71  12  67  13  47  14  91  15  72  16  74  17  58  18  54  19  92 
  0  59   1  72   2  49   3  58   4  61   5  39   6  85   7  49   8  57   9  54  10  67  11  66  12  60  13  37  14  86  15  65  16  73  17  56  18  50  19  90 
  0  66   1  78   2  53   3  60   4  65   5  47   6  85   7  57   8  59   9  59  10  69  11  71  12  64  13  47  14  88  15  69  16  72  17  58  18  54  19  91 
  0  59   1  70   2  48   3  58   4  61   5  39   6  85   7  49   8  59   9  55  10  69  11  63  12  58  13  40  14  86  15  67  16  72  17  54  18  50  19  90 
  0  65   1  79   2  49   3  58   4  64   5  46   6  87   7  57   8  59   9  57  10  68  11  71  12  66  13  42  14  88  15  69  16  72  17  55  18  54  19  91 
  0  61   1  71   2  49   3  59   4  62   5  40   6  86   7  49   8  58   9  52  10  67  11  67  12  60  13  39  14  86  15  65  16  72  17  54  18  50  19  92 


