
 20  20

  0  79   1  42   2  86   3  42   4  78   5  68   6  53   7  79   8  82   9  82  10  81  11  61  12  53  13  37  14  49  15  45  16  85  17  85  18  51  19  82 
  0  74   1  41   2  82   3  40   4  72   5  64   6  51   7  77   8  81   9  76  10  73  11  58  12  53  13  37  14  43  15  39  16  80  17  81  18  49  19  81 
  0  79   1  41   2  82   3  42   4  77   5  66   6  49   7  79   8  79   9  83  10  78  11  62  12  52  13  35  14  47  15  45  16  84  17  85  18  51  19  81 
  0  77   1  42   2  83   3  43   4  75   5  65   6  50   7  78   8  83   9  84  10  77  11  63  12  53  13  37  14  48  15  46  16  83  17  84  18  53  19  86 
  0  80   1  41   2  83   3  42   4  77   5  65   6  49   7  76   8  81   9  81  10  79  11  62  12  54  13  38  14  45  15  44  16  82  17  81  18  51  19  84 
  0  72   1  41   2  82   3  40   4  72   5  65   6  50   7  75   8  78   9  76  10  73  11  59  12  51  13  34  14  42  15  40  16  79  17  82  18  49  19  81 
  0  78   1  44   2  83   3  42   4  80   5  68   6  53   7  79   8  84   9  83  10  80  11  64  12  55  13  39  14  49  15  45  16  86  17  84  18  52  19  86 
  0  72   1  41   2  84   3  40   4  72   5  64   6  49   7  77   8  80   9  76  10  76  11  58  12  53  13  35  14  43  15  39  16  78  17  81  18  49  19  83 
  0  77   1  41   2  85   3  40   4  76   5  66   6  49   7  78   8  80   9  77  10  76  11  61  12  54  13  38  14  45  15  42  16  79  17  83  18  52  19  82 
  0  81   1  42   2  84   3  44   4  78   5  68   6  50   7  79   8  83   9  84  10  80  11  62  12  53  13  37  14  47  15  44  16  82  17  85  18  52  19  82 
  0  80   1  43   2  82   3  42   4  75   5  67   6  53   7  76   8  79   9  83  10  79  11  62  12  53  13  39  14  47  15  46  16  84  17  85  18  49  19  85 
  0  82   1  43   2  86   3  44   4  80   5  67   6  53   7  79   8  83   9  86  10  80  11  61  12  55  13  40  14  46  15  49  16  84  17  84  18  53  19  85 
  0  73   1  41   2  83   3  40   4  72   5  64   6  51   7  75   8  81   9  79  10  73  11  58  12  54  13  35  14  45  15  42  16  79  17  81  18  51  19  80 
  0  77   1  43   2  85   3  41   4  77   5  67   6  52   7  79   8  83   9  78  10  78  11  59  12  52  13  37  14  46  15  41  16  82  17  83  18  51  19  85 
  0  82   1  43   2  85   3  44   4  77   5  68   6  53   7  79   8  84   9  85  10  81  11  63  12  53  13  40  14  49  15  49  16  85  17  85  18  52  19  83 
  0  78   1  45   2  86   3  41   4  80   5  68   6  52   7  77   8  81   9  86  10  78  11  62  12  55  13  37  14  45  15  46  16  83  17  82  18  50  19  86 
  0  78   1  42   2  86   3  42   4  80   5  68   6  51   7  79   8  84   9  82  10  80  11  62  12  55  13  37  14  48  15  45  16  84  17  85  18  53  19  86 
  0  78   1  42   2  85   3  42   4  77   5  68   6  50   7  79   8  80   9  81  10  79  11  62  12  52  13  36  14  45  15  46  16  83  17  82  18  50  19  84 
  0  73   1  41   2  82   3  41   4  72   5  64   6  51   7  75   8  78   9  76  10  76  11  58  12  51  13  34  14  41  15  41  16  78  17  82  18  49  19  80 
  0  73   1  43   2  82   3  40   4  75   5  66   6  52   7  76   8  80   9  80  10  76  11  58  12  51  13  37  14  45  15  41  16  80  17  81  18  49  19  81 


