
 20  20

  0  78   1  60   2  61   3  87   4  43   5  81   6  83   7  49   8  90   9  54  10  48  11  56  12  69  13  48  14  51  15  52  16  87  17  64  18  67  19  58 
  0  75   1  59   2  60   3  87   4  45   5  84   6  84   7  48   8  87   9  55  10  46  11  53  12  70  13  47  14  52  15  53  16  86  17  64  18  64  19  57 
  0  71   1  58   2  60   3  82   4  43   5  76   6  81   7  46   8  88   9  53  10  43  11  53  12  66  13  45  14  52  15  47  16  82  17  60  18  63  19  54 
  0  73   1  54   2  58   3  77   4  43   5  77   6  82   7  45   8  85   9  53  10  42  11  50  12  66  13  44  14  51  15  46  16  79  17  60  18  61  19  55 
  0  72   1  57   2  61   3  83   4  45   5  79   6  80   7  45   8  86   9  55  10  42  11  52  12  71  13  47  14  50  15  49  16  85  17  60  18  65  19  55 
  0  70   1  52   2  54   3  79   4  43   5  74   6  81   7  45   8  86   9  53  10  40  11  51  12  67  13  45  14  50  15  45  16  80  17  61  18  61  19  56 
  0  72   1  55   2  54   3  78   4  43   5  75   6  80   7  46   8  85   9  53  10  42  11  53  12  69  13  44  14  50  15  49  16  83  17  60  18  61  19  55 
  0  71   1  52   2  54   3  77   4  44   5  74   6  80   7  45   8  85   9  53  10  41  11  52  12  66  13  45  14  50  15  45  16  81  17  60  18  61  19  56 
  0  77   1  58   2  61   3  84   4  45   5  80   6  84   7  46   8  90   9  53  10  44  11  55  12  69  13  45  14  51  15  49  16  85  17  64  18  66  19  58 
  0  76   1  62   2  64   3  83   4  45   5  82   6  81   7  49   8  89   9  55  10  48  11  53  12  72  13  48  14  50  15  51  16  86  17  64  18  65  19  56 
  0  79   1  59   2  64   3  84   4  45   5  81   6  84   7  49   8  90   9  55  10  47  11  56  12  72  13  47  14  50  15  53  16  85  17  61  18  67  19  55 
  0  70   1  52   2  56   3  80   4  43   5  78   6  81   7  47   8  85   9  53  10  42  11  52  12  68  13  45  14  52  15  46  16  81  17  60  18  63  19  54 
  0  76   1  59   2  62   3  87   4  43   5  84   6  83   7  46   8  89   9  55  10  47  11  56  12  70  13  47  14  50  15  53  16  86  17  62  18  65  19  55 
  0  74   1  58   2  59   3  80   4  45   5  80   6  81   7  45   8  87   9  53  10  42  11  55  12  67  13  44  14  51  15  47  16  83  17  60  18  65  19  55 
  0  72   1  52   2  54   3  78   4  43   5  77   6  82   7  45   8  86   9  53  10  40  11  51  12  66  13  44  14  52  15  45  16  81  17  60  18  61  19  54 
  0  78   1  61   2  64   3  87   4  43   5  83   6  84   7  48   8  89   9  55  10  48  11  56  12  70  13  46  14  51  15  53  16  87  17  63  18  65  19  58 
  0  76   1  59   2  58   3  84   4  44   5  80   6  81   7  48   8  89   9  53  10  45  11  51  12  69  13  45  14  52  15  49  16  83  17  63  18  62  19  55 
  0  69   1  52   2  54   3  79   4  44   5  76   6  80   7  45   8  84   9  53  10  41  11  50  12  66  13  46  14  51  15  46  16  80  17  61  18  63  19  54 
  0  73   1  58   2  58   3  80   4  45   5  79   6  83   7  45   8  89   9  55  10  45  11  51  12  71  13  45  14  50  15  50  16  81  17  63  18  66  19  54 
  0  73   1  54   2  58   3  79   4  44   5  74   6  83   7  47   8  85   9  53  10  41  11  50  12  67  13  47  14  50  15  46  16  79  17  62  18  61  19  56 


