
 20  20

  0  54   1  56   2  77   3  60   4  92   5  83   6  73   7  52   8  60   9  65  10  74  11  71  12  89  13  51  14  75  15  64  16  79  17  87  18  46  19  49 
  0  56   1  58   2  77   3  61   4  94   5  80   6  73   7  52   8  59   9  68  10  73  11  72  12  90  13  51  14  74  15  65  16  81  17  86  18  47  19  47 
  0  59   1  58   2  79   3  65   4  92   5  84   6  73   7  54   8  60   9  65  10  75  11  70  12  89  13  55  14  73  15  64  16  82  17  87  18  48  19  48 
  0  63   1  64   2  81   3  65   4  94   5  88   6  76   7  54   8  62   9  67  10  75  11  75  12  91  13  57  14  75  15  65  16  85  17  91  18  51  19  51 
  0  55   1  61   2  80   3  61   4  94   5  85   6  75   7  53   8  61   9  67  10  74  11  70  12  90  13  55  14  73  15  63  16  81  17  85  18  47  19  50 
  0  62   1  62   2  79   3  66   4  94   5  85   6  77   7  54   8  59   9  67  10  76  11  72  12  91  13  55  14  73  15  64  16  82  17  88  18  51  19  51 
  0  61   1  64   2  81   3  67   4  94   5  88   6  77   7  54   8  62   9  67  10  76  11  75  12  91  13  56  14  75  15  65  16  85  17  91  18  52  19  51 
  0  60   1  61   2  80   3  68   4  94   5  88   6  77   7  54   8  62   9  69  10  76  11  72  12  90  13  56  14  75  15  65  16  83  17  88  18  53  19  51 
  0  57   1  57   2  77   3  60   4  92   5  83   6  75   7  52   8  58   9  66  10  73  11  69  12  91  13  53  14  73  15  64  16  82  17  86  18  45  19  50 
  0  61   1  64   2  78   3  65   4  93   5  85   6  77   7  52   8  60   9  69  10  76  11  73  12  90  13  57  14  75  15  65  16  85  17  89  18  52  19  49 
  0  58   1  58   2  81   3  66   4  92   5  86   6  75   7  52   8  59   9  68  10  74  11  73  12  91  13  52  14  73  15  62  16  81  17  88  18  48  19  47 
  0  63   1  64   2  80   3  66   4  94   5  88   6  76   7  54   8  59   9  66  10  73  11  75  12  91  13  56  14  73  15  63  16  82  17  89  18  51  19  49 
  0  53   1  56   2  79   3  60   4  92   5  80   6  73   7  52   8  58   9  67  10  73  11  70  12  89  13  53  14  73  15  62  16  80  17  87  18  45  19  47 
  0  59   1  58   2  78   3  65   4  94   5  83   6  76   7  53   8  58   9  65  10  76  11  70  12  90  13  54  14  74  15  63  16  81  17  86  18  46  19  51 
  0  53   1  56   2  77   3  61   4  94   5  81   6  73   7  53   8  58   9  67  10  72  11  71  12  90  13  51  14  73  15  62  16  79  17  85  18  44  19  47 
  0  63   1  62   2  81   3  68   4  92   5  87   6  75   7  53   8  62   9  69  10  76  11  75  12  91  13  55  14  75  15  66  16  85  17  91  18  54  19  49 
  0  54   1  57   2  77   3  64   4  92   5  80   6  73   7  53   8  61   9  65  10  72  11  69  12  90  13  51  14  73  15  65  16  79  17  87  18  46  19  47 
  0  56   1  61   2  78   3  61   4  94   5  82   6  73   7  52   8  62   9  66  10  72  11  73  12  89  13  52  14  75  15  66  16  80  17  86  18  48  19  50 
  0  61   1  63   2  81   3  67   4  92   5  87   6  75   7  54   8  58   9  65  10  72  11  71  12  89  13  54  14  74  15  64  16  82  17  86  18  49  19  50 
  0  60   1  61   2  80   3  65   4  94   5  87   6  74   7  54   8  62   9  69  10  75  11  74  12  91  13  57  14  75  15  64  16  82  17  89  18  53  19  51 


