
 20  20

  0  29   1   9   2  12   3   3   4  38   5  32   6  20   7  29   8  23   9  44  10   8  11  23  12  41  13  15  14  34  15  11  16  44  17   8  18  13  19  46 
  0  31   1  10   2  12   3   7   4  40   5  38   6  24   7  27   8  26   9  43  10   9  11  23  12  41  13  17  14  34  15  11  16  44  17   6  18  12  19  44 
  0  27   1   6   2   9   3   3   4  34   5  30   6  20   7  29   8  24   9  42  10   7  11  20  12  39  13  15  14  31  15  13  16  41  17   6  18   9  19  42 
  0  34   1  12   2  11   3   5   4  40   5  40   6  24   7  29   8  24   9  44  10   8  11  25  12  41  13  17  14  37  15  12  16  46  17   6  18  13  19  46 
  0  25   1   7   2   8   3   1   4  34   5  30   6  20   7  27   8  22   9  42  10   7  11  19  12  41  13  15  14  30  15  10  16  40  17   5  18   8  19  43 
  0  33   1  10   2  11   3   3   4  39   5  37   6  24   7  28   8  26   9  41  10   7  11  24  12  41  13  15  14  38  15  14  16  45  17   7  18  13  19  43 
  0  33   1  10   2  11   3   6   4  40   5  37   6  21   7  27   8  23   9  42  10   8  11  24  12  40  13  17  14  34  15  11  16  43  17   6  18  13  19  46 
  0  32   1   9   2  12   3   7   4  38   5  36   6  22   7  29   8  26   9  44  10   9  11  25  12  41  13  16  14  38  15  13  16  45  17   8  18  11  19  46 
  0  29   1  10   2   8   3   6   4  39   5  33   6  24   7  27   8  24   9  44  10   9  11  24  12  39  13  16  14  33  15  10  16  44  17   5  18  11  19  42 
  0  25   1   7   2   8   3   1   4  34   5  30   6  21   7  27   8  22   9  41  10   7  11  19  12  39  13  15  14  30  15  10  16  42  17   4  18   9  19  43 
  0  24   1   8   2   8   3   4   4  37   5  33   6  20   7  27   8  24   9  43  10   9  11  19  12  39  13  15  14  30  15  11  16  41  17   5  18   9  19  42 
  0  24   1   6   2   8   3   1   4  34   5  30   6  20   7  27   8  23   9  40  10   7  11  20  12  39  13  15  14  31  15  11  16  40  17   4  18   8  19  44 
  0  24   1   7   2   8   3   2   4  34   5  31   6  23   7  29   8  22   9  40  10   7  11  21  12  41  13  17  14  31  15  11  16  40  17   7  18   8  19  42 
  0  27   1  11   2  10   3   6   4  38   5  37   6  23   7  29   8  26   9  44  10   7  11  23  12  40  13  17  14  36  15  11  16  41  17   6  18  11  19  45 
  0  32   1  12   2  12   3   6   4  38   5  36   6  21   7  29   8  24   9  41  10   7  11  24  12  39  13  17  14  36  15  12  16  43  17   6  18  12  19  46 
  0  28   1  10   2  10   3   4   4  37   5  33   6  20   7  27   8  23   9  41  10   7  11  20  12  41  13  17  14  36  15  10  16  45  17   5  18  10  19  43 
  0  28   1   8   2  11   3   4   4  35   5  32   6  20   7  28   8  22   9  40  10   8  11  21  12  41  13  15  14  34  15  10  16  44  17   6  18  11  19  44 
  0  30   1  10   2   9   3   5   4  40   5  37   6  24   7  29   8  24   9  41  10   9  11  25  12  41  13  17  14  35  15  14  16  45  17   8  18  13  19  45 
  0  24   1   8   2   9   3   1   4  34   5  30   6  22   7  29   8  22   9  41  10   9  11  19  12  39  13  15  14  32  15  10  16  40  17   5  18   8  19  43 
  0  33   1   9   2   9   3   6   4  38   5  38   6  21   7  29   8  23   9  44  10   7  11  23  12  41  13  17  14  37  15  12  16  43  17   8  18  14  19  46 


