
 20  20

  0  52   1  78   2  43   3  44   4  53   5  58   6  66   7  84   8  41   9  87  10  45  11  70  12  86  13  91  14  48  15  90  16  43  17  73  18  54  19  57 
  0  49   1  76   2  35   3  40   4  49   5  50   6  67   7  84   8  37   9  79  10  44  11  64  12  85  13  85  14  48  15  86  16  38  17  72  18  48  19  55 
  0  54   1  77   2  40   3  41   4  56   5  56   6  66   7  82   8  37   9  83  10  45  11  68  12  88  13  86  14  48  15  86  16  45  17  74  18  52  19  57 
  0  47   1  76   2  37   3  42   4  49   5  52   6  66   7  82   8  38   9  79  10  44  11  64  12  85  13  86  14  48  15  88  16  38  17  74  18  46  19  55 
  0  53   1  77   2  39   3  40   4  51   5  54   6  68   7  82   8  37   9  80  10  42  11  64  12  87  13  89  14  50  15  86  16  41  17  74  18  48  19  57 
  0  56   1  80   2  45   3  44   4  57   5  58   6  68   7  83   8  41   9  84  10  46  11  68  12  89  13  89  14  48  15  89  16  43  17  72  18  54  19  57 
  0  51   1  74   2  38   3  42   4  50   5  53   6  68   7  83   8  37   9  82  10  44  11  65  12  86  13  86  14  48  15  86  16  39  17  72  18  46  19  55 
  0  47   1  74   2  36   3  42   4  50   5  53   6  66   7  84   8  38   9  82  10  43  11  67  12  85  13  85  14  48  15  86  16  41  17  72  18  48  19  57 
  0  47   1  75   2  38   3  40   4  52   5  51   6  66   7  82   8  37   9  80  10  42  11  64  12  85  13  85  14  48  15  86  16  38  17  72  18  46  19  55 
  0  54   1  82   2  44   3  44   4  57   5  55   6  68   7  84   8  41   9  87  10  46  11  70  12  88  13  87  14  48  15  89  16  42  17  72  18  55  19  56 
  0  56   1  80   2  42   3  42   4  54   5  58   6  68   7  84   8  41   9  87  10  46  11  68  12  87  13  90  14  50  15  90  16  43  17  74  18  55  19  57 
  0  57   1  79   2  45   3  42   4  57   5  59   6  67   7  83   8  38   9  86  10  45  11  69  12  89  13  90  14  50  15  89  16  43  17  74  18  53  19  55 
  0  53   1  82   2  41   3  43   4  53   5  57   6  67   7  84   8  41   9  86  10  44  11  68  12  89  13  90  14  50  15  90  16  45  17  73  18  54  19  57 
  0  49   1  75   2  37   3  42   4  52   5  52   6  66   7  84   8  41   9  83  10  44  11  65  12  86  13  88  14  50  15  87  16  42  17  73  18  51  19  55 
  0  49   1  77   2  40   3  41   4  52   5  55   6  67   7  82   8  37   9  84  10  43  11  68  12  86  13  87  14  49  15  89  16  40  17  74  18  50  19  57 
  0  48   1  77   2  37   3  41   4  49   5  51   6  66   7  82   8  40   9  80  10  44  11  67  12  85  13  86  14  50  15  88  16  40  17  72  18  50  19  56 
  0  49   1  75   2  35   3  40   4  50   5  53   6  66   7  82   8  38   9  79  10  44  11  64  12  87  13  85  14  48  15  88  16  38  17  73  18  47  19  55 
  0  52   1  79   2  42   3  44   4  53   5  58   6  68   7  82   8  41   9  85  10  44  11  67  12  86  13  89  14  49  15  90  16  44  17  72  18  52  19  56 
  0  48   1  74   2  37   3  40   4  49   5  52   6  66   7  84   8  37   9  79  10  42  11  64  12  85  13  86  14  48  15  86  16  40  17  72  18  46  19  55 
  0  49   1  77   2  36   3  42   4  53   5  52   6  66   7  82   8  37   9  82  10  43  11  67  12  85  13  85  14  48  15  87  16  40  17  73  18  47  19  55 


