
 20  20

  0  50   1  29   2  67   3  25   4  71   5  36   6  67   7  59   8  37   9  43  10  63  11  22  12  69  13  57  14  35  15  68  16  51  17  27  18  30  19  66 
  0  55   1  29   2  68   3  23   4  76   5  35   6  74   7  61   8  39   9  46  10  62  11  25  12  74  13  59  14  39  15  72  16  53  17  25  18  33  19  66 
  0  54   1  31   2  65   3  25   4  73   5  36   6  72   7  61   8  36   9  47  10  63  11  25  12  71  13  59  14  39  15  72  16  53  17  26  18  31  19  64 
  0  55   1  32   2  68   3  23   4  76   5  34   6  72   7  61   8  37   9  49  10  62  11  26  12  71  13  59  14  39  15  72  16  55  17  27  18  33  19  66 
  0  48   1  26   2  68   3  23   4  71   5  34   6  72   7  59   8  37   9  42  10  63  11  24  12  71  13  59  14  38  15  68  16  51  17  25  18  29  19  66 
  0  49   1  26   2  67   3  25   4  69   5  36   6  70   7  58   8  35   9  41  10  63  11  23  12  71  13  59  14  38  15  69  16  51  17  25  18  28  19  64 
  0  49   1  30   2  65   3  23   4  73   5  36   6  70   7  58   8  36   9  42  10  63  11  24  12  69  13  57  14  36  15  71  16  51  17  25  18  29  19  64 
  0  47   1  24   2  65   3  24   4  68   5  34   6  66   7  58   8  35   9  40  10  63  11  25  12  69  13  59  14  36  15  71  16  47  17  27  18  25  19  64 
  0  49   1  31   2  67   3  23   4  71   5  35   6  73   7  61   8  39   9  46  10  61  11  24  12  73  13  59  14  37  15  69  16  52  17  25  18  28  19  66 
  0  45   1  26   2  64   3  23   4  71   5  34   6  70   7  59   8  35   9  43  10  61  11  22  12  70  13  59  14  36  15  71  16  51  17  25  18  25  19  65 
  0  45   1  27   2  64   3  25   4  69   5  34   6  66   7  59   8  33   9  42  10  63  11  22  12  66  13  59  14  33  15  70  16  47  17  25  18  26  19  66 
  0  47   1  27   2  64   3  24   4  73   5  36   6  68   7  61   8  34   9  41  10  61  11  23  12  68  13  57  14  38  15  71  16  51  17  25  18  26  19  65 
  0  52   1  31   2  68   3  25   4  73   5  36   6  74   7  61   8  36   9  49  10  62  11  24  12  73  13  58  14  42  15  69  16  55  17  26  18  32  19  66 
  0  55   1  32   2  67   3  24   4  74   5  34   6  74   7  61   8  39   9  47  10  63  11  26  12  72  13  59  14  40  15  72  16  54  17  27  18  33  19  66 
  0  51   1  29   2  67   3  24   4  76   5  36   6  72   7  61   8  36   9  45  10  63  11  25  12  71  13  58  14  41  15  71  16  55  17  27  18  33  19  65 
  0  50   1  26   2  68   3  23   4  70   5  34   6  70   7  58   8  34   9  46  10  62  11  23  12  68  13  59  14  39  15  70  16  52  17  26  18  30  19  64 
  0  50   1  27   2  65   3  24   4  71   5  36   6  69   7  60   8  35   9  45  10  62  11  24  12  71  13  57  14  37  15  70  16  52  17  25  18  32  19  65 
  0  48   1  26   2  64   3  25   4  70   5  34   6  68   7  57   8  36   9  43  10  62  11  24  12  69  13  57  14  35  15  70  16  49  17  25  18  30  19  64 
  0  53   1  32   2  68   3  25   4  76   5  36   6  74   7  59   8  39   9  49  10  62  11  26  12  72  13  59  14  42  15  72  16  54  17  27  18  33  19  66 
  0  55   1  32   2  68   3  25   4  75   5  36   6  72   7  60   8  38   9  46  10  63  11  25  12  71  13  57  14  42  15  70  16  52  17  27  18  33  19  66 


