
 20  20

  0  46   1  41   2  37   3  49   4  49   5  37   6  41   7  23   8  46   9  41  10  40  11  49  12  18  13  26  14  16  15  12  16  33  17  48  18  35  19  15 
  0  55   1  44   2  38   3  51   4  51   5  39   6  46   7  32   8  47   9  51  10  47  11  57  12  26  13  28  14  20  15  11  16  35  17  55  18  36  19  21 
  0  45   1  41   2  37   3  49   4  49   5  37   6  44   7  24   8  46   9  41  10  39  11  49  12  19  13  25  14  15  15  11  16  31  17  45  18  33  19  18 
  0  52   1  42   2  37   3  51   4  51   5  39   6  46   7  32   8  50   9  48  10  47  11  57  12  25  13  30  14  21  15  12  16  35  17  54  18  36  19  20 
  0  49   1  41   2  37   3  51   4  51   5  37   6  43   7  25   8  49   9  43  10  39  11  49  12  16  13  26  14  16  15  12  16  33  17  47  18  32  19  17 
  0  49   1  40   2  37   3  50   4  49   5  38   6  44   7  25   8  46   9  45  10  45  11  51  12  22  13  28  14  18  15  13  16  35  17  52  18  33  19  18 
  0  47   1  41   2  37   3  49   4  49   5  39   6  44   7  25   8  49   9  43  10  44  11  54  12  21  13  24  14  17  15  11  16  32  17  48  18  32  19  16 
  0  55   1  42   2  39   3  51   4  50   5  38   6  45   7  31   8  50   9  50  10  45  11  57  12  25  13  31  14  18  15  13  16  35  17  54  18  35  19  23 
  0  55   1  42   2  37   3  49   4  51   5  39   6  47   7  32   8  50   9  50  10  45  11  57  12  26  13  30  14  21  15  12  16  38  17  55  18  36  19  23 
  0  49   1  41   2  37   3  50   4  51   5  39   6  45   7  25   8  48   9  46  10  42  11  54  12  21  13  27  14  18  15  11  16  33  17  51  18  34  19  18 
  0  46   1  40   2  37   3  51   4  49   5  37   6  43   7  22   8  46   9  43  10  39  11  49  12  16  13  23  14  17  15  11  16  30  17  45  18  32  19  15 
  0  48   1  40   2  37   3  49   4  49   5  39   6  42   7  28   8  50   9  44  10  45  11  51  12  20  13  27  14  19  15  11  16  36  17  51  18  32  19  20 
  0  48   1  43   2  39   3  49   4  49   5  39   6  41   7  26   8  47   9  46  10  41  11  51  12  18  13  23  14  19  15  13  16  34  17  50  18  33  19  15 
  0  48   1  40   2  37   3  49   4  51   5  37   6  42   7  25   8  49   9  41  10  41  11  50  12  16  13  26  14  16  15  13  16  33  17  47  18  35  19  15 
  0  45   1  42   2  39   3  49   4  49   5  38   6  42   7  24   8  47   9  41  10  40  11  50  12  16  13  23  14  15  15  13  16  31  17  45  18  32  19  15 
  0  47   1  40   2  37   3  49   4  49   5  39   6  43   7  22   8  47   9  41  10  39  11  49  12  19  13  24  14  15  15  12  16  30  17  46  18  32  19  15 
  0  50   1  43   2  37   3  51   4  49   5  39   6  46   7  25   8  47   9  43  10  41  11  51  12  19  13  26  14  16  15  13  16  32  17  48  18  34  19  18 
  0  49   1  43   2  38   3  51   4  51   5  39   6  41   7  25   8  49   9  47  10  40  11  53  12  19  13  27  14  18  15  12  16  35  17  47  18  34  19  17 
  0  52   1  41   2  38   3  51   4  49   5  39   6  46   7  26   8  50   9  46  10  45  11  55  12  23  13  26  14  20  15  11  16  36  17  52  18  35  19  21 
  0  52   1  42   2  38   3  51   4  49   5  38   6  45   7  26   8  50   9  47  10  43  11  54  12  20  13  26  14  18  15  13  16  35  17  52  18  34  19  19 


