
 20  20

  0  58   1  56   2  46   3  65   4  83   5  37   6  61   7  74   8  63   9  82  10  69  11  50  12  39  13  37  14  58  15  67  16  51  17  79  18  61  19  69 
  0  62   1  62   2  48   3  64   4  85   5  44   6  64   7  75   8  70   9  84  10  69  11  50  12  44  13  41  14  63  15  71  16  50  17  81  18  62  19  73 
  0  62   1  58   2  48   3  64   4  85   5  42   6  62   7  78   8  69   9  84  10  69  11  52  12  44  13  43  14  61  15  71  16  52  17  81  18  61  19  70 
  0  63   1  61   2  46   3  66   4  84   5  43   6  60   7  76   8  68   9  84  10  71  11  52  12  42  13  43  14  63  15  70  16  50  17  81  18  66  19  70 
  0  60   1  56   2  48   3  64   4  84   5  37   6  61   7  73   8  65   9  82  10  69  11  50  12  41  13  37  14  59  15  69  16  50  17  79  18  60  19  69 
  0  62   1  58   2  46   3  64   4  83   5  39   6  60   7  75   8  69   9  82  10  69  11  50  12  42  13  40  14  61  15  67  16  52  17  79  18  62  19  69 
  0  57   1  58   2  47   3  64   4  83   5  37   6  62   7  73   8  63   9  82  10  69  11  51  12  40  13  40  14  58  15  69  16  50  17  79  18  61  19  69 
  0  63   1  59   2  48   3  65   4  83   5  41   6  63   7  79   8  70   9  83  10  69  11  50  12  46  13  41  14  62  15  69  16  52  17  79  18  62  19  73 
  0  62   1  59   2  50   3  66   4  83   5  42   6  60   7  77   8  66   9  84  10  71  11  50  12  44  13  41  14  63  15  70  16  50  17  80  18  62  19  70 
  0  62   1  57   2  46   3  64   4  83   5  39   6  62   7  74   8  66   9  84  10  71  11  50  12  40  13  38  14  60  15  67  16  52  17  81  18  64  19  69 
  0  57   1  55   2  46   3  64   4  84   5  37   6  61   7  74   8  63   9  83  10  71  11  50  12  39  13  37  14  58  15  67  16  51  17  81  18  59  19  69 
  0  58   1  55   2  48   3  64   4  83   5  38   6  61   7  75   8  64   9  82  10  70  11  50  12  42  13  40  14  58  15  67  16  50  17  81  18  61  19  69 
  0  62   1  63   2  50   3  65   4  83   5  46   6  62   7  79   8  68   9  82  10  71  11  52  12  43  13  44  14  65  15  69  16  50  17  81  18  63  19  71 
  0  58   1  58   2  46   3  66   4  84   5  39   6  62   7  74   8  68   9  84  10  71  11  51  12  42  13  38  14  58  15  70  16  52  17  79  18  62  19  71 
  0  64   1  57   2  48   3  64   4  84   5  42   6  61   7  76   8  71   9  82  10  69  11  51  12  41  13  41  14  63  15  69  16  50  17  81  18  62  19  70 
  0  57   1  56   2  46   3  64   4  83   5  40   6  60   7  72   8  66   9  82  10  70  11  52  12  39  13  38  14  60  15  67  16  52  17  80  18  62  19  69 
  0  63   1  60   2  50   3  65   4  85   5  47   6  64   7  80   8  72   9  84  10  69  11  52  12  45  13  45  14  66  15  69  16  52  17  81  18  63  19  72 
  0  60   1  60   2  46   3  66   4  85   5  40   6  62   7  78   8  69   9  82  10  69  11  51  12  42  13  43  14  62  15  70  16  52  17  81  18  63  19  71 
  0  64   1  61   2  50   3  66   4  83   5  45   6  62   7  77   8  73   9  84  10  70  11  52  12  45  13  44  14  66  15  71  16  52  17  81  18  65  19  72 
  0  60   1  58   2  47   3  64   4  84   5  40   6  60   7  74   8  63   9  83  10  71  11  50  12  42  13  39  14  58  15  69  16  51  17  81  18  61  19  69 


