
 20  20

  0  73   1  56   2  82   3  85   4  57   5  63   6  77   7  52   8  68   9  52  10  75  11  78  12  68  13  83  14  69  15  42  16  49  17  56  18  37  19  52 
  0  76   1  60   2  89   3  89   4  57   5  64   6  75   7  56   8  73   9  53  10  79  11  75  12  74  13  88  14  73  15  41  16  54  17  57  18  37  19  54 
  0  77   1  59   2  84   3  89   4  56   5  64   6  75   7  53   8  71   9  54  10  77  11  76  12  74  13  84  14  70  15  43  16  55  17  57  18  38  19  54 
  0  79   1  62   2  88   3  88   4  60   5  65   6  76   7  56   8  74   9  53  10  80  11  77  12  74  13  86  14  71  15  43  16  55  17  57  18  38  19  53 
  0  76   1  56   2  85   3  85   4  55   5  66   6  75   7  53   8  71   9  51  10  74  11  76  12  71  13  85  14  68  15  41  16  49  17  59  18  38  19  53 
  0  76   1  58   2  84   3  85   4  57   5  66   6  77   7  54   8  71   9  51  10  74  11  77  12  69  13  86  14  71  15  43  16  49  17  58  18  40  19  54 
  0  81   1  61   2  90   3  88   4  59   5  67   6  77   7  56   8  73   9  55  10  80  11  79  12  75  13  90  14  73  15  45  16  57  17  60  18  39  19  56 
  0  82   1  59   2  90   3  89   4  57   5  66   6  75   7  54   8  74   9  54  10  80  11  79  12  73  13  87  14  74  15  44  16  54  17  59  18  41  19  54 
  0  82   1  60   2  90   3  89   4  59   5  67   6  77   7  55   8  73   9  53  10  80  11  79  12  74  13  90  14  73  15  45  16  56  17  58  18  40  19  55 
  0  76   1  57   2  87   3  86   4  56   5  63   6  77   7  56   8  69   9  54  10  78  11  77  12  73  13  88  14  69  15  43  16  53  17  57  18  41  19  56 
  0  77   1  57   2  85   3  87   4  55   5  63   6  77   7  52   8  68   9  54  10  73  11  77  12  71  13  87  14  69  15  41  16  53  17  56  18  37  19  52 
  0  78   1  59   2  88   3  87   4  56   5  66   6  75   7  56   8  74   9  54  10  76  11  77  12  75  13  85  14  73  15  41  16  56  17  57  18  38  19  52 
  0  77   1  57   2  86   3  87   4  55   5  65   6  75   7  55   8  68   9  54  10  74  11  77  12  72  13  86  14  69  15  44  16  50  17  58  18  40  19  53 
  0  79   1  62   2  90   3  89   4  59   5  65   6  75   7  56   8  74   9  55  10  80  11  78  12  74  13  87  14  74  15  45  16  57  17  60  18  41  19  54 
  0  75   1  57   2  83   3  86   4  57   5  66   6  75   7  52   8  68   9  52  10  73  11  75  12  72  13  84  14  70  15  44  16  49  17  56  18  39  19  53 
  0  79   1  62   2  90   3  86   4  58   5  67   6  76   7  54   8  74   9  54  10  80  11  77  12  76  13  90  14  74  15  45  16  57  17  58  18  38  19  56 
  0  79   1  59   2  90   3  89   4  57   5  65   6  77   7  53   8  74   9  54  10  76  11  76  12  73  13  88  14  74  15  45  16  53  17  57  18  38  19  55 
  0  76   1  58   2  87   3  85   4  54   5  63   6  75   7  52   8  68   9  51  10  74  11  75  12  73  13  83  14  70  15  43  16  51  17  60  18  38  19  53 
  0  82   1  59   2  90   3  87   4  58   5  67   6  76   7  55   8  72   9  54  10  77  11  79  12  73  13  87  14  74  15  44  16  57  17  58  18  41  19  54 
  0  73   1  56   2  85   3  86   4  58   5  65   6  76   7  55   8  69   9  52  10  73  11  77  12  73  13  87  14  68  15  41  16  53  17  56  18  37  19  52 


