
 20  20

  0  26   1  10   2  40   3  53   4  49   5  28   6  35   7  56   8  20   9  28  10  14  11  43  12  39  13  28  14  47  15  56  16  22  17  13  18  48  19  23 
  0  23   1   8   2  41   3  54   4  48   5  23   6  32   7  54   8  14   9  25  10  12  11  42  12  37  13  28  14  45  15  56  16  23  17  11  18  45  19  24 
  0  20   1   8   2  40   3  52   4  46   5  23   6  31   7  55   8  12   9  27  10  10  11  39  12  37  13  26  14  45  15  58  16  20  17  13  18  44  19  22 
  0  25   1  12   2  39   3  52   4  44   5  23   6  34   7  53   8  13   9  24  10  12  11  41  12  35  13  24  14  47  15  58  16  22  17  12  18  44  19  21 
  0  25   1  12   2  42   3  52   4  47   5  28   6  35   7  54   8  15   9  25  10  12  11  39  12  38  13  28  14  47  15  58  16  21  17  12  18  47  19  21 
  0  24   1  10   2  40   3  52   4  44   5  25   6  31   7  54   8  15   9  24  10  13  11  40  12  34  13  24  14  46  15  57  16  22  17  11  18  43  19  24 
  0  23   1   9   2  43   3  53   4  46   5  29   6  36   7  55   8  18   9  25  10  10  11  43  12  39  13  26  14  46  15  58  16  25  17  12  18  44  19  21 
  0  20   1   8   2  39   3  52   4  46   5  25   6  33   7  52   8  13   9  24  10  10  11  40  12  34  13  26  14  45  15  57  16  22  17  13  18  42  19  22 
  0  23   1   9   2  39   3  52   4  46   5  26   6  32   7  54   8  14   9  24  10  10  11  40  12  35  13  27  14  45  15  56  16  19  17  11  18  42  19  22 
  0  24   1   9   2  41   3  54   4  46   5  29   6  36   7  55   8  15   9  27  10  11  11  42  12  37  13  29  14  47  15  56  16  21  17  15  18  46  19  21 
  0  27   1  11   2  43   3  52   4  46   5  28   6  37   7  58   8  19   9  28  10  13  11  44  12  36  13  31  14  45  15  58  16  22  17  14  18  47  19  22 
  0  28   1  14   2  41   3  52   4  50   5  29   6  34   7  56   8  16   9  28  10  11  11  42  12  38  13  32  14  47  15  57  16  23  17  17  18  46  19  25 
  0  24   1  12   2  40   3  52   4  47   5  29   6  36   7  58   8  16   9  27  10  12  11  42  12  37  13  27  14  46  15  57  16  23  17  17  18  47  19  22 
  0  29   1  12   2  43   3  52   4  50   5  26   6  36   7  59   8  16   9  25  10  13  11  43  12  37  13  28  14  45  15  57  16  24  17  15  18  50  19  25 
  0  23   1  11   2  40   3  52   4  47   5  27   6  34   7  56   8  14   9  27  10  13  11  38  12  37  13  24  14  45  15  56  16  22  17  13  18  44  19  22 
  0  25   1  10   2  42   3  52   4  45   5  26   6  36   7  54   8  13   9  24  10  10  11  43  12  35  13  25  14  45  15  58  16  24  17  14  18  46  19  21 
  0  29   1  11   2  41   3  52   4  48   5  29   6  36   7  57   8  16   9  28  10  14  11  42  12  36  13  32  14  45  15  58  16  24  17  17  18  50  19  23 
  0  26   1  12   2  41   3  54   4  50   5  28   6  35   7  56   8  19   9  26  10  14  11  46  12  38  13  27  14  47  15  58  16  22  17  15  18  48  19  25 
  0  25   1  13   2  42   3  53   4  48   5  30   6  33   7  59   8  19   9  27  10  14  11  43  12  40  13  31  14  45  15  58  16  23  17  13  18  47  19  25 
  0  23   1  10   2  40   3  52   4  46   5  26   6  32   7  56   8  18   9  27  10  14  11  43  12  36  13  26  14  47  15  58  16  22  17  16  18  46  19  23 


