
 20  20

  0  44   1  45   2  49   3  50   4  69   5  74   6  71   7  33   8  32   9  64  10  53  11  44  12  65  13  51  14  41  15  50  16  43  17  65  18  59  19  29 
  0  43   1  43   2  49   3  50   4  71   5  73   6  71   7  33   8  34   9  64  10  52  11  48  12  65  13  56  14  44  15  56  16  43  17  67  18  57  19  28 
  0  46   1  45   2  51   3  50   4  71   5  74   6  73   7  33   8  34   9  64  10  53  11  48  12  65  13  55  14  44  15  53  16  43  17  66  18  59  19  27 
  0  44   1  43   2  51   3  47   4  69   5  71   6  68   7  32   8  33   9  62  10  52  11  47  12  65  13  54  14  41  15  52  16  43  17  68  18  58  19  26 
  0  42   1  43   2  51   3  50   4  71   5  73   6  73   7  33   8  34   9  63  10  53  11  44  12  68  13  54  14  43  15  53  16  42  17  68  18  59  19  29 
  0  37   1  43   2  50   3  49   4  71   5  71   6  69   7  32   8  30   9  62  10  51  11  44  12  62  13  51  14  40  15  51  16  42  17  63  18  57  19  27 
  0  46   1  45   2  49   3  50   4  69   5  76   6  73   7  33   8  33   9  62  10  51  11  48  12  68  13  55  14  42  15  56  16  43  17  69  18  59  19  28 
  0  43   1  43   2  51   3  50   4  71   5  71   6  71   7  33   8  33   9  62  10  53  11  47  12  64  13  51  14  44  15  53  16  44  17  64  18  58  19  26 
  0  38   1  43   2  49   3  48   4  69   5  71   6  65   7  33   8  30   9  64  10  51  11  45  12  61  13  52  14  40  15  48  16  44  17  65  18  54  19  25 
  0  40   1  43   2  49   3  48   4  71   5  71   6  67   7  31   8  32   9  64  10  51  11  44  12  62  13  49  14  41  15  51  16  44  17  65  18  56  19  23 
  0  36   1  45   2  50   3  46   4  71   5  66   6  65   7  31   8  30   9  64  10  51  11  42  12  62  13  49  14  40  15  46  16  43  17  62  18  54  19  23 
  0  43   1  45   2  49   3  50   4  71   5  73   6  71   7  32   8  34   9  64  10  51  11  46  12  65  13  57  14  44  15  56  16  43  17  68  18  58  19  29 
  0  46   1  43   2  51   3  50   4  70   5  76   6  73   7  33   8  32   9  63  10  53  11  48  12  67  13  56  14  44  15  56  16  44  17  69  18  59  19  30 
  0  41   1  44   2  51   3  46   4  70   5  71   6  69   7  31   8  31   9  64  10  53  11  45  12  66  13  53  14  41  15  50  16  43  17  65  18  57  19  26 
  0  38   1  43   2  50   3  46   4  69   5  67   6  65   7  31   8  31   9  62  10  51  11  44  12  60  13  47  14  42  15  46  16  42  17  63  18  53  19  23 
  0  44   1  44   2  51   3  49   4  71   5  76   6  73   7  32   8  31   9  64  10  53  11  45  12  68  13  56  14  42  15  55  16  43  17  69  18  57  19  27 
  0  36   1  43   2  49   3  49   4  71   5  66   6  69   7  33   8  30   9  62  10  52  11  42  12  64  13  48  14  43  15  46  16  42  17  64  18  52  19  25 
  0  36   1  45   2  51   3  48   4  71   5  68   6  68   7  33   8  30   9  62  10  51  11  43  12  64  13  47  14  40  15  50  16  42  17  61  18  54  19  22 
  0  38   1  44   2  49   3  47   4  69   5  68   6  65   7  33   8  30   9  62  10  51  11  42  12  60  13  47  14  42  15  47  16  42  17  61  18  53  19  24 
  0  44   1  45   2  51   3  48   4  71   5  74   6  73   7  33   8  33   9  63  10  53  11  46  12  67  13  57  14  42  15  56  16  43  17  67  18  60  19  30 


