
 20  20

  0  82   1  91   2  83   3  62   4  69   5  72   6  91   7  59   8  69   9  69  10  88  11  76  12  73  13  56  14  80  15  56  16  91  17  76  18  49  19  69 
  0  81   1  90   2  82   3  60   4  69   5  70   6  89   7  58   8  67   9  69  10  87  11  76  12  73  13  56  14  77  15  55  16  88  17  77  18  46  19  68 
  0  83   1  93   2  86   3  63   4  70   5  73   6  91   7  58   8  69   9  68  10  92  11  77  12  74  13  57  14  79  15  56  16  91  17  77  18  48  19  71 
  0  83   1  93   2  84   3  63   4  71   5  72   6  93   7  58   8  67   9  68  10  93  11  78  12  75  13  58  14  78  15  58  16  90  17  77  18  47  19  69 
  0  79   1  91   2  83   3  60   4  69   5  70   6  89   7  58   8  68   9  67  10  87  11  78  12  74  13  53  14  77  15  55  16  89  17  79  18  49  19  71 
  0  83   1  98   2  88   3  65   4  70   5  74   6  92   7  60   8  68   9  67  10  92  11  81  12  73  13  59  14  80  15  61  16  92  17  79  18  49  19  76 
  0  80   1  91   2  84   3  63   4  70   5  70   6  91   7  59   8  67   9  68  10  88  11  78  12  74  13  53  14  79  15  57  16  89  17  78  18  50  19  68 
  0  88   1  97   2  89   3  67   4  71   5  74   6  93   7  60   8  70   9  69  10  97  11  82  12  75  13  56  14  79  15  59  16  94  17  80  18  49  19  76 
  0  88   1  99   2  89   3  68   4  69   5  74   6  93   7  60   8  68   9  69  10  96  11  80  12  73  13  58  14  81  15  61  16  94  17  78  18  52  19  76 
  0  85   1  99   2  89   3  68   4  71   5  73   6  93   7  60   8  68   9  69  10  96  11  82  12  75  13  58  14  78  15  61  16  94  17  78  18  52  19  76 
  0  85   1  99   2  89   3  67   4  69   5  73   6  92   7  60   8  70   9  69  10  95  11  79  12  74  13  58  14  78  15  59  16  94  17  79  18  52  19  73 
  0  88   1  99   2  88   3  64   4  69   5  74   6  91   7  59   8  70   9  69  10  94  11  79  12  75  13  57  14  81  15  61  16  94  17  79  18  52  19  76 
  0  83   1  97   2  87   3  65   4  69   5  73   6  89   7  58   8  68   9  69  10  95  11  82  12  73  13  59  14  81  15  58  16  94  17  80  18  49  19  73 
  0  81   1  96   2  85   3  61   4  70   5  74   6  90   7  58   8  66   9  69  10  93  11  80  12  75  13  55  14  78  15  56  16  89  17  76  18  47  19  70 
  0  85   1  95   2  87   3  62   4  69   5  70   6  93   7  58   8  70   9  67  10  93  11  79  12  73  13  54  14  78  15  58  16  89  17  76  18  50  19  73 
  0  84   1  93   2  84   3  61   4  69   5  72   6  92   7  58   8  66   9  69  10  90  11  78  12  74  13  55  14  79  15  57  16  89  17  76  18  47  19  69 
  0  86   1  97   2  85   3  62   4  71   5  71   6  90   7  60   8  70   9  68  10  93  11  81  12  73  13  54  14  80  15  59  16  93  17  79  18  48  19  70 
  0  80   1  92   2  84   3  64   4  70   5  71   6  92   7  60   8  70   9  69  10  92  11  80  12  73  13  57  14  77  15  58  16  90  17  78  18  50  19  73 
  0  85   1  98   2  88   3  63   4  71   5  70   6  89   7  58   8  70   9  67  10  92  11  81  12  75  13  54  14  77  15  56  16  90  17  80  18  49  19  74 
  0  85   1  97   2  88   3  66   4  69   5  72   6  91   7  59   8  68   9  69  10  95  11  80  12  74  13  59  14  79  15  59  16  92  17  80  18  52  19  75 


