
 20  20

  0  23   1  45   2  62   3  24   4  47   5  48   6  56   7  52   8  28   9  44  10  45  11  68  12  35  13  57  14  30  15  27  16  39  17  35  18  30  19  42 
  0  29   1  45   2  64   3  27   4  49   5  48   6  57   7  55   8  31   9  44  10  48  11  68  12  39  13  58  14  35  15  29  16  45  17  39  18  29  19  46 
  0  29   1  43   2  65   3  27   4  50   5  49   6  56   7  53   8  28   9  43  10  48  11  68  12  39  13  58  14  35  15  28  16  42  17  38  18  30  19  43 
  0  22   1  41   2  60   3  27   4  47   5  46   6  56   7  51   8  27   9  41  10  46  11  67  12  32  13  56  14  33  15  27  16  38  17  37  18  30  19  43 
  0  26   1  45   2  64   3  24   4  49   5  48   6  56   7  55   8  30   9  44  10  45  11  67  12  36  13  58  14  34  15  26  16  42  17  37  18  31  19  44 
  0  27   1  41   2  60   3  24   4  45   5  44   6  57   7  52   8  27   9  41  10  45  11  70  12  35  13  56  14  32  15  27  16  39  17  39  18  30  19  42 
  0  20   1  41   2  59   3  25   4  42   5  43   6  51   7  51   8  25   9  38  10  44  11  66  12  32  13  56  14  29  15  23  16  37  17  35  18  31  19  42 
  0  22   1  41   2  60   3  26   4  42   5  43   6  51   7  52   8  27   9  40  10  42  11  66  12  31  13  56  14  30  15  25  16  39  17  35  18  29  19  40 
  0  26   1  45   2  63   3  27   4  48   5  49   6  56   7  52   8  29   9  44  10  47  11  68  12  39  13  58  14  35  15  27  16  45  17  37  18  31  19  46 
  0  21   1  42   2  59   3  23   4  44   5  46   6  50   7  52   8  27   9  39  10  42  11  66  12  33  13  56  14  30  15  22  16  37  17  35  18  30  19  40 
  0  28   1  42   2  63   3  25   4  48   5  45   6  57   7  54   8  29   9  45  10  44  11  67  12  37  13  56  14  34  15  28  16  45  17  38  18  29  19  45 
  0  23   1  42   2  59   3  27   4  47   5  47   6  55   7  52   8  29   9  42  10  44  11  66  12  34  13  58  14  30  15  28  16  43  17  35  18  31  19  44 
  0  22   1  44   2  62   3  23   4  43   5  45   6  56   7  51   8  29   9  42  10  42  11  69  12  35  13  56  14  33  15  27  16  39  17  38  18  30  19  43 
  0  29   1  44   2  62   3  24   4  49   5  49   6  56   7  55   8  31   9  47  10  45  11  70  12  36  13  58  14  34  15  30  16  43  17  39  18  31  19  44 
  0  26   1  44   2  62   3  26   4  45   5  43   6  54   7  54   8  27   9  42  10  42  11  70  12  35  13  58  14  33  15  24  16  39  17  39  18  29  19  43 
  0  20   1  43   2  57   3  24   4  44   5  45   6  52   7  51   8  25   9  37  10  45  11  66  12  31  13  56  14  29  15  24  16  37  17  35  18  31  19  40 
  0  24   1  44   2  57   3  24   4  45   5  45   6  54   7  52   8  25   9  38  10  43  11  69  12  31  13  56  14  32  15  23  16  40  17  35  18  29  19  42 
  0  24   1  41   2  57   3  23   4  45   5  45   6  54   7  54   8  28   9  39  10  46  11  69  12  32  13  58  14  31  15  22  16  38  17  38  18  31  19  41 
  0  28   1  45   2  65   3  26   4  48   5  48   6  59   7  55   8  31   9  47  10  47  11  69  12  38  13  58  14  34  15  31  16  44  17  38  18  31  19  46 
  0  29   1  45   2  65   3  24   4  49   5  46   6  57   7  55   8  31   9  45  10  48  11  69  12  37  13  58  14  34  15  28  16  43  17  39  18  31  19  46 


