
 20  20

  0  71   1  56   2  36   3  64   4  63   5  58   6  36   7  73   8  36   9  66  10  64  11  59  12  52  13  69  14  39  15  32  16  42  17  67  18  43  19  67 
  0  75   1  57   2  36   3  64   4  65   5  60   6  38   7  72   8  33   9  66  10  63  11  58  12  51  13  67  14  38  15  33  16  46  17  65  18  41  19  66 
  0  76   1  57   2  37   3  69   4  63   5  58   6  37   7  75   8  37   9  64  10  63  11  61  12  54  13  66  14  41  15  33  16  46  17  67  18  41  19  64 
  0  77   1  61   2  37   3  70   4  65   5  58   6  37   7  75   8  36   9  66  10  63  11  62  12  54  13  69  14  43  15  34  16  47  17  65  18  43  19  65 
  0  73   1  59   2  36   3  65   4  65   5  58   6  36   7  72   8  36   9  66  10  61  11  61  12  54  13  68  14  39  15  30  16  42  17  64  18  43  19  63 
  0  73   1  54   2  34   3  67   4  65   5  60   6  38   7  70   8  36   9  65  10  63  11  61  12  49  13  65  14  40  15  29  16  41  17  67  18  43  19  65 
  0  70   1  57   2  36   3  67   4  65   5  58   6  38   7  70   8  35   9  64  10  63  11  62  12  52  13  68  14  38  15  29  16  41  17  66  18  43  19  64 
  0  67   1  51   2  34   3  60   4  63   5  60   6  36   7  71   8  32   9  66  10  58  11  60  12  49  13  63  14  33  15  26  16  39  17  63  18  41  19  63 
  0  72   1  54   2  37   3  62   4  63   5  59   6  37   7  70   8  33   9  64  10  62  11  58  12  47  13  65  14  35  15  29  16  43  17  65  18  41  19  63 
  0  72   1  54   2  34   3  62   4  64   5  59   6  36   7  70   8  33   9  66  10  58  11  59  12  48  13  66  14  37  15  30  16  40  17  66  18  42  19  63 
  0  67   1  52   2  36   3  61   4  63   5  58   6  36   7  71   8  30   9  65  10  58  11  58  12  47  13  62  14  35  15  26  16  39  17  63  18  42  19  63 
  0  74   1  58   2  38   3  65   4  65   5  58   6  37   7  72   8  37   9  66  10  62  11  61  12  51  13  68  14  42  15  34  16  44  17  67  18  43  19  66 
  0  77   1  61   2  38   3  69   4  63   5  59   6  38   7  73   8  38   9  66  10  64  11  62  12  54  13  69  14  42  15  33  16  47  17  67  18  41  19  66 
  0  76   1  60   2  38   3  70   4  65   5  60   6  38   7  74   8  36   9  66  10  64  11  62  12  56  13  68  14  41  15  33  16  45  17  66  18  43  19  67 
  0  75   1  59   2  37   3  65   4  65   5  58   6  38   7  70   8  36   9  65  10  62  11  59  12  54  13  65  14  37  15  33  16  44  17  67  18  41  19  67 
  0  70   1  53   2  34   3  61   4  65   5  58   6  38   7  70   8  32   9  66  10  62  11  58  12  48  13  63  14  35  15  28  16  43  17  63  18  43  19  64 
  0  67   1  52   2  34   3  60   4  63   5  59   6  37   7  69   8  31   9  64  10  58  11  58  12  48  13  62  14  35  15  28  16  40  17  63  18  41  19  63 
  0  74   1  58   2  38   3  68   4  63   5  59   6  38   7  71   8  34   9  65  10  60  11  62  12  54  13  67  14  41  15  30  16  45  17  66  18  42  19  67 
  0  73   1  57   2  35   3  65   4  65   5  59   6  36   7  70   8  33   9  64  10  62  11  58  12  52  13  63  14  39  15  31  16  41  17  63  18  41  19  64 
  0  73   1  58   2  36   3  66   4  64   5  58   6  36   7  71   8  37   9  66  10  62  11  61  12  54  13  66  14  41  15  31  16  43  17  66  18  43  19  67 


