
 20  20

  0  43   1  37   2  64   3  57   4  74   5  59   6  60   7  68   8  58   9  67  10  47  11  41  12  80  13  77  14  71  15  77  16  31  17  59  18  65  19  38 
  0  44   1  42   2  65   3  63   4  80   5  60   6  59   7  72   8  59   9  69  10  49  11  43  12  84  13  80  14  75  15  83  16  37  17  57  18  69  19  41 
  0  41   1  40   2  64   3  59   4  77   5  59   6  58   7  71   8  57   9  71  10  47  11  40  12  81  13  78  14  72  15  79  16  35  17  58  18  66  19  41 
  0  46   1  42   2  63   3  62   4  80   5  63   6  59   7  72   8  61   9  70  10  49  11  42  12  86  13  80  14  76  15  83  16  39  17  59  18  71  19  43 
  0  46   1  41   2  65   3  63   4  78   5  60   6  60   7  72   8  57   9  70  10  48  11  45  12  85  13  78  14  74  15  81  16  38  17  57  18  70  19  40 
  0  39   1  39   2  65   3  59   4  77   5  61   6  60   7  69   8  55   9  67  10  45  11  40  12  78  13  78  14  70  15  80  16  31  17  57  18  63  19  40 
  0  39   1  38   2  63   3  57   4  73   5  60   6  59   7  69   8  56   9  65  10  45  11  42  12  81  13  74  14  71  15  78  16  32  17  59  18  62  19  39 
  0  38   1  36   2  64   3  57   4  75   5  62   6  58   7  69   8  57   9  67  10  47  11  42  12  82  13  77  14  70  15  77  16  32  17  57  18  64  19  37 
  0  48   1  42   2  63   3  63   4  80   5  60   6  58   7  72   8  61   9  72  10  48  11  42  12  83  13  78  14  76  15  83  16  39  17  58  18  68  19  42 
  0  46   1  38   2  63   3  63   4  76   5  60   6  58   7  70   8  61   9  70  10  49  11  42  12  85  13  77  14  71  15  79  16  38  17  58  18  67  19  39 
  0  46   1  41   2  65   3  63   4  81   5  63   6  58   7  72   8  61   9  72  10  49  11  42  12  86  13  78  14  75  15  81  16  39  17  59  18  69  19  40 
  0  40   1  37   2  63   3  57   4  77   5  60   6  58   7  70   8  58   9  69  10  48  11  39  12  82  13  76  14  71  15  77  16  32  17  57  18  62  19  38 
  0  47   1  41   2  65   3  63   4  79   5  63   6  58   7  72   8  61   9  73  10  49  11  45  12  86  13  80  14  74  15  82  16  38  17  59  18  71  19  41 
  0  43   1  41   2  65   3  60   4  79   5  63   6  58   7  70   8  57   9  67  10  48  11  40  12  83  13  76  14  73  15  78  16  37  17  58  18  65  19  39 
  0  46   1  39   2  63   3  63   4  81   5  63   6  59   7  72   8  59   9  73  10  48  11  43  12  86  13  80  14  73  15  82  16  39  17  59  18  68  19  41 
  0  48   1  42   2  65   3  60   4  81   5  63   6  60   7  70   8  61   9  72  10  49  11  43  12  85  13  77  14  75  15  80  16  35  17  59  18  70  19  42 
  0  39   1  39   2  63   3  57   4  73   5  59   6  58   7  70   8  57   9  65  10  45  11  39  12  78  13  74  14  68  15  78  16  32  17  58  18  61  19  40 
  0  39   1  39   2  63   3  58   4  73   5  59   6  58   7  69   8  58   9  66  10  45  11  39  12  79  13  77  14  68  15  77  16  30  17  58  18  64  19  40 
  0  46   1  41   2  63   3  63   4  81   5  61   6  58   7  72   8  61   9  73  10  49  11  44  12  86  13  78  14  76  15  83  16  39  17  58  18  71  19  43 
  0  42   1  37   2  65   3  61   4  77   5  60   6  59   7  70   8  58   9  69  10  48  11  43  12  80  13  75  14  72  15  81  16  36  17  58  18  68  19  40 


