
 20  20

  0  20   1  13   2  48   3  35   4  29   5  47   6   2   7   8   8   6   9  19  10  34  11  21  12  18  13  14  14  46  15  35  16  13  17  26  18  10  19   9 
  0  19   1  11   2  52   3  35   4  26   5  49   6   4   7  11   8   5   9  21  10  35  11  20  12  18  13  12  14  45  15  35  16  12  17  25  18  11  19  11 
  0  15   1  11   2  47   3  34   4  26   5  46   6   3   7   5   8   4   9  18  10  32  11  21  12  16  13  12  14  47  15  30  16  13  17  24  18   7  19   9 
  0  15   1  10   2  48   3  37   4  23   5  49   6   4   7   6   8   2   9  17  10  34  11  19  12  14  13   9  14  48  15  31  16  13  17  25  18   9  19   8 
  0  20   1  14   2  50   3  39   4  26   5  48   6   4   7   9   8   9   9  19  10  35  11  19  12  17  13  14  14  47  15  36  16  12  17  24  18  15  19  10 
  0  16   1  12   2  47   3  33   4  24   5  43   6   2   7   5   8   4   9  17  10  34  11  21  12  13  13  10  14  44  15  29  16  12  17  24  18   8  19   7 
  0  19   1  13   2  52   3  39   4  25   5  49   6   2   7   7   8   7   9  21  10  36  11  20  12  14  13  12  14  48  15  31  16  13  17  24  18  11  19   8 
  0  16   1  10   2  47   3  38   4  27   5  49   6   3   7   8   8   6   9  22  10  32  11  21  12  13  13  13  14  47  15  32  16  13  17  26  18  10  19  10 
  0  15   1  13   2  47   3  33   4  24   5  46   6   1   7   8   8   4   9  19  10  33  11  20  12  15  13  11  14  46  15  31  16  12  17  26  18   8  19   8 
  0  16   1  10   2  50   3  35   4  24   5  50   6   1   7  10   8   3   9  22  10  34  11  19  12  14  13  11  14  47  15  34  16  11  17  24  18  10  19   9 
  0  16   1  12   2  49   3  35   4  27   5  47   6   1   7   6   8   2   9  21  10  33  11  21  12  15  13   9  14  46  15  29  16  13  17  25  18   8  19   9 
  0  13   1  12   2  46   3  33   4  23   5  43   6   1   7   5   8   3   9  17  10  32  11  19  12  13  13   8  14  46  15  27  16  11  17  24  18   6  19   9 
  0  16   1  10   2  48   3  36   4  23   5  43   6   1   7   6   8   3   9  17  10  32  11  20  12  13  13  11  14  46  15  30  16  12  17  24  18   8  19   7 
  0  16   1  10   2  45   3  33   4  23   5  45   6   1   7   8   8   1   9  17  10  35  11  19  12  12  13  12  14  45  15  27  16  12  17  25  18   8  19   7 
  0  15   1  12   2  45   3  34   4  25   5  46   6   2   7   7   8   1   9  20  10  35  11  19  12  12  13   8  14  44  15  29  16  13  17  24  18   9  19  10 
  0  17   1  14   2  49   3  35   4  28   5  50   6   4   7   8   8   4   9  19  10  35  11  19  12  17  13  15  14  45  15  32  16  13  17  26  18  10  19  10 
  0  21   1  13   2  48   3  35   4  28   5  49   6   3   7  10   8   8   9  22  10  35  11  19  12  18  13  13  14  48  15  31  16  13  17  25  18  13  19  11 
  0  17   1  12   2  45   3  36   4  23   5  45   6   3   7   7   8   3   9  18  10  32  11  20  12  14  13   9  14  44  15  31  16  11  17  26  18   6  19  10 
  0  16   1  11   2  47   3  34   4  26   5  49   6   1   7   9   8   5   9  19  10  33  11  19  12  14  13   9  14  46  15  29  16  11  17  26  18  11  19   7 
  0  21   1  13   2  52   3  37   4  26   5  49   6   3   7   9   8   8   9  20  10  35  11  20  12  14  13  14  14  48  15  34  16  12  17  26  18  11  19   9 


