
 20  20

  0  31   1  60   2  62   3  71   4  27   5  48   6  34   7  32   8  69   9  64  10  45  11  34  12  55  13  58  14  60  15  26  16  66  17  64  18  67  19  62 
  0  28   1  61   2  62   3  71   4  26   5  45   6  28   7  30   8  68   9  64  10  42  11  34  12  55  13  58  14  58  15  23  16  63  17  59  18  68  19  63 
  0  28   1  62   2  64   3  70   4  28   5  47   6  31   7  31   8  71   9  66  10  46  11  36  12  54  13  58  14  57  15  23  16  63  17  61  18  66  19  63 
  0  24   1  61   2  64   3  71   4  26   5  47   6  32   7  29   8  68   9  65  10  42  11  34  12  53  13  56  14  60  15  24  16  60  17  59  18  68  19  63 
  0  23   1  58   2  63   3  71   4  25   5  45   6  29   7  30   8  64   9  62  10  41  11  36  12  55  13  58  14  57  15  22  16  58  17  58  18  68  19  60 
  0  30   1  61   2  63   3  69   4  25   5  46   6  30   7  31   8  72   9  63  10  45  11  36  12  55  13  57  14  60  15  26  16  64  17  60  18  66  19  62 
  0  25   1  57   2  63   3  71   4  26   5  47   6  27   7  29   8  67   9  65  10  44  11  36  12  53  13  56  14  56  15  22  16  61  17  60  18  68  19  60 
  0  23   1  56   2  62   3  69   4  25   5  43   6  28   7  27   8  65   9  63  10  40  11  35  12  53  13  58  14  56  15  24  16  58  17  58  18  66  19  60 
  0  28   1  58   2  62   3  69   4  27   5  47   6  32   7  29   8  66   9  63  10  42  11  34  12  55  13  56  14  56  15  23  16  63  17  62  18  68  19  62 
  0  22   1  57   2  62   3  70   4  23   5  45   6  28   7  27   8  64   9  63  10  40  11  36  12  53  13  58  14  58  15  24  16  58  17  58  18  66  19  62 
  0  27   1  60   2  64   3  70   4  27   5  45   6  29   7  29   8  68   9  66  10  42  11  34  12  53  13  57  14  56  15  22  16  64  17  62  18  66  19  60 
  0  23   1  57   2  62   3  70   4  23   5  43   6  26   7  27   8  64   9  62  10  40  11  34  12  53  13  58  14  58  15  22  16  59  17  58  18  66  19  61 
  0  26   1  61   2  62   3  71   4  25   5  45   6  29   7  31   8  67   9  66  10  42  11  35  12  54  13  56  14  57  15  23  16  61  17  60  18  68  19  64 
  0  26   1  59   2  62   3  70   4  23   5  43   6  28   7  30   8  65   9  63  10  40  11  36  12  53  13  56  14  57  15  22  16  61  17  58  18  68  19  60 
  0  29   1  59   2  64   3  69   4  27   5  46   6  30   7  28   8  72   9  66  10  45  11  36  12  53  13  56  14  60  15  25  16  66  17  64  18  68  19  64 
  0  22   1  56   2  62   3  69   4  23   5  45   6  27   7  26   8  67   9  65  10  41  11  35  12  55  13  58  14  59  15  22  16  61  17  59  18  68  19  61 
  0  22   1  59   2  62   3  69   4  27   5  45   6  27   7  29   8  66   9  64  10  44  11  35  12  55  13  58  14  56  15  22  16  58  17  60  18  67  19  61 
  0  23   1  56   2  62   3  71   4  23   5  45   6  28   7  26   8  66   9  62  10  41  11  34  12  53  13  57  14  56  15  22  16  58  17  59  18  68  19  62 
  0  29   1  61   2  64   3  71   4  27   5  49   6  34   7  31   8  69   9  66  10  44  11  36  12  55  13  58  14  59  15  26  16  66  17  63  18  68  19  62 
  0  30   1  59   2  64   3  70   4  29   5  46   6  34   7  29   8  71   9  64  10  46  11  35  12  53  13  56  14  60  15  24  16  65  17  61  18  68  19  63 


