
 20  20

  0  69   1  70   2  16   3  67   4  26   5  49   6  93   7  14   8  78   9  59  10  73  11  39  12  28  13  82  14  34  15  83  16  24  17  20  18  23  19  55 
  0  66   1  68   2  15   3  65   4  27   5  47   6  93   7  13   8  75   9  59  10  75  11  39  12  28  13  83  14  32  15  82  16  24  17  18  18  22  19  57 
  0  70   1  71   2  16   3  68   4  27   5  50   6  93   7  17   8  80   9  60  10  75  11  41  12  27  13  80  14  39  15  85  16  28  17  23  18  24  19  59 
  0  66   1  67   2  12   3  65   4  24   5  46   6  94   7   9   8  73   9  59  10  75  11  39  12  27  13  80  14  32  15  80  16  21  17  16  18  22  19  56 
  0  67   1  69   2  14   3  65   4  24   5  48   6  95   7  12   8  77   9  59  10  75  11  41  12  28  13  83  14  37  15  82  16  22  17  21  18  26  19  58 
  0  68   1  70   2  13   3  66   4  25   5  48   6  95   7  11   8  75   9  60  10  73  11  39  12  28  13  83  14  35  15  80  16  23  17  16  18  24  19  58 
  0  66   1  67   2  14   3  65   4  24   5  47   6  93   7  10   8  76   9  59  10  73  11  39  12  27  13  82  14  32  15  81  16  21  17  16  18  23  19  54 
  0  75   1  72   2  16   3  67   4  26   5  47   6  94   7  18   8  80   9  59  10  75  11  40  12  29  13  83  14  40  15  83  16  27  17  21  18  26  19  56 
  0  72   1  70   2  14   3  65   4  25   5  46   6  93   7  15   8  75   9  60  10  75  11  41  12  27  13  84  14  36  15  82  16  22  17  21  18  24  19  56 
  0  70   1  71   2  11   3  66   4  25   5  48   6  93   7   9   8  77   9  61  10  73  11  39  12  29  13  83  14  35  15  80  16  21  17  20  18  24  19  57 
  0  67   1  70   2  11   3  64   4  24   5  48   6  93   7   9   8  73   9  59  10  75  11  39  12  29  13  80  14  35  15  83  16  21  17  17  18  24  19  54 
  0  76   1  77   2  21   3  66   4  27   5  50   6  95   7  17   8  83   9  60  10  75  11  41  12  28  13  83  14  39  15  86  16  29  17  22  18  28  19  60 
  0  68   1  70   2  16   3  66   4  24   5  47   6  93   7  13   8  78   9  59  10  74  11  39  12  29  13  82  14  35  15  81  16  21  17  20  18  23  19  56 
  0  73   1  77   2  18   3  66   4  26   5  47   6  95   7  19   8  79   9  61  10  73  11  41  12  29  13  83  14  38  15  86  16  26  17  20  18  27  19  59 
  0  68   1  67   2  12   3  65   4  25   5  46   6  95   7  11   8  73   9  61  10  73  11  40  12  27  13  82  14  32  15  82  16  21  17  16  18  23  19  54 
  0  69   1  69   2  11   3  64   4  25   5  48   6  93   7  12   8  73   9  61  10  75  11  39  12  28  13  82  14  35  15  80  16  21  17  18  18  23  19  55 
  0  66   1  67   2  12   3  64   4  26   5  46   6  95   7  10   8  73   9  59  10  73  11  41  12  27  13  80  14  35  15  81  16  24  17  16  18  22  19  56 
  0  71   1  73   2  15   3  67   4  25   5  49   6  93   7  12   8  77   9  60  10  74  11  41  12  29  13  81  14  33  15  81  16  23  17  19  18  23  19  55 
  0  69   1  69   2  16   3  67   4  25   5  48   6  95   7  14   8  75   9  61  10  75  11  39  12  27  13  82  14  37  15  81  16  26  17  19  18  25  19  58 
  0  74   1  74   2  20   3  68   4  25   5  49   6  95   7  15   8  80   9  59  10  73  11  41  12  27  13  82  14  37  15  83  16  26  17  20  18  26  19  60 


