
 20  20

  0  16   1  94   2  53   3  93   4  24   5  96   6  27   7  70   8  98   9  51  10  80  11  97  12  42  13  19  14  12  15  36  16  48  17  22  18  29  19  20 
  0  15   1  93   2  54   3  95   4  24   5  96   6  29   7  71   8  98   9  46  10  81  11  97  12  42  13  21  14  12  15  35  16  49  17  20  18  29  19  19 
  0  13   1  94   2  52   3  96   4  21   5  93   6  26   7  72   8  98   9  45  10  81  11  96  12  43  13  18  14  13  15  35  16  47  17  18  18  31  19  17 
  0  16   1  95   2  52   3  96   4  23   5  95   6  25   7  72   8  96   9  49  10  82  11  96  12  44  13  20  14  10  15  39  16  47  17  21  18  31  19  21 
  0  13   1  93   2  54   3  94   4  23   5  97   6  27   7  71   8  99   9  50  10  83  11  98  12  46  13  20  14  13  15  36  16  48  17  17  18  31  19  20 
  0  17   1  94   2  52   3  97   4  22   5  93   6  25   7  72   8  97   9  48  10  83  11  96  12  45  13  19  14  14  15  38  16  48  17  19  18  29  19  22 
  0  13   1  95   2  51   3  93   4  21   5  94   6  29   7  71   8  96   9  47  10  79  11  96  12  44  13  18  14  12  15  35  16  47  17  19  18  29  19  21 
  0  19   1  97   2  57   3  97   4  26   5  98   6  30   7  71   8  99   9  51  10  86  11  99  12  46  13  20  14  16  15  39  16  49  17  24  18  31  19  24 
  0  17   1  99   2  56   3  96   4  26   5  99   6  31   7  72   8  99   9  53  10  86  11  99  12  43  13  22  14  16  15  36  16  48  17  22  18  31  19  25 
  0  14   1  96   2  50   3  93   4  21   5  93   6  29   7  70   8  95   9  49  10  82  11  97  12  43  13  19  14  10  15  36  16  47  17  20  18  29  19  18 
  0  11   1  96   2  48   3  94   4  21   5  92   6  26   7  70   8  98   9  46  10  78  11  94  12  42  13  18  14  10  15  36  16  47  17  16  18  29  19  16 
  0  13   1  96   2  54   3  95   4  22   5  96   6  26   7  72   8  95   9  46  10  83  11  96  12  44  13  21  14  14  15  35  16  49  17  21  18  29  19  18 
  0  20   1  98   2  58   3  96   4  26   5  98   6  28   7  72   8  97   9  53  10  84  11  99  12  44  13  20  14  16  15  39  16  49  17  24  18  31  19  23 
  0  16   1  98   2  56   3  94   4  26   5  95   6  30   7  70   8  96   9  52  10  85  11  99  12  45  13  20  14  12  15  38  16  47  17  22  18  31  19  21 
  0  15   1  98   2  55   3  96   4  24   5  97   6  27   7  70   8  99   9  47  10  84  11  99  12  44  13  22  14  11  15  37  16  49  17  21  18  31  19  20 
  0  11   1  94   2  51   3  93   4  23   5  95   6  28   7  72   8  95   9  47  10  78  11  94  12  43  13  20  14  10  15  37  16  48  17  17  18  30  19  19 
  0  20   1  99   2  54   3  96   4  24   5  98   6  28   7  72   8  99   9  52  10  83  11  99  12  43  13  22  14  13  15  36  16  48  17  20  18  30  19  24 
  0  13   1  96   2  52   3  93   4  23   5  96   6  29   7  71   8  96   9  46  10  80  11  97  12  45  13  20  14  10  15  38  16  49  17  19  18  29  19  18 
  0  11   1  93   2  48   3  94   4  22   5  92   6  25   7  70   8  95   9  47  10  81  11  92  12  43  13  20  14  12  15  36  16  49  17  17  18  29  19  19 
  0  13   1  93   2  48   3  93   4  23   5  92   6  26   7  71   8  95   9  48  10  81  11  92  12  42  13  21  14  10  15  35  16  47  17  18  18  29  19  16 


