
 20  20

  0  82   1  61   2  28   3  94   4  37   5  19   6  35   7  44   8  15   9  93  10  20  11  38  12  65  13  80  14   9  15  38  16  74  17  69  18  21  19  24 
  0  85   1  63   2  30   3  92   4  39   5  19   6  34   7  42   8  17   9  89  10  19  11  34  12  64  13  80  14  10  15  42  16  76  17  69  18  19  19  25 
  0  86   1  63   2  30   3  93   4  39   5  19   6  35   7  45   8  19   9  95  10  22  11  37  12  68  13  85  14  10  15  41  16  77  17  71  18  21  19  25 
  0  88   1  63   2  30   3  94   4  39   5  20   6  36   7  46   8  16   9  97  10  24  11  40  12  67  13  83  14   9  15  46  16  75  17  73  18  20  19  24 
  0  86   1  61   2  31   3  94   4  39   5  18   6  35   7  43   8  17   9  93  10  26  11  39  12  68  13  84  14  11  15  42  16  78  17  73  18  19  19  24 
  0  89   1  62   2  31   3  93   4  43   5  19   6  37   7  47   8  19   9  98  10  27  11  41  12  71  13  86  14  11  15  44  16  78  17  74  18  21  19  28 
  0  83   1  63   2  28   3  92   4  37   5  20   6  36   7  42   8  14   9  89  10  19  11  35  12  66  13  79  14   9  15  41  16  77  17  68  18  19  19  22 
  0  80   1  61   2  29   3  92   4  39   5  17   6  34   7  43   8  14   9  91  10  19  11  33  12  63  13  79  14   9  15  38  16  74  17  66  18  19  19  22 
  0  84   1  61   2  32   3  92   4  42   5  21   6  38   7  43   8  19   9  96  10  25  11  36  12  68  13  84  14   9  15  45  16  75  17  72  18  21  19  27 
  0  86   1  61   2  33   3  93   4  42   5  21   6  35   7  46   8  16   9  97  10  24  11  37  12  71  13  86  14  10  15  44  16  78  17  75  18  19  19  24 
  0  88   1  63   2  33   3  94   4  43   5  21   6  37   7  45   8  20   9  98  10  26  11  41  12  71  13  87  14  11  15  45  16  78  17  76  18  21  19  28 
  0  89   1  63   2  32   3  93   4  41   5  21   6  38   7  47   8  20   9  96  10  27  11  39  12  69  13  87  14   9  15  47  16  78  17  75  18  21  19  28 
  0  83   1  63   2  29   3  92   4  38   5  19   6  36   7  41   8  15   9  94  10  21  11  35  12  65  13  83  14   9  15  43  16  76  17  69  18  21  19  23 
  0  82   1  63   2  28   3  93   4  39   5  18   6  34   7  42   8  16   9  91  10  20  11  33  12  63  13  80  14  11  15  40  16  76  17  69  18  20  19  22 
  0  88   1  61   2  28   3  92   4  40   5  20   6  35   7  45   8  16   9  96  10  24  11  40  12  69  13  82  14  10  15  44  16  78  17  73  18  20  19  23 
  0  88   1  63   2  33   3  94   4  43   5  20   6  37   7  47   8  20   9  97  10  26  11  40  12  71  13  87  14  11  15  45  16  76  17  75  18  21  19  28 
  0  90   1  63   2  30   3  94   4  42   5  19   6  37   7  45   8  18   9  98  10  24  11  39  12  68  13  87  14  11  15  47  16  78  17  75  18  21  19  27 
  0  90   1  63   2  32   3  93   4  41   5  21   6  36   7  45   8  18   9  95  10  25  11  41  12  71  13  87  14   9  15  44  16  78  17  75  18  21  19  28 
  0  90   1  63   2  32   3  92   4  41   5  21   6  37   7  47   8  19   9  96  10  25  11  41  12  71  13  85  14   9  15  47  16  76  17  75  18  20  19  27 
  0  89   1  61   2  32   3  94   4  40   5  21   6  38   7  45   8  20   9  98  10  27  11  40  12  70  13  86  14   9  15  44  16  78  17  76  18  21  19  27 


