
 20  20

  0  89   1  29   2  88   3  46   4  43   5  30   6  77   7  36   8  72   9  50  10  33  11  16  12  50  13  47  14  77  15  70  16   9  17  85  18  73  19  37 
  0  86   1  31   2  84   3  46   4  44   5  29   6  74   7  37   8  71   9  46  10  31  11  11  12  47  13  49  14  76  15  69  16  11  17  87  18  73  19  37 
  0  91   1  31   2  89   3  46   4  45   5  33   6  75   7  37   8  73   9  49  10  36  11  14  12  50  13  52  14  78  15  69  16  11  17  85  18  73  19  37 
  0  90   1  31   2  88   3  44   4  45   5  31   6  78   7  35   8  75   9  50  10  36  11  17  12  51  13  51  14  78  15  70  16  13  17  87  18  72  19  40 
  0  83   1  29   2  83   3  46   4  45   5  29   6  70   7  35   8  71   9  44  10  28  11   8  12  43  13  42  14  76  15  63  16   6  17  85  18  71  19  37 
  0  91   1  29   2  89   3  46   4  44   5  33   6  76   7  37   8  75   9  49  10  36  11  16  12  52  13  52  14  80  15  71  16  12  17  86  18  73  19  40 
  0  89   1  31   2  85   3  44   4  43   5  30   6  74   7  35   8  74   9  45  10  34  11  12  12  48  13  48  14  78  15  69  16   7  17  85  18  73  19  37 
  0  88   1  29   2  85   3  45   4  45   5  31   6  77   7  36   8  74   9  49  10  34  11  12  12  48  13  50  14  79  15  66  16  11  17  87  18  72  19  39 
  0  89   1  29   2  87   3  45   4  45   5  29   6  77   7  36   8  75   9  49  10  32  11  12  12  50  13  47  14  80  15  67  16  10  17  87  18  72  19  38 
  0  88   1  30   2  89   3  45   4  43   5  33   6  74   7  35   8  72   9  50  10  33  11  12  12  49  13  48  14  76  15  66  16   8  17  85  18  71  19  39 
  0  82   1  29   2  83   3  44   4  43   5  27   6  72   7  35   8  71   9  45  10  28  11   7  12  42  13  44  14  76  15  63  16   5  17  85  18  71  19  36 
  0  82   1  29   2  85   3  44   4  43   5  27   6  72   7  37   8  71   9  46  10  29  11  11  12  44  13  44  14  76  15  67  16   8  17  87  18  71  19  38 
  0  87   1  29   2  86   3  45   4  44   5  31   6  76   7  35   8  72   9  46  10  34  11  13  12  48  13  48  14  76  15  69  16   7  17  87  18  71  19  36 
  0  88   1  29   2  89   3  45   4  45   5  31   6  75   7  37   8  75   9  50  10  33  11  13  12  50  13  46  14  78  15  69  16  10  17  87  18  73  19  37 
  0  91   1  30   2  89   3  44   4  45   5  33   6  76   7  37   8  74   9  47  10  33  11  14  12  52  13  50  14  79  15  71  16  13  17  87  18  73  19  37 
  0  85   1  29   2  87   3  45   4  43   5  29   6  72   7  37   8  71   9  47  10  33  11  12  12  48  13  48  14  80  15  65  16  10  17  85  18  72  19  38 
  0  87   1  31   2  88   3  46   4  45   5  29   6  76   7  35   8  72   9  50  10  33  11  11  12  46  13  49  14  78  15  70  16  10  17  85  18  73  19  38 
  0  88   1  29   2  87   3  45   4  44   5  29   6  78   7  37   8  73   9  49  10  34  11  15  12  47  13  47  14  78  15  67  16   9  17  87  18  71  19  40 
  0  83   1  29   2  86   3  44   4  44   5  27   6  72   7  35   8  71   9  45  10  28  11   7  12  44  13  44  14  76  15  63  16   7  17  85  18  71  19  36 
  0  88   1  31   2  86   3  46   4  43   5  30   6  75   7  35   8  72   9  45  10  31  11  13  12  44  13  46  14  79  15  68  16   8  17  85  18  71  19  40 


