
 20  20

  0  30   1  82   2  20   3  31   4  92   5  79   6  72   7  46   8  95   9  18  10  63  11  32  12  24  13  14  14  14  15  36  16  54  17  66  18  18  19  79 
  0  36   1  82   2  20   3  31   4  90   5  84   6  70   7  48   8  98   9  19  10  63  11  35  12  26  13  13  14  15  15  40  16  56  17  67  18  19  19  79 
  0  30   1  81   2  16   3  32   4  92   5  83   6  72   7  46   8  94   9  18  10  60  11  33  12  26  13  13  14  14  15  38  16  56  17  66  18  19  19  77 
  0  33   1  83   2  20   3  32   4  92   5  83   6  72   7  46   8  97   9  19  10  63  11  33  12  26  13  15  14  12  15  39  16  56  17  68  18  22  19  79 
  0  33   1  83   2  18   3  30   4  91   5  82   6  71   7  48   8  94   9  16  10  63  11  31  12  25  13  14  14  15  15  37  16  54  17  66  18  18  19  81 
  0  28   1  79   2  18   3  29   4  90   5  80   6  69   7  46   8  97   9  15  10  62  11  31  12  24  13  10  14  12  15  40  16  55  17  67  18  18  19  78 
  0  36   1  84   2  20   3  33   4  92   5  84   6  72   7  48   8  98   9  21  10  66  11  35  12  26  13  16  14  12  15  42  16  54  17  69  18  21  19  80 
  0  28   1  80   2  16   3  29   4  92   5  79   6  70   7  46   8  95   9  15  10  61  11  28  12  26  13  12  14  13  15  36  16  56  17  65  18  15  19  77 
  0  30   1  79   2  20   3  30   4  91   5  83   6  71   7  47   8  96   9  18  10  62  11  31  12  26  13  12  14  12  15  39  16  54  17  65  18  18  19  79 
  0  30   1  80   2  17   3  29   4  90   5  79   6  70   7  46   8  94   9  13  10  63  11  29  12  26  13  13  14  13  15  36  16  56  17  65  18  14  19  77 
  0  34   1  85   2  19   3  35   4  91   5  87   6  73   7  46   8  95   9  21  10  65  11  34  12  24  13  16  14  12  15  41  16  55  17  68  18  23  19  81 
  0  30   1  79   2  16   3  29   4  92   5  77   6  69   7  48   8  94   9  15  10  60  11  31  12  24  13  12  14  11  15  36  16  54  17  67  18  14  19  77 
  0  31   1  80   2  16   3  30   4  90   5  81   6  69   7  48   8  96   9  16  10  60  11  28  12  25  13  10  14  13  15  37  16  54  17  68  18  13  19  79 
  0  32   1  83   2  19   3  32   4  92   5  85   6  69   7  46   8  95   9  19  10  64  11  35  12  26  13  15  14  12  15  41  16  54  17  68  18  19  19  80 
  0  30   1  82   2  16   3  30   4  90   5  80   6  72   7  48   8  96   9  15  10  62  11  32  12  25  13  12  14  14  15  39  16  56  17  68  18  15  19  80 
  0  37   1  87   2  20   3  32   4  92   5  86   6  73   7  48   8  96   9  21  10  63  11  33  12  26  13  16  14  13  15  41  16  56  17  69  18  23  19  81 
  0  35   1  87   2  20   3  35   4  92   5  86   6  71   7  46   8  98   9  21  10  65  11  36  12  25  13  16  14  13  15  42  16  55  17  69  18  23  19  81 
  0  36   1  86   2  18   3  35   4  91   5  87   6  73   7  47   8  96   9  21  10  65  11  36  12  26  13  16  14  15  15  42  16  55  17  70  18  22  19  81 
  0  32   1  82   2  20   3  33   4  90   5  82   6  72   7  47   8  98   9  17  10  63  11  34  12  24  13  15  14  13  15  41  16  56  17  69  18  18  19  81 
  0  27   1  78   2  17   3  32   4  91   5  81   6  70   7  46   8  95   9  15  10  60  11  28  12  24  13  12  14  14  15  36  16  54  17  65  18  14  19  80 


