
 20  20

  0  84   1  38   2  42   3  20   4  26   5  69   6  91   7  56   8  82   9  23  10  87  11  89  12  32  13  89  14  21  15  24  16  35  17  33  18  61  19  32 
  0  80   1  37   2  41   3  20   4  25   5  70   6  92   7  54   8  80   9  20  10  85  11  86  12  32  13  88  14  23  15  21  16  34  17  34  18  61  19  30 
  0  85   1  41   2  42   3  21   4  26   5  68   6  93   7  61   8  82   9  21  10  88  11  89  12  33  13  89  14  21  15  26  16  38  17  33  18  61  19  36 
  0  81   1  39   2  41   3  20   4  25   5  68   6  90   7  58   8  81   9  24  10  89  11  86  12  34  13  87  14  23  15  25  16  35  17  33  18  62  19  32 
  0  78   1  37   2  41   3  20   4  26   5  67   6  91   7  54   8  80   9  19  10  87  11  83  12  32  13  85  14  21  15  20  16  34  17  33  18  62  19  32 
  0  82   1  39   2  41   3  21   4  27   5  69   6  93   7  55   8  82   9  22  10  86  11  84  12  32  13  86  14  23  15  22  16  36  17  33  18  61  19  31 
  0  82   1  39   2  40   3  19   4  25   5  72   6  90   7  62   8  80   9  22  10  91  11  88  12  32  13  88  14  21  15  27  16  36  17  36  18  65  19  35 
  0  82   1  38   2  42   3  19   4  27   5  70   6  94   7  58   8  81   9  20  10  91  11  87  12  32  13  87  14  23  15  23  16  34  17  37  18  64  19  36 
  0  87   1  40   2  42   3  21   4  25   5  73   6  92   7  63   8  82   9  25  10  91  11  90  12  34  13  93  14  23  15  27  16  38  17  34  18  65  19  37 
  0  78   1  37   2  40   3  19   4  26   5  67   6  90   7  55   8  80   9  21  10  85  11  85  12  32  13  86  14  21  15  20  16  34  17  33  18  63  19  30 
  0  79   1  40   2  41   3  19   4  27   5  68   6  90   7  54   8  82   9  20  10  87  11  84  12  32  13  85  14  23  15  22  16  36  17  33  18  61  19  31 
  0  82   1  39   2  41   3  21   4  26   5  69   6  93   7  59   8  80   9  22  10  91  11  85  12  32  13  89  14  22  15  24  16  37  17  37  18  64  19  34 
  0  80   1  40   2  42   3  19   4  25   5  67   6  91   7  54   8  82   9  20  10  85  11  83  12  32  13  87  14  21  15  22  16  35  17  33  18  62  19  31 
  0  81   1  38   2  42   3  19   4  25   5  69   6  93   7  55   8  80   9  19  10  85  11  83  12  32  13  85  14  22  15  20  16  34  17  34  18  64  19  33 
  0  88   1  40   2  40   3  21   4  27   5  73   6  94   7  62   8  82   9  27  10  95  11  91  12  33  13  90  14  21  15  30  16  38  17  35  18  65  19  40 
  0  83   1  41   2  41   3  20   4  27   5  70   6  91   7  59   8  80   9  24  10  91  11  90  12  32  13  89  14  22  15  26  16  37  17  35  18  64  19  35 
  0  83   1  42   2  40   3  21   4  25   5  69   6  94   7  58   8  80   9  23  10  89  11  86  12  34  13  88  14  21  15  27  16  35  17  36  18  65  19  35 
  0  82   1  39   2  42   3  19   4  27   5  72   6  93   7  59   8  80   9  25  10  88  11  90  12  33  13  90  14  21  15  23  16  37  17  35  18  65  19  36 
  0  82   1  38   2  40   3  21   4  27   5  68   6  91   7  56   8  82   9  20  10  90  11  87  12  32  13  86  14  23  15  22  16  37  17  35  18  62  19  32 
  0  83   1  39   2  42   3  19   4  25   5  68   6  93   7  61   8  82   9  22  10  92  11  86  12  34  13  91  14  21  15  26  16  36  17  35  18  65  19  36 


