
 20  20

  0  88   1  90   2  15   3  55   4  92   5  27   6  12   7  88   8  23   9  74  10  49  11  94  12  33  13  25  14  58  15  64  16   8  17  54  18  53  19  14 
  0  82   1  86   2  12   3  51   4  89   5  24   6   7   7  88   8  21   9  72  10  44  11  87  12  26  13  22  14  58  15  56  16   9  17  51  18  52  19  12 
  0  81   1  89   2  11   3  50   4  91   5  22   6  10   7  86   8  22   9  75  10  42  11  85  12  29  13  21  14  56  15  57  16   9  17  53  18  52  19  12 
  0  80   1  88   2  14   3  51   4  90   5  22   6  10   7  86   8  21   9  74  10  40  11  84  12  25  13  20  14  56  15  57  16  10  17  48  18  49  19  13 
  0  81   1  86   2  13   3  48   4  88   5  22   6   7   7  87   8  22   9  72  10  40  11  84  12  24  13  19  14  57  15  59  16   8  17  49  18  50  19  13 
  0  84   1  88   2  11   3  49   4  89   5  23   6  10   7  86   8  21   9  74  10  44  11  84  12  26  13  19  14  58  15  58  16   8  17  52  18  49  19  13 
  0  83   1  88   2  11   3  51   4  90   5  24   6  11   7  88   8  23   9  74  10  43  11  86  12  27  13  19  14  57  15  60  16   8  17  48  18  49  19  13 
  0  81   1  86   2  13   3  51   4  90   5  22   6   7   7  86   8  21   9  72  10  40  11  87  12  24  13  20  14  57  15  58  16   8  17  50  18  50  19  13 
  0  89   1  87   2  15   3  54   4  91   5  24   6  13   7  88   8  23   9  76  10  50  11  94  12  33  13  22  14  58  15  63  16  10  17  54  18  53  19  14 
  0  80   1  86   2  12   3  49   4  88   5  21   6   7   7  88   8  23   9  74  10  43  11  84  12  24  13  19  14  58  15  57  16   9  17  49  18  51  19  12 
  0  87   1  90   2  14   3  51   4  92   5  27   6  10   7  88   8  23   9  74  10  47  11  94  12  33  13  22  14  58  15  63  16  10  17  56  18  53  19  13 
  0  83   1  87   2  12   3  52   4  90   5  24   6   8   7  86   8  23   9  72  10  44  11  88  12  26  13  23  14  58  15  58  16  10  17  51  18  53  19  14 
  0  85   1  86   2  13   3  52   4  88   5  25   6   8   7  88   8  21   9  75  10  46  11  87  12  27  13  23  14  56  15  58  16   8  17  52  18  49  19  14 
  0  81   1  88   2  11   3  50   4  88   5  21   6   7   7  86   8  22   9  73  10  41  11  87  12  24  13  19  14  56  15  56  16  10  17  48  18  49  19  12 
  0  84   1  89   2  14   3  50   4  92   5  26   6  12   7  88   8  23   9  76  10  45  11  89  12  29  13  21  14  56  15  60  16   8  17  54  18  51  19  12 
  0  83   1  89   2  14   3  52   4  92   5  22   6   8   7  86   8  23   9  75  10  44  11  88  12  30  13  22  14  57  15  60  16  10  17  53  18  49  19  12 
  0  84   1  88   2  13   3  50   4  88   5  23   6  11   7  88   8  21   9  73  10  48  11  89  12  29  13  20  14  57  15  58  16   8  17  53  18  53  19  12 
  0  81   1  89   2  13   3  47   4  91   5  22   6   7   7  87   8  23   9  74  10  40  11  86  12  26  13  20  14  57  15  56  16   8  17  48  18  49  19  14 
  0  90   1  90   2  14   3  54   4  90   5  26   6  13   7  87   8  23   9  76  10  50  11  90  12  34  13  25  14  56  15  61  16  10  17  54  18  53  19  14 
  0  84   1  88   2  11   3  49   4  88   5  21   6  10   7  86   8  21   9  72  10  40  11  87  12  26  13  20  14  56  15  58  16  10  17  48  18  49  19  12 


