
 20  20

  0  54   1  23   2  31   3  84   4  96   5  66   6  21   7  79   8  83   9  70  10  27  11  65  12  94  13  26  14  80  15   9  16  37  17  40  18  63  19  71 
  0  59   1  26   2  35   3  88   4  97   5  66   6  28   7  84   8  85   9  75  10  29  11  69  12  98  13  31  14  82  15  11  16  44  17  43  18  70  19  77 
  0  53   1  20   2  32   3  83   4  97   5  64   6  20   7  79   8  80   9  72  10  27  11  66  12  94  13  22  14  82  15   9  16  38  17  41  18  65  19  73 
  0  50   1  19   2  33   3  83   4  93   5  66   6  23   7  78   8  79   9  69  10  28  11  64  12  94  13  24  14  80  15   9  16  37  17  38  18  64  19  71 
  0  56   1  26   2  33   3  85   4  96   5  65   6  27   7  84   8  85   9  72  10  27  11  70  12  94  13  29  14  82  15  11  16  40  17  44  18  69  19  75 
  0  55   1  22   2  31   3  86   4  97   5  64   6  24   7  82   8  84   9  73  10  28  11  66  12  98  13  29  14  82  15   9  16  42  17  42  18  68  19  74 
  0  56   1  23   2  33   3  84   4  97   5  66   6  26   7  83   8  81   9  74  10  26  11  67  12  94  13  26  14  82  15  10  16  41  17  42  18  68  19  77 
  0  56   1  23   2  35   3  86   4  99   5  66   6  25   7  81   8  83   9  75  10  28  11  70  12  95  13  27  14  81  15  11  16  41  17  44  18  69  19  77 
  0  49   1  19   2  33   3  82   4  95   5  66   6  22   7  78   8  80   9  69  10  25  11  64  12  94  13  22  14  80  15  10  16  38  17  38  18  63  19  73 
  0  56   1  24   2  33   3  88   4  99   5  66   6  27   7  82   8  84   9  75  10  29  11  70  12  95  13  27  14  82  15  11  16  40  17  42  18  67  19  75 
  0  51   1  22   2  32   3  82   4  95   5  64   6  24   7  78   8  81   9  69  10  25  11  66  12  94  13  24  14  80  15   9  16  40  17  41  18  64  19  75 
  0  58   1  23   2  32   3  88   4  99   5  65   6  23   7  81   8  81   9  74  10  29  11  69  12  95  13  30  14  82  15  11  16  39  17  40  18  69  19  77 
  0  49   1  21   2  31   3  82   4  93   5  64   6  21   7  78   8  79   9  69  10  25  11  66  12  94  13  22  14  80  15  10  16  36  17  40  18  63  19  73 
  0  59   1  27   2  35   3  86   4  99   5  66   6  26   7  84   8  85   9  73  10  29  11  69  12  98  13  31  14  82  15  11  16  42  17  44  18  70  19  77 
  0  54   1  23   2  34   3  83   4  94   5  64   6  22   7  80   8  83   9  71  10  27  11  65  12  94  13  24  14  80  15   9  16  39  17  41  18  65  19  72 
  0  56   1  24   2  34   3  88   4  97   5  64   6  24   7  81   8  85   9  72  10  29  11  70  12  98  13  31  14  80  15  11  16  42  17  42  18  71  19  79 
  0  53   1  25   2  32   3  85   4  99   5  66   6  27   7  83   8  82   9  74  10  25  11  69  12  94  13  27  14  81  15   9  16  40  17  42  18  67  19  78 
  0  57   1  27   2  34   3  87   4  99   5  66   6  28   7  84   8  85   9  75  10  29  11  70  12  98  13  29  14  82  15  11  16  44  17  44  18  71  19  79 
  0  55   1  23   2  35   3  87   4  95   5  65   6  23   7  84   8  82   9  72  10  26  11  66  12  97  13  29  14  82  15   9  16  39  17  43  18  70  19  76 
  0  49   1  22   2  31   3  84   4  93   5  64   6  20   7  80   8  80   9  69  10  25  11  66  12  94  13  21  14  81  15  10  16  36  17  38  18  65  19  71 


