
 20  20

  0  67   1  26   2  74   3   3   4  86   5  88   6  11   7  38   8  12   9  20  10  27  11  40  12  17  13  12  14  68  15  28  16  86  17  36  18  10  19  34 
  0  71   1  26   2  76   3   8   4  85   5  88   6  10   7  39   8  17   9  23  10  28  11  41  12  21  13  13  14  67  15  28  16  84  17  38  18   9  19  31 
  0  70   1  28   2  75   3   8   4  86   5  88   6   8   7  39   8  15   9  20  10  29  11  39  12  22  13  14  14  70  15  28  16  85  17  38  18   9  19  33 
  0  73   1  32   2  78   3  10   4  92   5  91   6  13   7  45   8  18   9  25  10  29  11  40  12  25  13  15  14  72  15  32  16  89  17  36  18  13  19  38 
  0  70   1  29   2  76   3   5   4  89   5  88   6   9   7  41   8  17   9  22  10  27  11  41  12  18  13  11  14  67  15  28  16  84  17  36  18  13  19  35 
  0  69   1  29   2  74   3   5   4  84   5  91   6  10   7  38   8  16   9  21  10  27  11  39  12  20  13  14  14  68  15  28  16  83  17  38  18  10  19  31 
  0  75   1  33   2  75   3  10   4  92   5  91   6  14   7  44   8  19   9  25  10  29  11  41  12  26  13  15  14  71  15  32  16  89  17  38  18  15  19  36 
  0  73   1  29   2  78   3   6   4  87   5  92   6   9   7  41   8  17   9  21  10  29  11  41  12  23  13  15  14  70  15  30  16  88  17  38  18  11  19  36 
  0  73   1  29   2  76   3  10   4  89   5  90   6  13   7  41   8  16   9  22  10  29  11  40  12  24  13  11  14  70  15  31  16  84  17  36  18  11  19  37 
  0  71   1  30   2  74   3   8   4  88   5  90   6  10   7  38   8  15   9  22  10  27  11  39  12  22  13  12  14  66  15  28  16  87  17  38  18  11  19  34 
  0  73   1  34   2  78   3  11   4  90   5  91   6  11   7  43   8  20   9  22  10  29  11  41  12  24  13  12  14  72  15  32  16  86  17  36  18  13  19  36 
  0  76   1  34   2  76   3  11   4  91   5  92   6  12   7  46   8  22   9  25  10  28  11  40  12  25  13  14  14  73  15  30  16  89  17  38  18  13  19  39 
  0  71   1  33   2  77   3   9   4  88   5  89   6  14   7  41   8  16   9  23  10  27  11  39  12  25  13  15  14  72  15  32  16  88  17  36  18  15  19  38 
  0  73   1  31   2  77   3  13   4  90   5  91   6  11   7  46   8  19   9  25  10  29  11  41  12  27  13  13  14  70  15  32  16  89  17  38  18  15  19  35 
  0  77   1  33   2  78   3  13   4  92   5  92   6  14   7  43   8  19   9  25  10  29  11  41  12  26  13  15  14  71  15  30  16  88  17  37  18  13  19  37 
  0  74   1  34   2  76   3  10   4  92   5  92   6  12   7  43   8  22   9  23  10  29  11  39  12  25  13  13  14  73  15  31  16  88  17  36  18  13  19  36 
  0  71   1  30   2  76   3   6   4  87   5  90   6   9   7  40   8  13   9  19  10  29  11  39  12  20  13  11  14  65  15  30  16  86  17  36  18  12  19  32 
  0  70   1  26   2  74   3   6   4  84   5  88   6   9   7  37   8  13   9  19  10  27  11  39  12  20  13  11  14  65  15  28  16  83  17  36  18   9  19  31 
  0  77   1  34   2  75   3  13   4  89   5  92   6  11   7  43   8  20   9  25  10  29  11  40  12  24  13  14  14  71  15  31  16  88  17  37  18  15  19  37 
  0  69   1  30   2  75   3   5   4  85   5  90   6   8   7  42   8  18   9  20  10  28  11  40  12  21  13  15  14  67  15  28  16  87  17  38  18  12  19  34 


