
 20  20

  0  84   1  68   2  40   3   8   4  76   5  65   6  43   7  15   8  59   9  59  10  83  11  28  12  62  13  88  14  69  15  21  16  68  17  76  18  38  19  67 
  0  79   1  66   2  42   3   6   4  75   5  67   6  43   7  13   8  59   9  59  10  85  11  28  12  64  13  86  14  67  15  21  16  71  17  76  18  38  19  66 
  0  80   1  63   2  43   3   6   4  73   5  67   6  43   7  13   8  59   9  58  10  80  11  24  12  64  13  85  14  65  15  19  16  71  17  74  18  38  19  68 
  0  80   1  63   2  43   3   7   4  77   5  65   6  41   7  15   8  59   9  56  10  80  11  27  12  60  13  82  14  62  15  19  16  68  17  75  18  36  19  65 
  0  82   1  63   2  40   3   6   4  75   5  64   6  41   7  14   8  61   9  59  10  85  11  27  12  64  13  85  14  65  15  18  16  71  17  73  18  38  19  68 
  0  80   1  66   2  42   3   8   4  75   5  66   6  41   7  15   8  58   9  56  10  81  11  23  12  61  13  83  14  66  15  18  16  67  17  72  18  38  19  65 
  0  81   1  64   2  43   3   6   4  77   5  67   6  43   7  15   8  61   9  59  10  85  11  27  12  64  13  84  14  66  15  19  16  68  17  76  18  37  19  69 
  0  79   1  64   2  41   3   6   4  73   5  65   6  41   7  14   8  59   9  55  10  80  11  22  12  61  13  84  14  63  15  17  16  70  17  72  18  34  19  63 
  0  80   1  65   2  41   3   6   4  74   5  66   6  43   7  13   8  59   9  57  10  84  11  23  12  64  13  85  14  65  15  19  16  70  17  74  18  35  19  64 
  0  84   1  65   2  43   3   8   4  78   5  68   6  43   7  15   8  61   9  57  10  84  11  29  12  64  13  87  14  69  15  21  16  70  17  76  18  38  19  67 
  0  84   1  67   2  43   3   8   4  77   5  68   6  41   7  13   8  61   9  59  10  87  11  28  12  64  13  87  14  68  15  19  16  71  17  76  18  38  19  70 
  0  78   1  63   2  40   3   8   4  74   5  65   6  41   7  15   8  58   9  55  10  80  11  21  12  60  13  80  14  59  15  20  16  68  17  75  18  34  19  62 
  0  76   1  64   2  42   3   7   4  73   5  65   6  43   7  15   8  57   9  57  10  79  11  23  12  60  13  84  14  62  15  20  16  68  17  73  18  35  19  65 
  0  79   1  66   2  39   3   8   4  77   5  64   6  41   7  13   8  57   9  58  10  81  11  24  12  61  13  87  14  66  15  20  16  70  17  75  18  34  19  69 
  0  78   1  62   2  39   3   6   4  72   5  62   6  41   7  14   8  60   9  58  10  78  11  21  12  63  13  83  14  59  15  17  16  69  17  72  18  34  19  62 
  0  81   1  67   2  43   3   7   4  77   5  64   6  43   7  15   8  61   9  59  10  85  11  27  12  64  13  88  14  65  15  21  16  69  17  75  18  37  19  67 
  0  81   1  65   2  40   3   6   4  74   5  67   6  41   7  14   8  58   9  59  10  83  11  27  12  61  13  85  14  64  15  20  16  70  17  72  18  35  19  65 
  0  77   1  63   2  39   3   7   4  74   5  62   6  43   7  14   8  57   9  58  10  80  11  23  12  60  13  83  14  60  15  17  16  68  17  72  18  34  19  63 
  0  75   1  63   2  40   3   6   4  74   5  65   6  43   7  13   8  60   9  56  10  77  11  24  12  62  13  80  14  59  15  20  16  68  17  72  18  37  19  62 
  0  80   1  67   2  40   3   6   4  76   5  64   6  41   7  13   8  60   9  59  10  82  11  27  12  64  13  87  14  63  15  20  16  71  17  76  18  38  19  67 


