
 20  20

  0  72   1  29   2  47   3  39   4  52   5  10   6  91   7  77   8  55   9  13  10  32  11  41  12  34  13  61  14  94  15  52  16  56  17  93  18  40  19  80 
  0  65   1  19   2  41   3  31   4  51   5   5   6  85   7  72   8  47   9   7  10  30  11  41  12  33  13  57  14  87  15  46  16  47  17  89  18  35  19  79 
  0  75   1  29   2  47   3  38   4  52   5  10   6  89   7  78   8  51   9  13  10  32  11  40  12  34  13  60  14  91  15  50  16  53  17  90  18  39  19  79 
  0  68   1  24   2  41   3  33   4  53   5   5   6  88   7  74   8  46   9   9  10  30  11  41  12  34  13  58  14  89  15  49  16  49  17  92  18  36  19  77 
  0  70   1  24   2  42   3  35   4  51   5   6   6  88   7  72   8  47   9  11  10  32  11  41  12  34  13  60  14  89  15  48  16  52  17  91  18  39  19  77 
  0  67   1  22   2  44   3  37   4  53   5   7   6  88   7  77   8  51   9   8  10  30  11  39  12  32  13  61  14  91  15  50  16  51  17  89  18  37  19  78 
  0  70   1  22   2  44   3  32   4  53   5   8   6  85   7  74   8  47   9   7  10  31  11  40  12  32  13  57  14  91  15  48  16  51  17  89  18  36  19  80 
  0  72   1  29   2  44   3  41   4  52   5   7   6  90   7  77   8  55   9  13  10  31  11  40  12  34  13  61  14  93  15  49  16  54  17  93  18  41  19  81 
  0  66   1  21   2  45   3  35   4  53   5   6   6  87   7  72   8  50   9   9  10  32  11  39  12  32  13  60  14  89  15  47  16  49  17  92  18  37  19  80 
  0  68   1  22   2  44   3  32   4  51   5   6   6  84   7  75   8  45   9   7  10  30  11  40  12  34  13  57  14  87  15  46  16  48  17  90  18  35  19  77 
  0  70   1  22   2  42   3  35   4  52   5   6   6  89   7  77   8  50   9  11  10  30  11  41  12  32  13  60  14  90  15  50  16  54  17  93  18  40  19  77 
  0  74   1  26   2  47   3  38   4  52   5  10   6  92   7  80   8  55   9  13  10  32  11  40  12  33  13  61  14  93  15  52  16  55  17  92  18  41  19  81 
  0  74   1  27   2  46   3  38   4  53   5  10   6  93   7  77   8  54   9  10  10  30  11  40  12  32  13  63  14  94  15  52  16  55  17  93  18  40  19  79 
  0  72   1  28   2  47   3  40   4  51   5  10   6  91   7  80   8  55   9  10  10  32  11  41  12  34  13  62  14  94  15  52  16  56  17  93  18  39  19  78 
  0  68   1  22   2  45   3  36   4  51   5   6   6  85   7  73   8  51   9  11  10  32  11  40  12  32  13  60  14  89  15  48  16  49  17  92  18  35  19  80 
  0  69   1  23   2  41   3  32   4  53   5   8   6  84   7  76   8  49   9   9  10  32  11  40  12  32  13  59  14  87  15  47  16  52  17  89  18  35  19  77 
  0  65   1  19   2  41   3  31   4  51   5   4   6  83   7  74   8  45   9   7  10  32  11  40  12  32  13  57  14  88  15  46  16  47  17  89  18  35  19  77 
  0  73   1  25   2  46   3  40   4  52   5   7   6  91   7  75   8  52   9  13  10  32  11  39  12  34  13  62  14  93  15  49  16  55  17  92  18  37  19  78 
  0  72   1  28   2  47   3  37   4  53   5   9   6  93   7  80   8  52   9  11  10  32  11  41  12  34  13  60  14  95  15  49  16  54  17  93  18  40  19  79 
  0  65   1  19   2  43   3  31   4  51   5   5   6  86   7  75   8  45   9   7  10  30  11  39  12  33  13  59  14  87  15  47  16  50  17  89  18  35  19  77 


