
 20  20

  0  14   1   8   2  38   3  65   4  75   5  56   6  18   7  41   8  28   9  49  10  39  11  44  12  35  13  37  14  24  15   1  16  19  17  39  18  41  19  54 
  0  20   1  15   2  39   3  67   4  74   5  62   6  24   7  43   8  30   9  50  10  40  11  48  12  35  13  39  14  24  15   3  16  22  17  44  18  46  19  55 
  0  24   1  17   2  42   3  71   4  77   5  64   6  24   7  46   8  33   9  56  10  44  11  50  12  34  13  40  14  22  15   6  16  24  17  45  18  50  19  58 
  0  20   1  11   2  42   3  70   4  78   5  60   6  20   7  44   8  31   9  51  10  44  11  45  12  34  13  38  14  23  15   5  16  24  17  44  18  47  19  56 
  0  14   1   8   2  38   3  65   4  77   5  58   6  18   7  43   8  30   9  50  10  39  11  43  12  33  13  36  14  22  15   3  16  22  17  40  18  41  19  52 
  0  16   1  11   2  38   3  68   4  74   5  61   6  20   7  41   8  28   9  50  10  42  11  44  12  35  13  37  14  24  15   1  16  21  17  41  18  45  19  55 
  0  19   1  12   2  42   3  68   4  76   5  60   6  24   7  46   8  30   9  53  10  40  11  47  12  35  13  37  14  24  15   3  16  24  17  41  18  46  19  55 
  0  19   1  11   2  42   3  70   4  77   5  60   6  20   7  45   8  30   9  51  10  40  11  47  12  35  13  40  14  22  15   5  16  22  17  43  18  46  19  56 
  0  18   1  12   2  38   3  69   4  76   5  59   6  20   7  43   8  30   9  48  10  39  11  45  12  34  13  39  14  24  15   1  16  19  17  42  18  41  19  52 
  0  18   1  12   2  39   3  65   4  75   5  60   6  19   7  44   8  30   9  51  10  41  11  43  12  33  13  36  14  22  15   1  16  21  17  40  18  41  19  54 
  0  24   1  17   2  41   3  70   4  78   5  61   6  23   7  47   8  31   9  55  10  44  11  48  12  33  13  37  14  22  15   3  16  25  17  44  18  49  19  56 
  0  20   1  15   2  42   3  70   4  77   5  64   6  26   7  47   8  31   9  53  10  45  11  49  12  35  13  39  14  23  15   6  16  23  17  44  18  47  19  55 
  0  16   1   8   2  38   3  65   4  74   5  57   6  20   7  42   8  28   9  47  10  39  11  43  12  33  13  36  14  22  15   1  16  21  17  39  18  41  19  54 
  0  14   1   8   2  38   3  66   4  75   5  58   6  18   7  43   8  28   9  49  10  39  11  45  12  35  13  36  14  24  15   2  16  20  17  39  18  40  19  54 
  0  16   1  10   2  38   3  65   4  75   5  56   6  18   7  41   8  27   9  47  10  41  11  45  12  33  13  36  14  24  15   1  16  20  17  41  18  42  19  52 
  0  20   1  12   2  39   3  66   4  78   5  59   6  23   7  46   8  32   9  52  10  42  11  48  12  34  13  38  14  24  15   1  16  20  17  42  18  43  19  55 
  0  17   1  12   2  38   3  67   4  74   5  57   6  22   7  41   8  30   9  51  10  42  11  47  12  33  13  38  14  23  15   1  16  21  17  40  18  40  19  55 
  0  17   1  10   2  38   3  65   4  76   5  57   6  18   7  43   8  27   9  47  10  41  11  46  12  33  13  36  14  23  15   2  16  20  17  40  18  40  19  53 
  0  19   1  14   2  38   3  68   4  75   5  58   6  21   7  44   8  32   9  54  10  40  11  46  12  34  13  36  14  22  15   4  16  21  17  42  18  47  19  53 
  0  22   1  13   2  39   3  67   4  77   5  63   6  22   7  46   8  33   9  55  10  43  11  50  12  35  13  36  14  22  15   4  16  24  17  44  18  44  19  56 


