
 20  20

  0   7   1  74   2  87   3  74   4  37   5  43   6  87   7  43   8  34   9  71  10  51  11  51  12  79  13  61  14  86  15  81  16  32  17   9  18  38  19  66 
  0   6   1  70   2  85   3  70   4  34   5  42   6  85   7  40   8  31   9  71  10  49  11  49  12  79  13  56  14  81  15  81  16  31  17   7  18  37  19  67 
  0   9   1  75   2  91   3  74   4  37   5  44   6  85   7  45   8  32   9  72  10  50  11  51  12  78  13  63  14  86  15  81  16  33  17   9  18  36  19  68 
  0  10   1  72   2  87   3  72   4  37   5  45   6  85   7  43   8  32   9  69  10  51  11  50  12  79  13  61  14  86  15  81  16  35  17  10  18  39  19  65 
  0   9   1  74   2  90   3  73   4  38   5  45   6  87   7  43   8  33   9  72  10  51  11  51  12  77  13  62  14  83  15  79  16  34  17   9  18  37  19  69 
  0   6   1  69   2  85   3  74   4  38   5  44   6  87   7  42   8  32   9  70  10  46  11  49  12  79  13  56  14  83  15  79  16  32  17   6  18  35  19  64 
  0   2   1  67   2  83   3  70   4  33   5  38   6  85   7  35   8  27   9  66  10  46  11  49  12  78  13  57  14  82  15  79  16  31  17   6  18  36  19  62 
  0  11   1  73   2  89   3  74   4  38   5  46   6  87   7  44   8  34   9  72  10  53  11  51  12  77  13  63  14  87  15  79  16  34  17  12  18  39  19  67 
  0   2   1  71   2  85   3  72   4  33   5  39   6  85   7  38   8  25   9  68  10  47  11  50  12  78  13  55  14  80  15  81  16  31  17   5  18  37  19  61 
  0   8   1  72   2  87   3  73   4  39   5  44   6  87   7  44   8  33   9  72  10  51  11  51  12  77  13  63  14  83  15  81  16  34  17  11  18  38  19  66 
  0   4   1  73   2  88   3  73   4  36   5  44   6  85   7  39   8  30   9  68  10  49  11  50  12  79  13  59  14  82  15  79  16  31  17  10  18  36  19  66 
  0   7   1  74   2  90   3  73   4  39   5  43   6  85   7  43   8  33   9  72  10  51  11  51  12  79  13  62  14  86  15  81  16  33  17  11  18  38  19  66 
  0   4   1  68   2  83   3  71   4  33   5  39   6  85   7  36   8  29   9  70  10  45  11  51  12  79  13  54  14  80  15  79  16  29  17   5  18  38  19  63 
  0  10   1  73   2  88   3  74   4  37   5  46   6  87   7  40   8  30   9  71  10  50  11  49  12  79  13  58  14  84  15  81  16  35  17   9  18  38  19  68 
  0   5   1  68   2  81   3  73   4  33   5  39   6  85   7  35   8  27   9  66  10  43  11  49  12  77  13  53  14  82  15  79  16  29  17   5  18  36  19  63 
  0   4   1  71   2  83   3  72   4  33   5  42   6  86   7  36   8  26   9  68  10  44  11  50  12  77  13  55  14  81  15  81  16  31  17   7  18  36  19  62 
  0   7   1  73   2  87   3  74   4  36   5  43   6  87   7  42   8  31   9  67  10  49  11  51  12  79  13  60  14  85  15  79  16  33  17   7  18  35  19  66 
  0   6   1  69   2  86   3  73   4  33   5  39   6  87   7  36   8  26   9  69  10  45  11  50  12  77  13  54  14  79  15  79  16  29  17   7  18  38  19  62 
  0   6   1  71   2  87   3  70   4  34   5  39   6  87   7  39   8  31   9  67  10  48  11  49  12  79  13  57  14  82  15  81  16  31  17   7  18  37  19  63 
  0   2   1  67   2  81   3  71   4  35   5  41   6  86   7  36   8  29   9  66  10  47  11  50  12  77  13  54  14  81  15  79  16  32  17   6  18  38  19  63 


