
 20  20

  0  43   1  70   2  36   3  24   4  75   5   5   6  72   7  56   8  72   9  22  10  64  11  80  12  66  13  89  14  20  15  38  16  24  17  57  18  69  19  87 
  0  40   1  71   2  33   3  27   4  71   5   5   6  71   7  54   8  72   9  22  10  62  11  80  12  65  13  88  14  15  15  38  16  22  17  56  18  66  19  85 
  0  42   1  72   2  37   3  24   4  72   5   4   6  70   7  55   8  74   9  26  10  63  11  82  12  65  13  93  14  17  15  39  16  24  17  57  18  71  19  90 
  0  48   1  72   2  39   3  27   4  76   5  11   6  72   7  56   8  74   9  29  10  66  11  87  12  67  13  93  14  22  15  44  16  25  17  61  18  72  19  91 
  0  39   1  71   2  35   3  26   4  70   5   1   6  71   7  54   8  72   9  21  10  63  11  80  12  65  13  88  14  15  15  38  16  21  17  57  18  68  19  87 
  0  41   1  70   2  34   3  24   4  71   5   7   6  72   7  54   8  73   9  25  10  65  11  82  12  67  13  90  14  17  15  42  16  21  17  59  18  66  19  87 
  0  39   1  71   2  34   3  27   4  71   5   1   6  68   7  54   8  73   9  24  10  62  11  78  12  65  13  89  14  15  15  40  16  21  17  58  18  65  19  88 
  0  43   1  70   2  35   3  25   4  73   5   6   6  68   7  56   8  73   9  24  10  62  11  82  12  67  13  91  14  19  15  40  16  22  17  58  18  66  19  90 
  0  49   1  72   2  39   3  28   4  76   5  11   6  71   7  54   8  74   9  28  10  65  11  86  12  67  13  95  14  21  15  43  16  23  17  62  18  73  19  91 
  0  49   1  70   2  39   3  28   4  79   5  11   6  71   7  56   8  73   9  30  10  64  11  87  12  66  13  96  14  23  15  42  16  23  17  61  18  74  19  89 
  0  48   1  70   2  39   3  28   4  79   5  11   6  71   7  56   8  73   9  27  10  65  11  87  12  67  13  96  14  19  15  42  16  23  17  60  18  73  19  89 
  0  44   1  71   2  35   3  24   4  73   5   4   6  68   7  54   8  72   9  27  10  66  11  84  12  65  13  94  14  20  15  43  16  25  17  59  18  69  19  90 
  0  46   1  70   2  35   3  28   4  73   5   8   6  72   7  55   8  74   9  26  10  66  11  84  12  65  13  93  14  18  15  42  16  22  17  58  18  70  19  87 
  0  40   1  72   2  34   3  24   4  70   5   2   6  68   7  54   8  72   9  22  10  62  11  77  12  65  13  89  14  17  15  38  16  21  17  57  18  66  19  85 
  0  43   1  72   2  37   3  25   4  71   5   5   6  68   7  56   8  74   9  24  10  63  11  82  12  67  13  91  14  18  15  41  16  21  17  59  18  68  19  86 
  0  43   1  70   2  36   3  24   4  73   5   5   6  68   7  54   8  73   9  23  10  65  11  82  12  65  13  91  14  19  15  42  16  21  17  60  18  68  19  89 
  0  42   1  70   2  33   3  25   4  71   5   1   6  70   7  54   8  72   9  20  10  62  11  78  12  65  13  88  14  18  15  38  16  22  17  58  18  64  19  87 
  0  42   1  70   2  38   3  26   4  72   5   7   6  69   7  54   8  72   9  24  10  64  11  79  12  65  13  90  14  16  15  42  16  24  17  58  18  69  19  88 
  0  43   1  70   2  34   3  25   4  70   5   2   6  68   7  56   8  74   9  21  10  65  11  78  12  66  13  91  14  15  15  40  16  21  17  56  18  66  19  86 
  0  44   1  70   2  38   3  27   4  77   5   7   6  71   7  54   8  72   9  26  10  62  11  82  12  65  13  94  14  20  15  42  16  22  17  60  18  71  19  90 


