
 20  20

  0  79   1  38   2  60   3  17   4  84   5  14   6  36   7  35   8   1   9  49  10  25  11  25  12  14  13  44  14  47  15  44  16  54  17  29  18  59  19  27 
  0  73   1  35   2  60   3  13   4  80   5  11   6  33   7  32   8   1   9  50  10  20  11  26  12  10  13  42  14  45  15  38  16  55  17  30  18  59  19  27 
  0  80   1  39   2  61   3  17   4  86   5  15   6  41   7  39   8   7   9  52  10  30  11  28  12  15  13  46  14  53  15  48  16  53  17  33  18  62  19  29 
  0  80   1  38   2  62   3  16   4  83   5  11   6  35   7  37   8   2   9  53  10  26  11  25  12  13  13  45  14  47  15  45  16  54  17  29  18  59  19  27 
  0  80   1  39   2  62   3  15   4  86   5  15   6  41   7  41   8   3   9  53  10  27  11  28  12  14  13  45  14  52  15  45  16  55  17  33  18  62  19  31 
  0  78   1  39   2  60   3  19   4  86   5  14   6  40   7  38   8   7   9  52  10  27  11  27  12  12  13  45  14  52  15  46  16  55  17  31  18  61  19  28 
  0  82   1  39   2  61   3  19   4  85   5  15   6  41   7  41   8   7   9  53  10  30  11  27  12  15  13  47  14  50  15  44  16  54  17  33  18  63  19  31 
  0  74   1  35   2  60   3  13   4  81   5  12   6  32   7  34   8   1   9  49  10  21  11  24  12  12  13  41  14  47  15  41  16  53  17  31  18  60  19  27 
  0  77   1  39   2  60   3  16   4  87   5  13   6  37   7  36   8   3   9  52  10  25  11  24  12  12  13  44  14  50  15  43  16  55  17  31  18  61  19  30 
  0  83   1  38   2  62   3  17   4  86   5  13   6  42   7  40   8   8   9  53  10  30  11  28  12  16  13  48  14  54  15  48  16  55  17  33  18  63  19  31 
  0  74   1  37   2  60   3  14   4  82   5  12   6  32   7  33   8   1   9  50  10  22  11  24  12  11  13  43  14  48  15  38  16  55  17  29  18  59  19  30 
  0  74   1  35   2  61   3  13   4  83   5  13   6  34   7  32   8   1   9  49  10  20  11  24  12  10  13  41  14  44  15  39  16  53  17  31  18  59  19  29 
  0  79   1  39   2  61   3  17   4  83   5  13   6  37   7  35   8   5   9  53  10  23  11  26  12  13  13  43  14  48  15  41  16  55  17  29  18  63  19  30 
  0  82   1  38   2  60   3  19   4  87   5  14   6  42   7  40   8   6   9  52  10  28  11  25  12  14  13  48  14  50  15  47  16  53  17  30  18  62  19  31 
  0  80   1  39   2  60   3  16   4  84   5  15   6  40   7  41   8   6   9  53  10  25  11  27  12  13  13  46  14  53  15  45  16  53  17  33  18  63  19  29 
  0  83   1  36   2  60   3  16   4  85   5  12   6  41   7  42   8   6   9  53  10  30  11  26  12  16  13  48  14  52  15  48  16  55  17  30  18  63  19  31 
  0  76   1  35   2  62   3  15   4  81   5  13   6  33   7  32   8   2   9  49  10  20  11  24  12  10  13  41  14  47  15  41  16  54  17  29  18  60  19  29 
  0  83   1  38   2  62   3  18   4  87   5  15   6  40   7  39   8   8   9  52  10  29  11  28  12  16  13  45  14  54  15  46  16  55  17  32  18  63  19  31 
  0  74   1  36   2  60   3  16   4  82   5  14   6  36   7  33   8   1   9  49  10  23  11  24  12  11  13  41  14  48  15  42  16  53  17  31  18  59  19  28 
  0  77   1  38   2  61   3  15   4  85   5  15   6  37   7  35   8   2   9  53  10  26  11  24  12  13  13  45  14  50  15  44  16  53  17  32  18  62  19  28 


