
 20  20

  0  34   1  87   2  50   3  93   4  38   5  78   6  83   7  14   8  62   9  30  10  59  11  31  12  18  13  55  14  79  15  22  16  89  17  11  18  85  19  34 
  0  37   1  92   2  55   3  97   4  42   5  78   6  87   7  12   8  66   9  32  10  62  11  36  12  19  13  57  14  83  15  22  16  91  17  16  18  87  19  39 
  0  38   1  92   2  56   3  95   4  42   5  78   6  85   7  14   8  65   9  32  10  63  11  36  12  19  13  57  14  83  15  22  16  89  17  14  18  87  19  39 
  0  32   1  86   2  50   3  90   4  36   5  75   6  79   7  11   8  64   9  30  10  58  11  31  12  13  13  56  14  80  15  18  16  89  17  11  18  82  19  34 
  0  32   1  88   2  53   3  94   4  36   5  74   6  83   7  12   8  64   9  27  10  58  11  32  12  13  13  57  14  82  15  22  16  87  17  14  18  82  19  34 
  0  29   1  87   2  46   3  91   4  35   5  74   6  77   7  11   8  64   9  28  10  58  11  28  12  12  13  53  14  80  15  18  16  85  17  11  18  77  19  32 
  0  30   1  86   2  47   3  92   4  39   5  76   6  78   7  13   8  65   9  27  10  57  11  30  12  13  13  54  14  81  15  21  16  86  17  10  18  82  19  36 
  0  33   1  88   2  55   3  95   4  42   5  77   6  84   7  14   8  65   9  28  10  60  11  35  12  18  13  55  14  81  15  22  16  90  17  14  18  82  19  36 
  0  36   1  91   2  52   3  94   4  38   5  79   6  84   7  14   8  66   9  27  10  59  11  34  12  16  13  53  14  81  15  22  16  86  17  12  18  84  19  35 
  0  32   1  88   2  47   3  92   4  38   5  75   6  80   7  12   8  63   9  29  10  60  11  29  12  14  13  53  14  81  15  18  16  86  17  11  18  82  19  35 
  0  30   1  84   2  46   3  89   4  34   5  74   6  77   7  12   8  62   9  26  10  57  11  28  12  11  13  53  14  79  15  19  16  86  17  10  18  77  19  33 
  0  30   1  87   2  49   3  91   4  34   5  72   6  77   7  11   8  64   9  26  10  60  11  31  12  13  13  53  14  80  15  19  16  86  17  10  18  80  19  31 
  0  37   1  90   2  54   3  97   4  40   5  77   6  86   7  13   8  65   9  30  10  60  11  33  12  18  13  55  14  81  15  21  16  91  17  14  18  86  19  38 
  0  32   1  91   2  51   3  93   4  37   5  78   6  84   7  14   8  66   9  28  10  59  11  34  12  18  13  56  14  83  15  20  16  87  17  12  18  81  19  37 
  0  38   1  88   2  53   3  95   4  42   5  80   6  85   7  14   8  63   9  30  10  62  11  35  12  18  13  57  14  83  15  21  16  91  17  16  18  85  19  38 
  0  32   1  86   2  49   3  91   4  38   5  75   6  83   7  10   8  63   9  30  10  58  11  33  12  15  13  56  14  79  15  22  16  88  17  12  18  80  19  34 
  0  28   1  84   2  46   3  89   4  34   5  74   6  78   7  10   8  64   9  27  10  58  11  28  12  13  13  53  14  80  15  20  16  85  17  10  18  80  19  31 
  0  32   1  87   2  50   3  92   4  35   5  73   6  82   7  12   8  65   9  28  10  58  11  30  12  14  13  54  14  81  15  21  16  88  17  10  18  82  19  32 
  0  33   1  88   2  55   3  93   4  38   5  79   6  86   7  14   8  66   9  31  10  63  11  33  12  19  13  54  14  83  15  19  16  91  17  12  18  84  19  35 
  0  35   1  90   2  53   3  95   4  38   5  78   6  83   7  12   8  63   9  29  10  59  11  31  12  17  13  53  14  80  15  22  16  88  17  12  18  80  19  37 


