
 20  20

  0  47   1  97   2  20   3  21   4  67   5  60   6  77   7  30   8  41   9  36  10  36  11  81  12  32  13  44  14  37  15  20  16  40  17  15  18  47  19  38 
  0  47   1  99   2  17   3  21   4  70   5  60   6  76   7  33   8  42   9  34  10  36  11  84  12  29  13  42  14  35  15  19  16  41  17  13  18  48  19  39 
  0  42   1  97   2  12   3  12   4  64   5  58   6  74   7  30   8  40   9  26  10  31  11  78  12  23  13  38  14  30  15  15  16  37  17   9  18  41  19  33 
  0  51   1  99   2  18   3  21   4  71   5  58   6  80   7  33   8  43   9  36  10  35  11  84  12  32  13  45  14  38  15  18  16  41  17  13  18  49  19  39 
  0  41   1  96   2  16   3  16   4  65   5  58   6  72   7  32   8  37   9  28  10  32  11  80  12  23  13  38  14  33  15  14  16  37  17  10  18  40  19  33 
  0  45   1  97   2  14   3  17   4  62   5  58   6  73   7  29   8  41   9  29  10  32  11  79  12  23  13  39  14  32  15  13  16  38  17  11  18  43  19  33 
  0  44   1  98   2  12   3  13   4  61   5  58   6  73   7  29   8  39   9  29  10  33  11  78  12  24  13  41  14  31  15  15  16  39  17  12  18  42  19  34 
  0  49   1  96   2  18   3  18   4  66   5  58   6  76   7  32   8  41   9  30  10  33  11  82  12  27  13  44  14  35  15  18  16  42  17  13  18  46  19  37 
  0  51   1  99   2  19   3  20   4  70   5  58   6  77   7  30   8  41   9  32  10  36  11  84  12  29  13  46  14  36  15  20  16  42  17  14  18  46  19  41 
  0  41   1  96   2  14   3  14   4  62   5  58   6  72   7  31   8  37   9  28  10  31  11  79  12  22  13  38  14  32  15  12  16  36  17  10  18  39  19  32 
  0  48   1  96   2  14   3  19   4  67   5  60   6  76   7  31   8  41   9  31  10  35  11  79  12  29  13  42  14  36  15  14  16  37  17  12  18  42  19  34 
  0  47   1  96   2  14   3  16   4  65   5  58   6  77   7  33   8  39   9  32  10  33  11  82  12  29  13  42  14  34  15  14  16  41  17  12  18  44  19  34 
  0  43   1  97   2  16   3  16   4  64   5  60   6  73   7  29   8  37   9  29  10  30  11  81  12  28  13  39  14  32  15  14  16  39  17  11  18  41  19  33 
  0  50   1  98   2  20   3  22   4  71   5  60   6  79   7  33   8  43   9  36  10  36  11  82  12  29  13  46  14  36  15  17  16  42  17  13  18  46  19  40 
  0  51   1  99   2  19   3  21   4  70   5  60   6  80   7  33   8  40   9  35  10  34  11  82  12  30  13  46  14  38  15  17  16  41  17  15  18  49  19  41 
  0  43   1  99   2  13   3  15   4  65   5  60   6  74   7  29   8  40   9  30  10  33  11  78  12  24  13  40  14  33  15  15  16  38  17  10  18  40  19  33 
  0  47   1  96   2  16   3  14   4  66   5  58   6  77   7  31   8  39   9  32  10  34  11  78  12  26  13  41  14  33  15  13  16  39  17  11  18  45  19  34 
  0  46   1  99   2  17   3  20   4  68   5  58   6  80   7  33   8  41   9  31  10  35  11  84  12  27  13  45  14  36  15  19  16  39  17  11  18  45  19  37 
  0  43   1  97   2  12   3  12   4  63   5  58   6  72   7  30   8  37   9  26  10  31  11  80  12  22  13  41  14  31  15  14  16  36  17  11  18  39  19  31 
  0  47   1  99   2  18   3  20   4  69   5  60   6  77   7  32   8  39   9  33  10  35  11  84  12  28  13  41  14  37  15  17  16  42  17  15  18  44  19  36 


