
 20  20

  0  17   1  39   2  42   3  56   4  35   5  57   6  60   7  88   8   7   9  84  10  34  11  73  12  64  13  31  14  67  15  85  16  57  17  80  18  18  19  88 
  0  21   1  37   2  43   3  59   4  36   5  59   6  62   7  88   8  10   9  88  10  38  11  76  12  65  13  36  14  69  15  91  16  57  17  84  18  22  19  88 
  0  19   1  39   2  44   3  57   4  37   5  59   6  62   7  89   8  11   9  87  10  37  11  76  12  66  13  36  14  71  15  91  16  57  17  85  18  23  19  86 
  0  18   1  39   2  41   3  59   4  36   5  57   6  60   7  89   8  10   9  87  10  36  11  75  12  65  13  32  14  68  15  88  16  58  17  83  18  17  19  88 
  0  18   1  37   2  44   3  59   4  36   5  56   6  62   7  89   8   9   9  89  10  38  11  76  12  66  13  33  14  68  15  90  16  56  17  84  18  19  19  85 
  0  15   1  39   2  41   3  56   4  37   5  54   6  60   7  86   8  10   9  86  10  37  11  71  12  64  13  35  14  65  15  88  16  57  17  83  18  19  19  87 
  0  19   1  37   2  43   3  57   4  37   5  54   6  61   7  85   8  11   9  86  10  35  11  75  12  63  13  33  14  67  15  87  16  56  17  84  18  19  19  88 
  0  16   1  37   2  38   3  54   4  36   5  56   6  60   7  87   8   8   9  84  10  32  11  70  12  64  13  33  14  63  15  86  16  53  17  83  18  15  19  87 
  0  11   1  37   2  38   3  53   4  37   5  52   6  56   7  85   8   4   9  83  10  34  11  70  12  61  13  32  14  61  15  81  16  54  17  80  18  13  19  85 
  0  14   1  39   2  38   3  55   4  35   5  54   6  56   7  83   8   4   9  86  10  34  11  70  12  60  13  33  14  63  15  84  16  55  17  81  18  15  19  84 
  0  18   1  38   2  43   3  57   4  37   5  55   6  58   7  88   8   7   9  87  10  37  11  73  12  65  13  32  14  67  15  87  16  56  17  82  18  16  19  87 
  0  16   1  38   2  42   3  56   4  37   5  53   6  59   7  84   8   9   9  88  10  36  11  73  12  63  13  35  14  68  15  85  16  53  17  82  18  19  19  87 
  0  12   1  37   2  38   3  56   4  35   5  51   6  56   7  83   8   4   9  85  10  34  11  70  12  60  13  31  14  65  15  85  16  55  17  81  18  16  19  84 
  0  17   1  38   2  42   3  54   4  35   5  54   6  60   7  87   8   7   9  86  10  34  11  75  12  61  13  34  14  68  15  85  16  53  17  83  18  18  19  88 
  0  15   1  37   2  38   3  56   4  37   5  54   6  59   7  86   8   9   9  84  10  33  11  72  12  60  13  34  14  67  15  87  16  53  17  79  18  19  19  86 
  0  14   1  38   2  42   3  54   4  36   5  53   6  60   7  88   8   7   9  84  10  37  11  74  12  62  13  32  14  67  15  86  16  57  17  84  18  16  19  87 
  0  15   1  39   2  38   3  53   4  35   5  51   6  57   7  84   8   8   9  83  10  32  11  71  12  63  13  30  14  64  15  82  16  52  17  82  18  15  19  86 
  0  17   1  37   2  42   3  59   4  37   5  59   6  61   7  87   8   9   9  87  10  37  11  75  12  64  13  35  14  71  15  91  16  57  17  84  18  19  19  87 
  0  17   1  38   2  38   3  53   4  37   5  54   6  60   7  83   8   9   9  87  10  33  11  71  12  60  13  31  14  65  15  85  16  56  17  83  18  17  19  84 
  0  19   1  39   2  42   3  55   4  37   5  58   6  63   7  85   8  10   9  87  10  38  11  75  12  64  13  32  14  67  15  87  16  54  17  81  18  19  19  86 


