
 20  20

  0  63   1  30   2  17   3   4   4   5   5  77   6  52   7  78   8  69   9  15  10  21  11  52  12  88  13  58  14  63  15  25  16   8  17  36  18  28  19  69 
  0  61   1  29   2  18   3   5   4   1   5  79   6  48   7  78   8  65   9  14  10  22  11  54  12  85  13  55  14  63  15  23  16   7  17  35  18  25  19  69 
  0  64   1  32   2  18   3   6   4   3   5  80   6  53   7  76   8  68   9  14  10  22  11  57  12  87  13  58  14  61  15  27  16   6  17  37  18  30  19  68 
  0  63   1  32   2  19   3   6   4   5   5  78   6  53   7  79   8  69   9  13  10  23  11  55  12  91  13  59  14  62  15  26  16   7  17  37  18  27  19  71 
  0  66   1  30   2  19   3   6   4   5   5  79   6  55   7  79   8  68   9  14  10  23  11  57  12  91  13  58  14  61  15  28  16   7  17  40  18  28  19  70 
  0  56   1  30   2  17   3   4   4   2   5  77   6  45   7  74   8  64   9  11  10  21  11  52  12  81  13  55  14  59  15  22  16   7  17  35  18  24  19  69 
  0  63   1  31   2  19   3   5   4   4   5  77   6  51   7  79   8  68   9  15  10  22  11  55  12  89  13  56  14  62  15  27  16   9  17  38  18  28  19  68 
  0  57   1  28   2  17   3   5   4   1   5  76   6  47   7  74   8  66   9  14  10  21  11  53  12  83  13  58  14  59  15  21  16   7  17  37  18  24  19  67 
  0  58   1  31   2  18   3   5   4   3   5  76   6  49   7  75   8  65   9  12  10  23  11  54  12  83  13  57  14  59  15  21  16   7  17  34  18  25  19  68 
  0  59   1  30   2  18   3   4   4   1   5  76   6  47   7  74   8  67   9  14  10  22  11  55  12  83  13  56  14  59  15  25  16   5  17  37  18  25  19  70 
  0  63   1  31   2  17   3   6   4   6   5  79   6  54   7  78   8  69   9  14  10  21  11  54  12  87  13  58  14  63  15  26  16   8  17  36  18  26  19  70 
  0  62   1  29   2  19   3   5   4   6   5  80   6  54   7  79   8  70   9  13  10  23  11  57  12  89  13  57  14  61  15  25  16   7  17  38  18  30  19  71 
  0  66   1  32   2  19   3   5   4   5   5  80   6  53   7  76   8  67   9  15  10  22  11  54  12  88  13  59  14  63  15  25  16   7  17  40  18  28  19  71 
  0  56   1  28   2  17   3   4   4   1   5  77   6  47   7  73   8  66   9  13  10  22  11  52  12  81  13  55  14  59  15  22  16   5  17  32  18  26  19  68 
  0  57   1  31   2  17   3   5   4   1   5  76   6  47   7  73   8  64   9  13  10  23  11  51  12  81  13  58  14  61  15  22  16   7  17  33  18  26  19  67 
  0  60   1  32   2  17   3   5   4   2   5  79   6  51   7  79   8  67   9  14  10  23  11  53  12  85  13  58  14  63  15  27  16   9  17  36  18  28  19  71 
  0  64   1  32   2  18   3   5   4   4   5  80   6  52   7  79   8  70   9  15  10  22  11  56  12  86  13  59  14  60  15  25  16   7  17  37  18  30  19  69 
  0  66   1  31   2  19   3   6   4   4   5  77   6  51   7  78   8  70   9  14  10  23  11  55  12  89  13  59  14  61  15  26  16   8  17  40  18  29  19  68 
  0  57   1  28   2  17   3   5   4   1   5  76   6  47   7  75   8  65   9  12  10  21  11  51  12  83  13  55  14  59  15  20  16   6  17  34  18  24  19  68 
  0  58   1  30   2  17   3   5   4   3   5  78   6  47   7  76   8  64   9  13  10  21  11  51  12  81  13  58  14  59  15  21  16   6  17  36  18  25  19  70 


