
 20  20

  0  55   1  39   2  58   3  11   4  15   5  75   6  10   7  28   8  40   9  11  10  25  11  73  12  66  13  24  14  64  15  27  16  27  17  45  18  49  19  25 
  0  62   1  43   2  59   3  12   4  21   5  79   6  15   7  35   8  41   9  15  10  28  11  79  12  76  13  25  14  63  15  30  16  31  17  49  18  55  19  26 
  0  58   1  41   2  58   3  11   4  17   5  77   6  11   7  32   8  40   9  13  10  28  11  75  12  67  13  25  14  64  15  30  16  29  17  48  18  47  19  26 
  0  64   1  42   2  60   3  12   4  17   5  76   6  14   7  38   8  42   9  15  10  28  11  80  12  73  13  23  14  64  15  29  16  31  17  48  18  55  19  29 
  0  59   1  42   2  59   3  14   4  15   5  77   6  14   7  32   8  41   9  14  10  26  11  79  12  73  13  24  14  63  15  28  16  31  17  49  18  51  19  28 
  0  56   1  40   2  59   3  11   4  13   5  75   6  11   7  29   8  40   9  11  10  25  11  73  12  69  13  24  14  63  15  27  16  28  17  47  18  48  19  24 
  0  58   1  40   2  58   3  14   4  15   5  77   6  11   7  32   8  41   9  13  10  27  11  78  12  73  13  23  14  64  15  31  16  31  17  46  18  49  19  28 
  0  57   1  40   2  59   3  14   4  15   5  77   6  11   7  28   8  41   9  13  10  26  11  73  12  69  13  23  14  63  15  29  16  28  17  47  18  50  19  22 
  0  63   1  44   2  60   3  15   4  18   5  79   6  13   7  38   8  42   9  14  10  29  11  82  12  73  13  24  14  65  15  31  16  29  17  49  18  55  19  30 
  0  61   1  41   2  59   3  13   4  17   5  77   6  14   7  31   8  42   9  15  10  29  11  76  12  69  13  24  14  63  15  28  16  30  17  48  18  50  19  24 
  0  63   1  45   2  60   3  15   4  21   5  78   6  14   7  37   8  41   9  15  10  29  11  78  12  75  13  25  14  65  15  28  16  30  17  49  18  54  19  30 
  0  62   1  41   2  58   3  13   4  19   5  77   6  12   7  33   8  40   9  14  10  29  11  79  12  74  13  23  14  63  15  29  16  31  17  45  18  50  19  24 
  0  57   1  37   2  58   3  11   4  14   5  75   6  11   7  31   8  40   9  13  10  25  11  76  12  67  13  23  14  63  15  28  16  27  17  48  18  49  19  23 
  0  55   1  41   2  59   3  14   4  17   5  75   6  12   7  29   8  40   9  11  10  27  11  76  12  68  13  24  14  65  15  27  16  30  17  46  18  51  19  24 
  0  63   1  45   2  59   3  15   4  21   5  79   6  13   7  33   8  40   9  15  10  26  11  80  12  72  13  25  14  65  15  30  16  31  17  48  18  51  19  28 
  0  58   1  41   2  59   3  11   4  17   5  77   6  13   7  34   8  41   9  14  10  25  11  76  12  72  13  25  14  63  15  27  16  28  17  47  18  51  19  27 
  0  55   1  37   2  58   3  11   4  13   5  77   6  11   7  31   8  41   9  12  10  27  11  73  12  68  13  23  14  63  15  27  16  27  17  46  18  48  19  22 
  0  59   1  42   2  59   3  15   4  16   5  77   6  11   7  35   8  40   9  14  10  26  11  77  12  70  13  23  14  63  15  29  16  30  17  46  18  50  19  27 
  0  57   1  40   2  58   3  13   4  17   5  75   6  10   7  31   8  40   9  14  10  28  11  77  12  70  13  23  14  63  15  29  16  27  17  47  18  50  19  26 
  0  58   1  38   2  60   3  11   4  14   5  77   6   9   7  28   8  40   9  11  10  25  11  73  12  67  13  25  14  64  15  28  16  29  17  45  18  47  19  22 


