
 20  20

  0  35   1  31   2  37   3  54   4  49   5  34   6  28   7  27   8  64   9  67  10  12  11   5  12  36  13  67  14  44  15  67  16   5  17  74  18  68  19  13 
  0  36   1  31   2  41   3  56   4  52   5  35   6  28   7  27   8  63   9  65  10  14  11   8  12  35  13  68  14  44  15  72  16   5  17  77  18  68  19  13 
  0  35   1  30   2  41   3  53   4  52   5  36   6  28   7  31   8  65   9  67  10  15  11   9  12  39  13  67  14  44  15  73  16  10  17  77  18  70  19  11 
  0  35   1  32   2  38   3  53   4  51   5  38   6  26   7  29   8  62   9  67  10  11  11   9  12  37  13  68  14  47  15  73  16  10  17  78  18  69  19  13 
  0  38   1  32   2  42   3  55   4  51   5  40   6  28   7  32   8  64   9  65  10  13  11   9  12  37  13  70  14  45  15  73  16   9  17  75  18  72  19  13 
  0  33   1  30   2  34   3  50   4  49   5  36   6  27   7  25   8  60   9  67  10  11  11   8  12  34  13  68  14  45  15  67  16   5  17  74  18  68  19  12 
  0  37   1  29   2  39   3  57   4  53   5  39   6  28   7  30   8  64   9  65  10  12  11   7  12  40  13  70  14  45  15  73  16  10  17  78  18  70  19  13 
  0  31   1  28   2  36   3  49   4  49   5  34   6  28   7  24   8  60   9  65  10  10  11   6  12  30  13  67  14  43  15  64  16   2  17  74  18  66  19  11 
  0  35   1  30   2  42   3  54   4  53   5  41   6  26   7  28   8  65   9  65  10  13  11   9  12  36  13  69  14  47  15  70  16  10  17  78  18  73  19  13 
  0  28   1  28   2  37   3  48   4  49   5  31   6  28   7  25   8  62   9  66  10  10  11   5  12  31  13  66  14  41  15  66  16   1  17  72  18  64  19  11 
  0  33   1  30   2  35   3  52   4  49   5  35   6  28   7  26   8  64   9  65  10  14  11   5  12  36  13  70  14  46  15  70  16   5  17  76  18  66  19  13 
  0  29   1  30   2  37   3  50   4  51   5  35   6  26   7  28   8  62   9  67  10  13  11   8  12  33  13  65  14  44  15  68  16   5  17  76  18  65  19  11 
  0  29   1  30   2  37   3  50   4  49   5  36   6  27   7  28   8  59   9  67  10  11  11   5  12  33  13  66  14  41  15  67  16   6  17  72  18  67  19  11 
  0  33   1  31   2  37   3  51   4  51   5  37   6  27   7  26   8  60   9  67  10  12  11   8  12  34  13  65  14  45  15  67  16   4  17  74  18  70  19  12 
  0  33   1  29   2  39   3  54   4  49   5  38   6  28   7  28   8  66   9  65  10  15  11   6  12  35  13  69  14  46  15  68  16   7  17  74  18  70  19  13 
  0  38   1  31   2  42   3  58   4  51   5  40   6  28   7  29   8  66   9  65  10  15  11   9  12  38  13  68  14  46  15  72  16  11  17  78  18  72  19  11 
  0  35   1  29   2  37   3  56   4  51   5  36   6  28   7  30   8  66   9  67  10  12  11   6  12  36  13  70  14  43  15  72  16   9  17  78  18  68  19  12 
  0  37   1  32   2  40   3  57   4  52   5  41   6  26   7  31   8  66   9  67  10  13  11   9  12  40  13  69  14  46  15  74  16  11  17  78  18  74  19  12 
  0  38   1  30   2  42   3  57   4  51   5  41   6  28   7  32   8  66   9  67  10  14  11   8  12  38  13  70  14  47  15  74  16  11  17  78  18  74  19  12 
  0  28   1  28   2  34   3  50   4  50   5  32   6  26   7  26   8  60   9  65  10   9  11   6  12  30  13  65  14  41  15  65  16   1  17  72  18  66  19  13 


