
 20  20

  0  25   1  77   2  36   3  29   4  56   5  24   6  15   7  23   8  17   9  45  10  85  11  59  12   4  13  58  14  40  15  55  16  70  17  63  18  18  19  73 
  0  28   1  79   2  39   3  30   4  58   5  28   6  14   7  25   8  18   9  47  10  87  11  60  12   7  13  57  14  41  15  60  16  74  17  65  18  19  19  73 
  0  30   1  80   2  40   3  28   4  62   5  28   6  19   7  26   8  18   9  45  10  88  11  60  12   8  13  57  14  40  15  59  16  72  17  68  18  17  19  77 
  0  32   1  81   2  38   3  30   4  62   5  31   6  19   7  27   8  18   9  46  10  87  11  58  12   5  13  60  14  41  15  58  16  77  17  66  18  20  19  75 
  0  25   1  74   2  37   3  24   4  55   5  24   6  12   7  21   8  18   9  47  10  83  11  58  12   4  13  57  14  40  15  55  16  68  17  64  18  12  19  72 
  0  29   1  82   2  39   3  29   4  62   5  27   6  19   7  26   8  17   9  46  10  89  11  60  12   8  13  58  14  41  15  57  16  74  17  68  18  17  19  77 
  0  22   1  77   2  38   3  25   4  56   5  24   6  10   7  22   8  17   9  47  10  84  11  59  12   5  13  54  14  42  15  54  16  70  17  62  18  13  19  73 
  0  29   1  79   2  40   3  29   4  63   5  29   6  19   7  26   8  19   9  46  10  87  11  58  12   6  13  57  14  42  15  56  16  72  17  66  18  20  19  77 
  0  26   1  78   2  37   3  26   4  55   5  24   6  12   7  24   8  17   9  45  10  86  11  58  12   2  13  54  14  40  15  56  16  69  17  63  18  13  19  73 
  0  32   1  82   2  40   3  31   4  64   5  31   6  20   7  30   8  19   9  47  10  89  11  59  12   6  13  58  14  41  15  59  16  77  17  67  18  20  19  78 
  0  32   1  81   2  40   3  33   4  64   5  28   6  20   7  28   8  19   9  47  10  89  11  59  12   8  13  58  14  40  15  58  16  76  17  66  18  22  19  76 
  0  31   1  80   2  39   3  29   4  61   5  28   6  16   7  26   8  18   9  47  10  88  11  58  12   5  13  59  14  42  15  57  16  73  17  65  18  21  19  76 
  0  29   1  80   2  39   3  27   4  59   5  24   6  14   7  27   8  19   9  45  10  84  11  59  12   3  13  58  14  42  15  59  16  74  17  66  18  18  19  76 
  0  24   1  77   2  39   3  28   4  59   5  25   6  12   7  21   8  19   9  45  10  87  11  58  12   5  13  54  14  42  15  54  16  68  17  65  18  13  19  73 
  0  26   1  76   2  36   3  26   4  57   5  22   6  14   7  21   8  19   9  45  10  85  11  60  12   3  13  57  14  40  15  55  16  71  17  62  18  16  19  73 
  0  32   1  83   2  40   3  32   4  61   5  30   6  18   7  30   8  18   9  47  10  89  11  60  12   6  13  60  14  40  15  58  16  75  17  68  18  20  19  78 
  0  28   1  79   2  38   3  32   4  62   5  29   6  17   7  29   8  17   9  46  10  86  11  60  12   7  13  59  14  41  15  58  16  75  17  68  18  19  19  74 
  0  28   1  78   2  39   3  29   4  59   5  26   6  13   7  26   8  19   9  45  10  86  11  60  12   5  13  55  14  41  15  57  16  71  17  66  18  14  19  74 
  0  30   1  81   2  40   3  29   4  62   5  30   6  18   7  26   8  18   9  45  10  88  11  58  12   5  13  58  14  40  15  57  16  76  17  65  18  21  19  73 
  0  26   1  76   2  39   3  23   4  54   5  24   6  11   7  22   8  17   9  45  10  86  11  58  12   3  13  55  14  40  15  54  16  67  17  62  18  12  19  71 


