
 20  20

  0  73   1  89   2  44   3  46   4   5   5  11   6  48   7  34   8  74   9  65  10  39  11  15  12  92  13  68  14  48  15  54  16  20  17  50  18  66  19  48 
  0  72   1  87   2  42   3  50   4   3   5  14   6  50   7  32   8  71   9  64  10  39  11  16  12  94  13  64  14  47  15  53  16  20  17  50  18  66  19  49 
  0  76   1  89   2  46   3  54   4   6   5  12   6  50   7  34   8  75   9  66  10  39  11  16  12  94  13  66  14  52  15  55  16  20  17  53  18  67  19  48 
  0  71   1  84   2  44   3  46   4   2   5   9   6  50   7  31   8  71   9  64  10  38  11  12  12  90  13  65  14  44  15  52  16  15  17  50  18  62  19  48 
  0  78   1  91   2  46   3  49   4   6   5  15   6  49   7  36   8  75   9  64  10  39  11  13  12  93  13  68  14  50  15  55  16  20  17  54  18  68  19  48 
  0  70   1  86   2  43   3  44   4   2   5   9   6  48   7  32   8  69   9  64  10  39  11  13  12  87  13  64  14  45  15  52  16  15  17  53  18  64  19  45 
  0  71   1  85   2  45   3  44   4   2   5   9   6  49   7  31   8  70   9  64  10  37  11  12  12  88  13  63  14  44  15  55  16  14  17  52  18  64  19  45 
  0  71   1  84   2  42   3  44   4   2   5  11   6  49   7  31   8  68   9  66  10  37  11  12  12  89  13  64  14  43  15  52  16  14  17  50  18  62  19  45 
  0  74   1  90   2  42   3  49   4   4   5  13   6  50   7  35   8  71   9  65  10  37  11  14  12  91  13  67  14  48  15  52  16  19  17  52  18  63  19  47 
  0  73   1  88   2  43   3  48   4   2   5  11   6  49   7  33   8  72   9  66  10  37  11  14  12  90  13  63  14  46  15  52  16  14  17  51  18  63  19  45 
  0  77   1  89   2  46   3  50   4   3   5  15   6  50   7  37   8  74   9  66  10  39  11  15  12  95  13  68  14  52  15  54  16  24  17  54  18  67  19  51 
  0  69   1  88   2  44   3  44   4   5   5  12   6  49   7  32   8  69   9  65  10  39  11  12  12  89  13  65  14  45  15  53  16  16  17  50  18  63  19  48 
  0  75   1  89   2  45   3  53   4   4   5  13   6  50   7  36   8  73   9  66  10  39  11  16  12  94  13  68  14  49  15  55  16  22  17  52  18  67  19  51 
  0  71   1  87   2  44   3  48   4   3   5  10   6  48   7  31   8  69   9  65  10  39  11  15  12  92  13  67  14  48  15  52  16  17  17  51  18  62  19  49 
  0  70   1  86   2  44   3  47   4   2   5   9   6  49   7  32   8  68   9  66  10  37  11  13  12  89  13  63  14  44  15  52  16  14  17  52  18  64  19  45 
  0  71   1  86   2  44   3  45   4   2   5  13   6  48   7  31   8  69   9  66  10  38  11  13  12  89  13  66  14  45  15  55  16  15  17  53  18  62  19  45 
  0  77   1  92   2  45   3  54   4   6   5  15   6  50   7  37   8  76   9  64  10  38  11  16  12  97  13  69  14  53  15  56  16  24  17  54  18  68  19  50 
  0  78   1  89   2  45   3  51   4   6   5  15   6  50   7  37   8  75   9  66  10  39  11  16  12  94  13  69  14  52  15  55  16  24  17  54  18  65  19  50 
  0  79   1  90   2  46   3  54   4   6   5  13   6  50   7  35   8  74   9  64  10  39  11  16  12  97  13  69  14  52  15  56  16  24  17  53  18  66  19  50 
  0  69   1  85   2  42   3  44   4   4   5   9   6  48   7  31   8  68   9  65  10  37  11  13  12  89  13  63  14  45  15  54  16  14  17  50  18  64  19  46 


