
 20  20

  0  44   1  72   2  32   3  59   4  16   5  50   6  11   7  76   8  33   9  50  10  12  11  29  12  60  13  13  14  77  15  85  16  15  17  30  18  13  19  49 
  0  52   1  73   2  37   3  63   4  18   5  58   6  12   7  79   8  38   9  52  10  12  11  31  12  67  13  20  14  82  15  92  16  20  17  36  18  16  19  50 
  0  48   1  72   2  32   3  58   4  16   5  53   6  11   7  78   8  34   9  49  10  11  11  30  12  62  13  14  14  75  15  84  16  18  17  32  18  11  19  46 
  0  47   1  74   2  34   3  58   4  16   5  52   6  11   7  78   8  36   9  48  10  14  11  30  12  65  13  14  14  77  15  89  16  17  17  31  18  15  19  48 
  0  53   1  74   2  37   3  62   4  18   5  60   6  15   7  80   8  41   9  51  10  13  11  30  12  69  13  17  14  82  15  92  16  21  17  36  18  18  19  50 
  0  43   1  72   2  29   3  58   4  16   5  51   6  12   7  75   8  34   9  48  10  10  11  28  12  60  13  11  14  74  15  85  16  15  17  30  18  12  19  46 
  0  50   1  72   2  37   3  61   4  17   5  58   6  13   7  82   8  40   9  54  10  14  11  32  12  67  13  18  14  81  15  93  16  21  17  34  18  18  19  50 
  0  45   1  72   2  31   3  58   4  16   5  52   6  12   7  76   8  37   9  52  10  11  11  29  12  64  13  15  14  75  15  88  16  20  17  29  18  14  19  46 
  0  49   1  74   2  35   3  62   4  16   5  58   6  11   7  76   8  37   9  50  10  13  11  28  12  66  13  16  14  80  15  87  16  18  17  33  18  12  19  50 
  0  49   1  73   2  34   3  63   4  16   5  58   6  12   7  80   8  37   9  54  10  14  11  30  12  67  13  18  14  79  15  88  16  20  17  31  18  17  19  48 
  0  51   1  72   2  34   3  61   4  16   5  59   6  15   7  82   8  40   9  53  10  11  11  32  12  68  13  19  14  81  15  90  16  21  17  32  18  14  19  50 
  0  45   1  73   2  29   3  59   4  17   5  51   6  11   7  76   8  35   9  49  10  11  11  28  12  63  13  13  14  74  15  84  16  16  17  28  18  11  19  46 
  0  44   1  74   2  33   3  57   4  17   5  55   6  12   7  75   8  33   9  50  10  13  11  31  12  61  13  13  14  74  15  84  16  19  17  30  18  12  19  47 
  0  53   1  74   2  36   3  63   4  16   5  59   6  15   7  82   8  39   9  52  10  14  11  31  12  67  13  21  14  82  15  93  16  21  17  33  18  18  19  48 
  0  52   1  74   2  39   3  62   4  16   5  57   6  14   7  81   8  42   9  53  10  14  11  32  12  70  13  21  14  79  15  92  16  18  17  36  18  18  19  50 
  0  49   1  74   2  35   3  62   4  17   5  60   6  15   7  82   8  40   9  52  10  13  11  29  12  68  13  19  14  82  15  89  16  21  17  36  18  18  19  48 
  0  51   1  73   2  35   3  61   4  16   5  55   6  15   7  82   8  40   9  51  10  11  11  29  12  66  13  17  14  82  15  91  16  18  17  33  18  18  19  50 
  0  48   1  72   2  32   3  62   4  18   5  55   6  14   7  78   8  39   9  51  10  14  11  32  12  65  13  14  14  76  15  89  16  18  17  31  18  16  19  47 
  0  46   1  74   2  30   3  60   4  18   5  53   6  14   7  76   8  36   9  50  10  12  11  28  12  65  13  12  14  75  15  88  16  15  17  29  18  14  19  46 
  0  44   1  74   2  34   3  57   4  17   5  52   6  11   7  76   8  37   9  48  10  12  11  28  12  64  13  13  14  78  15  85  16  19  17  31  18  14  19  47 


