
 20  20

  0  55   1  49   2  34   3  75   4  55   5  61   6  64   7  39   8  62   9  20  10  21  11  96  12  36  13  22  14  36  15  95  16  76  17  81  18  44  19  17 
  0  48   1  43   2  33   3  71   4  55   5  61   6  60   7  32   8  58   9  13  10  18  11  93  12  36  13  20  14  34  15  94  16  73  17  81  18  39  19  17 
  0  48   1  46   2  32   3  73   4  55   5  61   6  60   7  33   8  58   9  15  10  18  11  92  12  36  13  18  14  31  15  91  16  71  17  78  18  38  19  17 
  0  49   1  43   2  30   3  71   4  56   5  59   6  64   7  32   8  56   9  16  10  17  11  95  12  34  13  19  14  32  15  91  16  71  17  81  18  39  19  15 
  0  49   1  45   2  33   3  73   4  57   5  59   6  60   7  31   8  56   9  12  10  18  11  93  12  34  13  20  14  33  15  93  16  69  17  80  18  39  19  14 
  0  53   1  50   2  34   3  76   4  57   5  60   6  65   7  35   8  60   9  20  10  21  11  94  12  36  13  22  14  40  15  94  16  73  17  84  18  41  19  18 
  0  56   1  48   2  34   3  73   4  58   5  61   6  65   7  38   8  62   9  18  10  19  11  95  12  39  13  22  14  36  15  94  16  73  17  85  18  40  19  18 
  0  53   1  46   2  36   3  75   4  56   5  61   6  66   7  35   8  60   9  19  10  18  11  94  12  36  13  23  14  34  15  96  16  72  17  84  18  39  19  20 
  0  55   1  52   2  36   3  75   4  58   5  61   6  64   7  39   8  62   9  19  10  21  11  93  12  37  13  24  14  39  15  97  16  76  17  83  18  44  19  18 
  0  52   1  48   2  36   3  74   4  57   5  61   6  64   7  37   8  63   9  21  10  21  11  95  12  37  13  25  14  35  15  97  16  74  17  84  18  42  19  20 
  0  56   1  50   2  36   3  75   4  56   5  61   6  66   7  39   8  63   9  21  10  21  11  96  12  39  13  26  14  37  15  95  16  77  17  85  18  44  19  19 
  0  49   1  46   2  30   3  74   4  55   5  59   6  63   7  34   8  58   9  17  10  20  11  92  12  37  13  19  14  33  15  91  16  74  17  79  18  37  19  15 
  0  47   1  45   2  32   3  71   4  54   5  59   6  60   7  33   8  57   9  12  10  18  11  93  12  33  13  19  14  31  15  94  16  72  17  77  18  37  19  14 
  0  49   1  44   2  34   3  72   4  56   5  59   6  62   7  36   8  57   9  17  10  20  11  93  12  37  13  19  14  35  15  92  16  72  17  82  18  39  19  14 
  0  53   1  47   2  34   3  75   4  54   5  61   6  65   7  34   8  59   9  18  10  17  11  92  12  38  13  20  14  34  15  93  16  74  17  83  18  42  19  18 
  0  55   1  50   2  36   3  75   4  58   5  59   6  66   7  39   8  59   9  21  10  18  11  96  12  39  13  25  14  40  15  97  16  73  17  84  18  44  19  17 
  0  53   1  49   2  33   3  76   4  55   5  60   6  63   7  38   8  60   9  17  10  21  11  94  12  38  13  25  14  38  15  93  16  75  17  84  18  41  19  20 
  0  52   1  51   2  35   3  72   4  55   5  59   6  65   7  35   8  62   9  19  10  19  11  94  12  38  13  21  14  39  15  95  16  75  17  83  18  43  19  18 
  0  48   1  48   2  35   3  72   4  56   5  61   6  63   7  36   8  59   9  15  10  19  11  92  12  35  13  22  14  32  15  92  16  74  17  83  18  39  19  17 
  0  47   1  44   2  32   3  73   4  55   5  59   6  62   7  31   8  55   9  15  10  18  11  93  12  36  13  16  14  33  15  92  16  70  17  78  18  38  19  16 


