
 20  20

  0  10   1  60   2  23   3  13   4  83   5  56   6  29   7  38   8   9   9  61  10  53  11  31  12  23  13  59  14  18  15  12  16  76  17  60  18  46  19  69 
  0  19   1  66   2  25   3  14   4  89   5  64   6  39   7  40   8  13   9  69  10  60  11  39  12  26  13  61  14  28  15  20  16  77  17  63  18  48  19  78 
  0  18   1  63   2  24   3  12   4  89   5  60   6  38   7  39   8  13   9  66  10  58  11  38  12  27  13  60  14  25  15  17  16  75  17  64  18  48  19  78 
  0   9   1  61   2  23   3  14   4  80   5  57   6  33   7  38   8   9   9  61  10  55  11  31  12  23  13  59  14  21  15  14  16  77  17  60  18  46  19  72 
  0  11   1  61   2  21   3  12   4  82   5  57   6  32   7  38   8  11   9  61  10  52  11  31  12  21  13  59  14  19  15  13  16  75  17  60  18  48  19  71 
  0  18   1  65   2  24   3  14   4  90   5  64   6  35   7  39   8  13   9  67  10  57  11  35  12  27  13  61  14  27  15  17  16  75  17  62  18  47  19  78 
  0  17   1  63   2  24   3  14   4  88   5  60   6  38   7  40   8  12   9  69  10  60  11  37  12  27  13  59  14  25  15  17  16  78  17  62  18  47  19  75 
  0  15   1  61   2  24   3  14   4  85   5  61   6  35   7  38   8  11   9  65  10  54  11  35  12  25  13  61  14  24  15  13  16  76  17  60  18  46  19  73 
  0  13   1  61   2  21   3  14   4  82   5  59   6  30   7  40   8  10   9  65  10  56  11  35  12  23  13  59  14  21  15  11  16  74  17  62  18  48  19  73 
  0  16   1  63   2  24   3  14   4  86   5  58   6  33   7  38   8  10   9  67  10  56  11  34  12  26  13  60  14  21  15  17  16  77  17  63  18  46  19  74 
  0  10   1  62   2  24   3  12   4  82   5  58   6  34   7  38   8   9   9  64  10  56  11  35  12  25  13  61  14  23  15  12  16  77  17  63  18  46  19  71 
  0  19   1  66   2  25   3  12   4  89   5  64   6  39   7  39   8  11   9  67  10  60  11  39  12  27  13  61  14  28  15  20  16  77  17  64  18  48  19  79 
  0  12   1  63   2  21   3  12   4  82   5  57   6  33   7  38   8  12   9  63  10  52  11  35  12  21  13  60  14  19  15  11  16  75  17  63  18  46  19  74 
  0  15   1  62   2  22   3  12   4  87   5  61   6  33   7  39   8   9   9  67  10  56  11  35  12  23  13  60  14  23  15  16  16  74  17  64  18  48  19  72 
  0  15   1  63   2  24   3  14   4  86   5  57   6  35   7  38   8  10   9  63  10  53  11  35  12  24  13  61  14  22  15  14  16  77  17  60  18  48  19  72 
  0   9   1  61   2  23   3  12   4  82   5  54   6  29   7  38   8   9   9  61  10  54  11  33  12  21  13  59  14  19  15  10  16  74  17  60  18  46  19  70 
  0  16   1  66   2  25   3  14   4  90   5  62   6  38   7  40   8  13   9  69  10  57  11  39  12  25  13  60  14  27  15  19  16  78  17  62  18  47  19  78 
  0  11   1  60   2  22   3  14   4  80   5  55   6  29   7  38   8  10   9  64  10  52  11  31  12  23  13  59  14  18  15  13  16  74  17  60  18  46  19  70 
  0  10   1  61   2  21   3  12   4  83   5  54   6  33   7  38   8  10   9  65  10  53  11  34  12  21  13  59  14  21  15  12  16  74  17  60  18  48  19  72 
  0  12   1  61   2  21   3  14   4  83   5  55   6  29   7  38   8  11   9  64  10  55  11  32  12  21  13  61  14  19  15  12  16  74  17  60  18  46  19  72 


