
 20  20

  0  50   1  33   2  94   3  91   4  82   5  99   6  19   7  20   8  66   9  14  10  54  11  30  12  65  13  40  14  25  15  36  16  78  17  49  18  90  19  29 
  0  52   1  31   2  96   3  93   4  80   5  99   6  23   7  21   8  70   9  16  10  57  11  30  12  65  13  41  14  27  15  36  16  79  17  49  18  92  19  27 
  0  43   1  31   2  94   3  88   4  77   5  93   6  15   7  11   8  63   9   8  10  54  11  28  12  58  13  31  14  19  15  31  16  77  17  49  18  86  19  24 
  0  44   1  33   2  95   3  88   4  78   5  92   6  19   7  12   8  62   9  11  10  54  11  28  12  61  13  32  14  19  15  31  16  77  17  49  18  90  19  23 
  0  50   1  33   2  96   3  93   4  81   5  98   6  22   7  21   8  70   9  17  10  57  11  30  12  64  13  39  14  24  15  37  16  81  17  50  18  94  19  29 
  0  51   1  32   2  94   3  94   4  82   5  99   6  23   7  21   8  68   9  17  10  55  11  30  12  64  13  40  14  25  15  35  16  80  17  50  18  91  19  29 
  0  50   1  33   2  95   3  93   4  82   5  96   6  23   7  20   8  68   9  17  10  56  11  31  12  63  13  40  14  26  15  38  16  79  17  49  18  90  19  29 
  0  47   1  31   2  95   3  89   4  77   5  95   6  19   7  11   8  62   9  12  10  54  11  28  12  58  13  34  14  23  15  34  16  77  17  50  18  87  19  25 
  0  49   1  33   2  96   3  92   4  81   5  97   6  21   7  19   8  67   9  14  10  57  11  31  12  61  13  38  14  22  15  34  16  79  17  50  18  89  19  27 
  0  49   1  31   2  95   3  90   4  81   5  99   6  19   7  20   8  69   9  17  10  57  11  32  12  64  13  37  14  27  15  35  16  80  17  48  18  93  19  26 
  0  47   1  33   2  95   3  86   4  77   5  94   6  17   7  13   8  62   9  11  10  56  11  28  12  58  13  34  14  20  15  33  16  77  17  50  18  90  19  26 
  0  45   1  31   2  94   3  88   4  79   5  92   6  17   7  11   8  63   9   8  10  53  11  29  12  59  13  33  14  19  15  30  16  78  17  50  18  88  19  23 
  0  51   1  31   2  93   3  93   4  79   5  98   6  18   7  20   8  67   9  16  10  55  11  29  12  64  13  36  14  23  15  35  16  80  17  50  18  90  19  29 
  0  52   1  33   2  95   3  93   4  81   5  99   6  20   7  21   8  68   9  17  10  54  11  30  12  62  13  41  14  26  15  38  16  80  17  50  18  94  19  29 
  0  51   1  32   2  93   3  92   4  79   5  98   6  19   7  15   8  68   9  14  10  53  11  28  12  63  13  38  14  22  15  37  16  78  17  49  18  91  19  25 
  0  48   1  33   2  93   3  92   4  79   5  99   6  22   7  19   8  64   9  15  10  55  11  32  12  60  13  39  14  25  15  34  16  77  17  48  18  91  19  28 
  0  51   1  31   2  95   3  91   4  79   5  98   6  21   7  19   8  69   9  14  10  56  11  30  12  65  13  38  14  23  15  38  16  78  17  49  18  94  19  27 
  0  46   1  32   2  95   3  89   4  79   5  91   6  15   7  14   8  64   9   8  10  56  11  29  12  58  13  35  14  20  15  32  16  77  17  48  18  86  19  24 
  0  53   1  31   2  93   3  93   4  80   5  99   6  19   7  19   8  69   9  14  10  56  11  31  12  64  13  40  14  26  15  38  16  81  17  48  18  94  19  29 
  0  52   1  31   2  94   3  94   4  81   5  99   6  21   7  21   8  68   9  15  10  57  11  32  12  62  13  41  14  24  15  38  16  81  17  49  18  92  19  29 


