
 20  20

  0  19   1  25   2  81   3  77   4  92   5  58   6  71   7  90   8  91   9  52  10  48  11  71  12  18  13  94  14  28  15   7  16  41  17  52  18  69  19  12 
  0  20   1  23   2  80   3  81   4  93   5  60   6  73   7  93   8  93   9  53  10  46  11  71  12  18  13  93  14  27  15   9  16  45  17  51  18  68  19  12 
  0  19   1  25   2  82   3  78   4  87   5  60   6  72   7  87   8  93   9  52  10  46  11  73  12  19  13  91  14  25  15   9  16  43  17  51  18  67  19  11 
  0  21   1  24   2  82   3  76   4  90   5  59   6  70   7  91   8  91   9  54  10  46  11  71  12  20  13  94  14  25  15   9  16  42  17  51  18  69  19  14 
  0  22   1  26   2  80   3  81   4  93   5  64   6  73   7  94   8  91   9  55  10  49  11  73  12  20  13  93  14  28  15   7  16  46  17  53  18  69  19  16 
  0  19   1  23   2  81   3  73   4  90   5  59   6  73   7  86   8  92   9  50  10  45  11  73  12  18  13  94  14  24  15   9  16  41  17  52  18  67  19   9 
  0  18   1  22   2  81   3  77   4  91   5  57   6  71   7  87   8  92   9  52  10  43  11  72  12  20  13  92  14  27  15   8  16  44  17  51  18  67  19   9 
  0  19   1  22   2  81   3  75   4  89   5  57   6  70   7  88   8  93   9  53  10  45  11  71  12  19  13  91  14  27  15   8  16  41  17  53  18  68  19   9 
  0  14   1  22   2  80   3  74   4  89   5  56   6  70   7  86   8  93   9  50  10  42  11  71  12  18  13  91  14  22  15   9  16  40  17  51  18  67  19   7 
  0  17   1  24   2  81   3  74   4  91   5  56   6  70   7  89   8  91   9  53  10  42  11  73  12  18  13  91  14  22  15   7  16  40  17  52  18  67  19  12 
  0  20   1  24   2  82   3  79   4  93   5  61   6  74   7  91   8  92   9  57  10  50  11  71  12  20  13  95  14  26  15   9  16  46  17  52  18  68  19  16 
  0  21   1  25   2  80   3  80   4  93   5  59   6  72   7  90   8  93   9  54  10  46  11  73  12  18  13  93  14  25  15   7  16  42  17  51  18  69  19  11 
  0  17   1  22   2  80   3  74   4  89   5  57   6  70   7  88   8  93   9  52  10  45  11  71  12  19  13  91  14  23  15   7  16  40  17  52  18  67  19  11 
  0  18   1  22   2  80   3  74   4  90   5  57   6  70   7  87   8  91   9  48  10  44  11  72  12  18  13  94  14  22  15   7  16  40  17  53  18  67  19   9 
  0  17   1  25   2  81   3  75   4  89   5  61   6  74   7  88   8  91   9  52  10  48  11  71  12  20  13  91  14  24  15   9  16  45  17  51  18  67  19  12 
  0  18   1  22   2  81   3  75   4  88   5  56   6  73   7  90   8  91   9  51  10  45  11  73  12  18  13  93  14  24  15   8  16  43  17  53  18  67  19   9 
  0  21   1  22   2  82   3  77   4  90   5  61   6  70   7  90   8  92   9  55  10  47  11  72  12  20  13  93  14  28  15   7  16  46  17  53  18  67  19  15 
  0  24   1  26   2  82   3  79   4  93   5  64   6  72   7  91   8  93   9  57  10  50  11  73  12  20  13  95  14  30  15   9  16  46  17  51  18  69  19  14 
  0  20   1  24   2  80   3  79   4  93   5  63   6  74   7  91   8  91   9  57  10  50  11  71  12  18  13  92  14  27  15   9  16  45  17  51  18  67  19  13 
  0  17   1  23   2  81   3  78   4  90   5  59   6  74   7  91   8  91   9  52  10  46  11  73  12  18  13  91  14  24  15   9  16  42  17  53  18  69  19  13 


