
 20  20

  0  34   1  47   2  61   3  69   4  57   5  47   6   9   7  68   8  20   9   7  10  11  11  15  12   8  13  60  14  27  15  83  16  83  17  81  18  54  19  49 
  0  38   1  47   2  62   3  73   4  59   5  49   6  16   7  69   8  23   9   7  10  13  11  18  12   9  13  65  14  29  15  89  16  86  17  79  18  54  19  52 
  0  41   1  47   2  63   3  69   4  60   5  49   6  15   7  68   8  24   9  11  10  15  11  22  12   9  13  69  14  28  15  89  16  83  17  82  18  57  19  54 
  0  37   1  48   2  60   3  69   4  57   5  48   6  13   7  68   8  22   9   3  10  14  11  18  12   9  13  63  14  24  15  86  16  84  17  78  18  51  19  49 
  0  40   1  48   2  66   3  73   4  60   5  49   6  18   7  69   8  23   9  12  10  12  11  21  12  13  13  67  14  30  15  88  16  87  17  79  18  58  19  56 
  0  44   1  49   2  66   3  71   4  63   5  47   6  15   7  69   8  23   9  10  10  15  11  23  12  13  13  69  14  29  15  90  16  87  17  82  18  57  19  57 
  0  38   1  50   2  62   3  70   4  61   5  47   6  13   7  68   8  23   9  11  10  12  11  20  12  12  13  65  14  26  15  86  16  83  17  81  18  56  19  51 
  0  36   1  50   2  63   3  67   4  59   5  47   6  11   7  68   8  23   9   6  10  14  11  17  12  12  13  66  14  28  15  85  16  85  17  82  18  55  19  51 
  0  41   1  48   2  65   3  70   4  58   5  47   6  15   7  70   8  23   9   7  10  11  11  21  12  12  13  64  14  26  15  88  16  82  17  81  18  56  19  54 
  0  44   1  48   2  66   3  73   4  63   5  47   6  15   7  70   8  24   9  13  10  13  11  20  12  13  13  70  14  30  15  90  16  87  17  82  18  56  19  57 
  0  44   1  50   2  64   3  73   4  62   5  49   6  19   7  68   8  24   9  13  10  13  11  24  12  13  13  68  14  30  15  92  16  85  17  82  18  57  19  57 
  0  38   1  46   2  61   3  66   4  59   5  47   6  11   7  70   8  23   9   3  10  11  11  16  12   7  13  61  14  24  15  84  16  82  17  81  18  52  19  49 
  0  37   1  46   2  63   3  69   4  59   5  49   6  13   7  69   8  23   9   7  10  14  11  16  12   8  13  65  14  25  15  85  16  82  17  78  18  55  19  53 
  0  41   1  50   2  64   3  69   4  62   5  47   6  14   7  69   8  24   9  11  10  15  11  19  12   9  13  68  14  30  15  89  16  83  17  79  18  55  19  55 
  0  34   1  46   2  60   3  68   4  58   5  47   6  11   7  70   8  20   9   3  10  11  11  14  12   7  13  60  14  24  15  82  16  82  17  80  18  50  19  47 
  0  42   1  47   2  65   3  69   4  59   5  49   6  13   7  70   8  22   9  11  10  12  11  18  12   9  13  68  14  28  15  86  16  85  17  82  18  53  19  55 
  0  35   1  47   2  60   3  67   4  60   5  47   6  10   7  70   8  20   9   6  10  11  11  17  12   7  13  62  14  27  15  85  16  81  17  78  18  51  19  50 
  0  38   1  50   2  62   3  68   4  58   5  48   6  16   7  68   8  21   9   9  10  11  11  17  12   9  13  64  14  28  15  88  16  86  17  78  18  54  19  50 
  0  42   1  48   2  62   3  70   4  63   5  48   6  14   7  69   8  24   9   9  10  11  11  22  12  10  13  68  14  26  15  86  16  83  17  81  18  56  19  54 
  0  35   1  46   2  62   3  66   4  57   5  47   6   9   7  68   8  20   9   3  10  11  11  14  12   7  13  60  14  24  15  83  16  81  17  78  18  50  19  47 


