
 20  20

  0   5   1  27   2  55   3  46   4  40   5  41   6  36   7  88   8  20   9  55  10  34  11  85  12  70  13  90  14  83  15  74  16  84  17  84  18  59  19  89 
  0   7   1  30   2  54   3  44   4  41   5  40   6  36   7  88   8  22   9  55  10  35  11  85  12  73  13  90  14  86  15  73  16  86  17  84  18  57  19  90 
  0   8   1  30   2  53   3  46   4  42   5  45   6  37   7  91   8  19   9  55  10  37  11  86  12  74  13  91  14  88  15  71  16  88  17  87  18  58  19  90 
  0  15   1  34   2  59   3  53   4  40   5  45   6  37   7  93   8  26   9  61  10  41  11  89  12  77  13  90  14  88  15  75  16  92  17  90  18  59  19  96 
  0   9   1  28   2  56   3  45   4  42   5  43   6  33   7  92   8  19   9  58  10  38  11  83  12  72  13  92  14  83  15  74  16  89  17  87  18  59  19  89 
  0   6   1  27   2  52   3  43   4  42   5  41   6  33   7  88   8  19   9  53  10  34  11  85  12  69  13  90  14  83  15  71  16  84  17  84  18  57  19  89 
  0  12   1  30   2  57   3  48   4  42   5  42   6  37   7  94   8  23   9  57  10  37  11  87  12  75  13  91  14  87  15  75  16  88  17  88  18  57  19  94 
  0  15   1  31   2  59   3  49   4  41   5  43   6  36   7  94   8  24   9  61  10  39  11  88  12  77  13  92  14  86  15  74  16  93  17  90  18  59  19  93 
  0  15   1  35   2  58   3  53   4  42   5  46   6  37   7  93   8  25   9  61  10  40  11  89  12  75  13  92  14  87  15  75  16  93  17  90  18  58  19  97 
  0  12   1  31   2  58   3  47   4  42   5  43   6  36   7  89   8  21   9  59  10  36  11  88  12  72  13  91  14  84  15  74  16  90  17  87  18  58  19  93 
  0   5   1  28   2  52   3  45   4  40   5  40   6  33   7  87   8  18   9  53  10  36  11  85  12  70  13  90  14  83  15  72  16  83  17  84  18  57  19  87 
  0   8   1  32   2  55   3  45   4  40   5  44   6  36   7  91   8  24   9  56  10  40  11  85  12  71  13  91  14  85  15  74  16  89  17  86  18  59  19  91 
  0   9   1  27   2  53   3  46   4  40   5  40   6  35   7  89   8  19   9  53  10  37  11  83  12  71  13  92  14  85  15  71  16  88  17  88  18  59  19  89 
  0   7   1  29   2  54   3  49   4  41   5  42   6  35   7  88   8  19   9  57  10  37  11  86  12  73  13  90  14  84  15  72  16  89  17  86  18  59  19  90 
  0   7   1  29   2  56   3  46   4  41   5  42   6  35   7  88   8  21   9  54  10  35  11  85  12  71  13  90  14  84  15  74  16  87  17  85  18  59  19  92 
  0  10   1  31   2  58   3  47   4  42   5  45   6  33   7  94   8  24   9  58  10  40  11  87  12  72  13  92  14  85  15  71  16  89  17  90  18  58  19  94 
  0   5   1  29   2  56   3  44   4  42   5  40   6  34   7  87   8  19   9  53  10  34  11  84  12  72  13  90  14  83  15  71  16  83  17  87  18  59  19  88 
  0  14   1  33   2  60   3  52   4  42   5  46   6  37   7  95   8  26   9  60  10  42  11  89  12  77  13  92  14  88  15  73  16  93  17  90  18  58  19  96 
  0  15   1  34   2  60   3  50   4  41   5  46   6  37   7  93   8  26   9  60  10  40  11  88  12  77  13  92  14  89  15  74  16  91  17  90  18  57  19  97 
  0  11   1  33   2  55   3  47   4  40   5  43   6  35   7  93   8  20   9  59  10  39  11  84  12  73  13  90  14  84  15  74  16  91  17  85  18  57  19  93 


