
 20  20

  0  61   1  64   2  30   3  58   4  29   5  35   6  66   7  18   8  89   9  30  10  80  11  52  12  38  13  50  14  56  15  66  16  56  17  24  18  64  19  64 
  0  63   1  66   2  30   3  59   4  29   5  37   6  70   7  20   8  89   9  29  10  78  11  53  12  36  13  50  14  55  15  71  16  56  17  27  18  63  19  64 
  0  59   1  63   2  30   3  54   4  30   5  35   6  65   7  16   8  87   9  30  10  77  11  52  12  35  13  50  14  54  15  65  16  53  17  22  18  62  19  62 
  0  62   1  65   2  31   3  57   4  33   5  35   6  66   7  17   8  92   9  30  10  80  11  53  12  37  13  49  14  57  15  67  16  57  17  27  18  66  19  62 
  0  67   1  64   2  31   3  62   4  32   5  35   6  72   7  23   8  96   9  32  10  81  11  54  12  37  13  51  14  58  15  74  16  63  17  27  18  70  19  64 
  0  68   1  66   2  30   3  60   4  32   5  35   6  72   7  21   8  93   9  33  10  81  11  54  12  36  13  49  14  58  15  72  16  58  17  27  18  70  19  62 
  0  59   1  64   2  31   3  54   4  29   5  35   6  64   7  14   8  87   9  29  10  77  11  52  12  36  13  49  14  54  15  65  16  55  17  22  18  63  19  63 
  0  59   1  62   2  31   3  54   4  32   5  35   6  66   7  17   8  88   9  31  10  80  11  53  12  37  13  50  14  57  15  69  16  53  17  22  18  62  19  62 
  0  61   1  64   2  31   3  58   4  29   5  35   6  65   7  16   8  88   9  29  10  77  11  52  12  37  13  51  14  56  15  70  16  55  17  24  18  63  19  64 
  0  66   1  65   2  30   3  58   4  30   5  35   6  72   7  19   8  95   9  33  10  81  11  54  12  39  13  50  14  55  15  69  16  61  17  26  18  67  19  62 
  0  65   1  62   2  30   3  58   4  31   5  37   6  70   7  19   8  92   9  30  10  77  11  53  12  38  13  50  14  58  15  72  16  60  17  25  18  65  19  63 
  0  66   1  63   2  32   3  62   4  32   5  35   6  71   7  23   8  97   9  32  10  81  11  54  12  39  13  51  14  58  15  75  16  61  17  28  18  67  19  63 
  0  64   1  64   2  30   3  57   4  29   5  35   6  70   7  20   8  89   9  32  10  79  11  52  12  36  13  51  14  54  15  71  16  55  17  26  18  64  19  64 
  0  68   1  66   2  32   3  58   4  32   5  35   6  74   7  21   8  97   9  33  10  78  11  53  12  38  13  49  14  58  15  74  16  59  17  28  18  70  19  64 
  0  59   1  62   2  30   3  54   4  29   5  35   6  66   7  14   8  90   9  30  10  77  11  53  12  37  13  49  14  56  15  67  16  53  17  25  18  63  19  62 
  0  59   1  63   2  30   3  54   4  32   5  35   6  68   7  14   8  90   9  30  10  79  11  52  12  36  13  49  14  55  15  69  16  56  17  24  18  62  19  63 
  0  59   1  64   2  30   3  54   4  29   5  35   6  64   7  14   8  89   9  29  10  77  11  54  12  37  13  51  14  54  15  66  16  53  17  22  18  63  19  62 
  0  66   1  66   2  32   3  57   4  31   5  37   6  70   7  19   8  91   9  31  10  80  11  52  12  36  13  51  14  56  15  70  16  58  17  25  18  66  19  62 
  0  68   1  66   2  32   3  59   4  32   5  37   6  72   7  21   8  97   9  33  10  81  11  52  12  37  13  49  14  57  15  72  16  60  17  25  18  68  19  64 
  0  65   1  65   2  32   3  60   4  31   5  37   6  70   7  18   8  95   9  32  10  77  11  52  12  36  13  50  14  58  15  72  16  57  17  25  18  67  19  62 


