
 20  20

  0  18   1  22   2  86   3  42   4  57   5  14   6  39   7  69   8  39   9  29  10  13  11  37  12  21  13  80  14  60  15  53  16  48  17  81  18  35  19  51 
  0  10   1  20   2  82   3  40   4  58   5   8   6  38   7  65   8  37   9  25  10   6  11  30  12  18  13  81  14  53  15  46  16  48  17  76  18  34  19  51 
  0  18   1  22   2  86   3  45   4  57   5  11   6  42   7  69   8  40   9  29  10  11  11  37  12  21  13  80  14  55  15  53  16  49  17  80  18  35  19  51 
  0  20   1  24   2  86   3  46   4  60   5  15   6  42   7  69   8  39   9  27  10  14  11  38  12  20  13  82  14  60  15  54  16  49  17  82  18  33  19  52 
  0  14   1  23   2  81   3  40   4  57   5   7   6  39   7  68   8  37   9  27  10   8  11  31  12  18  13  80  14  55  15  48  16  47  17  77  18  33  19  51 
  0  19   1  24   2  84   3  44   4  60   5  10   6  39   7  68   8  39   9  29  10   9  11  33  12  22  13  82  14  59  15  51  16  47  17  79  18  34  19  51 
  0  17   1  23   2  86   3  43   4  56   5  14   6  40   7  68   8  41   9  25  10  12  11  34  12  19  13  82  14  58  15  51  16  47  17  81  18  35  19  51 
  0  13   1  20   2  84   3  43   4  57   5  11   6  38   7  67   8  37   9  27  10   9  11  34  12  20  13  80  14  54  15  48  16  49  17  79  18  35  19  53 
  0  14   1  21   2  83   3  41   4  59   5   9   6  42   7  68   8  40   9  29  10  10  11  33  12  19  13  81  14  55  15  47  16  47  17  80  18  35  19  51 
  0  17   1  23   2  87   3  46   4  57   5  11   6  39   7  68   8  41   9  29  10  10  11  36  12  22  13  80  14  57  15  53  16  48  17  81  18  35  19  51 
  0  17   1  23   2  88   3  46   4  59   5  13   6  42   7  69   8  41   9  28  10  13  11  36  12  22  13  82  14  61  15  53  16  47  17  83  18  35  19  52 
  0  20   1  24   2  88   3  44   4  59   5  15   6  40   7  69   8  39   9  29  10  14  11  37  12  22  13  82  14  61  15  54  16  49  17  84  18  35  19  53 
  0  14   1  24   2  86   3  46   4  57   5  10   6  40   7  69   8  39   9  28  10  12  11  37  12  22  13  80  14  56  15  51  16  47  17  78  18  35  19  51 
  0  15   1  22   2  84   3  44   4  56   5   9   6  40   7  66   8  38   9  26  10  12  11  33  12  19  13  81  14  55  15  50  16  48  17  78  18  33  19  52 
  0  10   1  20   2  80   3  42   4  56   5   7   6  39   7  65   8  37   9  25  10   8  11  33  12  20  13  80  14  52  15  49  16  49  17  76  18  33  19  51 
  0  17   1  24   2  84   3  43   4  60   5  15   6  40   7  66   8  38   9  29  10  14  11  37  12  22  13  82  14  59  15  51  16  49  17  83  18  35  19  53 
  0  12   1  20   2  81   3  40   4  57   5   7   6  38   7  65   8  39   9  25  10   6  11  32  12  19  13  80  14  51  15  46  16  47  17  74  18  33  19  51 
  0  19   1  24   2  86   3  46   4  57   5  12   6  42   7  69   8  41   9  29  10  11  11  34  12  22  13  80  14  60  15  54  16  48  17  81  18  35  19  53 
  0  17   1  24   2  86   3  43   4  58   5  12   6  39   7  68   8  39   9  28  10  10  11  38  12  22  13  82  14  56  15  53  16  49  17  79  18  35  19  51 
  0  17   1  24   2  86   3  44   4  60   5  13   6  39   7  69   8  39   9  29  10  14  11  34  12  22  13  82  14  60  15  52  16  49  17  83  18  35  19  53 


