
 20  20

  0  47   1  88   2  62   3  37   4  84   5  18   6  57   7  94   8  29   9  53  10  64  11  92  12  37  13  88  14  86  15  55  16   7  17  62  18  49  19  37 
  0  48   1  88   2  63   3  41   4  82   5  19   6  58   7  94   8  30   9  54  10  63  11  92  12  38  13  88  14  87  15  54  16   8  17  63  18  51  19  39 
  0  48   1  89   2  61   3  40   4  82   5  19   6  57   7  94   8  29   9  57  10  65  11  95  12  40  13  89  14  88  15  59  16  14  17  64  18  53  19  38 
  0  51   1  90   2  64   3  44   4  82   5  19   6  57   7  97   8  30   9  58  10  66  11  92  12  39  13  88  14  91  15  58  16  14  17  66  18  54  19  40 
  0  47   1  88   2  62   3  37   4  82   5  19   6  58   7  95   8  27   9  55  10  63  11  92  12  40  13  88  14  86  15  57  16  11  17  63  18  52  19  37 
  0  52   1  88   2  64   3  47   4  84   5  18   6  59   7  99   8  35   9  57  10  67  11  95  12  45  13  91  14  95  15  62  16  14  17  66  18  54  19  41 
  0  45   1  89   2  60   3  37   4  82   5  19   6  58   7  94   8  27   9  54  10  63  11  92  12  37  13  84  14  86  15  56  16   7  17  62  18  51  19  37 
  0  55   1  90   2  61   3  47   4  84   5  19   6  58   7  98   8  34   9  58  10  64  11  94  12  43  13  92  14  92  15  60  16  16  17  64  18  55  19  39 
  0  54   1  88   2  63   3  46   4  83   5  18   6  59   7  99   8  32   9  56  10  64  11  96  12  43  13  89  14  92  15  61  16  15  17  64  18  56  19  41 
  0  51   1  89   2  63   3  41   4  82   5  19   6  58   7  96   8  31   9  59  10  63  11  93  12  42  13  89  14  91  15  61  16  14  17  65  18  56  19  41 
  0  50   1  89   2  63   3  41   4  82   5  17   6  57   7  95   8  28   9  56  10  66  11  92  12  39  13  86  14  88  15  59  16  12  17  62  18  54  19  37 
  0  48   1  90   2  60   3  43   4  82   5  17   6  58   7  93   8  30   9  57  10  63  11  93  12  38  13  87  14  87  15  57  16  12  17  63  18  54  19  37 
  0  55   1  90   2  61   3  47   4  84   5  19   6  59   7  96   8  33   9  56  10  67  11  95  12  42  13  90  14  92  15  60  16  14  17  63  18  56  19  41 
  0  49   1  90   2  63   3  43   4  82   5  19   6  57   7  98   8  28   9  56  10  64  11  94  12  41  13  87  14  91  15  57  16  13  17  63  18  50  19  40 
  0  53   1  90   2  62   3  47   4  84   5  19   6  57   7  98   8  32   9  58  10  67  11  93  12  45  13  94  14  92  15  62  16  15  17  63  18  54  19  39 
  0  45   1  88   2  61   3  37   4  84   5  17   6  59   7  95   8  27   9  53  10  63  11  92  12  37  13  84  14  87  15  54  16   9  17  62  18  49  19  38 
  0  52   1  90   2  60   3  42   4  82   5  17   6  59   7  95   8  31   9  55  10  63  11  92  12  44  13  88  14  91  15  61  16  15  17  66  18  55  19  37 
  0  45   1  88   2  62   3  37   4  82   5  17   6  57   7  95   8  29   9  54  10  63  11  93  12  38  13  84  14  85  15  54  16   8  17  63  18  49  19  37 
  0  55   1  90   2  64   3  46   4  84   5  19   6  59   7  99   8  34   9  59  10  67  11  96  12  44  13  92  14  95  15  62  16  14  17  64  18  54  19  41 
  0  51   1  88   2  61   3  42   4  83   5  17   6  58   7  97   8  32   9  57  10  65  11  96  12  41  13  89  14  90  15  59  16  10  17  66  18  53  19  38 


