
 20  20

  0  91   1  49   2  29   3  28   4  21   5  86   6  32   7  57   8  67   9  52  10  85  11  77  12  26  13  31  14   4  15  41  16   6  17  33  18  23  19  30 
  0  92   1  51   2  30   3  29   4  22   5  87   6  32   7  57   8  68   9  54  10  90  11  80  12  27  13  30  14   5  15  39  16   8  17  31  18  22  19  28 
  0  86   1  41   2  23   3  24   4  20   5  81   6  28   7  52   8  66   9  51  10  83  11  70  12  19  13  32  14   1  15  37  16   1  17  28  18  21  19  27 
  0  84   1  43   2  21   3  25   4  21   5  80   6  27   7  50   8  67   9  51  10  81  11  70  12  20  13  30  14   1  15  37  16   1  17  27  18  21  19  28 
  0  87   1  44   2  27   3  26   4  21   5  80   6  26   7  53   8  68   9  49  10  82  11  76  12  23  13  32  14   2  15  36  16   1  17  31  18  21  19  27 
  0  91   1  49   2  31   3  29   4  22   5  84   6  32   7  57   8  68   9  53  10  88  11  79  12  27  13  32  14   4  15  41  16   5  17  31  18  23  19  31 
  0  89   1  46   2  25   3  30   4  20   5  82   6  31   7  54   8  68   9  51  10  87  11  76  12  26  13  32  14   4  15  36  16   6  17  31  18  23  19  30 
  0  93   1  51   2  29   3  31   4  20   5  86   6  32   7  60   8  68   9  55  10  90  11  79  12  27  13  30  14   3  15  41  16   8  17  33  18  22  19  31 
  0  90   1  50   2  29   3  31   4  21   5  87   6  31   7  57   8  68   9  55  10  89  11  80  12  24  13  30  14   3  15  38  16   7  17  32  18  21  19  28 
  0  90   1  47   2  26   3  30   4  20   5  85   6  31   7  57   8  66   9  51  10  87  11  74  12  24  13  30  14   1  15  40  16   2  17  33  18  21  19  28 
  0  90   1  49   2  27   3  28   4  22   5  85   6  29   7  59   8  68   9  54  10  86  11  79  12  23  13  30  14   1  15  39  16   3  17  31  18  23  19  31 
  0  90   1  45   2  24   3  27   4  20   5  84   6  29   7  54   8  68   9  50  10  86  11  73  12  24  13  30  14   1  15  36  16   5  17  28  18  23  19  31 
  0  84   1  43   2  23   3  24   4  20   5  79   6  26   7  52   8  67   9  51  10  80  11  70  12  21  13  30  14   1  15  35  16   1  17  27  18  21  19  27 
  0  85   1  44   2  22   3  26   4  22   5  83   6  29   7  50   8  67   9  52  10  80  11  72  12  22  13  30  14   1  15  35  16   1  17  30  18  21  19  28 
  0  92   1  48   2  30   3  31   4  22   5  87   6  29   7  60   8  68   9  52  10  87  11  77  12  27  13  32  14   5  15  38  16   8  17  33  18  21  19  30 
  0  92   1  48   2  27   3  29   4  22   5  85   6  30   7  58   8  68   9  54  10  86  11  77  12  23  13  32  14   1  15  41  16   6  17  30  18  23  19  27 
  0  88   1  44   2  26   3  29   4  22   5  82   6  30   7  55   8  68   9  53  10  85  11  73  12  25  13  31  14   4  15  36  16   1  17  31  18  22  19  31 
  0  85   1  43   2  24   3  27   4  22   5  83   6  27   7  51   8  66   9  53  10  85  11  73  12  20  13  30  14   2  15  35  16   1  17  28  18  23  19  30 
  0  93   1  46   2  29   3  31   4  22   5  84   6  29   7  55   8  68   9  54  10  85  11  78  12  25  13  32  14   3  15  39  16   5  17  29  18  23  19  30 
  0  92   1  47   2  26   3  27   4  22   5  85   6  29   7  55   8  66   9  55  10  86  11  78  12  26  13  32  14   3  15  39  16   6  17  30  18  23  19  31 


