
 20  20

  0  32   1  42   2  14   3  59   4  33   5  69   6  22   7  52   8  47   9  10  10  43  11  58  12  91  13  80  14  75  15  94  16  47  17  81  18  98  19  56 
  0  29   1  42   2  12   3  57   4  34   5  69   6  21   7  52   8  45   9   7  10  43  11  58  12  91  13  78  14  75  15  93  16  46  17  83  18  95  19  53 
  0  30   1  38   2   8   3  59   4  32   5  68   6  22   7  52   8  45   9   5  10  42  11  58  12  89  13  77  14  73  15  90  16  46  17  83  18  91  19  51 
  0  29   1  38   2  11   3  59   4  34   5  66   6  20   7  52   8  45   9   6  10  43  11  60  12  90  13  82  14  75  15  95  16  46  17  81  18  95  19  55 
  0  23   1  36   2   9   3  56   4  32   5  63   6  20   7  52   8  45   9   4  10  38  11  58  12  88  13  79  14  74  15  89  16  43  17  81  18  88  19  48 
  0  30   1  41   2   9   3  56   4  33   5  68   6  22   7  51   8  47   9   7  10  42  11  60  12  87  13  79  14  75  15  91  16  45  17  83  18  92  19  51 
  0  32   1  40   2  11   3  58   4  33   5  71   6  22   7  52   8  47   9   8  10  42  11  60  12  89  13  82  14  74  15  93  16  48  17  83  18  98  19  54 
  0  27   1  36   2  10   3  56   4  34   5  67   6  20   7  50   8  46   9   7  10  41  11  58  12  88  13  79  14  75  15  91  16  46  17  83  18  93  19  51 
  0  27   1  37   2  10   3  56   4  34   5  63   6  20   7  52   8  45   9   4  10  40  11  60  12  87  13  77  14  74  15  92  16  42  17  83  18  90  19  49 
  0  23   1  34   2   8   3  56   4  32   5  63   6  20   7  50   8  45   9   6  10  37  11  59  12  87  13  78  14  75  15  89  16  41  17  81  18  91  19  47 
  0  29   1  40   2   9   3  59   4  34   5  67   6  21   7  52   8  46   9   7  10  39  11  60  12  87  13  81  14  75  15  90  16  46  17  83  18  93  19  52 
  0  32   1  42   2  11   3  58   4  33   5  69   6  22   7  52   8  46   9   8  10  41  11  60  12  89  13  82  14  73  15  95  16  46  17  83  18  93  19  55 
  0  33   1  42   2  12   3  60   4  33   5  71   6  22   7  52   8  45   9   9  10  43  11  60  12  91  13  82  14  73  15  93  16  48  17  83  18  96  19  55 
  0  25   1  37   2   6   3  57   4  32   5  63   6  21   7  50   8  47   9   5  10  38  11  60  12  90  13  80  14  75  15  89  16  43  17  82  18  91  19  49 
  0  30   1  39   2  14   3  60   4  32   5  68   6  22   7  52   8  45   9   8  10  41  11  58  12  91  13  82  14  75  15  95  16  46  17  83  18  97  19  57 
  0  32   1  41   2  13   3  60   4  34   5  68   6  20   7  52   8  47   9  10  10  42  11  60  12  91  13  78  14  73  15  92  16  47  17  83  18  97  19  56 
  0  33   1  42   2  12   3  60   4  34   5  71   6  20   7  51   8  46   9   8  10  43  11  60  12  89  13  81  14  75  15  94  16  49  17  83  18  96  19  56 
  0  23   1  37   2   8   3  58   4  33   5  63   6  22   7  50   8  46   9   4  10  38  11  58  12  88  13  76  14  75  15  91  16  41  17  83  18  88  19  50 
  0  23   1  38   2  10   3  56   4  32   5  63   6  22   7  50   8  45   9   7  10  39  11  58  12  87  13  76  14  73  15  90  16  43  17  81  18  88  19  50 
  0  30   1  42   2  12   3  59   4  32   5  71   6  22   7  50   8  47   9  10  10  43  11  60  12  91  13  79  14  75  15  92  16  48  17  83  18  96  19  57 


