
 20  20

  0  86   1  76   2  55   3  73   4  16   5  68   6  81   7  65   8  13   9   6  10  76  11  10  12  40  13  65  14  22  15  13  16  71  17  12  18  58  19  17 
  0  91   1  80   2  57   3  76   4  19   5  70   6  81   7  65   8  13   9   8  10  78  11  14  12  43  13  68  14  22  15  14  16  70  17  18  18  61  19  17 
  0  91   1  78   2  58   3  76   4  16   5  73   6  79   7  66   8  14   9  10  10  75  11  13  12  44  13  71  14  21  15  16  16  73  17  14  18  61  19  18 
  0  92   1  78   2  60   3  78   4  16   5  70   6  80   7  66   8  14   9  12  10  78  11  13  12  45  13  69  14  24  15  16  16  71  17  17  18  59  19  16 
  0  85   1  75   2  55   3  72   4  16   5  68   6  81   7  62   8  11   9   6  10  73  11   8  12  38  13  62  14  20  15   9  16  69  17  12  18  57  19  13 
  0  90   1  81   2  60   3  79   4  16   5  73   6  79   7  63   8  12   9  12  10  79  11  12  12  44  13  72  14  21  15  14  16  70  17  16  18  61  19  16 
  0  83   1  75   2  55   3  76   4  18   5  68   6  79   7  62   8  10   9   6  10  76  11   8  12  38  13  64  14  23  15   9  16  69  17  14  18  57  19  15 
  0  86   1  75   2  59   3  74   4  19   5  70   6  79   7  62   8  12   9   9  10  77  11  10  12  40  13  65  14  22  15  11  16  68  17  15  18  58  19  15 
  0  90   1  79   2  62   3  76   4  17   5  72   6  80   7  64   8  14   9  12  10  77  11  15  12  46  13  69  14  24  15  15  16  71  17  14  18  60  19  19 
  0  89   1  79   2  58   3  80   4  19   5  74   6  79   7  64   8  14   9  13  10  77  11  14  12  44  13  67  14  23  15  13  16  73  17  16  18  58  19  17 
  0  87   1  77   2  58   3  78   4  16   5  74   6  81   7  65   8  10   9  10  10  76  11  10  12  41  13  69  14  21  15  13  16  71  17  18  18  60  19  17 
  0  88   1  78   2  56   3  73   4  16   5  69   6  81   7  62   8  10   9   7  10  72  11   8  12  39  13  65  14  20  15  12  16  70  17  14  18  57  19  16 
  0  90   1  82   2  63   3  77   4  18   5  72   6  81   7  66   8  14   9  13  10  79  11  16  12  45  13  71  14  24  15  15  16  73  17  18  18  61  19  18 
  0  89   1  78   2  57   3  79   4  19   5  74   6  81   7  66   8  14   9   8  10  79  11  11  12  45  13  66  14  21  15  14  16  73  17  15  18  58  19  17 
  0  90   1  81   2  59   3  76   4  16   5  72   6  79   7  64   8  13   9   8  10  78  11  10  12  45  13  68  14  23  15  12  16  72  17  13  18  60  19  16 
  0  85   1  73   2  57   3  74   4  15   5  69   6  79   7  65   8  12   9   4  10  75  11   8  12  38  13  63  14  23  15  10  16  67  17  13  18  57  19  16 
  0  92   1  79   2  62   3  78   4  18   5  71   6  79   7  66   8  11   9  12  10  76  11  12  12  46  13  70  14  23  15  17  16  71  17  14  18  61  19  15 
  0  87   1  78   2  56   3  76   4  17   5  72   6  80   7  66   8  11   9   7  10  76  11   9  12  40  13  68  14  23  15  11  16  72  17  17  18  58  19  18 
  0  91   1  79   2  57   3  79   4  16   5  71   6  81   7  62   8  10   9   9  10  79  11  11  12  43  13  67  14  21  15  14  16  69  17  14  18  60  19  18 
  0  83   1  73   2  55   3  72   4  17   5  69   6  81   7  62   8  11   9   4  10  73  11   6  12  38  13  62  14  22  15  10  16  69  17  14  18  57  19  13 


