
 20  20

  0  84   1  13   2  66   3  32   4  37   5  20   6  90   7  88   8  28   9  22  10  37  11  91  12  73  13  51  14   7  15  53  16  21  17  83  18  88  19  88 
  0  83   1  11   2  62   3  31   4  37   5  18   6  88   7  84   8  26   9  17  10  32  11  91  12  72  13  51  14   7  15  47  16  19  17  81  18  88  19  89 
  0  85   1  11   2  64   3  32   4  40   5  19   6  91   7  88   8  29   9  21  10  37  11  89  12  71  13  50  14   5  15  53  16  19  17  83  18  88  19  90 
  0  82   1  13   2  59   3  28   4  35   5  20   6  84   7  82   8  23   9  17  10  29  11  89  12  71  13  50  14   7  15  47  16  20  17  80  18  88  19  88 
  0  76   1  13   2  57   3  26   4  33   5  17   6  83   7  82   8  23   9  15  10  28  11  87  12  71  13  45  14   6  15  46  16  19  17  79  18  85  19  86 
  0  79   1  11   2  59   3  31   4  36   5  17   6  87   7  86   8  25   9  18  10  31  11  89  12  73  13  51  14   6  15  50  16  19  17  79  18  87  19  85 
  0  82   1  13   2  62   3  31   4  37   5  21   6  90   7  85   8  24   9  17  10  34  11  90  12  73  13  51  14   7  15  50  16  21  17  82  18  87  19  86 
  0  76   1  11   2  57   3  29   4  34   5  17   6  84   7  82   8  23   9  14  10  30  11  89  12  72  13  49  14   7  15  49  16  19  17  82  18  85  19  84 
  0  84   1  11   2  64   3  29   4  38   5  21   6  90   7  88   8  28   9  21  10  35  11  88  12  71  13  52  14   6  15  50  16  19  17  80  18  86  19  87 
  0  86   1  11   2  66   3  32   4  40   5  19   6  90   7  86   8  28   9  22  10  37  11  91  12  73  13  51  14   6  15  52  16  21  17  81  18  88  19  90 
  0  79   1  13   2  60   3  28   4  33   5  18   6  86   7  83   8  26   9  16  10  30  11  88  12  73  13  50  14   5  15  49  16  21  17  79  18  88  19  87 
  0  78   1  13   2  61   3  29   4  34   5  17   6  84   7  85   8  22   9  17  10  29  11  87  12  73  13  46  14   7  15  47  16  21  17  82  18  87  19  85 
  0  78   1  13   2  60   3  27   4  33   5  20   6  84   7  84   8  24   9  17  10  33  11  91  12  73  13  46  14   7  15  50  16  21  17  82  18  89  19  86 
  0  80   1  11   2  62   3  29   4  35   5  17   6  87   7  83   8  26   9  18  10  31  11  87  12  71  13  46  14   5  15  47  16  21  17  83  18  86  19  86 
  0  81   1  11   2  59   3  30   4  33   5  19   6  85   7  83   8  23   9  18  10  32  11  90  12  73  13  50  14   7  15  47  16  21  17  82  18  86  19  89 
  0  83   1  13   2  65   3  28   4  39   5  19   6  90   7  84   8  25   9  17  10  34  11  89  12  73  13  49  14   7  15  52  16  19  17  83  18  89  19  89 
  0  77   1  11   2  59   3  26   4  31   5  20   6  86   7  83   8  23   9  16  10  30  11  88  12  71  13  47  14   5  15  45  16  19  17  82  18  85  19  87 
  0  78   1  11   2  57   3  28   4  33   5  18   6  82   7  83   8  23   9  13  10  30  11  87  12  73  13  45  14   7  15  45  16  21  17  80  18  85  19  84 
  0  82   1  13   2  60   3  27   4  33   5  19   6  86   7  83   8  24   9  19  10  31  11  88  12  73  13  51  14   6  15  47  16  20  17  80  18  88  19  88 
  0  80   1  11   2  58   3  27   4  34   5  21   6  88   7  84   8  25   9  15  10  30  11  88  12  73  13  48  14   7  15  50  16  21  17  80  18  87  19  87 


