
 20  20

  0  52   1  63   2  82   3  52   4   3   5  57   6  53   7  31   8  66   9  50  10   6  11   7  12  83  13  52  14  79  15  83  16  87  17  22  18  80  19   4 
  0  51   1  62   2  82   3  50   4   4   5  56   6  53   7  32   8  62   9  49  10   6  11   5  12  83  13  49  14  76  15  82  16  85  17  21  18  78  19   4 
  0  52   1  66   2  82   3  53   4   4   5  60   6  57   7  30   8  63   9  50  10   6  11  11  12  85  13  55  14  80  15  84  16  86  17  21  18  82  19   5 
  0  46   1  61   2  82   3  53   4   3   5  56   6  50   7  31   8  62   9  51  10   6  11   5  12  79  13  48  14  76  15  80  16  83  17  20  18  76  19   2 
  0  46   1  58   2  80   3  52   4   2   5  54   6  49   7  29   8  62   9  48  10   8  11   3  12  77  13  49  14  73  15  80  16  84  17  19  18  76  19   1 
  0  45   1  58   2  80   3  49   4   3   5  54   6  47   7  30   8  63   9  47  10   5  11   3  12  76  13  45  14  71  15  80  16  82  17  21  18  74  19   1 
  0  46   1  58   2  80   3  51   4   4   5  53   6  48   7  29   8  62   9  49  10   6  11   2  12  75  13  48  14  70  15  81  16  83  17  19  18  74  19   1 
  0  49   1  61   2  82   3  52   4   4   5  58   6  51   7  31   8  64   9  53  10   9  11   7  12  83  13  50  14  76  15  80  16  84  17  20  18  81  19   4 
  0  52   1  63   2  81   3  50   4   2   5  58   6  53   7  33   8  66   9  51  10   8  11   9  12  85  13  54  14  77  15  83  16  89  17  21  18  82  19   6 
  0  50   1  62   2  80   3  52   4   2   5  57   6  53   7  32   8  63   9  52  10   7  11   5  12  81  13  52  14  76  15  83  16  84  17  20  18  76  19   4 
  0  50   1  63   2  82   3  51   4   2   5  60   6  52   7  33   8  66   9  51  10   8  11   6  12  80  13  51  14  78  15  84  16  88  17  21  18  79  19   4 
  0  44   1  60   2  82   3  50   4   3   5  56   6  51   7  29   8  64   9  47  10   5  11   5  12  78  13  49  14  72  15  80  16  86  17  20  18  79  19   3 
  0  43   1  59   2  81   3  49   4   2   5  51   6  47   7  30   8  62   9  47  10   6  11   1  12  77  13  45  14  70  15  81  16  82  17  19  18  74  19   1 
  0  47   1  64   2  81   3  51   4   2   5  55   6  55   7  30   8  65   9  49  10   9  11   7  12  82  13  49  14  76  15  83  16  85  17  23  18  79  19   4 
  0  45   1  63   2  81   3  51   4   3   5  55   6  51   7  32   8  66   9  49  10   7  11   5  12  78  13  50  14  76  15  82  16  86  17  22  18  78  19   2 
  0  45   1  60   2  82   3  49   4   4   5  51   6  48   7  31   8  62   9  47  10   5  11   3  12  76  13  45  14  70  15  82  16  81  17  20  18  76  19   1 
  0  47   1  59   2  81   3  52   4   2   5  56   6  50   7  32   8  65   9  49  10   6  11   4  12  79  13  49  14  75  15  80  16  85  17  19  18  78  19   1 
  0  50   1  66   2  81   3  53   4   4   5  56   6  54   7  31   8  64   9  49  10   6  11  10  12  84  13  53  14  75  15  83  16  85  17  23  18  82  19   6 
  0  45   1  58   2  81   3  50   4   2   5  54   6  47   7  30   8  62   9  47  10   7  11   2  12  75  13  48  14  70  15  81  16  83  17  20  18  74  19   1 
  0  48   1  63   2  82   3  51   4   4   5  57   6  52   7  30   8  65   9  51  10   8  11   3  12  77  13  48  14  72  15  84  16  83  17  22  18  75  19   1 


