
 20  20

  0  52   1  54   2  15   3  80   4  49   5  73   6  86   7  27   8  41   9  42  10  14  11  78  12  26  13  50  14  14  15  18  16  39  17  72  18  86  19   7 
  0  54   1  52   2  15   3  82   4  49   5  71   6  84   7  27   8  42   9  42  10  14  11  77  12  25  13  50  14  16  15  17  16  39  17  71  18  87  19   8 
  0  58   1  55   2  19   3  81   4  55   5  73   6  92   7  32   8  49   9  49  10  15  11  82  12  27  13  54  14  16  15  19  16  40  17  81  18  91  19  15 
  0  60   1  58   2  19   3  82   4  53   5  73   6  94   7  31   8  49   9  52  10  16  11  83  12  25  13  54  14  16  15  18  16  42  17  81  18  91  19  17 
  0  60   1  57   2  16   3  82   4  53   5  73   6  92   7  29   8  45   9  46  10  16  11  79  12  27  13  52  14  14  15  19  16  42  17  77  18  87  19  12 
  0  57   1  53   2  17   3  80   4  51   5  73   6  87   7  27   8  44   9  44  10  14  11  79  12  26  13  52  14  16  15  19  16  39  17  72  18  90  19   8 
  0  58   1  56   2  20   3  82   4  52   5  73   6  91   7  33   8  45   9  48  10  16  11  82  12  26  13  54  14  16  15  19  16  42  17  81  18  90  19  16 
  0  53   1  52   2  15   3  82   4  52   5  71   6  87   7  28   8  43   9  42  10  14  11  77  12  25  13  51  14  14  15  17  16  40  17  71  18  88  19   9 
  0  60   1  58   2  21   3  80   4  53   5  73   6  94   7  32   8  48   9  51  10  16  11  83  12  27  13  54  14  16  15  19  16  43  17  81  18  92  19  14 
  0  55   1  55   2  19   3  82   4  53   5  71   6  89   7  29   8  41   9  47  10  15  11  81  12  26  13  50  14  16  15  17  16  40  17  72  18  89  19  11 
  0  57   1  53   2  18   3  82   4  54   5  73   6  90   7  31   8  45   9  48  10  15  11  79  12  25  13  52  14  14  15  17  16  41  17  74  18  88  19  14 
  0  57   1  54   2  19   3  80   4  50   5  72   6  88   7  28   8  44   9  46  10  15  11  78  12  25  13  53  14  14  15  19  16  43  17  76  18  87  19  12 
  0  52   1  54   2  15   3  82   4  49   5  71   6  85   7  27   8  41   9  43  10  14  11  77  12  27  13  51  14  14  15  17  16  41  17  71  18  86  19   7 
  0  59   1  54   2  17   3  82   4  51   5  71   6  88   7  30   8  46   9  47  10  16  11  81  12  25  13  52  14  16  15  18  16  42  17  75  18  87  19  14 
  0  55   1  54   2  16   3  80   4  51   5  73   6  87   7  31   8  46   9  48  10  15  11  82  12  27  13  52  14  15  15  19  16  40  17  75  18  91  19  11 
  0  59   1  58   2  20   3  81   4  53   5  72   6  90   7  33   8  47   9  47  10  14  11  80  12  27  13  52  14  15  15  17  16  43  17  79  18  90  19  12 
  0  58   1  58   2  19   3  82   4  54   5  72   6  89   7  29   8  45   9  47  10  16  11  80  12  27  13  51  14  14  15  17  16  43  17  80  18  88  19  13 
  0  56   1  57   2  17   3  82   4  50   5  71   6  88   7  32   8  43   9  48  10  14  11  82  12  25  13  53  14  15  15  18  16  40  17  77  18  89  19  14 
  0  59   1  58   2  19   3  80   4  55   5  73   6  92   7  33   8  49   9  52  10  16  11  80  12  27  13  54  14  16  15  18  16  42  17  79  18  92  19  17 
  0  54   1  53   2  19   3  82   4  49   5  73   6  85   7  28   8  44   9  44  10  16  11  77  12  27  13  53  14  14  15  17  16  41  17  73  18  89  19  10 


