
 20  20

  0  40   1   8   2  37   3  10   4  35   5  90   6  21   7   8   8  52   9  58  10  57  11  23  12  94  13  87  14  64  15  35  16  56  17  12  18  44  19  29 
  0  42   1   8   2  37   3  10   4  36   5  92   6  18   7   7   8  49   9  60  10  55  11  21  12  94  13  85  14  60  15  34  16  56  17  10  18  41  19  29 
  0  40   1   5   2  37   3  12   4  35   5  91   6  19   7   9   8  50   9  58  10  54  11  16  12  94  13  86  14  60  15  35  16  57  17   9  18  43  19  27 
  0  34   1   5   2  31   3  10   4  30   5  86   6  18   7   6   8  49   9  58  10  54  11  13  12  92  13  82  14  59  15  28  16  55  17   4  18  37  19  27 
  0  42   1   8   2  38   3  11   4  37   5  94   6  19   7  10   8  52   9  57  10  56  11  22  12  95  13  87  14  61  15  35  16  58  17  10  18  45  19  30 
  0  38   1   8   2  36   3  10   4  35   5  89   6  18   7   9   8  49   9  59  10  58  11  19  12  96  13  87  14  62  15  35  16  57  17  10  18  43  19  29 
  0  38   1   5   2  34   3  12   4  30   5  90   6  20   7   6   8  48   9  56  10  54  11  17  12  92  13  83  14  59  15  31  16  56  17   5  18  42  19  27 
  0  38   1   4   2  32   3  11   4  30   5  84   6  18   7   8   8  49   9  57  10  57  11  15  12  95  13  81  14  59  15  29  16  54  17   6  18  40  19  27 
  0  41   1   7   2  37   3  12   4  34   5  93   6  18   7   9   8  52   9  57  10  58  11  19  12  96  13  85  14  61  15  36  16  55  17  10  18  44  19  28 
  0  44   1   6   2  38   3  12   4  35   5  91   6  18   7  10   8  52   9  60  10  55  11  22  12  96  13  89  14  63  15  37  16  57  17  12  18  42  19  31 
  0  41   1   8   2  35   3  12   4  32   5  88   6  18   7   9   8  49   9  58  10  58  11  21  12  93  13  87  14  62  15  35  16  55  17   8  18  39  19  30 
  0  38   1   6   2  32   3  10   4  32   5  86   6  19   7   6   8  50   9  58  10  56  11  13  12  92  13  82  14  58  15  28  16  56  17   7  18  41  19  28 
  0  40   1   6   2  37   3  10   4  34   5  91   6  18   7   7   8  49   9  60  10  55  11  19  12  94  13  88  14  63  15  38  16  58  17   9  18  43  19  30 
  0  41   1   4   2  38   3  11   4  36   5  91   6  20   7   8   8  48   9  56  10  55  11  17  12  93  13  88  14  63  15  34  16  56  17  10  18  43  19  29 
  0  40   1   5   2  38   3  12   4  33   5  93   6  21   7   9   8  50   9  59  10  58  11  21  12  95  13  85  14  61  15  37  16  58  17  10  18  44  19  30 
  0  36   1   5   2  37   3  10   4  30   5  89   6  17   7   9   8  48   9  56  10  54  11  19  12  95  13  83  14  60  15  31  16  57  17   6  18  41  19  27 
  0  34   1   4   2  32   3  10   4  32   5  87   6  17   7   6   8  48   9  58  10  56  11  13  12  95  13  82  14  58  15  32  16  54  17   4  18  38  19  28 
  0  36   1   5   2  31   3  10   4  29   5  85   6  18   7   7   8  48   9  57  10  54  11  16  12  92  13  81  14  58  15  31  16  55  17   7  18  40  19  27 
  0  34   1   7   2  31   3  10   4  30   5  86   6  18   7   7   8  51   9  56  10  54  11  13  12  92  13  83  14  59  15  28  16  55  17   5  18  40  19  27 
  0  39   1   8   2  36   3  12   4  32   5  91   6  19   7  10   8  52   9  57  10  57  11  22  12  96  13  88  14  63  15  35  16  58  17   7  18  44  19  31 


