
 20  20

  0  35   1  32   2  35   3  87   4  83   5  83   6  57   7  51   8  27   9  91  10  48  11  42  12  32  13  79  14  12  15  27  16  90  17  45  18  12  19  58 
  0  31   1  28   2  35   3  88   4  82   5  82   6  57   7  48   8  27   9  89  10  50  11  43  12  31  13  80  14  12  15  26  16  87  17  47  18  15  19  58 
  0  35   1  32   2  37   3  87   4  82   5  84   6  58   7  48   8  29   9  92  10  47  11  45  12  33  13  82  14  15  15  28  16  91  17  47  18  16  19  61 
  0  33   1  29   2  37   3  87   4  79   5  79   6  59   7  48   8  27   9  89  10  47  11  40  12  31  13  77  14  15  15  26  16  89  17  47  18  13  19  57 
  0  36   1  31   2  36   3  89   4  82   5  83   6  59   7  52   8  26   9  95  10  48  11  42  12  36  13  80  14  16  15  26  16  90  17  47  18  17  19  60 
  0  41   1  32   2  37   3  89   4  84   5  88   6  58   7  52   8  29   9  96  10  48  11  47  12  36  13  84  14  16  15  28  16  91  17  52  18  18  19  65 
  0  37   1  31   2  35   3  89   4  82   5  85   6  59   7  49   8  29   9  94  10  49  11  45  12  35  13  78  14  15  15  28  16  88  17  47  18  16  19  62 
  0  31   1  28   2  35   3  87   4  79   5  79   6  57   7  50   8  25   9  89  10  49  11  40  12  33  13  78  14  12  15  26  16  87  17  45  18  11  19  57 
  0  33   1  29   2  35   3  87   4  83   5  84   6  59   7  48   8  27   9  90  10  49  11  41  12  36  13  77  14  14  15  28  16  90  17  45  18  13  19  62 
  0  41   1  32   2  37   3  89   4  85   5  86   6  59   7  52   8  27   9  97  10  48  11  45  12  39  13  82  14  16  15  28  16  91  17  48  18  17  19  64 
  0  36   1  30   2  35   3  87   4  81   5  82   6  57   7  49   8  25   9  92  10  47  11  40  12  31  13  80  14  12  15  26  16  87  17  47  18  13  19  57 
  0  39   1  34   2  36   3  87   4  83   5  86   6  58   7  52   8  29   9  97  10  51  11  46  12  36  13  84  14  16  15  27  16  90  17  52  18  17  19  64 
  0  40   1  32   2  36   3  89   4  84   5  86   6  58   7  52   8  29   9  97  10  51  11  48  12  36  13  84  14  16  15  26  16  91  17  52  18  19  19  66 
  0  34   1  28   2  35   3  89   4  79   5  79   6  57   7  48   8  26   9  91  10  47  11  40  12  31  13  76  14  14  15  28  16  89  17  47  18  14  19  57 
  0  31   1  29   2  35   3  87   4  81   5  79   6  57   7  50   8  26   9  89  10  47  11  40  12  31  13  77  14  12  15  26  16  87  17  44  18  13  19  57 
  0  35   1  31   2  35   3  87   4  82   5  84   6  57   7  52   8  26   9  94  10  50  11  45  12  35  13  77  14  14  15  27  16  90  17  47  18  15  19  60 
  0  33   1  28   2  35   3  88   4  82   5  81   6  57   7  49   8  24   9  93  10  47  11  44  12  33  13  80  14  12  15  27  16  88  17  46  18  14  19  57 
  0  41   1  34   2  37   3  89   4  85   5  88   6  59   7  52   8  29   9  96  10  51  11  46  12  36  13  81  14  15  15  28  16  91  17  52  18  19  19  63 
  0  41   1  34   2  36   3  89   4  85   5  87   6  59   7  51   8  28   9  96  10  49  11  47  12  39  13  84  14  16  15  26  16  89  17  52  18  18  19  65 
  0  40   1  30   2  36   3  87   4  82   5  86   6  59   7  49   8  28   9  95  10  51  11  46  12  37  13  84  14  16  15  26  16  91  17  50  18  15  19  62 


