
 20  20

  0  21   1  17   2  20   3  74   4  16   5  24   6  77   7  63   8  17   9  22  10  16  11  19  12  51  13  84  14  86  15  73  16  90  17  44  18  47  19  62 
  0  29   1  17   2  20   3  75   4  18   5  31   6  79   7  67   8  24   9  27  10  18  11  22  12  57  13  85  14  85  15  72  16  96  17  47  18  46  19  63 
  0  26   1  16   2  20   3  72   4  19   5  29   6  77   7  69   8  21   9  24  10  21  11  20  12  54  13  86  14  87  15  75  16  97  17  46  18  47  19  62 
  0  23   1  17   2  21   3  72   4  21   5  30   6  77   7  66   8  22   9  24  10  20  11  20  12  53  13  86  14  85  15  75  16  95  17  47  18  46  19  64 
  0  24   1  17   2  20   3  76   4  21   5  28   6  79   7  64   8  19   9  24  10  19  11  21  12  54  13  86  14  85  15  74  16  94  17  47  18  48  19  61 
  0  31   1  15   2  22   3  76   4  23   5  32   6  79   7  69   8  23   9  28  10  22  11  23  12  59  13  85  14  87  15  77  16  98  17  48  18  48  19  64 
  0  26   1  17   2  22   3  72   4  16   5  28   6  77   7  63   8  21   9  24  10  18  11  19  12  53  13  85  14  85  15  71  16  90  17  43  18  47  19  60 
  0  30   1  15   2  22   3  76   4  23   5  33   6  79   7  69   8  24   9  28  10  22  11  23  12  57  13  86  14  86  15  75  16  96  17  48  18  48  19  62 
  0  24   1  17   2  22   3  73   4  21   5  31   6  78   7  64   8  19   9  27  10  21  11  23  12  53  13  84  14  87  15  73  16  96  17  45  18  47  19  63 
  0  24   1  17   2  20   3  72   4  20   5  30   6  78   7  63   8  20   9  26  10  16  11  20  12  55  13  85  14  87  15  72  16  94  17  46  18  48  19  61 
  0  26   1  17   2  22   3  75   4  19   5  29   6  78   7  68   8  24   9  26  10  21  11  22  12  57  13  86  14  85  15  76  16  97  17  46  18  48  19  64 
  0  25   1  16   2  20   3  75   4  18   5  25   6  78   7  64   8  20   9  25  10  17  11  22  12  51  13  84  14  85  15  74  16  91  17  43  18  48  19  62 
  0  29   1  15   2  22   3  76   4  19   5  29   6  79   7  68   8  23   9  24  10  20  11  20  12  58  13  86  14  85  15  73  16  96  17  48  18  46  19  63 
  0  23   1  15   2  20   3  72   4  18   5  25   6  77   7  66   8  19   9  24  10  20  11  21  12  56  13  85  14  85  15  73  16  95  17  47  18  48  19  63 
  0  21   1  17   2  22   3  74   4  15   5  25   6  77   7  64   8  18   9  22  10  17  11  19  12  52  13  85  14  85  15  71  16  91  17  43  18  48  19  61 
  0  27   1  17   2  22   3  74   4  18   5  27   6  77   7  64   8  21   9  27  10  20  11  23  12  56  13  85  14  87  15  74  16  95  17  47  18  47  19  62 
  0  25   1  17   2  21   3  75   4  17   5  30   6  79   7  66   8  18   9  23  10  20  11  23  12  56  13  85  14  85  15  75  16  92  17  48  18  47  19  63 
  0  27   1  17   2  20   3  76   4  19   5  30   6  78   7  66   8  21   9  24  10  20  11  23  12  54  13  83  14  85  15  77  16  95  17  49  18  47  19  64 
  0  24   1  16   2  20   3  76   4  20   5  29   6  77   7  67   8  23   9  23  10  20  11  22  12  55  13  83  14  85  15  73  16  93  17  47  18  46  19  64 
  0  25   1  15   2  22   3  76   4  18   5  28   6  78   7  68   8  21   9  26  10  22  11  20  12  55  13  84  14  87  15  76  16  93  17  47  18  46  19  61 


