
 20  20

  0  31   1  21   2   5   3  82   4  13   5  42   6  11   7  62   8   3   9  52  10  16  11   8  12  46  13  25  14  62  15  87  16  62  17  39  18   3  19  53 
  0  30   1  20   2   5   3  78   4  15   5  41   6  11   7  62   8   4   9  54  10  15  11   7  12  43  13  27  14  63  15  89  16  59  17  40  18   5  19  56 
  0  30   1  23   2   5   3  80   4  11   5  43   6  13   7  62   8   4   9  54  10  13  11   6  12  45  13  22  14  63  15  88  16  59  17  40  18   3  19  52 
  0  27   1  20   2   5   3  77   4  10   5  41   6  12   7  59   8   6   9  52  10  14  11   5  12  45  13  22  14  63  15  89  16  58  17  40  18   5  19  52 
  0  34   1  26   2   6   3  85   4  17   5  41   6  16   7  62   8  10   9  54  10  18  11   7  12  46  13  28  14  67  15  89  16  61  17  44  18   8  19  59 
  0  32   1  25   2   7   3  83   4  15   5  42   6  14   7  63   8   6   9  53  10  16  11   5  12  43  13  27  14  67  15  87  16  63  17  42  18   7  19  56 
  0  28   1  24   2   7   3  80   4  12   5  43   6  11   7  61   8   4   9  53  10  12  11   6  12  43  13  25  14  65  15  88  16  60  17  37  18   5  19  54 
  0  30   1  25   2   7   3  83   4  11   5  41   6  16   7  63   8   7   9  52  10  13  11   6  12  45  13  24  14  65  15  89  16  62  17  41  18   5  19  57 
  0  34   1  23   2   5   3  85   4  12   5  43   6  15   7  63   8   5   9  52  10  15  11   7  12  44  13  27  14  65  15  89  16  63  17  42  18   9  19  56 
  0  36   1  24   2   7   3  86   4  16   5  42   6  15   7  63   8  11   9  54  10  18  11   9  12  47  13  27  14  67  15  89  16  64  17  42  18  12  19  58 
  0  27   1  22   2   5   3  77   4  10   5  41   6  11   7  59   8   5   9  54  10  12  11   5  12  45  13  24  14  62  15  88  16  58  17  39  18   4  19  54 
  0  28   1  21   2   5   3  79   4  13   5  43   6  13   7  59   8   6   9  53  10  14  11   8  12  45  13  26  14  63  15  87  16  60  17  39  18   7  19  56 
  0  32   1  22   2   7   3  84   4  14   5  43   6  14   7  62   8   7   9  54  10  15  11   6  12  46  13  25  14  66  15  88  16  62  17  43  18   5  19  56 
  0  33   1  22   2   7   3  80   4  12   5  41   6  15   7  60   8   7   9  53  10  16  11   5  12  44  13  23  14  63  15  88  16  59  17  39  18   5  19  55 
  0  29   1  23   2   5   3  77   4  11   5  41   6  11   7  59   8   5   9  53  10  15  11   5  12  46  13  23  14  64  15  87  16  58  17  41  18   2  19  52 
  0  31   1  20   2   7   3  80   4  12   5  43   6  13   7  63   8   5   9  52  10  12  11   5  12  43  13  24  14  64  15  89  16  59  17  41  18   3  19  55 
  0  31   1  25   2   7   3  83   4  16   5  43   6  13   7  63   8   8   9  53  10  14  11   9  12  43  13  28  14  66  15  89  16  59  17  43  18   5  19  54 
  0  31   1  24   2   7   3  81   4  13   5  43   6  12   7  60   8   7   9  52  10  14  11   7  12  47  13  27  14  65  15  89  16  60  17  43  18   6  19  58 
  0  35   1  25   2   6   3  87   4  16   5  43   6  17   7  65   8  10   9  56  10  18  11   9  12  47  13  30  14  68  15  89  16  64  17  43  18  12  19  58 
  0  33   1  26   2   7   3  87   4  18   5  43   6  14   7  65   8  11   9  53  10  15  11   9  12  44  13  26  14  65  15  88  16  62  17  42  18   9  19  60 


