
 20  20

  0  65   1  72   2  51   3  67   4  32   5  37   6  48   7  51   8  41   9  56  10  69  11  56  12  91  13  38  14  28  15  82  16  36  17  21  18  40  19   8 
  0  61   1  71   2  46   3  61   4  29   5  38   6  44   7  48   8  39   9  48  10  67  11  51  12  89  13  35  14  29  15  78  16  32  17  17  18  37  19   2 
  0  64   1  73   2  49   3  66   4  32   5  38   6  47   7  51   8  43   9  56  10  68  11  57  12  91  13  38  14  30  15  80  16  37  17  21  18  42  19   8 
  0  55   1  70   2  41   3  61   4  26   5  34   6  41   7  47   8  37   9  46  10  67  11  51  12  89  13  35  14  28  15  72  16  32  17  17  18  36  19   1 
  0  64   1  73   2  50   3  66   4  31   5  38   6  48   7  51   8  43   9  56  10  69  11  57  12  91  13  36  14  30  15  82  16  38  17  20  18  40  19   7 
  0  59   1  70   2  44   3  61   4  26   5  35   6  41   7  47   8  38   9  47  10  67  11  53  12  89  13  34  14  26  15  74  16  32  17  17  18  39  19   1 
  0  64   1  73   2  50   3  67   4  32   5  37   6  48   7  51   8  43   9  54  10  69  11  56  12  91  13  36  14  28  15  82  16  36  17  20  18  40  19   8 
  0  59   1  73   2  46   3  65   4  31   5  36   6  46   7  50   8  41   9  53  10  69  11  53  12  90  13  37  14  29  15  79  16  34  17  17  18  38  19   4 
  0  57   1  71   2  42   3  61   4  27   5  34   6  40   7  47   8  37   9  47  10  69  11  52  12  90  13  34  14  26  15  72  16  34  17  17  18  37  19   1 
  0  58   1  71   2  43   3  65   4  29   5  34   6  41   7  47   8  41   9  47  10  69  11  53  12  89  13  37  14  28  15  77  16  34  17  19  18  39  19   1 
  0  57   1  70   2  42   3  61   4  28   5  37   6  40   7  47   8  40   9  48  10  67  11  54  12  89  13  36  14  29  15  73  16  32  17  18  18  36  19   1 
  0  61   1  71   2  51   3  65   4  31   5  38   6  46   7  50   8  40   9  55  10  69  11  56  12  91  13  36  14  27  15  81  16  35  17  21  18  41  19   7 
  0  62   1  72   2  44   3  65   4  29   5  34   6  45   7  48   8  42   9  51  10  69  11  56  12  89  13  36  14  28  15  78  16  34  17  20  18  40  19   2 
  0  56   1  71   2  43   3  63   4  26   5  34   6  41   7  48   8  38   9  46  10  67  11  52  12  89  13  34  14  27  15  72  16  34  17  17  18  36  19   1 
  0  58   1  69   2  47   3  65   4  27   5  36   6  46   7  50   8  38   9  52  10  68  11  52  12  91  13  38  14  29  15  75  16  35  17  20  18  37  19   4 
  0  65   1  72   2  49   3  66   4  29   5  38   6  47   7  51   8  43   9  53  10  69  11  55  12  91  13  35  14  30  15  82  16  38  17  21  18  42  19   7 
  0  59   1  70   2  45   3  65   4  30   5  36   6  42   7  49   8  42   9  49  10  69  11  54  12  90  13  38  14  26  15  76  16  34  17  19  18  41  19   4 
  0  58   1  71   2  41   3  64   4  27   5  34   6  41   7  47   8  40   9  49  10  67  11  52  12  89  13  36  14  28  15  72  16  34  17  19  18  36  19   1 
  0  60   1  72   2  44   3  66   4  31   5  35   6  45   7  51   8  41   9  49  10  67  11  56  12  89  13  38  14  30  15  77  16  34  17  17  18  37  19   1 
  0  59   1  71   2  46   3  63   4  31   5  37   6  45   7  49   8  41   9  53  10  67  11  55  12  90  13  35  14  30  15  79  16  37  17  18  18  38  19   3 


