
 20  20

  0  58   1   4   2  15   3  17   4  38   5  83   6  12   7  31   8  88   9  63  10  29  11  25  12  55  13  61  14  16  15  27  16  61  17  84  18  53  19  36 
  0  58   1   6   2  13   3  19   4  40   5  82   6  11   7  33   8  88   9  61  10  30  11  24  12  53  13  61  14  17  15  27  16  62  17  82  18  50  19  35 
  0  68   1   4   2  20   3  19   4  46   5  83   6  13   7  35   8  92   9  70  10  31  11  29  12  58  13  62  14  22  15  33  16  62  17  90  18  56  19  41 
  0  64   1   4   2  19   3  19   4  47   5  82   6  11   7  34   8  90   9  66  10  30  11  30  12  58  13  61  14  19  15  33  16  63  17  88  18  56  19  39 
  0  61   1   4   2  15   3  17   4  40   5  82   6  11   7  33   8  90   9  63  10  31  11  25  12  53  13  61  14  17  15  31  16  62  17  86  18  51  19  37 
  0  65   1   5   2  21   3  17   4  45   5  84   6  11   7  33   8  92   9  71  10  31  11  32  12  56  13  63  14  20  15  33  16  65  17  90  18  54  19  41 
  0  63   1   5   2  20   3  18   4  41   5  82   6  13   7  34   8  92   9  64  10  29  11  27  12  55  13  61  14  17  15  28  16  62  17  85  18  54  19  39 
  0  64   1   4   2  17   3  17   4  42   5  85   6  13   7  32   8  89   9  68  10  29  11  29  12  54  13  61  14  19  15  28  16  65  17  87  18  53  19  36 
  0  64   1   4   2  20   3  17   4  43   5  81   6  11   7  32   8  91   9  66  10  29  11  26  12  55  13  63  14  17  15  28  16  64  17  84  18  51  19  39 
  0  62   1   6   2  20   3  19   4  43   5  85   6  11   7  31   8  88   9  67  10  30  11  30  12  57  13  63  14  20  15  30  16  65  17  86  18  55  19  36 
  0  68   1   6   2  21   3  19   4  47   5  83   6  11   7  35   8  92   9  70  10  31  11  31  12  58  13  62  14  20  15  31  16  65  17  90  18  56  19  39 
  0  59   1   5   2  15   3  17   4  38   5  81   6  11   7  32   8  88   9  62  10  30  11  25  12  54  13  63  14  17  15  27  16  61  17  82  18  50  19  35 
  0  65   1   4   2  21   3  19   4  44   5  82   6  13   7  34   8  92   9  69  10  31  11  30  12  56  13  61  14  20  15  33  16  62  17  89  18  54  19  40 
  0  62   1   6   2  20   3  17   4  41   5  82   6  13   7  34   8  88   9  65  10  30  11  28  12  54  13  62  14  19  15  30  16  65  17  88  18  54  19  39 
  0  67   1   5   2  21   3  17   4  48   5  85   6  11   7  35   8  92   9  71  10  31  11  30  12  58  13  62  14  22  15  31  16  65  17  88  18  56  19  41 
  0  65   1   5   2  17   3  19   4  44   5  83   6  12   7  31   8  91   9  69  10  30  11  27  12  55  13  63  14  22  15  31  16  61  17  85  18  54  19  39 
  0  65   1   4   2  18   3  19   4  44   5  81   6  11   7  34   8  92   9  67  10  31  11  27  12  57  13  61  14  21  15  31  16  65  17  85  18  54  19  38 
  0  60   1   4   2  14   3  17   4  40   5  82   6  13   7  31   8  90   9  62  10  30  11  26  12  54  13  62  14  16  15  27  16  61  17  82  18  50  19  35 
  0  59   1   4   2  14   3  17   4  39   5  81   6  11   7  31   8  89   9  64  10  29  11  24  12  53  13  61  14  19  15  30  16  61  17  85  18  52  19  37 
  0  60   1   4   2  13   3  18   4  40   5  83   6  13   7  32   8  88   9  61  10  29  11  26  12  53  13  63  14  19  15  29  16  61  17  83  18  51  19  35 


