
 20  20

  0  11   1  88   2  22   3  90   4  44   5  52   6  73   7  81   8  75   9  11  10  48  11  62  12  55  13  54  14  63  15  10  16  21  17  11  18  22  19  14 
  0  12   1  90   2  26   3  86   4  45   5  53   6  71   7  85   8  75   9  12  10  47  11  63  12  51  13  57  14  65  15  10  16  19  17  13  18  22  19  16 
  0  13   1  92   2  27   3  91   4  47   5  57   6  77   7  84   8  79   9  13  10  50  11  61  12  56  13  56  14  69  15   8  16  21  17  14  18  22  19  17 
  0   8   1  85   2  21   3  88   4  44   5  53   6  69   7  82   8  75   9  11  10  46  11  61  12  53  13  53  14  65  15  10  16  21  17  13  18  20  19  16 
  0  15   1  90   2  27   3  92   4  47   5  55   6  74   7  85   8  76   9  10  10  49  11  60  12  56  13  55  14  67  15  10  16  20  17  13  18  22  19  19 
  0   6   1  86   2  21   3  84   4  41   5  49   6  68   7  82   8  74   9   9  10  44  11  58  12  49  13  53  14  63  15   8  16  19  17  10  18  20  19  14 
  0  16   1  90   2  27   3  93   4  47   5  57   6  78   7  85   8  78   9  11  10  52  11  64  12  58  13  57  14  69  15  10  16  22  17  16  18  20  19  20 
  0   7   1  89   2  24   3  85   4  43   5  50   6  69   7  81   8  77   9  11  10  49  11  59  12  53  13  55  14  65  15   8  16  19  17  11  18  22  19  15 
  0   6   1  84   2  22   3  83   4  42   5  50   6  70   7  81   8  74   9  11  10  45  11  60  12  49  13  53  14  62  15   8  16  19  17  10  18  22  19  12 
  0  12   1  87   2  21   3  85   4  43   5  51   6  70   7  83   8  78   9   9  10  47  11  60  12  51  13  54  14  65  15   8  16  19  17  15  18  22  19  14 
  0   6   1  84   2  20   3  83   4  43   5  49   6  70   7  81   8  74   9  10  10  44  11  59  12  50  13  55  14  62  15  10  16  21  17  10  18  20  19  14 
  0  11   1  88   2  27   3  88   4  48   5  54   6  75   7  84   8  79   9  13  10  51  11  60  12  55  13  54  14  65  15   8  16  20  17  15  18  22  19  18 
  0  12   1  87   2  22   3  88   4  44   5  51   6  70   7  84   8  75   9  12  10  47  11  60  12  54  13  56  14  64  15   8  16  21  17  10  18  20  19  13 
  0  16   1  92   2  28   3  93   4  49   5  55   6  78   7  84   8  80   9  13  10  52  11  64  12  57  13  57  14  69  15   8  16  23  17  14  18  20  19  19 
  0  14   1  89   2  27   3  89   4  49   5  56   6  74   7  84   8  79   9  11  10  50  11  63  12  54  13  56  14  66  15  10  16  22  17  12  18  20  19  19 
  0   6   1  86   2  20   3  83   4  41   5  51   6  68   7  83   8  74   9   9  10  44  11  60  12  48  13  53  14  61  15   8  16  19  17  11  18  20  19  14 
  0  16   1  91   2  28   3  93   4  47   5  57   6  78   7  83   8  80   9  11  10  52  11  63  12  58  13  57  14  69  15   9  16  23  17  16  18  22  19  19 
  0  16   1  92   2  28   3  91   4  49   5  57   6  76   7  85   8  80   9  13  10  49  11  64  12  57  13  54  14  68  15  10  16  22  17  16  18  22  19  17 
  0   7   1  84   2  20   3  83   4  43   5  50   6  68   7  81   8  74   9  11  10  44  11  59  12  49  13  53  14  61  15   8  16  20  17  10  18  20  19  13 
  0   9   1  88   2  22   3  83   4  41   5  51   6  71   7  83   8  76   9  10  10  45  11  58  12  52  13  53  14  64  15   8  16  20  17  12  18  21  19  15 


