
 20  20

  0  12   1  75   2  82   3  17   4  67   5  92   6  28   7  66   8  85   9   6  10  87  11  89  12  79  13  71  14  53  15  36  16  28  17  70  18  70  19  28 
  0   7   1  71   2  83   3  17   4  63   5  86   6  28   7  62   8  79   9   7  10  83  11  83  12  76  13  69  14  51  15  36  16  26  17  69  18  70  19  24 
  0   8   1  72   2  86   3  19   4  68   5  92   6  30   7  63   8  84   9   7  10  85  11  85  12  78  13  70  14  55  15  38  16  28  17  71  18  71  19  29 
  0   4   1  69   2  82   3  14   4  66   5  86   6  30   7  61   8  81   9   7  10  84  11  86  12  75  13  71  14  51  15  39  16  26  17  69  18  70  19  25 
  0   6   1  72   2  84   3  15   4  69   5  89   6  28   7  62   8  83   9   7  10  84  11  87  12  78  13  71  14  52  15  39  16  28  17  70  18  72  19  24 
  0   5   1  70   2  82   3  15   4  63   5  87   6  28   7  61   8  79   9   6  10  83  11  86  12  73  13  69  14  49  15  36  16  27  17  69  18  72  19  23 
  0  12   1  75   2  85   3  19   4  70   5  92   6  30   7  66   8  84   9   8  10  86  11  88  12  81  13  71  14  53  15  40  16  28  17  70  18  70  19  28 
  0  13   1  74   2  86   3  20   4  71   5  93   6  28   7  66   8  87   9   8  10  87  11  88  12  83  13  71  14  54  15  39  16  28  17  69  18  70  19  30 
  0  10   1  76   2  86   3  17   4  70   5  91   6  28   7  65   8  85   9   8  10  87  11  87  12  81  13  70  14  52  15  39  16  26  17  71  18  71  19  29 
  0  10   1  72   2  85   3  19   4  67   5  90   6  30   7  65   8  84   9   8  10  84  11  86  12  77  13  71  14  53  15  38  16  26  17  70  18  72  19  28 
  0   6   1  72   2  83   3  15   4  65   5  91   6  29   7  63   8  84   9   8  10  82  11  84  12  75  13  71  14  52  15  38  16  26  17  71  18  72  19  23 
  0   8   1  69   2  84   3  15   4  65   5  90   6  29   7  61   8  84   9   7  10  83  11  88  12  76  13  70  14  50  15  36  16  28  17  70  18  71  19  25 
  0  14   1  76   2  86   3  20   4  72   5  93   6  28   7  66   8  87   9   8  10  87  11  89  12  82  13  71  14  53  15  40  16  26  17  71  18  70  19  30 
  0   6   1  69   2  86   3  16   4  66   5  91   6  28   7  61   8  84   9   7  10  82  11  86  12  77  13  70  14  51  15  38  16  26  17  71  18  71  19  26 
  0  12   1  74   2  83   3  16   4  68   5  94   6  30   7  64   8  84   9   6  10  87  11  87  12  79  13  69  14  52  15  38  16  26  17  71  18  72  19  27 
  0  10   1  73   2  86   3  17   4  72   5  94   6  28   7  66   8  84   9   6  10  89  11  89  12  81  13  70  14  53  15  40  16  27  17  71  18  72  19  29 
  0   5   1  71   2  84   3  16   4  66   5  89   6  30   7  62   8  79   9   6  10  82  11  83  12  76  13  69  14  52  15  36  16  26  17  71  18  72  19  24 
  0   5   1  70   2  82   3  15   4  67   5  90   6  28   7  61   8  83   9   8  10  84  11  84  12  76  13  71  14  53  15  36  16  26  17  70  18  70  19  22 
  0   8   1  69   2  84   3  15   4  68   5  88   6  30   7  60   8  83   9   8  10  84  11  83  12  75  13  71  14  52  15  36  16  28  17  71  18  72  19  24 
  0  11   1  76   2  84   3  20   4  71   5  93   6  29   7  65   8  87   9   8  10  88  11  88  12  80  13  71  14  55  15  40  16  27  17  71  18  70  19  30 


