
 20  20

  0  84   1  15   2  60   3  64   4  68   5  69   6  33   7  17   8  79   9  44  10  72  11  38  12  73  13  65  14  65  15   7  16  15  17  56  18  32  19  49 
  0  79   1  15   2  59   3  61   4  66   5  67   6  28   7  15   8  75   9  40  10  65  11  36  12  66  13  58  14  64  15   3  16  11  17  51  18  32  19  46 
  0  85   1  14   2  58   3  66   4  68   5  68   6  30   7  17   8  78   9  42  10  67  11  36  12  72  13  66  14  65  15  10  16  17  17  55  18  34  19  46 
  0  89   1  15   2  57   3  66   4  68   5  68   6  34   7  17   8  78   9  43  10  72  11  38  12  76  13  64  14  66  15  11  16  15  17  56  18  34  19  48 
  0  84   1  15   2  58   3  63   4  66   5  70   6  31   7  19   8  77   9  45  10  69  11  39  12  75  13  63  14  64  15   7  16  15  17  54  18  32  19  47 
  0  79   1  15   2  56   3  60   4  68   5  66   6  25   7  14   8  77   9  40  10  66  11  33  12  66  13  57  14  64  15   5  16  11  17  51  18  32  19  45 
  0  82   1  13   2  57   3  64   4  67   5  64   6  31   7  15   8  78   9  44  10  65  11  37  12  71  13  60  14  64  15   7  16  12  17  51  18  34  19  45 
  0  82   1  13   2  59   3  62   4  67   5  66   6  29   7  14   8  77   9  42  10  68  11  33  12  68  13  61  14  64  15   3  16  14  17  52  18  34  19  47 
  0  83   1  13   2  58   3  63   4  68   5  67   6  29   7  18   8  79   9  44  10  66  11  38  12  73  13  61  14  64  15   8  16  13  17  53  18  34  19  47 
  0  85   1  14   2  59   3  63   4  66   5  70   6  29   7  18   8  78   9  46  10  68  11  39  12  74  13  65  14  66  15   8  16  14  17  57  18  33  19  46 
  0  82   1  15   2  57   3  64   4  67   5  65   6  29   7  17   8  79   9  42  10  67  11  34  12  72  13  62  14  66  15   8  16  13  17  51  18  32  19  48 
  0  88   1  14   2  60   3  66   4  68   5  70   6  34   7  20   8  81   9  45  10  72  11  41  12  75  13  67  14  66  15  12  16  17  17  57  18  34  19  49 
  0  79   1  13   2  58   3  60   4  66   5  66   6  27   7  14   8  77   9  41  10  65  11  33  12  66  13  59  14  66  15   2  16  12  17  51  18  34  19  47 
  0  81   1  14   2  56   3  59   4  67   5  64   6  25   7  16   8  76   9  42  10  64  11  34  12  66  13  58  14  64  15   5  16  11  17  52  18  32  19  45 
  0  88   1  15   2  60   3  67   4  66   5  67   6  34   7  17   8  78   9  46  10  69  11  41  12  75  13  64  14  66  15  10  16  17  17  54  18  34  19  49 
  0  83   1  13   2  56   3  61   4  66   5  64   6  26   7  17   8  75   9  43  10  65  11  35  12  67  13  57  14  65  15   6  16  14  17  54  18  32  19  45 
  0  86   1  13   2  60   3  63   4  68   5  67   6  34   7  20   8  79   9  46  10  70  11  41  12  74  13  63  14  66  15  11  16  17  17  56  18  34  19  49 
  0  82   1  13   2  58   3  59   4  66   5  64   6  27   7  14   8  75   9  40  10  64  11  36  12  70  13  61  14  65  15   2  16  13  17  52  18  32  19  47 
  0  83   1  13   2  56   3  62   4  67   5  68   6  29   7  19   8  77   9  43  10  66  11  36  12  69  13  62  14  66  15   6  16  15  17  54  18  32  19  48 
  0  79   1  14   2  56   3  59   4  66   5  66   6  26   7  17   8  76   9  43  10  67  11  33  12  66  13  57  14  66  15   3  16  11  17  51  18  33  19  45 


