
 20  20

  0  28   1   8   2  64   3   8   4  34   5  78   6  60   7  43   8  11   9  51  10  47  11  31  12  70  13  40  14  52  15  26  16  66  17  10  18  54  19  66 
  0  35   1   9   2  71   3  12   4  42   5  81   6  63   7  48   8  17   9  51  10  51  11  33  12  73  13  46  14  55  15  29  16  68  17  10  18  59  19  69 
  0  35   1  11   2  70   3  12   4  41   5  83   6  63   7  48   8  17   9  51  10  53  11  35  12  73  13  44  14  55  15  29  16  67  17   9  18  59  19  69 
  0  35   1  10   2  70   3  12   4  41   5  83   6  63   7  47   8  16   9  50  10  51  11  35  12  73  13  46  14  55  15  28  16  66  17  10  18  59  19  68 
  0  30   1   5   2  65   3   8   4  35   5  80   6  59   7  45   8  11   9  51  10  52  11  31  12  71  13  42  14  55  15  28  16  68  17  10  18  54  19  63 
  0  31   1  10   2  68   3  10   4  37   5  81   6  61   7  45   8  13   9  49  10  53  11  35  12  71  13  41  14  51  15  27  16  66  17  10  18  56  19  64 
  0  28   1   3   2  66   3   8   4  35   5  75   6  56   7  41   8   9   9  49  10  47  11  32  12  67  13  39  14  51  15  26  16  67  17   9  18  53  19  61 
  0  26   1   5   2  64   3   8   4  35   5  74   6  57   7  40   8  10   9  49  10  47  11  31  12  67  13  38  14  51  15  28  16  68  17   8  18  52  19  62 
  0  28   1   4   2  66   3  12   4  37   5  76   6  56   7  44   8  10   9  49  10  47  11  35  12  68  13  43  14  55  15  27  16  68  17   8  18  57  19  65 
  0  34   1   9   2  69   3  11   4  41   5  82   6  63   7  48   8  18   9  51  10  53  11  35  12  73  13  46  14  54  15  30  16  68  17  10  18  58  19  69 
  0  33   1   7   2  68   3   8   4  38   5  77   6  58   7  46   8  12   9  51  10  49  11  34  12  68  13  42  14  54  15  27  16  66  17   8  18  58  19  68 
  0  35   1  10   2  71   3  11   4  40   5  81   6  63   7  48   8  16   9  49  10  51  11  35  12  73  13  45  14  53  15  29  16  67  17   9  18  60  19  69 
  0  26   1   3   2  63   3   8   4  32   5  75   6  55   7  41   8   8   9  51  10  47  11  33  12  67  13  38  14  51  15  26  16  66  17   8  18  53  19  61 
  0  31   1  11   2  69   3   9   4  38   5  83   6  62   7  46   8  17   9  50  10  51  11  32  12  72  13  45  14  52  15  30  16  66  17   8  18  60  19  66 
  0  28   1   3   2  67   3  11   4  34   5  74   6  57   7  41   8   9   9  49  10  50  11  31  12  69  13  38  14  53  15  29  16  66  17   8  18  51  19  65 
  0  25   1   3   2  63   3   9   4  34   5  75   6  56   7  43   8   8   9  49  10  48  11  34  12  69  13  39  14  51  15  27  16  66  17   8  18  53  19  61 
  0  30   1   8   2  70   3  12   4  39   5  81   6  59   7  44   8  16   9  50  10  50  11  34  12  70  13  42  14  51  15  29  16  67  17   8  18  56  19  66 
  0  34   1  10   2  71   3  10   4  39   5  83   6  63   7  47   8  18   9  51  10  51  11  35  12  73  13  45  14  53  15  30  16  68  17  10  18  61  19  69 
  0  30   1   5   2  65   3  11   4  37   5  74   6  56   7  42   8  11   9  49  10  50  11  34  12  71  13  41  14  52  15  26  16  68  17   8  18  53  19  64 
  0  30   1   8   2  67   3  10   4  39   5  79   6  60   7  45   8  15   9  50  10  50  11  35  12  69  13  44  14  52  15  30  16  66  17   8  18  57  19  63 


