
 20  20

  0  89   1   2   2  85   3  59   4  85   5  36   6  35   7  84   8   7   9  14  10  37  11  72  12  18  13  52  14  33  15  74  16  65  17  46  18   9  19   5 
  0  96   1  12   2  87   3  61   4  86   5  40   6  40   7  84   8   8   9  13  10  45  11  80  12  22  13  58  14  37  15  76  16  68  17  52  18  11  19   9 
  0  96   1  10   2  88   3  58   4  87   5  40   6  38   7  82   8   9   9  15  10  42  11  80  12  22  13  58  14  39  15  75  16  67  17  51  18  10  19  11 
  0  92   1   8   2  88   3  58   4  84   5  40   6  39   7  84   8   9   9  15  10  42  11  77  12  19  13  56  14  39  15  75  16  70  17  48  18  10  19   9 
  0  90   1   7   2  84   3  57   4  84   5  35   6  37   7  84   8   9   9  14  10  38  11  73  12  17  13  54  14  33  15  72  16  63  17  44  18  10  19   8 
  0  92   1  10   2  87   3  61   4  87   5  36   6  40   7  82   8   7   9  14  10  41  11  77  12  22  13  55  14  38  15  73  16  70  17  48  18  13  19   9 
  0  89   1   7   2  84   3  57   4  86   5  38   6  35   7  82   8   7   9  15  10  39  11  74  12  16  13  53  14  34  15  72  16  65  17  43  18   9  19   9 
  0  92   1   8   2  85   3  58   4  84   5  38   6  38   7  83   8   9   9  15  10  45  11  79  12  20  13  55  14  39  15  73  16  70  17  50  18  13  19  10 
  0  96   1  12   2  88   3  59   4  87   5  39   6  39   7  82   8   9   9  15  10  45  11  80  12  22  13  56  14  39  15  74  16  70  17  52  18  11  19  11 
  0  92   1   8   2  87   3  58   4  86   5  39   6  38   7  84   8   9   9  15  10  42  11  78  12  19  13  56  14  37  15  76  16  70  17  47  18  13  19   7 
  0  87   1   5   2  84   3  60   4  86   5  34   6  32   7  82   8   8   9  14  10  36  11  74  12  19  13  53  14  37  15  74  16  63  17  43  18  11  19   5 
  0  91   1   5   2  87   3  58   4  83   5  39   6  37   7  84   8   9   9  15  10  40  11  77  12  19  13  51  14  35  15  75  16  68  17  49  18  13  19  10 
  0  88   1   5   2  85   3  57   4  84   5  34   6  36   7  84   8   9   9  13  10  40  11  73  12  19  13  51  14  36  15  74  16  63  17  46  18   9  19   8 
  0  86   1   6   2  86   3  57   4  83   5  34   6  31   7  84   8   9   9  13  10  37  11  72  12  18  13  50  14  33  15  72  16  62  17  44  18  11  19   8 
  0  93   1   9   2  84   3  59   4  83   5  38   6  39   7  83   8   9   9  13  10  42  11  75  12  17  13  55  14  37  15  74  16  64  17  48  18  12  19   9 
  0  92   1   8   2  86   3  59   4  86   5  37   6  35   7  84   8   8   9  13  10  39  11  75  12  20  13  50  14  33  15  72  16  63  17  47  18  11  19   6 
  0  94   1  10   2  87   3  58   4  86   5  38   6  36   7  82   8   9   9  14  10  39  11  77  12  20  13  53  14  35  15  72  16  65  17  49  18  11  19   9 
  0  94   1  12   2  86   3  61   4  87   5  40   6  41   7  83   8   8   9  15  10  45  11  79  12  21  13  56  14  37  15  74  16  69  17  51  18  11  19   9 
  0  87   1   5   2  87   3  59   4  84   5  36   6  33   7  82   8   9   9  14  10  40  11  72  12  16  13  51  14  36  15  74  16  62  17  47  18   9  19   5 
  0  87   1   5   2  84   3  58   4  86   5  37   6  33   7  84   8   9   9  15  10  37  11  73  12  17  13  50  14  36  15  72  16  63  17  47  18   9  19   5 


