
 20  20

  0  22   1  38   2  20   3  58   4  66   5  24   6  27   7  20   8  87   9  59  10  11  11  47  12  82  13  76  14  38  15  66  16  39  17  84  18  18  19  94 
  0  16   1  40   2  17   3  58   4  65   5  19   6  26   7  18   8  82   9  53  10  10  11  46  12  78  13  76  14  34  15  64  16  34  17  85  18  20  19  90 
  0  24   1  38   2  20   3  61   4  71   5  26   6  26   7  19   8  88   9  61  10  13  11  47  12  84  13  76  14  39  15  68  16  40  17  87  18  18  19  94 
  0  20   1  41   2  22   3  62   4  68   5  26   6  26   7  20   8  89   9  59  10  10  11  47  12  83  13  79  14  40  15  68  16  38  17  85  18  19  19  91 
  0  16   1  39   2  18   3  58   4  66   5  18   6  26   7  15   8  82   9  53  10   7  11  45  12  79  13  78  14  34  15  65  16  33  17  84  18  19  19  87 
  0  20   1  40   2  19   3  59   4  65   5  19   6  27   7  15   8  84   9  54  10   8  11  46  12  82  13  78  14  34  15  65  16  36  17  83  18  18  19  90 
  0  18   1  41   2  20   3  58   4  70   5  22   6  26   7  17   8  85   9  59  10  12  11  46  12  80  13  80  14  37  15  68  16  37  17  84  18  18  19  91 
  0  25   1  42   2  21   3  59   4  69   5  27   6  26   7  22   8  89   9  61  10  12  11  45  12  85  13  78  14  40  15  69  16  37  17  87  18  18  19  93 
  0  20   1  39   2  17   3  60   4  65   5  22   6  26   7  17   8  85   9  57  10   9  11  46  12  79  13  77  14  38  15  66  16  36  17  84  18  20  19  88 
  0  19   1  40   2  21   3  60   4  68   5  19   6  26   7  16   8  86   9  54  10   7  11  45  12  79  13  78  14  36  15  67  16  33  17  82  18  18  19  89 
  0  19   1  41   2  22   3  61   4  68   5  23   6  26   7  20   8  87   9  59  10  12  11  46  12  82  13  80  14  40  15  66  16  38  17  85  18  18  19  91 
  0  25   1  42   2  22   3  62   4  69   5  28   6  28   7  23   8  89   9  63  10  15  11  45  12  86  13  80  14  41  15  69  16  39  17  86  18  19  19  95 
  0  23   1  39   2  23   3  59   4  70   5  24   6  27   7  20   8  87   9  60  10  14  11  47  12  88  13  80  14  42  15  69  16  39  17  85  18  19  19  97 
  0  25   1  41   2  23   3  61   4  68   5  26   6  27   7  22   8  87   9  59  10  15  11  47  12  88  13  78  14  41  15  72  16  38  17  85  18  20  19  97 
  0  23   1  40   2  22   3  59   4  70   5  23   6  28   7  17   8  87   9  57  10   9  11  45  12  85  13  78  14  37  15  67  16  35  17  84  18  18  19  93 
  0  20   1  42   2  18   3  60   4  70   5  22   6  28   7  21   8  84   9  58  10  10  11  47  12  85  13  78  14  40  15  70  16  38  17  87  18  19  19  93 
  0  22   1  40   2  21   3  59   4  67   5  24   6  26   7  20   8  85   9  58  10  11  11  46  12  83  13  77  14  38  15  68  16  38  17  84  18  20  19  92 
  0  21   1  38   2  19   3  60   4  65   5  24   6  28   7  18   8  85   9  59  10   8  11  46  12  80  13  76  14  36  15  69  16  35  17  85  18  19  19  91 
  0  19   1  38   2  17   3  58   4  69   5  23   6  27   7  17   8  82   9  54  10  12  11  47  12  79  13  77  14  38  15  69  16  37  17  82  18  20  19  92 
  0  25   1  41   2  23   3  59   4  68   5  23   6  26   7  19   8  86   9  58  10  11  11  47  12  87  13  79  14  42  15  69  16  39  17  88  18  19  19  95 


