
 20  20

  0  42   1  79   2  99   3  33   4  59   5  40   6  67   7  78   8  57   9  56  10  94  11  46  12  31  13  16  14  48  15  63  16  66  17  65  18  95  19  40 
  0  36   1  77   2  97   3  26   4  53   5  36   6  63   7  78   8  53   9  54  10  91  11  41  12  27  13  12  14  46  15  64  16  61  17  66  18  91  19  40 
  0  35   1  80   2  97   3  29   4  55   5  36   6  63   7  76   8  54   9  52  10  90  11  40  12  29  13  11  14  48  15  63  16  60  17  64  18  90  19  40 
  0  40   1  81   2  97   3  33   4  59   5  39   6  67   7  78   8  58   9  56  10  94  11  48  12  33  13  16  14  50  15  64  16  66  17  66  18  95  19  40 
  0  38   1  81   2  98   3  30   4  54   5  38   6  64   7  76   8  55   9  54  10  92  11  43  12  30  13  13  14  47  15  64  16  63  17  65  18  93  19  38 
  0  37   1  81   2  95   3  32   4  55   5  40   6  64   7  77   8  58   9  55  10  91  11  45  12  30  13  16  14  50  15  64  16  66  17  66  18  94  19  40 
  0  37   1  77   2  94   3  27   4  51   5  34   6  62   7  75   8  53   9  52  10  91  11  43  12  31  13  12  14  49  15  62  16  62  17  66  18  91  19  38 
  0  39   1  79   2  97   3  33   4  56   5  39   6  66   7  79   8  57   9  56  10  92  11  46  12  33  13  13  14  49  15  64  16  66  17  65  18  95  19  38 
  0  39   1  78   2  95   3  31   4  54   5  36   6  64   7  78   8  57   9  53  10  93  11  45  12  31  13  12  14  49  15  64  16  64  17  64  18  89  19  38 
  0  42   1  80   2  99   3  33   4  57   5  39   6  67   7  77   8  58   9  56  10  92  11  48  12  33  13  13  14  49  15  64  16  66  17  64  18  93  19  39 
  0  42   1  81   2  96   3  33   4  58   5  41   6  67   7  77   8  58   9  56  10  92  11  47  12  33  13  16  14  48  15  64  16  66  17  65  18  92  19  38 
  0  40   1  81   2  97   3  30   4  56   5  38   6  67   7  80   8  56   9  55  10  93  11  48  12  33  13  16  14  49  15  62  16  66  17  65  18  93  19  40 
  0  33   1  78   2  96   3  26   4  52   5  35   6  65   7  75   8  55   9  52  10  90  11  43  12  31  13  12  14  46  15  63  16  60  17  66  18  88  19  38 
  0  35   1  78   2  93   3  25   4  53   5  33   6  61   7  74   8  52   9  54  10  91  11  40  12  27  13   8  14  46  15  64  16  58  17  64  18  87  19  40 
  0  39   1  79   2  95   3  32   4  56   5  41   6  67   7  78   8  58   9  54  10  94  11  46  12  30  13  16  14  48  15  62  16  65  17  64  18  93  19  38 
  0  34   1  79   2  94   3  25   4  52   5  34   6  61   7  77   8  52   9  52  10  92  11  42  12  27  13   9  14  46  15  63  16  61  17  64  18  87  19  39 
  0  33   1  80   2  95   3  26   4  54   5  36   6  62   7  78   8  54   9  54  10  92  11  40  12  27  13  12  14  47  15  64  16  60  17  65  18  90  19  40 
  0  40   1  78   2  96   3  32   4  57   5  37   6  63   7  80   8  55   9  52  10  93  11  43  12  29  13  11  14  49  15  64  16  61  17  65  18  90  19  38 
  0  39   1  81   2  96   3  28   4  54   5  36   6  66   7  77   8  53   9  52  10  90  11  44  12  30  13  12  14  46  15  62  16  62  17  66  18  91  19  40 
  0  36   1  78   2  96   3  28   4  53   5  36   6  65   7  76   8  56   9  53  10  93  11  41  12  27  13  11  14  49  15  62  16  61  17  64  18  89  19  40 


