
 20  20

  0  21   1  87   2  77   3  87   4  38   5  61   6  32   7  46   8  23   9  19  10  53  11  46  12  75  13   9  14  68  15  13  16   9  17   9  18  97  19  68 
  0  18   1  88   2  77   3  88   4  41   5  62   6  33   7  45   8  21   9  22  10  52  11  46  12  77  13   9  14  69  15  14  16  11  17   9  18  96  19  71 
  0  20   1  87   2  82   3  89   4  41   5  62   6  33   7  48   8  24   9  22  10  56  11  46  12  76  13  13  14  70  15  16  16  11  17  14  18  95  19  69 
  0  23   1  89   2  79   3  89   4  43   5  62   6  32   7  46   8  26   9  19  10  56  11  47  12  79  13  12  14  69  15  16  16   9  17  12  18  96  19  70 
  0  19   1  89   2  80   3  86   4  38   5  61   6  32   7  45   8  24   9  21  10  53  11  46  12  75  13   9  14  69  15  11  16   8  17  12  18  96  19  68 
  0  18   1  89   2  78   3  86   4  38   5  61   6  33   7  45   8  21   9  19  10  51  11  47  12  75  13   9  14  68  15  12  16  10  17  10  18  96  19  68 
  0  20   1  87   2  80   3  89   4  39   5  61   6  35   7  44   8  25   9  19  10  54  11  46  12  75  13  11  14  71  15  14  16   8  17  12  18  95  19  70 
  0  23   1  87   2  81   3  93   4  43   5  66   6  36   7  48   8  26   9  23  10  56  11  47  12  78  13  11  14  71  15  15  16  11  17  14  18  97  19  72 
  0  22   1  88   2  81   3  88   4  40   5  62   6  35   7  44   8  22   9  22  10  53  11  46  12  75  13  11  14  69  15  13  16  11  17  13  18  97  19  71 
  0  21   1  89   2  79   3  92   4  39   5  62   6  32   7  47   8  25   9  22  10  52  11  48  12  80  13   9  14  73  15  15  16  11  17  11  18  97  19  68 
  0  18   1  87   2  79   3  86   4  38   5  63   6  32   7  43   8  21   9  19  10  51  11  46  12  77  13   9  14  69  15  11  16  10  17   9  18  97  19  68 
  0  26   1  89   2  85   3  96   4  45   5  69   6  36   7  50   8  29   9  23  10  57  11  48  12  80  13  11  14  77  15  19  16  12  17  16  18  97  19  72 
  0  18   1  87   2  77   3  89   4  38   5  63   6  35   7  46   8  21   9  20  10  51  11  47  12  77  13  12  14  71  15  14  16   8  17   9  18  97  19  68 
  0  26   1  89   2  87   3  96   4  43   5  69   6  36   7  52   8  28   9  22  10  57  11  48  12  79  13  11  14  74  15  18  16  14  17  18  18  95  19  71 
  0  19   1  87   2  79   3  88   4  39   5  62   6  33   7  46   8  25   9  19  10  53  11  46  12  75  13  10  14  68  15  14  16   8  17  13  18  96  19  68 
  0  19   1  87   2  77   3  88   4  42   5  61   6  35   7  47   8  24   9  22  10  52  11  47  12  76  13  12  14  71  15  11  16  11  17  11  18  95  19  68 
  0  24   1  87   2  85   3  94   4  40   5  67   6  35   7  47   8  26   9  20  10  57  11  48  12  77  13   9  14  74  15  15  16  11  17  14  18  97  19  68 
  0  20   1  87   2  77   3  87   4  38   5  62   6  32   7  45   8  21   9  20  10  51  11  46  12  75  13  11  14  69  15  14  16   8  17  10  18  97  19  69 
  0  28   1  89   2  84   3  93   4  45   5  66   6  35   7  52   8  28   9  23  10  59  11  48  12  83  13  10  14  78  15  16  16  12  17  19  18  97  19  71 
  0  21   1  89   2  80   3  90   4  40   5  62   6  32   7  47   8  25   9  22  10  53  11  46  12  78  13   9  14  74  15  12  16  12  17  13  18  97  19  68 


