
 20  20

  0  44   1   9   2  16   3  19   4  23   5  12   6  43   7   5   8  36   9  88  10  52  11   2  12  85  13  27  14  35  15  46  16  22  17   1  18   1  19  22 
  0  44   1  12   2  17   3  21   4  27   5  13   6  44   7   3   8  36   9  88  10  54  11   4  12  85  13  27  14  38  15  45  16  25  17   1  18   1  19  22 
  0  41   1  10   2  16   3  16   4  25   5  12   6  44   7   4   8  34   9  86  10  52  11   1  12  83  13  27  14  35  15  44  16  19  17   1  18   1  19  21 
  0  48   1  12   2  20   3  21   4  28   5  12   6  45   7   5   8  35   9  88  10  54  11   8  12  85  13  29  14  40  15  48  16  25  17   4  18   1  19  26 
  0  42   1  13   2  17   3  16   4  26   5  12   6  45   7   4   8  34   9  86  10  51  11   1  12  84  13  28  14  36  15  44  16  22  17   1  18   1  19  23 
  0  43   1  11   2  17   3  16   4  27   5  13   6  42   7   3   8  34   9  86  10  50  11   4  12  83  13  27  14  37  15  44  16  23  17   2  18   1  19  20 
  0  45   1  13   2  18   3  18   4  25   5  12   6  45   7   3   8  36   9  86  10  52  11   5  12  85  13  29  14  37  15  47  16  21  17   1  18   1  19  24 
  0  50   1  13   2  23   3  20   4  31   5  14   6  48   7   5   8  38   9  88  10  54  11   7  12  85  13  29  14  44  15  50  16  28  17   6  18   1  19  28 
  0  50   1  13   2  20   3  22   4  31   5  14   6  45   7   3   8  38   9  86  10  54  11   9  12  83  13  28  14  41  15  47  16  28  17   3  18   5  19  28 
  0  47   1  13   2  18   3  19   4  28   5  13   6  45   7   5   8  37   9  88  10  53  11   5  12  85  13  27  14  37  15  48  16  24  17   1  18   1  19  24 
  0  43   1  11   2  18   3  18   4  23   5  12   6  42   7   3   8  34   9  87  10  51  11   1  12  83  13  28  14  38  15  47  16  21  17   1  18   1  19  20 
  0  42   1  11   2  20   3  18   4  25   5  14   6  43   7   5   8  36   9  86  10  51  11   2  12  85  13  29  14  36  15  46  16  23  17   3  18   1  19  24 
  0  48   1  13   2  19   3  21   4  30   5  14   6  46   7   5   8  38   9  86  10  51  11   6  12  85  13  28  14  40  15  47  16  28  17   4  18   2  19  24 
  0  47   1  13   2  20   3  22   4  31   5  14   6  46   7   3   8  36   9  88  10  52  11   7  12  85  13  27  14  43  15  49  16  28  17   3  18   1  19  23 
  0  50   1  13   2  24   3  22   4  29   5  14   6  47   7   3   8  38   9  88  10  51  11   7  12  83  13  29  14  44  15  46  16  27  17   3  18   5  19  24 
  0  45   1  12   2  20   3  16   4  27   5  12   6  44   7   5   8  36   9  87  10  51  11   1  12  83  13  29  14  35  15  46  16  20  17   1  18   1  19  21 
  0  45   1  12   2  18   3  17   4  25   5  14   6  45   7   3   8  37   9  87  10  53  11   1  12  83  13  28  14  38  15  47  16  23  17   1  18   1  19  24 
  0  41   1   9   2  17   3  17   4  23   5  12   6  44   7   3   8  34   9  86  10  50  11   1  12  85  13  29  14  36  15  44  16  19  17   1  18   1  19  20 
  0  46   1  15   2  22   3  23   4  30   5  14   6  44   7   4   8  35   9  88  10  50  11   5  12  83  13  27  14  39  15  48  16  24  17   6  18   1  19  25 
  0  48   1  15   2  21   3  24   4  33   5  14   6  48   7   5   8  36   9  88  10  54  11   8  12  85  13  29  14  45  15  47  16  29  17   4  18   4  19  26 


