
 20  20

  0  14   1   9   2  56   3  61   4  83   5  47   6  88   7  51   8  47   9  22  10  46  11  60  12  45  13  12  14  45  15  82  16  58  17  49  18  84  19  62 
  0  13   1   6   2  57   3  62   4  82   5  47   6  87   7  48   8  44   9  22  10  48  11  63  12  43  13   9  14  47  15  82  16  58  17  46  18  84  19  62 
  0  13   1   8   2  54   3  62   4  80   5  46   6  87   7  47   8  44   9  23  10  46  11  63  12  44  13   6  14  43  15  77  16  54  17  49  18  85  19  60 
  0  18   1   9   2  58   3  62   4  83   5  48   6  87   7  51   8  45   9  23  10  50  11  61  12  47  13  11  14  44  15  84  16  57  17  49  18  85  19  60 
  0  15   1   6   2  56   3  62   4  80   5  48   6  87   7  51   8  47   9  24  10  50  11  62  12  44  13  11  14  43  15  83  16  56  17  49  18  86  19  60 
  0  18   1   9   2  55   3  61   4  80   5  50   6  86   7  49   8  44   9  24  10  47  11  64  12  45  13   9  14  43  15  82  16  56  17  47  18  85  19  62 
  0  12   1   4   2  57   3  60   4  80   5  47   6  83   7  49   8  42   9  24  10  48  11  61  12  42  13   8  14  42  15  78  16  54  17  46  18  85  19  60 
  0  18   1   7   2  58   3  62   4  83   5  51   6  86   7  51   8  47   9  24  10  50  11  64  12  47  13  11  14  45  15  84  16  57  17  49  18  84  19  62 
  0   8   1   3   2  55   3  60   4  80   5  47   6  82   7  48   8  43   9  24  10  44  11  61  12  41  13   6  14  43  15  76  16  49  17  45  18  86  19  60 
  0  15   1   7   2  57   3  62   4  81   5  48   6  88   7  51   8  47   9  24  10  45  11  64  12  43  13  10  14  44  15  79  16  55  17  46  18  84  19  62 
  0  13   1   7   2  57   3  62   4  81   5  45   6  83   7  45   8  43   9  22  10  45  11  61  12  45  13   6  14  43  15  75  16  51  17  45  18  84  19  62 
  0  17   1   7   2  56   3  60   4  83   5  48   6  84   7  48   8  45   9  22  10  46  11  60  12  44  13   8  14  46  15  81  16  55  17  46  18  84  19  62 
  0   8   1   3   2  54   3  60   4  79   5  46   6  82   7  48   8  44   9  24  10  43  11  59  12  43  13   4  14  39  15  74  16  52  17  46  18  85  19  60 
  0  18   1   7   2  56   3  62   4  83   5  51   6  86   7  50   8  46   9  22  10  49  11  63  12  47  13  13  14  45  15  84  16  59  17  47  18  86  19  60 
  0   8   1   5   2  55   3  61   4  79   5  45   6  85   7  47   8  41   9  22  10  43  11  60  12  43  13   5  14  40  15  75  16  52  17  45  18  84  19  60 
  0  16   1   5   2  56   3  60   4  79   5  50   6  85   7  47   8  44   9  24  10  46  11  62  12  43  13  11  14  43  15  81  16  56  17  47  18  85  19  61 
  0  12   1   5   2  57   3  61   4  81   5  45   6  82   7  45   8  41   9  23  10  43  11  61  12  41  13   5  14  42  15  75  16  52  17  46  18  84  19  60 
  0   8   1   5   2  55   3  61   4  82   5  45   6  83   7  45   8  43   9  22  10  42  11  58  12  43  13   7  14  40  15  78  16  53  17  47  18  84  19  60 
  0   8   1   6   2  55   3  61   4  79   5  45   6  83   7  46   8  42   9  22  10  42  11  58  12  41  13   4  14  41  15  75  16  51  17  45  18  84  19  62 
  0  14   1   6   2  54   3  62   4  79   5  48   6  87   7  48   8  44   9  22  10  45  11  60  12  46  13   7  14  45  15  81  16  54  17  48  18  84  19  62 


