
 20  20

  0  65   1  18   2  63   3  26   4  56   5  83   6  64   7  82   8  66   9  69  10  35  11  55  12  41  13  29  14  20  15  36  16  83  17  97  18  81  19  84 
  0  64   1  14   2  57   3  26   4  58   5  81   6  62   7  78   8  63   9  68  10  35  11  53  12  39  13  31  14  20  15  34  16  86  17  96  18  74  19  85 
  0  59   1  15   2  56   3  27   4  56   5  81   6  61   7  79   8  63   9  70  10  36  11  55  12  42  13  31  14  20  15  35  16  84  17  95  18  75  19  83 
  0  65   1  18   2  59   3  26   4  57   5  85   6  62   7  83   8  66   9  71  10  34  11  55  12  41  13  29  14  21  15  37  16  87  17  97  18  80  19  86 
  0  69   1  20   2  62   3  27   4  58   5  85   6  64   7  85   8  66   9  74  10  37  11  55  12  44  13  30  14  22  15  39  16  86  17  97  18  82  19  87 
  0  69   1  18   2  63   3  29   4  58   5  82   6  65   7  82   8  69   9  73  10  37  11  53  12  45  13  30  14  24  15  39  16  85  17  97  18  82  19  89 
  0  63   1  15   2  58   3  27   4  58   5  84   6  61   7  77   8  64   9  66  10  33  11  53  12  40  13  29  14  20  15  32  16  83  17  95  18  75  19  83 
  0  61   1  14   2  60   3  26   4  58   5  81   6  59   7  78   8  62   9  70  10  35  11  54  12  42  13  30  14  20  15  35  16  85  17  96  18  76  19  84 
  0  61   1  16   2  56   3  25   4  57   5  82   6  59   7  79   8  63   9  67  10  33  11  54  12  42  13  29  14  22  15  34  16  83  17  95  18  75  19  80 
  0  66   1  17   2  62   3  25   4  58   5  82   6  60   7  79   8  63   9  72  10  37  11  54  12  40  13  31  14  23  15  34  16  84  17  95  18  79  19  84 
  0  69   1  19   2  64   3  29   4  58   5  83   6  65   7  85   8  69   9  74  10  36  11  53  12  43  13  31  14  22  15  41  16  87  17  97  18  81  19  90 
  0  66   1  18   2  61   3  29   4  58   5  82   6  65   7  82   8  69   9  74  10  34  11  54  12  45  13  31  14  23  15  38  16  85  17  95  18  82  19  87 
  0  61   1  14   2  56   3  27   4  56   5  82   6  59   7  77   8  61   9  66  10  33  11  53  12  39  13  29  14  22  15  31  16  83  17  96  18  75  19  80 
  0  68   1  19   2  62   3  28   4  57   5  85   6  64   7  82   8  68   9  72  10  37  11  55  12  43  13  30  14  24  15  40  16  86  17  95  18  81  19  87 
  0  65   1  15   2  59   3  25   4  56   5  83   6  59   7  80   8  64   9  70  10  35  11  55  12  42  13  29  14  24  15  34  16  83  17  95  18  79  19  82 
  0  65   1  15   2  57   3  25   4  56   5  83   6  62   7  78   8  61   9  67  10  36  11  53  12  43  13  31  14  22  15  36  16  85  17  95  18  77  19  84 
  0  60   1  14   2  56   3  25   4  56   5  81   6  59   7  78   8  59   9  66  10  33  11  54  12  39  13  29  14  20  15  31  16  83  17  95  18  74  19  81 
  0  69   1  18   2  61   3  27   4  58   5  82   6  62   7  83   8  66   9  74  10  37  11  55  12  43  13  29  14  21  15  39  16  87  17  97  18  80  19  90 
  0  61   1  18   2  59   3  26   4  58   5  83   6  59   7  82   8  65   9  70  10  36  11  55  12  40  13  30  14  20  15  37  16  86  17  95  18  75  19  82 
  0  67   1  19   2  64   3  28   4  58   5  85   6  65   7  85   8  69   9  74  10  35  11  55  12  45  13  31  14  24  15  41  16  87  17  97  18  81  19  90 


