
 20  20

  0  50   1  81   2  22   3  37   4  70   5  21   6   8   7  50   8  58   9  56  10  62  11  69  12  59  13  35  14  87  15  53  16  81  17  52  18  28  19  86 
  0  55   1  79   2  20   3  36   4  69   5  21   6   8   7  49   8  60   9  57  10  60  11  73  12  60  13  35  14  87  15  52  16  82  17  54  18  32  19  85 
  0  47   1  75   2  18   3  32   4  68   5  21   6   4   7  49   8  58   9  50  10  60  11  66  12  54  13  35  14  87  15  52  16  75  17  51  18  24  19  78 
  0  49   1  78   2  22   3  34   4  69   5  19   6   6   7  51   8  60   9  54  10  58  11  67  12  57  13  33  14  88  15  54  16  79  17  54  18  30  19  83 
  0  50   1  81   2  22   3  35   4  70   5  21   6   8   7  50   8  60   9  54  10  61  11  71  12  57  13  35  14  87  15  52  16  79  17  52  18  29  19  85 
  0  55   1  80   2  21   3  37   4  68   5  21   6  11   7  51   8  60   9  58  10  62  11  74  12  58  13  35  14  86  15  53  16  85  17  57  18  32  19  86 
  0  46   1  78   2  19   3  31   4  69   5  19   6   7   7  49   8  58   9  54  10  59  11  66  12  53  13  33  14  87  15  54  16  77  17  52  18  25  19  78 
  0  55   1  79   2  22   3  38   4  70   5  21   6   9   7  51   8  60   9  58  10  62  11  74  12  60  13  34  14  88  15  54  16  85  17  57  18  32  19  88 
  0  45   1  75   2  18   3  30   4  68   5  21   6   4   7  50   8  60   9  50  10  60  11  64  12  54  13  33  14  86  15  52  16  75  17  51  18  25  19  78 
  0  52   1  78   2  21   3  36   4  70   5  20   6   8   7  50   8  58   9  56  10  61  11  70  12  55  13  33  14  87  15  53  16  79  17  54  18  30  19  85 
  0  48   1  79   2  19   3  33   4  70   5  21   6   5   7  49   8  58   9  53  10  59  11  67  12  55  13  34  14  86  15  52  16  79  17  52  18  26  19  83 
  0  52   1  77   2  22   3  36   4  70   5  20   6   9   7  51   8  58   9  55  10  61  11  72  12  58  13  33  14  86  15  52  16  79  17  56  18  29  19  82 
  0  48   1  78   2  18   3  36   4  68   5  21   6   5   7  49   8  59   9  56  10  62  11  70  12  54  13  33  14  88  15  52  16  78  17  51  18  28  19  85 
  0  49   1  75   2  18   3  32   4  68   5  19   6   4   7  49   8  59   9  51  10  58  11  66  12  54  13  34  14  87  15  52  16  77  17  53  18  24  19  82 
  0  47   1  77   2  22   3  35   4  68   5  20   6   5   7  50   8  58   9  54  10  60  11  69  12  55  13  35  14  88  15  54  16  77  17  50  18  28  19  84 
  0  47   1  76   2  19   3  30   4  68   5  19   6   6   7  51   8  58   9  50  10  58  11  64  12  53  13  33  14  86  15  52  16  77  17  53  18  24  19  82 
  0  47   1  77   2  18   3  32   4  68   5  19   6   4   7  49   8  59   9  51  10  59  11  65  12  53  13  33  14  86  15  52  16  76  17  51  18  26  19  78 
  0  46   1  75   2  18   3  30   4  68   5  19   6   7   7  51   8  58   9  52  10  58  11  68  12  52  13  35  14  88  15  53  16  78  17  49  18  26  19  83 
  0  54   1  77   2  22   3  36   4  69   5  19   6  10   7  51   8  58   9  56  10  62  11  69  12  59  13  33  14  88  15  54  16  83  17  55  18  31  19  85 
  0  51   1  77   2  19   3  38   4  70   5  21   6   7   7  50   8  60   9  54  10  61  11  73  12  60  13  34  14  88  15  53  16  82  17  56  18  31  19  87 


