
 20  20

  0   4   1  43   2  16   3  23   4  74   5  35   6  19   7  87   8  26   9   1  10  23  11  82  12  29  13  30  14  37  15  62  16   6  17  28  18   8  19  79 
  0   6   1  47   2  16   3  24   4  74   5  38   6  22   7  85   8  26   9   2  10  24  11  86  12  27  13  32  14  37  15  64  16  11  17  26  18   9  19  78 
  0  13   1  47   2  15   3  30   4  80   5  41   6  27   7  87   8  28   9   3  10  28  11  91  12  27  13  30  14  40  15  64  16  15  17  28  18   9  19  79 
  0   5   1  45   2  16   3  22   4  75   5  37   6  22   7  85   8  24   9   1  10  22  11  83  12  29  13  31  14  35  15  62  16  10  17  28  18   9  19  77 
  0   6   1  45   2  14   3  23   4  74   5  35   6  20   7  89   8  24   9   1  10  23  11  88  12  28  13  32  14  34  15  62  16  11  17  26  18   9  19  77 
  0   4   1  45   2  14   3  25   4  72   5  36   6  19   7  85   8  27   9   1  10  26  11  84  12  29  13  30  14  34  15  64  16   8  17  27  18   7  19  77 
  0   4   1  43   2  15   3  24   4  73   5  35   6  20   7  85   8  24   9   1  10  22  11  83  12  27  13  30  14  36  15  62  16   7  17  26  18   7  19  77 
  0  13   1  44   2  15   3  27   4  77   5  41   6  27   7  86   8  27   9   1  10  30  11  89  12  28  13  31  14  39  15  64  16  16  17  26  18   9  19  79 
  0  13   1  47   2  16   3  27   4  80   5  39   6  26   7  89   8  26   9   3  10  30  11  89  12  29  13  32  14  40  15  63  16  14  17  28  18   9  19  77 
  0   6   1  46   2  15   3  25   4  75   5  36   6  23   7  86   8  27   9   3  10  26  11  85  12  28  13  30  14  37  15  63  16  11  17  28  18   7  19  77 
  0  12   1  47   2  16   3  26   4  76   5  40   6  24   7  89   8  27   9   2  10  30  11  87  12  29  13  30  14  36  15  63  16  12  17  28  18   7  19  77 
  0   5   1  44   2  16   3  27   4  74   5  38   6  23   7  85   8  24   9   1  10  25  11  88  12  29  13  32  14  34  15  64  16  12  17  27  18   8  19  77 
  0   5   1  46   2  14   3  22   4  72   5  35   6  21   7  85   8  26   9   1  10  25  11  86  12  27  13  30  14  34  15  62  16   8  17  26  18   7  19  79 
  0  12   1  47   2  16   3  28   4  75   5  38   6  26   7  87   8  26   9   1  10  26  11  90  12  28  13  30  14  39  15  63  16  14  17  26  18   7  19  79 
  0   5   1  45   2  14   3  26   4  76   5  36   6  23   7  87   8  24   9   1  10  24  11  86  12  28  13  30  14  34  15  63  16  10  17  26  18   7  19  77 
  0  12   1  46   2  14   3  30   4  80   5  41   6  27   7  89   8  28   9   1  10  27  11  91  12  27  13  31  14  38  15  62  16  16  17  28  18   9  19  77 
  0  11   1  45   2  15   3  27   4  80   5  40   6  27   7  87   8  28   9   2  10  30  11  90  12  29  13  32  14  38  15  62  16  13  17  26  18   8  19  77 
  0  13   1  46   2  16   3  28   4  80   5  41   6  27   7  89   8  28   9   1  10  30  11  92  12  29  13  32  14  40  15  64  16  15  17  28  18   9  19  79 
  0   9   1  46   2  15   3  27   4  75   5  39   6  25   7  85   8  25   9   1  10  29  11  89  12  28  13  32  14  37  15  64  16  11  17  26  18   7  19  78 
  0   9   1  46   2  15   3  29   4  78   5  39   6  25   7  87   8  28   9   3  10  30  11  91  12  29  13  32  14  39  15  62  16  15  17  27  18   9  19  79 


