
 20  20

  0  91   1  17   2  39   3  70   4  12   5  38   6  88   7  40   8  73   9  16  10  46  11  12  12  92  13  22  14  38  15  82  16  88  17  61  18  35  19  56 
  0  89   1  17   2  40   3  64   4   7   5  35   6  87   7  38   8  67   9  11  10  43  11  12  12  90  13  16  14  38  15  77  16  83  17  58  18  33  19  51 
  0  87   1  17   2  40   3  66   4  10   5  36   6  84   7  38   8  68   9  16  10  44  11   9  12  90  13  16  14  38  15  77  16  85  17  55  18  34  19  52 
  0  93   1  19   2  40   3  69   4  13   5  38   6  87   7  41   8  69   9  17  10  51  11  10  12  95  13  23  14  40  15  80  16  86  17  59  18  37  19  56 
  0  88   1  15   2  38   3  66   4   7   5  32   6  84   7  40   8  65   9  11  10  43  11  11  12  91  13  14  14  40  15  74  16  84  17  55  18  33  19  48 
  0  95   1  18   2  40   3  67   4   9   5  40   6  87   7  41   8  71   9  17  10  47  11  13  12  94  13  23  14  38  15  80  16  88  17  58  18  35  19  53 
  0  89   1  17   2  38   3  65   4   7   5  33   6  85   7  39   8  65   9  12  10  43  11  10  12  90  13  14  14  38  15  73  16  83  17  58  18  35  19  50 
  0  93   1  19   2  39   3  68   4  12   5  38   6  87   7  40   8  71   9  16  10  45  11  10  12  96  13  20  14  39  15  80  16  88  17  59  18  37  19  52 
  0  95   1  17   2  40   3  70   4  13   5  38   6  86   7  41   8  68   9  19  10  49  11  10  12  94  13  23  14  38  15  81  16  86  17  61  18  35  19  53 
  0  96   1  17   2  40   3  68   4  13   5  36   6  86   7  44   8  73   9  17  10  51  11  13  12  96  13  23  14  40  15  80  16  87  17  61  18  37  19  54 
  0  88   1  15   2  40   3  68   4   7   5  32   6  86   7  40   8  66   9  15  10  44  11   9  12  92  13  16  14  40  15  75  16  84  17  59  18  33  19  50 
  0  88   1  16   2  38   3  66   4   9   5  34   6  85   7  38   8  66   9  13  10  45  11   9  12  94  13  15  14  38  15  78  16  86  17  57  18  33  19  49 
  0  94   1  18   2  38   3  70   4  11   5  38   6  88   7  41   8  72   9  17  10  49  11  13  12  96  13  19  14  39  15  78  16  87  17  59  18  36  19  55 
  0  91   1  18   2  38   3  67   4   8   5  35   6  84   7  41   8  67   9  14  10  46  11  10  12  90  13  17  14  39  15  77  16  85  17  59  18  36  19  53 
  0  88   1  16   2  38   3  64   4   7   5  32   6  85   7  38   8  67   9  11  10  42  11  10  12  90  13  15  14  40  15  74  16  82  17  55  18  33  19  48 
  0  86   1  17   2  39   3  64   4   7   5  33   6  86   7  41   8  68   9  12  10  44  11  11  12  92  13  15  14  39  15  74  16  84  17  58  18  35  19  48 
  0  86   1  17   2  38   3  64   4   7   5  33   6  84   7  38   8  65   9  11  10  42  11  11  12  90  13  14  14  38  15  75  16  82  17  57  18  33  19  49 
  0  92   1  16   2  40   3  69   4  12   5  36   6  85   7  42   8  72   9  20  10  50  11  10  12  95  13  21  14  38  15  78  16  88  17  60  18  37  19  56 
  0  92   1  19   2  38   3  67   4  12   5  33   6  84   7  39   8  68   9  15  10  45  11  12  12  91  13  19  14  40  15  78  16  85  17  59  18  35  19  52 
  0  87   1  16   2  39   3  64   4   9   5  35   6  87   7  40   8  68   9  11  10  41  11   9  12  92  13  14  14  38  15  74  16  84  17  55  18  36  19  49 


