
 20  20

  0  99   1  39   2  12   3  25   4  27   5  85   6  56   7  28   8  31   9  35  10  99  11  76  12  58  13  49  14  30  15  32  16  28  17  36  18  48  19  92 
  0  99   1  39   2  12   3  24   4  26   5  85   6  54   7  28   8  33   9  36  10  98  11  75  12  60  13  47  14  31  15  32  16  28  17  36  18  48  19  91 
  0  92   1  39   2  12   3  19   4  20   5  79   6  49   7  22   8  31   9  30  10  93  11  71  12  58  13  41  14  30  15  29  16  24  17  32  18  47  19  89 
  0  93   1  39   2  11   3  20   4  24   5  82   6  51   7  24   8  29   9  32  10  98  11  73  12  59  13  43  14  28  15  29  16  28  17  36  18  50  19  91 
  0  92   1  40   2  12   3  23   4  22   5  80   6  51   7  23   8  29   9  31  10  94  11  73  12  58  13  42  14  30  15  31  16  26  17  36  18  49  19  88 
  0  92   1  40   2  10   3  20   4  21   5  82   6  51   7  22   8  30   9  32  10  93  11  74  12  59  13  44  14  28  15  31  16  24  17  32  18  49  19  88 
  0  99   1  40   2  10   3  22   4  25   5  83   6  55   7  26   8  30   9  34  10  98  11  74  12  58  13  45  14  30  15  33  16  27  17  39  18  49  19  90 
  0  94   1  39   2  10   3  24   4  22   5  81   6  54   7  27   8  31   9  32  10  97  11  76  12  60  13  44  14  29  15  32  16  25  17  38  18  51  19  89 
  0  92   1  39   2  10   3  17   4  20   5  79   6  49   7  22   8  28   9  28  10  93  11  72  12  58  13  41  14  30  15  30  16  24  17  32  18  49  19  88 
  0  99   1  39   2  11   3  25   4  28   5  85   6  57   7  28   8  32   9  37  10  99  11  76  12  58  13  49  14  32  15  33  16  28  17  39  18  49  19  91 
  0  90   1  39   2  10   3  17   4  20   5  79   6  51   7  25   8  28   9  27  10  91  11  73  12  58  13  44  14  28  15  32  16  26  17  32  18  49  19  86 
  0  97   1  39   2  10   3  24   4  22   5  85   6  52   7  25   8  33   9  31  10  97  11  75  12  60  13  47  14  31  15  30  16  24  17  34  18  47  19  90 
  0  97   1  41   2  12   3  24   4  25   5  84   6  54   7  27   8  34   9  35  10  99  11  75  12  58  13  49  14  31  15  32  16  27  17  37  18  49  19  92 
  0  97   1  41   2  11   3  27   4  28   5  85   6  57   7  28   8  34   9  34  10  99  11  75  12  60  13  49  14  31  15  33  16  28  17  37  18  51  19  92 
  0  94   1  41   2  12   3  23   4  20   5  81   6  50   7  24   8  30   9  33  10  96  11  75  12  60  13  42  14  32  15  32  16  27  17  32  18  49  19  87 
  0  99   1  41   2  12   3  24   4  27   5  83   6  57   7  25   8  31   9  34  10  98  11  76  12  59  13  49  14  32  15  31  16  26  17  36  18  50  19  90 
  0  90   1  40   2  10   3  17   4  18   5  79   6  51   7  22   8  28   9  28  10  92  11  71  12  58  13  41  14  28  15  29  16  26  17  31  18  47  19  86 
  0  95   1  39   2  10   3  22   4  27   5  83   6  55   7  25   8  32   9  35  10  96  11  73  12  60  13  46  14  30  15  30  16  26  17  39  18  48  19  88 
  0  93   1  40   2  10   3  20   4  18   5  82   6  51   7  22   8  28   9  27  10  91  11  71  12  58  13  41  14  30  15  29  16  24  17  31  18  47  19  86 
  0  95   1  39   2  12   3  24   4  25   5  85   6  54   7  28   8  32   9  36  10  99  11  73  12  59  13  49  14  31  15  32  16  28  17  36  18  48  19  89 


