
 20  20

  0  76   1  19   2  34   3  32   4  15   5  49   6  80   7  18   8   9   9  47  10  57  11  53  12  37  13  57  14  38  15  73  16  59  17  88  18  22  19  39 
  0  77   1  22   2  34   3  33   4  19   5  52   6  80   7  18   8   8   9  48  10  62  11  51  12  36  13  60  14  40  15  72  16  60  17  89  18  21  19  37 
  0  76   1  21   2  35   3  34   4  19   5  51   6  82   7  20   8   8   9  48  10  64  11  53  12  39  13  59  14  41  15  71  16  63  17  93  18  21  19  39 
  0  76   1  21   2  32   3  34   4  15   5  49   6  80   7  19   8   8   9  44  10  60  11  53  12  34  13  59  14  37  15  71  16  57  17  89  18  21  19  39 
  0  76   1  22   2  32   3  31   4  14   5  49   6  82   7  20   8   9   9  44  10  59  11  53  12  37  13  59  14  38  15  72  16  58  17  85  18  21  19  38 
  0  77   1  23   2  34   3  36   4  21   5  52   6  82   7  18   8   9   9  48  10  63  11  52  12  39  13  62  14  37  15  73  16  64  17  91  18  21  19  39 
  0  77   1  21   2  34   3  34   4  18   5  49   6  80   7  20   8   9   9  47  10  60  11  53  12  38  13  59  14  40  15  73  16  61  17  91  18  24  19  37 
  0  79   1  20   2  34   3  35   4  19   5  52   6  80   7  19   8   8   9  48  10  63  11  51  12  41  13  60  14  40  15  71  16  61  17  93  18  21  19  38 
  0  76   1  20   2  32   3  32   4  16   5  52   6  82   7  18   8   7   9  47  10  57  11  51  12  34  13  58  14  38  15  73  16  59  17  90  18  24  19  39 
  0  81   1  22   2  35   3  35   4  20   5  51   6  82   7  20   8   9   9  48  10  64  11  53  12  38  13  60  14  41  15  71  16  61  17  94  18  24  19  37 
  0  75   1  20   2  35   3  33   4  19   5  50   6  82   7  20   8   7   9  46  10  62  11  53  12  40  13  59  14  37  15  73  16  58  17  88  18  21  19  37 
  0  81   1  21   2  36   3  36   4  18   5  50   6  82   7  20   8   9   9  45  10  64  11  51  12  38  13  62  14  37  15  73  16  61  17  93  18  24  19  39 
  0  72   1  18   2  28   3  30   4  13   5  49   6  80   7  18   8   7   9  44  10  57  11  51  12  33  13  56  14  33  15  73  16  54  17  84  18  21  19  37 
  0  76   1  22   2  31   3  33   4  14   5  48   6  82   7  18   8   8   9  44  10  60  11  51  12  35  13  56  14  37  15  71  16  59  17  89  18  23  19  37 
  0  78   1  24   2  36   3  33   4  19   5  52   6  80   7  18   8   7   9  48  10  60  11  52  12  37  13  59  14  41  15  71  16  60  17  91  18  23  19  37 
  0  76   1  20   2  35   3  32   4  19   5  52   6  81   7  20   8   9   9  48  10  60  11  51  12  36  13  58  14  37  15  72  16  62  17  92  18  22  19  38 
  0  76   1  21   2  30   3  34   4  15   5  50   6  80   7  20   8   7   9  45  10  57  11  51  12  35  13  58  14  34  15  72  16  56  17  89  18  24  19  37 
  0  76   1  19   2  33   3  30   4  14   5  50   6  82   7  20   8   9   9  47  10  56  11  51  12  36  13  60  14  36  15  71  16  57  17  89  18  23  19  39 
  0  80   1  22   2  35   3  37   4  16   5  52   6  80   7  20   8   9   9  48  10  63  11  53  12  39  13  62  14  37  15  73  16  59  17  92  18  24  19  37 
  0  74   1  18   2  32   3  32   4  17   5  51   6  80   7  20   8   7   9  44  10  55  11  51  12  36  13  56  14  37  15  71  16  58  17  87  18  20  19  37 


