
 20  20

  0  44   1  22   2  62   3  86   4  14   5  54   6  63   7  29   8  45   9  65  10  20  11  84  12  71  13  73  14  74  15   4  16  50  17  42  18  80  19  22 
  0  39   1  24   2  62   3  79   4   7   5  52   6  63   7  21   8  45   9  61  10  19  11  76  12  68  13  66  14  71  15   1  16  47  17  40  18  77  19  18 
  0  46   1  23   2  62   3  85   4  14   5  52   6  63   7  26   8  43   9  65  10  19  11  81  12  71  13  73  14  73  15   6  16  49  17  40  18  80  19  20 
  0  39   1  24   2  63   3  82   4   9   5  52   6  65   7  21   8  43   9  61  10  18  11  76  12  68  13  69  14  72  15   1  16  50  17  40  18  76  19  18 
  0  41   1  22   2  62   3  83   4   9   5  54   6  63   7  21   8  43   9  61  10  18  11  79  12  68  13  66  14  72  15   1  16  47  17  40  18  80  19  21 
  0  44   1  22   2  63   3  82   4  10   5  54   6  65   7  27   8  43   9  62  10  21  11  82  12  70  13  69  14  72  15   5  16  49  17  42  18  82  19  21 
  0  43   1  22   2  62   3  82   4  13   5  53   6  64   7  23   8  43   9  62  10  18  11  79  12  68  13  70  14  74  15   4  16  50  17  40  18  78  19  21 
  0  45   1  22   2  62   3  85   4  11   5  54   6  65   7  29   8  44   9  62  10  22  11  82  12  71  13  70  14  76  15   4  16  53  17  42  18  80  19  18 
  0  47   1  24   2  62   3  84   4  15   5  54   6  65   7  28   8  45   9  62  10  20  11  86  12  72  13  71  14  74  15   6  16  51  17  41  18  83  19  19 
  0  47   1  23   2  63   3  84   4  12   5  54   6  64   7  29   8  45   9  65  10  20  11  83  12  71  13  71  14  76  15   5  16  52  17  41  18  84  19  20 
  0  40   1  22   2  64   3  79   4  11   5  52   6  64   7  21   8  44   9  60  10  20  11  78  12  71  13  66  14  71  15   1  16  47  17  41  18  80  19  18 
  0  42   1  24   2  64   3  81   4  10   5  52   6  65   7  27   8  44   9  60  10  18  11  80  12  70  13  72  14  73  15   2  16  52  17  42  18  79  19  21 
  0  42   1  22   2  64   3  79   4   8   5  52   6  63   7  26   8  44   9  60  10  18  11  79  12  69  13  68  14  73  15   1  16  48  17  42  18  79  19  20 
  0  39   1  23   2  62   3  81   4   7   5  54   6  63   7  24   8  43   9  59  10  20  11  76  12  68  13  67  14  72  15   1  16  49  17  42  18  76  19  21 
  0  43   1  24   2  62   3  84   4  14   5  54   6  63   7  27   8  45   9  63  10  22  11  84  12  72  13  71  14  75  15   5  16  53  17  42  18  83  19  22 
  0  42   1  22   2  63   3  81   4  12   5  54   6  63   7  28   8  45   9  60  10  22  11  79  12  70  13  68  14  75  15   5  16  52  17  41  18  82  19  21 
  0  37   1  24   2  64   3  79   4   9   5  54   6  63   7  22   8  43   9  59  10  19  11  76  12  68  13  66  14  70  15   1  16  48  17  41  18  76  19  18 
  0  43   1  24   2  62   3  84   4  12   5  52   6  65   7  30   8  43   9  64  10  21  11  83  12  70  13  71  14  76  15   7  16  53  17  40  18  82  19  20 
  0  45   1  24   2  62   3  86   4  14   5  54   6  65   7  30   8  45   9  63  10  22  11  86  12  72  13  74  14  77  15   6  16  52  17  41  18  81  19  22 
  0  47   1  24   2  64   3  85   4  12   5  54   6  65   7  31   8  45   9  65  10  20  11  86  12  72  13  71  14  75  15   8  16  53  17  40  18  83  19  22 


