
 20  20

  0  97   1  56   2  60   3  91   4  63   5  81   6  44   7  22   8  35   9  65  10  88  11  80  12  16  13  74  14  70  15  22  16  38  17  67  18  89  19  78 
  0  88   1  50   2  55   3  89   4  57   5  75   6  42   7  21   8  36   9  65  10  81  11  73  12  15  13  71  14  67  15  18  16  35  17  65  18  85  19  70 
  0  92   1  55   2  58   3  93   4  60   5  77   6  41   7  22   8  34   9  66  10  83  11  75  12  14  13  75  14  72  15  19  16  40  17  66  18  89  19  75 
  0  94   1  54   2  58   3  92   4  60   5  77   6  41   7  22   8  36   9  66  10  86  11  78  12  14  13  75  14  71  15  22  16  38  17  63  18  85  19  73 
  0  93   1  55   2  57   3  91   4  56   5  78   6  42   7  21   8  34   9  67  10  83  11  73  12  12  13  74  14  70  15  18  16  36  17  65  18  86  19  73 
  0  93   1  57   2  58   3  92   4  60   5  78   6  44   7  22   8  36   9  67  10  83  11  75  12  13  13  74  14  72  15  19  16  39  17  64  18  89  19  77 
  0  90   1  51   2  56   3  89   4  56   5  75   6  40   7  21   8  35   9  62  10  80  11  71  12  12  13  71  14  67  15  18  16  34  17  63  18  85  19  70 
  0  95   1  53   2  62   3  93   4  58   5  77   6  44   7  21   8  35   9  67  10  82  11  77  12  12  13  74  14  71  15  19  16  37  17  64  18  88  19  73 
  0  88   1  50   2  55   3  87   4  57   5  76   6  42   7  22   8  34   9  64  10  78  11  70  12  13  13  69  14  68  15  18  16  34  17  64  18  85  19  70 
  0  93   1  55   2  62   3  91   4  63   5  81   6  43   7  21   8  36   9  68  10  85  11  80  12  14  13  74  14  73  15  22  16  39  17  64  18  89  19  78 
  0  94   1  57   2  60   3  93   4  63   5  81   6  44   7  23   8  34   9  66  10  88  11  77  12  14  13  76  14  73  15  22  16  39  17  67  18  88  19  75 
  0  92   1  55   2  59   3  89   4  57   5  80   6  40   7  21   8  36   9  65  10  81  11  73  12  14  13  71  14  71  15  19  16  35  17  65  18  85  19  72 
  0  96   1  56   2  63   3  93   4  60   5  80   6  42   7  22   8  35   9  66  10  84  11  76  12  16  13  74  14  73  15  19  16  40  17  67  18  89  19  75 
  0  87   1  50   2  58   3  87   4  55   5  76   6  41   7  23   8  34   9  63  10  82  11  71  12  15  13  70  14  67  15  18  16  35  17  63  18  88  19  70 
  0  92   1  52   2  57   3  89   4  57   5  76   6  42   7  21   8  34   9  62  10  79  11  72  12  12  13  72  14  70  15  21  16  35  17  63  18  86  19  70 
  0  87   1  50   2  57   3  88   4  56   5  76   6  41   7  21   8  34   9  63  10  80  11  71  12  13  13  70  14  67  15  18  16  35  17  63  18  85  19  72 
  0  95   1  55   2  62   3  93   4  60   5  80   6  41   7  22   8  34   9  65  10  86  11  78  12  14  13  72  14  70  15  19  16  36  17  67  18  88  19  74 
  0  93   1  56   2  63   3  93   4  62   5  78   6  42   7  22   8  34   9  65  10  87  11  78  12  14  13  77  14  71  15  19  16  40  17  64  18  87  19  75 
  0  95   1  58   2  59   3  92   4  59   5  81   6  43   7  22   8  36   9  65  10  87  11  77  12  16  13  74  14  70  15  22  16  40  17  67  18  86  19  77 
  0  97   1  58   2  63   3  92   4  63   5  81   6  43   7  21   8  34   9  68  10  87  11  80  12  16  13  77  14  73  15  22  16  40  17  67  18  88  19  78 


