
 20  20

  0  38   1  73   2  68   3  24   4  78   5  86   6  25   7  89   8  39   9  19  10  58  11   9  12  41  13  51  14  13  15  36  16  34  17  58  18  87  19  39 
  0  30   1  73   2  64   3  23   4  76   5  81   6  19   7  89   8  36   9  16  10  57  11   5  12  39  13  48  14   9  15  32  16  34  17  59  18  80  19  34 
  0  36   1  72   2  68   3  25   4  78   5  85   6  25   7  91   8  39   9  20  10  61  11   8  12  41  13  48  14  13  15  37  16  33  17  59  18  86  19  39 
  0  38   1  73   2  68   3  25   4  78   5  87   6  24   7  92   8  36   9  20  10  60  11   6  12  39  13  49  14  11  15  37  16  32  17  59  18  87  19  36 
  0  37   1  72   2  67   3  23   4  77   5  86   6  22   7  91   8  39   9  20  10  61  11   8  12  40  13  50  14  13  15  38  16  33  17  59  18  85  19  37 
  0  33   1  69   2  66   3  23   4  77   5  83   6  19   7  86   8  35   9  15  10  58  11   5  12  39  13  47  14  11  15  32  16  34  17  58  18  81  19  35 
  0  28   1  68   2  64   3  21   4  76   5  79   6  17   7  86   8  32   9  13  10  55  11   5  12  39  13  43  14   7  15  30  16  32  17  57  18  79  19  30 
  0  28   1  68   2  66   3  23   4  76   5  78   6  16   7  87   8  33   9  12  10  56  11   6  12  39  13  46  14   7  15  33  16  32  17  57  18  81  19  31 
  0  35   1  72   2  68   3  24   4  76   5  85   6  22   7  89   8  35   9  15  10  58  11   6  12  39  13  50  14  12  15  34  16  34  17  59  18  85  19  38 
  0  28   1  68   2  65   3  22   4  77   5  78   6  15   7  86   8  31   9  14  10  55  11   5  12  39  13  45  14   9  15  30  16  32  17  57  18  77  19  29 
  0  38   1  74   2  65   3  25   4  76   5  88   6  21   7  92   8  37   9  19  10  58  11   9  12  40  13  49  14  10  15  39  16  33  17  57  18  84  19  37 
  0  29   1  68   2  67   3  21   4  78   5  82   6  19   7  88   8  34   9  13  10  55  11   6  12  41  13  47  14   9  15  30  16  34  17  57  18  82  19  34 
  0  36   1  73   2  66   3  25   4  77   5  86   6  25   7  90   8  39   9  20  10  61  11   8  12  41  13  49  14  13  15  36  16  33  17  57  18  87  19  39 
  0  33   1  71   2  64   3  23   4  77   5  83   6  18   7  87   8  36   9  16  10  56  11   8  12  39  13  44  14   7  15  32  16  34  17  59  18  81  19  31 
  0  38   1  74   2  68   3  24   4  78   5  88   6  22   7  92   8  39   9  19  10  59  11   8  12  39  13  50  14  13  15  39  16  33  17  59  18  87  19  38 
  0  30   1  68   2  65   3  21   4  76   5  80   6  16   7  89   8  34   9  14  10  55  11   7  12  40  13  45  14   8  15  29  16  32  17  57  18  79  19  32 
  0  35   1  72   2  68   3  22   4  78   5  81   6  18   7  87   8  37   9  14  10  59  11   5  12  41  13  49  14  12  15  36  16  34  17  59  18  80  19  35 
  0  30   1  68   2  65   3  22   4  76   5  79   6  17   7  86   8  32   9  14  10  55  11   5  12  41  13  44  14  10  15  32  16  34  17  58  18  79  19  29 
  0  33   1  72   2  66   3  23   4  77   5  84   6  22   7  90   8  34   9  15  10  58  11   9  12  39  13  48  14   9  15  35  16  33  17  59  18  84  19  35 
  0  33   1  69   2  64   3  22   4  78   5  83   6  17   7  87   8  33   9  13  10  55  11   6  12  40  13  47  14   8  15  31  16  34  17  59  18  81  19  33 


