
 20  20

  0  65   1  45   2  43   3  77   4  71   5  44   6   8   7   5   8  62   9  15  10  76  11  29  12  63  13  40  14  73  15  83  16   2  17  69  18  64  19  61 
  0  67   1  45   2  48   3  78   4  72   5  44   6  10   7   5   8  65   9  19  10  74  11  29  12  64  13  44  14  77  15  87  16   3  17  69  18  67  19  61 
  0  68   1  47   2  46   3  79   4  73   5  42   6   9   7   6   8  64   9  19  10  75  11  32  12  63  13  44  14  75  15  86  16   4  17  69  18  68  19  61 
  0  67   1  47   2  48   3  77   4  72   5  42   6   9   7   7   8  64   9  17  10  76  11  32  12  63  13  44  14  77  15  85  16   4  17  69  18  68  19  62 
  0  60   1  47   2  46   3  75   4  67   5  40   6   4   7   5   8  62   9  17  10  75  11  28  12  58  13  43  14  75  15  85  16   1  17  67  18  63  19  60 
  0  60   1  45   2  42   3  73   4  65   5  40   6   2   7   7   8  61   9  13  10  76  11  25  12  59  13  42  14  71  15  82  16   1  17  69  18  62  19  58 
  0  64   1  47   2  47   3  79   4  71   5  43   6   6   7   7   8  63   9  19  10  74  11  29  12  65  13  42  14  77  15  83  16   4  17  69  18  66  19  61 
  0  63   1  45   2  46   3  76   4  69   5  41   6   7   7   6   8  64   9  18  10  74  11  30  12  62  13  41  14  76  15  87  16   3  17  67  18  68  19  61 
  0  64   1  45   2  45   3  77   4  66   5  43   6   6   7   7   8  63   9  15  10  74  11  27  12  60  13  42  14  75  15  85  16   3  17  67  18  62  19  59 
  0  61   1  47   2  45   3  75   4  66   5  43   6   5   7   7   8  62   9  17  10  75  11  27  12  62  13  40  14  72  15  83  16   1  17  67  18  62  19  58 
  0  62   1  47   2  42   3  77   4  67   5  42   6   4   7   5   8  61   9  15  10  74  11  29  12  61  13  43  14  72  15  85  16   1  17  67  18  66  19  58 
  0  59   1  45   2  44   3  73   4  65   5  40   6   3   7   5   8  61   9  14  10  76  11  24  12  58  13  42  14  71  15  81  16   1  17  68  18  62  19  58 
  0  62   1  47   2  46   3  74   4  67   5  42   6   4   7   7   8  63   9  14  10  74  11  27  12  59  13  41  14  75  15  83  16   1  17  68  18  64  19  62 
  0  63   1  46   2  46   3  76   4  71   5  40   6   5   7   7   8  65   9  18  10  74  11  29  12  63  13  43  14  75  15  84  16   2  17  67  18  64  19  58 
  0  58   1  45   2  44   3  73   4  66   5  40   6   3   7   5   8  62   9  15  10  74  11  25  12  57  13  40  14  73  15  84  16   1  17  68  18  65  19  58 
  0  67   1  46   2  48   3  78   4  73   5  44   6   9   7   5   8  62   9  18  10  76  11  30  12  65  13  42  14  77  15  85  16   5  17  69  18  68  19  60 
  0  65   1  46   2  43   3  75   4  70   5  44   6   7   7   5   8  64   9  17  10  75  11  29  12  63  13  42  14  76  15  85  16   4  17  67  18  66  19  62 
  0  63   1  47   2  45   3  73   4  69   5  43   6   4   7   5   8  64   9  17  10  76  11  29  12  61  13  43  14  75  15  82  16   2  17  67  18  62  19  58 
  0  67   1  45   2  44   3  77   4  71   5  44   6   6   7   5   8  64   9  19  10  74  11  31  12  63  13  44  14  76  15  86  16   4  17  69  18  66  19  59 
  0  62   1  45   2  47   3  74   4  70   5  43   6   8   7   5   8  65   9  15  10  74  11  26  12  63  13  40  14  76  15  86  16   2  17  69  18  63  19  61 


