
 20  20

  0  31   1  64   2  80   3  50   4  25   5  29   6  28   7  26   8  16   9  13  10  96  11  55  12  51  13  29  14  89  15  67  16  60  17  37  18  65  19  87 
  0  30   1  64   2  78   3  50   4  26   5  26   6  26   7  28   8  15   9  11  10  98  11  56  12  48  13  30  14  91  15  66  16  57  17  37  18  67  19  88 
  0  26   1  64   2  77   3  50   4  26   5  28   6  24   7  29   8  11   9  11  10  95  11  57  12  49  13  28  14  89  15  65  16  57  17  36  18  66  19  87 
  0  34   1  66   2  82   3  49   4  25   5  32   6  28   7  30   8  16   9  14  10  98  11  60  12  48  13  29  14  91  15  71  16  61  17  37  18  72  19  88 
  0  25   1  64   2  75   3  48   4  24   5  26   6  25   7  26   8  13   9  11  10  97  11  54  12  48  13  29  14  89  15  68  16  59  17  35  18  64  19  87 
  0  27   1  64   2  79   3  50   4  25   5  31   6  26   7  30   8  16   9  12  10  99  11  57  12  48  13  29  14  91  15  71  16  61  17  37  18  69  19  87 
  0  31   1  66   2  84   3  50   4  26   5  34   6  27   7  30   8  17   9  15  10  98  11  60  12  50  13  31  14  91  15  71  16  61  17  37  18  70  19  89 
  0  33   1  64   2  80   3  48   4  26   5  33   6  29   7  27   8  16   9  12  10  99  11  59  12  51  13  31  14  90  15  72  16  60  17  35  18  72  19  91 
  0  29   1  65   2  79   3  48   4  24   5  26   6  27   7  28   8  12   9  10  10  95  11  58  12  49  13  28  14  90  15  65  16  56  17  35  18  63  19  88 
  0  28   1  66   2  75   3  50   4  24   5  28   6  25   7  27   8  11   9  13  10  98  11  57  12  47  13  26  14  90  15  66  16  59  17  35  18  65  19  89 
  0  25   1  66   2  78   3  49   4  25   5  28   6  25   7  27   8  13   9  12  10  97  11  58  12  48  13  27  14  89  15  65  16  58  17  37  18  67  19  87 
  0  31   1  66   2  81   3  50   4  26   5  34   6  29   7  29   8  16   9  14  10  98  11  61  12  51  13  30  14  89  15  70  16  61  17  37  18  69  19  91 
  0  30   1  66   2  83   3  50   4  25   5  30   6  27   7  27   8  14   9  13  10  99  11  59  12  50  13  29  14  89  15  68  16  59  17  35  18  72  19  89 
  0  25   1  64   2  75   3  48   4  24   5  26   6  25   7  28   8  11   9  11  10  97  11  56  12  49  13  26  14  89  15  65  16  56  17  35  18  63  19  87 
  0  28   1  66   2  80   3  50   4  24   5  29   6  25   7  28   8  12   9  11  10  96  11  57  12  47  13  26  14  91  15  67  16  59  17  35  18  65  19  89 
  0  32   1  64   2  81   3  48   4  24   5  31   6  29   7  30   8  14   9  12  10  99  11  62  12  51  13  28  14  91  15  73  16  64  17  35  18  70  19  88 
  0  25   1  64   2  78   3  48   4  24   5  25   6  24   7  27   8  13   9  10  10  95  11  55  12  47  13  29  14  89  15  66  16  58  17  35  18  63  19  87 
  0  30   1  64   2  78   3  48   4  26   5  30   6  26   7  29   8  11   9  13  10  99  11  55  12  48  13  29  14  89  15  70  16  61  17  37  18  69  19  89 
  0  25   1  64   2  77   3  49   4  26   5  27   6  24   7  26   8  13   9  10  10  95  11  56  12  48  13  26  14  91  15  66  16  58  17  36  18  65  19  87 
  0  34   1  64   2  85   3  50   4  26   5  35   6  29   7  29   8  17   9  14  10  99  11  61  12  50  13  32  14  89  15  73  16  63  17  35  18  73  19  89 


