
 20  20

  0  82   1  82   2  92   3  77   4  24   5  64   6  33   7  15   8  66   9   5  10  73  11  28  12  22  13  24  14  20  15   9  16  83  17  15  18  75  19  53 
  0  82   1  82   2  94   3  79   4  25   5  62   6  32   7  15   8  69   9   3  10  75  11  27  12  19  13  24  14  20  15   9  16  83  17  18  18  76  19  56 
  0  75   1  77   2  84   3  70   4  22   5  60   6  29   7   9   8  62   9   1  10  66  11  24  12  14  13  19  14  13  15   7  16  79  17  10  18  72  19  47 
  0  77   1  80   2  91   3  78   4  24   5  64   6  31   7  15   8  65   9   1  10  74  11  27  12  18  13  26  14  18  15   8  16  83  17  14  18  73  19  52 
  0  78   1  80   2  92   3  75   4  25   5  62   6  31   7  12   8  68   9   2  10  70  11  28  12  20  13  23  14  17  15   8  16  83  17  17  18  74  19  51 
  0  82   1  81   2  92   3  75   4  25   5  62   6  34   7  11   8  67   9   3  10  73  11  27  12  22  13  24  14  20  15   9  16  83  17  16  18  73  19  55 
  0  72   1  76   2  84   3  69   4  19   5  60   6  30   7   9   8  59   9   1  10  68  11  24  12  14  13  21  14  14  15   7  16  80  17  10  18  73  19  47 
  0  75   1  76   2  85   3  72   4  21   5  61   6  30   7  11   8  62   9   1  10  66  11  24  12  18  13  20  14  11  15   9  16  82  17  10  18  72  19  50 
  0  76   1  81   2  87   3  76   4  22   5  59   6  31   7  11   8  62   9   2  10  70  11  26  12  18  13  21  14  16  15   7  16  79  17  13  18  74  19  50 
  0  82   1  80   2  91   3  75   4  25   5  62   6  31   7  11   8  65   9   6  10  74  11  26  12  22  13  23  14  19  15   9  16  81  17  16  18  76  19  55 
  0  77   1  81   2  91   3  76   4  22   5  60   6  31   7  14   8  67   9   3  10  72  11  28  12  21  13  22  14  15  15   9  16  83  17  16  18  74  19  53 
  0  74   1  76   2  87   3  70   4  21   5  60   6  28   7   8   8  60   9   1  10  65  11  26  12  15  13  19  14  11  15   9  16  79  17   9  18  74  19  49 
  0  76   1  78   2  88   3  69   4  20   5  61   6  31   7   8   8  61   9   1  10  67  11  25  12  16  13  19  14  11  15   8  16  79  17  13  18  72  19  47 
  0  82   1  80   2  93   3  77   4  22   5  62   6  34   7  14   8  66   9   3  10  71  11  26  12  20  13  27  14  18  15   9  16  82  17  17  18  73  19  53 
  0  72   1  76   2  85   3  69   4  20   5  58   6  28   7   7   8  59   9   1  10  66  11  24  12  14  13  19  14  13  15   7  16  79  17   9  18  74  19  48 
  0  82   1  80   2  92   3  77   4  25   5  63   6  34   7  15   8  69   9   5  10  73  11  28  12  20  13  27  14  21  15   9  16  83  17  19  18  75  19  56 
  0  72   1  77   2  87   3  69   4  20   5  59   6  29   7   9   8  62   9   1  10  68  11  27  12  14  13  19  14  13  15   8  16  82  17  10  18  74  19  46 
  0  74   1  79   2  88   3  71   4  20   5  58   6  30   7  11   8  62   9   1  10  67  11  24  12  17  13  20  14  13  15   7  16  79  17  10  18  72  19  48 
  0  81   1  79   2  91   3  79   4  25   5  64   6  34   7  15   8  67   9   4  10  74  11  25  12  20  13  24  14  19  15   9  16  82  17  18  18  73  19  52 
  0  82   1  80   2  91   3  79   4  25   5  64   6  33   7  15   8  69   9   6  10  75  11  27  12  22  13  24  14  20  15   7  16  82  17  16  18  74  19  56 


