
 20  20

  0  94   1  13   2  28   3  62   4  64   5  78   6  80   7  67   8  27   9  50  10  71  11  24  12   4  13  17  14  73  15  11  16  92  17  55  18  19  19   9 
  0  99   1  18   2  29   3  65   4  63   5  81   6  81   7  73   8  30   9  54  10  77  11  24  12  14  13  23  14  74  15  15  16  93  17  56  18  21  19  15 
  0  92   1  10   2  26   3  63   4  64   5  77   6  80   7  68   8  23   9  53  10  73  11  22  12   8  13  15  14  72  15  12  16  91  17  56  18  19  19   9 
  0  99   1  16   2  28   3  65   4  62   5  81   6  82   7  76   8  33   9  56  10  77  11  23  12  13  13  23  14  76  15  17  16  96  17  54  18  21  19  16 
  0  92   1  10   2  26   3  62   4  62   5  75   6  77   7  66   8  24   9  50  10  72  11  23  12   4  13  13  14  72  15  12  16  91  17  56  18  21  19   9 
  0  93   1  13   2  26   3  65   4  62   5  75   6  79   7  67   8  25   9  52  10  72  11  22  12   6  13  15  14  73  15  11  16  93  17  54  18  21  19   9 
  0  95   1  15   2  28   3  66   4  64   5  78   6  78   7  74   8  30   9  51  10  74  11  24  12  10  13  17  14  72  15  15  16  92  17  54  18  19  19  13 
  0  93   1  11   2  28   3  64   4  62   5  77   6  80   7  70   8  27   9  51  10  73  11  22  12  10  13  18  14  76  15  15  16  91  17  56  18  21  19  10 
  0  98   1  16   2  28   3  66   4  63   5  77   6  80   7  73   8  30   9  56  10  78  11  22  12  10  13  21  14  75  15  13  16  95  17  56  18  21  19  13 
  0  98   1  14   2  29   3  63   4  62   5  79   6  79   7  72   8  28   9  55  10  72  11  21  12  11  13  21  14  72  15  16  16  95  17  56  18  21  19  12 
  0  92   1  12   2  26   3  66   4  62   5  76   6  81   7  69   8  24   9  52  10  71  11  21  12   6  13  15  14  75  15  12  16  92  17  54  18  20  19  11 
  0  94   1  12   2  29   3  62   4  63   5  75   6  79   7  66   8  24   9  53  10  71  11  21  12   8  13  17  14  72  15  13  16  92  17  56  18  19  19   9 
  0  99   1  15   2  30   3  68   4  63   5  79   6  83   7  75   8  33   9  55  10  77  11  24  12  10  13  23  14  73  15  14  16  95  17  55  18  21  19  14 
  0  99   1  18   2  30   3  68   4  64   5  78   6  80   7  76   8  30   9  55  10  78  11  24  12  14  13  23  14  76  15  17  16  96  17  54  18  20  19  18 
  0  94   1  13   2  27   3  66   4  64   5  78   6  80   7  68   8  26   9  50  10  75  11  23  12   7  13  15  14  73  15  12  16  92  17  54  18  20  19  11 
  0  96   1  13   2  27   3  63   4  62   5  78   6  78   7  72   8  28   9  54  10  71  11  22  12   8  13  19  14  76  15  15  16  93  17  56  18  19  19  11 
  0  93   1  11   2  26   3  63   4  64   5  79   6  79   7  71   8  27   9  50  10  75  11  22  12  10  13  16  14  73  15  15  16  92  17  54  18  19  19  13 
  0  95   1  15   2  30   3  63   4  62   5  79   6  79   7  68   8  29   9  51  10  72  11  21  12   8  13  18  14  76  15  12  16  92  17  54  18  21  19  10 
  0  94   1  13   2  29   3  63   4  62   5  76   6  79   7  67   8  27   9  51  10  72  11  23  12   6  13  15  14  74  15  11  16  91  17  56  18  21  19  10 
  0  96   1  13   2  29   3  65   4  62   5  77   6  77   7  70   8  25   9  51  10  74  11  21  12   8  13  14  14  72  15  11  16  93  17  54  18  21  19  12 


