
 20  20

  0   1   1  20   2  23   3  37   4  61   5  85   6  79   7   9   8   1   9  18  10   1  11  50  12  85  13  33  14  48  15  45  16  58  17  79  18  50  19  85 
  0   6   1  22   2  25   3  41   4  62   5  89   6  81   7  14   8   1   9  18  10   2  11  50  12  85  13  35  14  50  15  44  16  60  17  78  18  49  19  88 
  0   1   1  21   2  23   3  37   4  63   5  85   6  79   7  10   8   1   9  18  10   3  11  48  12  83  13  34  14  46  15  44  16  58  17  78  18  47  19  84 
  0   8   1  25   2  27   3  45   4  63   5  92   6  84   7  17   8   6   9  20  10   7  11  50  12  86  13  42  14  50  15  45  16  60  17  82  18  51  19  90 
  0   7   1  25   2  28   3  44   4  65   5  90   6  83   7  13   8   4   9  18  10   6  11  49  12  84  13  40  14  52  15  45  16  59  17  82  18  49  19  87 
  0   5   1  25   2  27   3  40   4  62   5  91   6  82   7  14   8   3   9  19  10   4  11  49  12  85  13  36  14  49  15  44  16  60  17  80  18  51  19  90 
  0   2   1  22   2  24   3  41   4  64   5  87   6  78   7  10   8   1   9  20  10   5  11  48  12  83  13  34  14  49  15  45  16  58  17  79  18  47  19  84 
  0   4   1  19   2  22   3  40   4  61   5  85   6  76   7  10   8   1   9  18  10   3  11  48  12  82  13  33  14  45  15  46  16  59  17  80  18  49  19  85 
  0   1   1  22   2  24   3  37   4  63   5  88   6  79   7  12   8   1   9  19  10   3  11  48  12  84  13  32  14  45  15  45  16  60  17  78  18  48  19  85 
  0   6   1  24   2  30   3  42   4  63   5  91   6  84   7  15   8   6   9  20  10   8  11  48  12  83  13  38  14  51  15  45  16  60  17  81  18  51  19  88 
  0   8   1  27   2  28   3  45   4  65   5  92   6  83   7  17   8   7   9  20  10  10  11  50  12  85  13  39  14  53  15  44  16  58  17  81  18  51  19  90 
  0   6   1  23   2  26   3  42   4  65   5  90   6  83   7  13   8   5   9  19  10   9  11  50  12  86  13  41  14  51  15  46  16  58  17  79  18  49  19  87 
  0  10   1  24   2  30   3  45   4  64   5  93   6  84   7  16   8   5   9  20  10  10  11  50  12  84  13  39  14  50  15  46  16  60  17  80  18  50  19  87 
  0   9   1  24   2  26   3  42   4  63   5  91   6  82   7  13   8   6   9  18  10   5  11  48  12  85  13  37  14  51  15  46  16  58  17  82  18  49  19  87 
  0   5   1  23   2  26   3  43   4  65   5  89   6  80   7  13   8   1   9  18  10   6  11  48  12  83  13  39  14  50  15  46  16  58  17  81  18  51  19  85 
  0   6   1  25   2  25   3  42   4  62   5  91   6  81   7  12   8   3   9  18  10   4  11  50  12  84  13  40  14  49  15  45  16  58  17  82  18  51  19  88 
  0   6   1  22   2  26   3  40   4  64   5  89   6  79   7  13   8   2   9  18  10   2  11  49  12  83  13  34  14  50  15  44  16  60  17  79  18  48  19  85 
  0   7   1  21   2  24   3  43   4  61   5  90   6  78   7  15   8   1   9  20  10   4  11  50  12  83  13  36  14  50  15  44  16  59  17  81  18  50  19  85 
  0   8   1  25   2  30   3  43   4  65   5  93   6  84   7  16   8   7   9  20  10  10  11  50  12  86  13  42  14  50  15  46  16  58  17  82  18  50  19  90 
  0   7   1  25   2  29   3  44   4  64   5  91   6  82   7  16   8   3   9  19  10   8  11  48  12  82  13  39  14  49  15  46  16  58  17  82  18  50  19  90 


