
 20  20

  0  37   1  46   2  83   3  63   4  64   5  40   6  81   7  76   8  37   9  67  10  18  11  36  12  23  13  36  14  49  15  74  16  30  17  85  18  98  19  59 
  0  36   1  45   2  82   3  63   4  65   5  37   6  80   7  75   8  36   9  66  10  20  11  34  12  24  13  34  14  49  15  76  16  29  17  86  18  95  19  58 
  0  31   1  39   2  76   3  61   4  62   5  30   6  73   7  73   8  36   9  67  10  14  11  28  12  16  13  32  14  48  15  72  16  24  17  84  18  93  19  57 
  0  36   1  40   2  78   3  62   4  66   5  35   6  77   7  75   8  36   9  66  10  19  11  35  12  23  13  35  14  48  15  75  16  27  17  84  18  96  19  60 
  0  31   1  39   2  80   3  63   4  63   5  36   6  75   7  72   8  35   9  68  10  19  11  32  12  19  13  35  14  46  15  76  16  26  17  84  18  94  19  58 
  0  29   1  39   2  77   3  63   4  64   5  32   6  73   7  72   8  35   9  66  10  15  11  29  12  16  13  31  14  46  15  72  16  23  17  84  18  89  19  54 
  0  36   1  44   2  82   3  63   4  63   5  38   6  77   7  76   8  35   9  68  10  20  11  32  12  23  13  36  14  46  15  75  16  29  17  86  18  96  19  59 
  0  36   1  43   2  80   3  63   4  66   5  39   6  78   7  76   8  38   9  66  10  17  11  35  12  25  13  34  14  49  15  76  16  30  17  86  18  98  19  60 
  0  31   1  43   2  77   3  63   4  66   5  34   6  75   7  73   8  37   9  66  10  17  11  30  12  21  13  36  14  47  15  76  16  26  17  84  18  95  19  59 
  0  32   1  40   2  79   3  61   4  63   5  33   6  76   7  73   8  37   9  68  10  16  11  32  12  18  13  32  14  45  15  72  16  25  17  84  18  89  19  54 
  0  34   1  38   2  79   3  62   4  63   5  34   6  78   7  74   8  37   9  67  10  16  11  34  12  20  13  34  14  49  15  74  16  26  17  86  18  94  19  59 
  0  30   1  36   2  75   3  62   4  62   5  30   6  75   7  72   8  36   9  66  10  14  11  29  12  18  13  31  14  45  15  74  16  23  17  85  18  91  19  54 
  0  34   1  43   2  80   3  61   4  63   5  35   6  79   7  74   8  34   9  66  10  18  11  30  12  21  13  32  14  49  15  76  16  26  17  84  18  96  19  55 
  0  32   1  43   2  78   3  63   4  66   5  35   6  78   7  76   8  37   9  66  10  19  11  35  12  22  13  35  14  45  15  74  16  30  17  86  18  97  19  56 
  0  29   1  37   2  76   3  61   4  62   5  30   6  74   7  72   8  36   9  66  10  16  11  29  12  17  13  31  14  47  15  72  16  25  17  84  18  91  19  54 
  0  33   1  41   2  82   3  61   4  65   5  36   6  79   7  76   8  38   9  66  10  16  11  35  12  20  13  34  14  46  15  76  16  27  17  86  18  96  19  60 
  0  30   1  37   2  77   3  61   4  62   5  31   6  75   7  73   8  34   9  67  10  16  11  30  12  18  13  31  14  45  15  73  16  22  17  84  18  92  19  54 
  0  34   1  44   2  82   3  62   4  63   5  36   6  77   7  75   8  38   9  68  10  17  11  33  12  21  13  36  14  47  15  76  16  26  17  84  18  96  19  60 
  0  31   1  39   2  78   3  61   4  63   5  32   6  75   7  73   8  36   9  66  10  14  11  31  12  15  13  31  14  46  15  75  16  23  17  84  18  90  19  55 
  0  37   1  45   2  83   3  63   4  66   5  40   6  81   7  76   8  38   9  68  10  17  11  36  12  24  13  36  14  47  15  74  16  32  17  86  18  99  19  58 


