
 20  20

  0  40   1  59   2  22   3  47   4  44   5  88   6  35   7  97   8  31   9  73  10  73  11  97  12  87  13  22  14  60  15  46  16  22  17  31  18  47  19  51 
  0  32   1  55   2  16   3  44   4  43   5  87   6  32   7  90   8  29   9  71  10  68  11  93  12  83  13  16  14  58  15  44  16  20  17  28  18  42  19  45 
  0  36   1  53   2  16   3  43   4  40   5  86   6  33   7  92   8  30   9  71  10  67  11  93  12  82  13  18  14  58  15  46  16  22  17  28  18  42  19  45 
  0  35   1  57   2  19   3  46   4  44   5  88   6  32   7  95   8  29   9  71  10  71  11  97  12  85  13  21  14  62  15  45  16  21  17  29  18  47  19  47 
  0  40   1  60   2  23   3  48   4  44   5  88   6  35   7  96   8  31   9  72  10  73  11  99  12  87  13  21  14  62  15  44  16  22  17  28  18  49  19  51 
  0  30   1  55   2  14   3  41   4  40   5  86   6  32   7  89   8  29   9  71  10  67  11  91  12  82  13  18  14  56  15  44  16  20  17  26  18  40  19  46 
  0  36   1  56   2  22   3  45   4  42   5  87   6  35   7  95   8  29   9  71  10  73  11  96  12  84  13  22  14  61  15  46  16  21  17  31  18  48  19  47 
  0  30   1  52   2  13   3  44   4  40   5  86   6  29   7  87   8  29   9  73  10  70  11  92  12  82  13  16  14  59  15  44  16  20  17  25  18  40  19  47 
  0  37   1  56   2  18   3  48   4  42   5  88   6  34   7  92   8  31   9  73  10  72  11  98  12  87  13  21  14  58  15  45  16  21  17  31  18  47  19  50 
  0  34   1  56   2  13   3  43   4  40   5  86   6  32   7  87   8  31   9  73  10  70  11  92  12  81  13  16  14  56  15  46  16  21  17  27  18  40  19  47 
  0  33   1  53   2  13   3  43   4  42   5  86   6  32   7  87   8  29   9  71  10  67  11  90  12  79  13  18  14  57  15  46  16  20  17  28  18  41  19  46 
  0  33   1  54   2  16   3  45   4  41   5  88   6  32   7  92   8  31   9  73  10  70  11  95  12  81  13  18  14  58  15  46  16  22  17  29  18  42  19  46 
  0  30   1  53   2  13   3  41   4  40   5  86   6  31   7  87   8  29   9  72  10  68  11  90  12  81  13  18  14  56  15  44  16  21  17  26  18  40  19  45 
  0  33   1  52   2  14   3  41   4  40   5  86   6  31   7  87   8  30   9  71  10  68  11  93  12  80  13  16  14  56  15  44  16  22  17  25  18  40  19  47 
  0  30   1  52   2  13   3  42   4  40   5  86   6  29   7  87   8  29   9  71  10  69  11  92  12  80  13  17  14  58  15  44  16  22  17  25  18  42  19  46 
  0  39   1  60   2  22   3  46   4  41   5  88   6  35   7  94   8  31   9  72  10  73  11  97  12  89  13  19  14  60  15  44  16  21  17  28  18  50  19  49 
  0  40   1  60   2  23   3  48   4  44   5  88   6  35   7  94   8  30   9  73  10  73  11  97  12  89  13  19  14  62  15  46  16  22  17  31  18  50  19  48 
  0  31   1  52   2  16   3  43   4  41   5  86   6  31   7  87   8  31   9  71  10  69  11  91  12  82  13  19  14  58  15  45  16  20  17  26  18  41  19  48 
  0  40   1  59   2  22   3  45   4  44   5  88   6  32   7  96   8  31   9  72  10  70  11  99  12  88  13  22  14  62  15  46  16  21  17  28  18  49  19  51 
  0  30   1  55   2  13   3  44   4  41   5  88   6  32   7  87   8  30   9  71  10  70  11  92  12  80  13  18  14  59  15  44  16  20  17  27  18  41  19  45 


