
 20  20

  0   7   1  46   2  84   3  27   4  18   5   2   6  77   7  18   8  16   9  60  10  89  11  58  12  46  13  76  14   8  15  45  16  81  17  28  18   7  19  81 
  0  13   1  49   2  85   3  31   4  18   5   6   6  77   7  22   8  18   9  62  10  94  11  61  12  48  13  77  14  12  15  43  16  82  17  33  18   8  19  84 
  0  13   1  50   2  85   3  30   4  20   5   9   6  79   7  23   8  15   9  63  10  92  11  62  12  52  13  75  14  11  15  45  16  83  17  29  18   9  19  84 
  0  10   1  45   2  83   3  27   4  18   5   2   6  78   7  17   8  13   9  58  10  87  11  58  12  45  13  75  14   7  15  43  16  81  17  27  18   7  19  79 
  0  13   1  50   2  85   3  33   4  19   5   9   6  79   7  21   8  17   9  63  10  93  11  62  12  50  13  77  14  14  15  45  16  81  17  33  18   9  19  85 
  0  17   1  48   2  85   3  32   4  19   5   8   6  78   7  23   8  19   9  64  10  93  11  64  12  53  13  75  14  14  15  44  16  82  17  33  18   8  19  86 
  0  12   1  48   2  84   3  31   4  20   5   8   6  77   7  22   8  17   9  63  10  95  11  62  12  52  13  77  14  14  15  43  16  83  17  34  18   7  19  87 
  0  11   1  44   2  84   3  27   4  18   5   5   6  78   7  20   8  14   9  59  10  87  11  59  12  48  13  77  14   7  15  43  16  82  17  25  18   7  19  78 
  0   7   1  44   2  83   3  29   4  18   5   2   6  77   7  17   8  14   9  60  10  88  11  58  12  46  13  75  14   9  15  43  16  81  17  25  18   9  19  80 
  0  14   1  47   2  83   3  30   4  20   5   5   6  79   7  21   8  15   9  63  10  90  11  61  12  47  13  77  14   8  15  43  16  83  17  28  18   7  19  81 
  0  12   1  46   2  85   3  29   4  20   5   7   6  78   7  22   8  19   9  62  10  94  11  61  12  49  13  77  14  10  15  45  16  81  17  33  18   7  19  86 
  0  16   1  49   2  84   3  29   4  20   5   7   6  79   7  23   8  17   9  64  10  92  11  63  12  50  13  75  14  12  15  45  16  81  17  32  18   7  19  86 
  0  15   1  50   2  85   3  32   4  19   5  10   6  79   7  21   8  19   9  64  10  95  11  63  12  52  13  77  14  13  15  45  16  81  17  32  18   7  19  86 
  0  17   1  50   2  85   3  31   4  20   5  10   6  79   7  22   8  17   9  65  10  95  11  64  12  53  13  77  14  13  15  45  16  83  17  35  18   9  19  88 
  0  13   1  48   2  83   3  29   4  18   5   5   6  77   7  17   8  17   9  58  10  88  11  61  12  48  13  77  14   8  15  43  16  83  17  30  18   9  19  84 
  0  16   1  50   2  84   3  30   4  19   5  10   6  78   7  23   8  19   9  63  10  92  11  64  12  52  13  77  14  12  15  45  16  83  17  31  18   9  19  84 
  0   7   1  44   2  84   3  27   4  20   5   2   6  77   7  17   8  13   9  60  10  87  11  58  12  45  13  76  14   8  15  43  16  83  17  26  18   8  19  81 
  0  14   1  46   2  85   3  31   4  20   5   6   6  79   7  18   8  18   9  62  10  89  11  62  12  50  13  77  14  12  15  45  16  81  17  32  18   9  19  82 
  0  15   1  47   2  84   3  32   4  19   5   8   6  78   7  19   8  16   9  62  10  90  11  59  12  49  13  77  14   9  15  43  16  81  17  30  18   8  19  83 
  0  14   1  48   2  85   3  32   4  18   5   9   6  79   7  20   8  16   9  64  10  93  11  64  12  51  13  77  14  14  15  43  16  81  17  31  18   9  19  85 


