
 20  20

  0  34   1  55   2  39   3  45   4  12   5  36   6  66   7  75   8  43   9  12  10   8  11  35  12  66  13  66  14  88  15  63  16  44  17  29  18  45  19  48 
  0  25   1  53   2  38   3  35   4  12   5  29   6  66   7  65   8  38   9   8  10   4  11  32  12  64  13  60  14  85  15  65  16  37  17  23  18  41  19  41 
  0  30   1  58   2  39   3  43   4  10   5  35   6  66   7  70   8  40   9  13  10   7  11  33  12  65  13  62  14  89  15  65  16  39  17  25  18  44  19  45 
  0  33   1  56   2  39   3  41   4  12   5  35   6  66   7  75   8  42   9  11  10   8  11  33  12  66  13  63  14  86  15  65  16  44  17  28  18  44  19  48 
  0  32   1  54   2  37   3  41   4  12   5  30   6  64   7  68   8  39   9   9  10   4  11  32  12  64  13  64  14  86  15  64  16  41  17  28  18  41  19  45 
  0  31   1  52   2  37   3  39   4  12   5  29   6  66   7  72   8  41   9  11  10   6  11  35  12  65  13  61  14  86  15  63  16  37  17  27  18  42  19  43 
  0  35   1  58   2  37   3  45   4  11   5  33   6  65   7  74   8  45   9  14  10   7  11  35  12  66  13  65  14  89  15  65  16  42  17  27  18  48  19  46 
  0  33   1  55   2  39   3  45   4  10   5  34   6  65   7  73   8  44   9  13  10   7  11  35  12  65  13  65  14  89  15  63  16  42  17  26  18  45  19  46 
  0  28   1  52   2  39   3  40   4  10   5  32   6  66   7  70   8  39   9   9  10   3  11  33  12  62  13  61  14  85  15  63  16  39  17  25  18  45  19  41 
  0  25   1  50   2  37   3  35   4  12   5  26   6  65   7  66   8  35   9   9  10   2  11  31  12  64  13  60  14  87  15  63  16  34  17  24  18  39  19  39 
  0  29   1  50   2  37   3  38   4  10   5  29   6  65   7  66   8  39   9   8  10   2  11  31  12  64  13  60  14  86  15  63  16  36  17  26  18  40  19  38 
  0  25   1  52   2  37   3  35   4  10   5  26   6  65   7  65   8  35   9   9  10   4  11  31  12  62  13  60  14  85  15  63  16  34  17  23  18  38  19  40 
  0  29   1  54   2  39   3  40   4  10   5  30   6  66   7  69   8  38   9   8  10   6  11  35  12  63  13  62  14  87  15  65  16  40  17  25  18  42  19  43 
  0  35   1  56   2  39   3  44   4  11   5  33   6  66   7  71   8  45   9  14  10   8  11  35  12  65  13  65  14  89  15  65  16  43  17  29  18  48  19  47 
  0  32   1  58   2  38   3  42   4  12   5  33   6  65   7  75   8  44   9  13  10   6  11  33  12  66  13  63  14  89  15  64  16  42  17  27  18  48  19  46 
  0  33   1  57   2  37   3  45   4  12   5  35   6  66   7  75   8  45   9  15  10   8  11  35  12  64  13  66  14  88  15  65  16  43  17  29  18  46  19  46 
  0  34   1  53   2  37   3  42   4  11   5  31   6  64   7  73   8  40   9  11  10   7  11  32  12  63  13  62  14  87  15  65  16  40  17  26  18  44  19  44 
  0  32   1  53   2  38   3  40   4  12   5  31   6  64   7  72   8  42   9  12  10   4  11  33  12  66  13  63  14  88  15  65  16  41  17  26  18  46  19  42 
  0  32   1  58   2  39   3  44   4  12   5  33   6  65   7  73   8  42   9  12  10   7  11  33  12  66  13  65  14  89  15  65  16  42  17  26  18  46  19  45 
  0  28   1  50   2  38   3  38   4  12   5  28   6  65   7  65   8  35   9   8  10   3  11  32  12  64  13  61  14  86  15  63  16  36  17  26  18  38  19  40 


