
 20  20

  0  78   1  70   2  73   3  67   4  21   5  60   6  51   7  66   8  27   9  70  10  76  11  24  12  48  13  34  14  39  15  85  16  11  17  18  18  12  19  21 
  0  85   1  71   2  74   3  69   4  23   5  61   6  58   7  70   8  28   9  69  10  86  11  30  12  55  13  38  14  46  15  95  16  19  17  20  18  14  19  23 
  0  80   1  70   2  73   3  68   4  24   5  58   6  54   7  66   8  27   9  69  10  76  11  22  12  51  13  35  14  40  15  87  16  11  17  18  18  12  19  21 
  0  80   1  69   2  73   3  67   4  22   5  59   6  53   7  66   8  26   9  70  10  76  11  23  12  51  13  34  14  39  15  86  16  13  17  19  18  11  19  22 
  0  86   1  73   2  75   3  69   4  25   5  61   6  56   7  68   8  27   9  71  10  83  11  26  12  53  13  39  14  44  15  94  16  16  17  22  18  14  19  21 
  0  82   1  70   2  73   3  67   4  21   5  58   6  52   7  66   8  25   9  71  10  77  11  27  12  53  13  35  14  40  15  88  16  16  17  18  18  10  19  21 
  0  81   1  68   2  73   3  67   4  24   5  58   6  52   7  66   8  27   9  69  10  79  11  24  12  49  13  36  14  39  15  88  16  12  17  20  18  10  19  21 
  0  85   1  72   2  75   3  67   4  25   5  62   6  57   7  68   8  29   9  70  10  84  11  30  12  55  13  38  14  47  15  95  16  19  17  21  18  14  19  23 
  0  82   1  73   2  73   3  68   4  22   5  61   6  55   7  70   8  29   9  71  10  84  11  26  12  55  13  37  14  44  15  94  16  16  17  22  18  12  19  21 
  0  77   1  68   2  73   3  67   4  21   5  58   6  53   7  66   8  28   9  70  10  79  11  23  12  50  13  36  14  42  15  88  16  13  17  21  18  13  19  23 
  0  77   1  68   2  73   3  69   4  21   5  60   6  53   7  68   8  25   9  69  10  77  11  23  12  48  13  37  14  39  15  85  16  11  17  19  18  10  19  23 
  0  80   1  68   2  75   3  69   4  24   5  61   6  51   7  68   8  25   9  70  10  76  11  22  12  52  13  34  14  41  15  86  16  13  17  18  18  11  19  21 
  0  78   1  68   2  75   3  69   4  21   5  60   6  51   7  66   8  27   9  69  10  76  11  23  12  49  13  36  14  41  15  87  16  12  17  20  18  12  19  22 
  0  84   1  70   2  75   3  69   4  21   5  62   6  58   7  66   8  27   9  69  10  84  11  29  12  54  13  39  14  44  15  91  16  17  17  22  18  12  19  23 
  0  82   1  70   2  73   3  69   4  21   5  61   6  58   7  70   8  26   9  71  10  81  11  26  12  53  13  40  14  43  15  93  16  14  17  20  18  11  19  23 
  0  81   1  72   2  73   3  69   4  21   5  61   6  55   7  66   8  28   9  71  10  80  11  22  12  49  13  37  14  41  15  86  16  14  17  19  18  12  19  23 
  0  82   1  70   2  75   3  68   4  25   5  60   6  58   7  69   8  28   9  70  10  85  11  27  12  55  13  38  14  48  15  94  16  18  17  19  18  11  19  23 
  0  84   1  73   2  75   3  69   4  23   5  60   6  58   7  66   8  25   9  69  10  83  11  29  12  53  13  37  14  43  15  90  16  14  17  22  18  12  19  23 
  0  80   1  70   2  74   3  69   4  21   5  58   6  51   7  66   8  28   9  71  10  80  11  22  12  49  13  36  14  43  15  86  16  12  17  20  18  10  19  21 
  0  85   1  73   2  75   3  67   4  24   5  60   6  58   7  69   8  28   9  71  10  84  11  30  12  58  13  38  14  48  15  92  16  19  17  22  18  14  19  23 


