
 20  20

  0  14   1  86   2   7   3  87   4   7   5   5   6  61   7  21   8  32   9  43  10  74  11  70  12  57  13  52  14   6  15  29  16  27  17  11  18   1  19  63 
  0  14   1  86   2   7   3  85   4  10   5   4   6  61   7  21   8  34   9  42  10  75  11  70  12  56  13  52  14   6  15  29  16  28  17   9  18   1  19  65 
  0  19   1  84   2  13   3  87   4  12   5  10   6  68   7  29   8  40   9  52  10  79  11  74  12  58  13  56  14  13  15  37  16  27  17   9  18   8  19  67 
  0  16   1  86   2  12   3  85   4  12   5   8   6  63   7  24   8  37   9  45  10  75  11  73  12  56  13  53  14   9  15  30  16  29  17  10  18   2  19  66 
  0  21   1  86   2  13   3  87   4  11   5   9   6  68   7  26   8  39   9  49  10  78  11  73  12  59  13  54  14  16  15  36  16  30  17  11  18   8  19  68 
  0  16   1  84   2   9   3  85   4  11   5   6   6  65   7  26   8  34   9  47  10  79  11  75  12  56  13  56  14   9  15  30  16  30  17  10  18   5  19  64 
  0  14   1  86   2  13   3  85   4  10   5   8   6  64   7  22   8  35   9  46  10  76  11  74  12  59  13  52  14  10  15  31  16  26  17   9  18   5  19  63 
  0  15   1  84   2  11   3  85   4   9   5   5   6  61   7  22   8  33   9  43  10  74  11  70  12  59  13  55  14   6  15  29  16  28  17   9  18   4  19  63 
  0  12   1  84   2   7   3  86   4   7   5   3   6  64   7  22   8  34   9  42  10  76  11  73  12  56  13  52  14   6  15  30  16  28  17   9  18   1  19  62 
  0  15   1  86   2   8   3  87   4   9   5   7   6  61   7  22   8  32   9  46  10  75  11  71  12  56  13  53  14   7  15  33  16  28  17   9  18   2  19  62 
  0  15   1  84   2   9   3  85   4  10   5   3   6  64   7  21   8  35   9  43  10  76  11  73  12  56  13  54  14   7  15  32  16  28  17   9  18   3  19  65 
  0  18   1  84   2  13   3  86   4  12   5   5   6  68   7  25   8  37   9  49  10  77  11  75  12  58  13  56  14  11  15  35  16  26  17   9  18   8  19  67 
  0  15   1  84   2  14   3  86   4   9   5   9   6  67   7  23   8  35   9  48  10  76  11  71  12  56  13  54  14   9  15  32  16  28  17   9  18   5  19  66 
  0  17   1  86   2  10   3  86   4  11   5   8   6  67   7  26   8  36   9  48  10  79  11  74  12  56  13  54  14  12  15  32  16  29  17   9  18   6  19  65 
  0  15   1  86   2   9   3  87   4   9   5   3   6  61   7  21   8  32   9  42  10  76  11  70  12  56  13  54  14   9  15  29  16  26  17  10  18   1  19  63 
  0  13   1  86   2  12   3  85   4   8   5   3   6  64   7  25   8  36   9  45  10  78  11  72  12  59  13  54  14  10  15  32  16  26  17   9  18   4  19  62 
  0  16   1  85   2   9   3  87   4   8   5   5   6  66   7  26   8  33   9  47  10  78  11  73  12  57  13  52  14  11  15  31  16  29  17  11  18   2  19  63 
  0  16   1  86   2  10   3  85   4  10   5   7   6  67   7  25   8  34   9  45  10  77  11  71  12  57  13  53  14  10  15  35  16  27  17   9  18   4  19  66 
  0  20   1  86   2  14   3  87   4  11   5  11   6  71   7  27   8  40   9  52  10  78  11  75  12  60  13  56  14  16  15  37  16  30  17  11  18   9  19  68 
  0  13   1  84   2  11   3  87   4  11   5   8   6  66   7  25   8  33   9  45  10  78  11  70  12  59  13  54  14   9  15  30  16  28  17  11  18   3  19  65 


