
 20  20

  0  81   1  49   2  12   3  24   4  14   5  14   6  87   7  85   8  67   9  54  10  32  11  55  12  86  13  14  14  54  15  51  16  75  17  44  18  85  19  78 
  0  74   1  47   2  12   3  25   4   9   5  11   6  85   7  85   8  63   9  54  10  26  11  49  12  86  13   9  14  48  15  45  16  74  17  38  18  84  19  72 
  0  75   1  45   2  12   3  23   4   5   5  13   6  87   7  85   8  63   9  52  10  25  11  49  12  87  13  11  14  53  15  49  16  76  17  38  18  86  19  75 
  0  76   1  47   2  14   3  26   4  10   5  14   6  85   7  85   8  65   9  52  10  26  11  50  12  87  13  13  14  54  15  49  16  76  17  40  18  87  19  72 
  0  77   1  45   2  14   3  24   4   9   5  14   6  85   7  82   8  63   9  52  10  25  11  49  12  86  13  10  14  50  15  49  16  76  17  39  18  86  19  72 
  0  79   1  50   2  13   3  24   4  12   5  12   6  87   7  84   8  63   9  52  10  30  11  54  12  88  13  13  14  52  15  48  16  74  17  42  18  88  19  77 
  0  81   1  49   2  14   3  27   4  11   5  12   6  87   7  83   8  67   9  53  10  32  11  52  12  87  13  13  14  51  15  47  16  74  17  44  18  87  19  75 
  0  80   1  49   2  14   3  27   4  12   5  13   6  88   7  86   8  67   9  53  10  34  11  53  12  88  13  15  14  55  15  50  16  74  17  47  18  88  19  75 
  0  74   1  46   2  13   3  22   4   5   5  11   6  85   7  82   8  63   9  53  10  27  11  49  12  87  13  11  14  48  15  49  16  75  17  42  18  86  19  71 
  0  82   1  50   2  14   3  27   4  13   5  15   6  89   7  85   8  67   9  54  10  31  11  53  12  87  13  15  14  56  15  49  16  75  17  45  18  88  19  78 
  0  76   1  44   2  14   3  23   4   7   5  12   6  88   7  83   8  63   9  54  10  29  11  51  12  84  13   8  14  52  15  48  16  76  17  39  18  86  19  70 
  0  81   1  52   2  12   3  27   4  12   5  13   6  87   7  85   8  67   9  54  10  33  11  52  12  89  13  14  14  53  15  51  16  75  17  47  18  88  19  75 
  0  80   1  48   2  14   3  27   4  12   5  12   6  89   7  86   8  67   9  52  10  31  11  51  12  89  13  11  14  52  15  50  16  74  17  43  18  86  19  76 
  0  73   1  44   2  13   3  21   4   4   5  13   6  87   7  82   8  61   9  53  10  25  11  47  12  84  13   7  14  48  15  45  16  74  17  37  18  84  19  70 
  0  76   1  47   2  12   3  21   4   7   5  11   6  87   7  85   8  62   9  54  10  25  11  47  12  85  13   9  14  48  15  47  16  74  17  41  18  87  19  73 
  0  80   1  50   2  12   3  24   4  11   5  11   6  89   7  86   8  66   9  54  10  27  11  51  12  85  13   9  14  50  15  47  16  74  17  41  18  84  19  76 
  0  81   1  48   2  14   3  25   4   9   5  15   6  88   7  83   8  65   9  54  10  32  11  53  12  87  13  14  14  55  15  49  16  74  17  44  18  87  19  77 
  0  80   1  49   2  12   3  25   4   9   5  12   6  88   7  84   8  63   9  53  10  29  11  53  12  86  13  12  14  55  15  48  16  74  17  44  18  86  19  74 
  0  80   1  50   2  14   3  25   4  10   5  13   6  87   7  86   8  66   9  52  10  28  11  49  12  84  13   9  14  54  15  50  16  75  17  41  18  87  19  76 
  0  77   1  48   2  14   3  25   4   7   5  11   6  85   7  82   8  63   9  52  10  28  11  52  12  87  13  11  14  51  15  45  16  75  17  42  18  85  19  74 


