
 20  20

  0  59   1  12   2  82   3  25   4  25   5  26   6   7   7  60   8  73   9   9  10  57  11  80  12  22  13  71  14  47  15  54  16  14  17  95  18  79  19  78 
  0  55   1  11   2  75   3  20   4  23   5  24   6   6   7  56   8  69   9   8  10  59  11  80  12  21  13  73  14  49  15  54  16  13  17  94  18  75  19  80 
  0  58   1  12   2  81   3  22   4  24   5  26   6   6   7  61   8  74   9   6  10  58  11  83  12  21  13  72  14  48  15  52  16  14  17  95  18  77  19  81 
  0  58   1  15   2  81   3  22   4  27   5  25   6   5   7  61   8  76   9   9  10  57  11  82  12  22  13  73  14  47  15  54  16  14  17  95  18  76  19  80 
  0  57   1  12   2  79   3  23   4  26   5  24   6   7   7  60   8  76   9   8  10  57  11  81  12  22  13  72  14  48  15  54  16  14  17  94  18  75  19  81 
  0  53   1  13   2  75   3  22   4  22   5  24   6   5   7  55   8  73   9   7  10  57  11  77  12  22  13  72  14  49  15  53  16  12  17  94  18  76  19  78 
  0  57   1  15   2  80   3  21   4  26   5  25   6   7   7  60   8  73   9   7  10  59  11  80  12  23  13  73  14  47  15  54  16  12  17  92  18  76  19  81 
  0  62   1  13   2  83   3  26   4  29   5  26   6   6   7  60   8  77   9   8  10  58  11  83  12  22  13  73  14  47  15  53  16  14  17  95  18  78  19  80 
  0  53   1  11   2  76   3  21   4  21   5  24   6   5   7  56   8  69   9   6  10  57  11  77  12  21  13  73  14  48  15  53  16  12  17  93  18  75  19  77 
  0  56   1  14   2  76   3  20   4  23   5  24   6   7   7  58   8  73   9  10  10  57  11  77  12  21  13  73  14  47  15  52  16  12  17  92  18  75  19  79 
  0  54   1  11   2  74   3  21   4  23   5  24   6   5   7  54   8  69   9   6  10  57  11  79  12  22  13  71  14  49  15  52  16  13  17  92  18  73  19  79 
  0  58   1  15   2  78   3  22   4  23   5  25   6   7   7  58   8  72   9  10  10  57  11  81  12  21  13  73  14  47  15  52  16  12  17  91  18  75  19  80 
  0  59   1  12   2  76   3  22   4  23   5  24   6   5   7  56   8  74   9  10  10  57  11  79  12  23  13  73  14  47  15  54  16  14  17  93  18  73  19  79 
  0  59   1  13   2  79   3  22   4  26   5  25   6   7   7  57   8  75   9   9  10  57  11  81  12  22  13  72  14  47  15  52  16  12  17  95  18  75  19  78 
  0  55   1  11   2  77   3  21   4  24   5  24   6   7   7  55   8  73   9   8  10  59  11  77  12  23  13  72  14  48  15  54  16  12  17  94  18  75  19  79 
  0  59   1  15   2  80   3  24   4  25   5  24   6   5   7  60   8  72   9   8  10  57  11  78  12  22  13  73  14  48  15  52  16  14  17  91  18  74  19  78 
  0  63   1  14   2  83   3  25   4  27   5  26   6   7   7  60   8  73   9  10  10  59  11  83  12  23  13  71  14  49  15  53  16  14  17  95  18  76  19  81 
  0  55   1  11   2  75   3  23   4  21   5  24   6   7   7  54   8  73   9   6  10  57  11  79  12  21  13  72  14  49  15  53  16  12  17  91  18  77  19  80 
  0  57   1  12   2  78   3  24   4  23   5  24   6   5   7  58   8  73   9   8  10  57  11  79  12  21  13  71  14  49  15  53  16  14  17  91  18  77  19  78 
  0  63   1  15   2  81   3  25   4  27   5  26   6   6   7  62   8  75   9   8  10  59  11  83  12  22  13  73  14  48  15  54  16  13  17  95  18  79  19  79 


