
 20  20

  0  37   1  61   2   1   3  52   4  35   5  13   6  54   7  83   8  16   9   8  10  63  11  81  12  73  13  46  14  36  15  55  16  75  17  23  18   2  19  42 
  0  43   1  64   2   8   3  52   4  40   5  12   6  58   7  93   8  17   9  14  10  66  11  87  12  76  13  54  14  44  15  60  16  82  17  28  18   8  19  45 
  0  45   1  65   2   5   3  54   4  38   5  13   6  59   7  93   8  17   9  14  10  67  11  87  12  74  13  54  14  41  15  59  16  80  17  27  18   5  19  48 
  0  41   1  63   2   1   3  53   4  35   5  12   6  54   7  86   8  16   9   8  10  65  11  80  12  71  13  48  14  36  15  58  16  76  17  23  18   1  19  41 
  0  39   1  61   2   1   3  52   4  36   5  11   6  55   7  85   8  17   9   8  10  66  11  79  12  72  13  48  14  35  15  54  16  74  17  24  18   4  19  38 
  0  45   1  65   2   6   3  53   4  38   5  13   6  60   7  90   8  17   9  13  10  67  11  86  12  74  13  50  14  39  15  59  16  79  17  26  18   7  19  44 
  0  43   1  64   2   3   3  54   4  37   5  13   6  60   7  92   8  17   9  12  10  64  11  83  12  77  13  52  14  41  15  59  16  82  17  28  18   7  19  44 
  0  42   1  65   2   6   3  54   4  38   5  11   6  57   7  90   8  17   9  14  10  66  11  84  12  77  13  54  14  40  15  58  16  80  17  24  18   7  19  46 
  0  41   1  65   2   7   3  53   4  38   5  13   6  57   7  91   8  17   9  12  10  66  11  83  12  77  13  53  14  43  15  58  16  79  17  25  18   6  19  45 
  0  42   1  63   2   5   3  54   4  40   5  11   6  59   7  89   8  17   9  13  10  66  11  86  12  76  13  52  14  44  15  58  16  81  17  24  18   5  19  46 
  0  44   1  63   2   2   3  53   4  40   5  13   6  60   7  90   8  15   9  14  10  67  11  85  12  74  13  49  14  41  15  61  16  81  17  23  18   3  19  42 
  0  41   1  61   2   5   3  52   4  36   5  11   6  57   7  87   8  16   9  12  10  65  11  84  12  74  13  51  14  38  15  58  16  79  17  22  18   2  19  44 
  0  43   1  65   2   5   3  54   4  39   5  13   6  60   7  91   8  15   9  14  10  67  11  86  12  77  13  53  14  44  15  62  16  82  17  28  18   5  19  45 
  0  38   1  62   2   2   3  52   4  37   5  11   6  55   7  86   8  17   9  11  10  63  11  78  12  74  13  46  14  34  15  54  16  74  17  21  18   3  19  39 
  0  38   1  61   2   1   3  52   4  34   5  11   6  54   7  85   8  15   9   7  10  63  11  78  12  71  13  44  14  34  15  56  16  75  17  20  18   1  19  38 
  0  43   1  62   2   6   3  52   4  40   5  11   6  58   7  93   8  16   9  16  10  67  11  84  12  77  13  53  14  44  15  60  16  81  17  24  18   5  19  45 
  0  45   1  64   2   8   3  54   4  38   5  13   6  61   7  91   8  17   9  17  10  65  11  84  12  77  13  52  14  43  15  60  16  82  17  28  18   7  19  47 
  0  36   1  61   2   1   3  52   4  34   5  11   6  53   7  84   8  15   9   7  10  63  11  79  12  71  13  44  14  34  15  54  16  74  17  20  18   1  19  38 
  0  36   1  62   2   1   3  54   4  34   5  12   6  57   7  86   8  17   9  10  10  63  11  80  12  74  13  45  14  36  15  55  16  78  17  22  18   1  19  38 
  0  38   1  63   2   1   3  54   4  34   5  12   6  55   7  85   8  15   9  11  10  63  11  78  12  71  13  47  14  35  15  55  16  75  17  23  18   1  19  43 


