
 20  20

  0  72   1   8   2  17   3  54   4  75   5  42   6  42   7  62   8  54   9  95  10  65  11  66  12  57  13  78  14  80  15  81  16  62  17  64  18  90  19  87 
  0  69   1   8   2  17   3  54   4  73   5  43   6  42   7  57   8  54   9  93  10  67  11  65  12  57  13  77  14  78  15  79  16  60  17  63  18  86  19  86 
  0  69   1   7   2  14   3  52   4  74   5  43   6  42   7  57   8  54   9  92  10  67  11  64  12  57  13  73  14  76  15  78  16  60  17  60  18  85  19  85 
  0  63   1   8   2  16   3  52   4  75   5  41   6  44   7  54   8  54   9  91  10  65  11  64  12  55  13  72  14  74  15  73  16  54  17  57  18  85  19  85 
  0  70   1   6   2  17   3  52   4  75   5  43   6  42   7  62   8  54   9  95  10  67  11  66  12  58  13  76  14  80  15  80  16  62  17  64  18  90  19  89 
  0  66   1   6   2  15   3  53   4  73   5  40   6  44   7  58   8  56   9  92  10  65  11  64  12  56  13  73  14  75  15  79  16  60  17  57  18  86  19  89 
  0  64   1   8   2  15   3  52   4  75   5  41   6  43   7  54   8  54   9  93  10  66  11  64  12  57  13  75  14  75  15  74  16  58  17  57  18  84  19  86 
  0  66   1   6   2  13   3  54   4  73   5  41   6  42   7  59   8  56   9  91  10  66  11  64  12  58  13  73  14  79  15  76  16  57  17  59  18  85  19  87 
  0  64   1   6   2  13   3  51   4  74   5  42   6  44   7  52   8  56   9  91  10  65  11  65  12  54  13  74  14  77  15  75  16  54  17  54  18  86  19  85 
  0  65   1   8   2  14   3  50   4  73   5  42   6  42   7  52   8  54   9  93  10  65  11  66  12  54  13  74  14  74  15  75  16  55  17  54  18  84  19  86 
  0  71   1   8   2  15   3  52   4  75   5  41   6  43   7  59   8  54   9  96  10  66  11  64  12  58  13  76  14  79  15  80  16  59  17  64  18  87  19  88 
  0  71   1   6   2  16   3  51   4  75   5  44   6  42   7  58   8  54   9  92  10  66  11  64  12  55  13  76  14  76  15  79  16  57  17  59  18  87  19  87 
  0  67   1   7   2  13   3  51   4  74   5  41   6  44   7  55   8  54   9  92  10  67  11  66  12  58  13  76  14  74  15  76  16  59  17  56  18  85  19  88 
  0  65   1   6   2  14   3  52   4  75   5  41   6  42   7  57   8  56   9  90  10  65  11  66  12  57  13  76  14  76  15  74  16  57  17  56  18  87  19  87 
  0  66   1   7   2  13   3  50   4  74   5  41   6  42   7  55   8  55   9  93  10  67  11  65  12  54  13  74  14  75  15  74  16  59  17  59  18  88  19  86 
  0  62   1   8   2  13   3  50   4  73   5  41   6  42   7  55   8  55   9  91  10  65  11  64  12  55  13  74  14  77  15  75  16  57  17  57  18  86  19  87 
  0  64   1   6   2  14   3  52   4  75   5  40   6  42   7  54   8  54   9  91  10  67  11  64  12  56  13  73  14  74  15  73  16  54  17  57  18  84  19  86 
  0  65   1   6   2  15   3  51   4  73   5  40   6  42   7  53   8  54   9  91  10  65  11  64  12  56  13  73  14  74  15  73  16  54  17  54  18  85  19  85 
  0  62   1   8   2  16   3  50   4  74   5  40   6  42   7  55   8  54   9  90  10  67  11  64  12  57  13  75  14  74  15  73  16  55  17  58  18  84  19  87 
  0  70   1   8   2  15   3  54   4  74   5  43   6  44   7  61   8  54   9  96  10  67  11  66  12  58  13  76  14  78  15  78  16  62  17  62  18  89  19  89 


