
 20  20

  0  28   1  47   2  55   3  35   4  17   5  18   6  39   7  75   8  57   9  72  10   8  11  46  12  73  13  33  14  21  15  53  16  71  17  33  18  84  19  48 
  0  24   1  47   2  55   3  34   4  13   5  15   6  40   7  72   8  54   9  69  10  10  11  48  12  73  13  31  14  16  15  47  16  71  17  29  18  84  19  45 
  0  20   1  46   2  55   3  34   4  14   5  14   6  38   7  69   8  54   9  67  10   5  11  48  12  72  13  33  14  13  15  48  16  71  17  30  18  83  19  47 
  0  21   1  48   2  54   3  34   4  11   5  14   6  38   7  69   8  53   9  65  10   6  11  46  12  70  13  31  14  15  15  48  16  71  17  30  18  83  19  45 
  0  22   1  46   2  53   3  31   4  10   5  15   6  38   7  69   8  50   9  65  10   8  11  46  12  70  13  31  14  17  15  47  16  71  17  29  18  84  19  47 
  0  26   1  47   2  53   3  35   4  20   5  22   6  44   7  79   8  59   9  75  10  13  11  48  12  77  13  33  14  21  15  53  16  73  17  32  18  85  19  51 
  0  29   1  48   2  55   3  34   4  17   5  19   6  43   7  77   8  59   9  74  10  13  11  47  12  78  13  33  14  23  15  51  16  73  17  31  18  85  19  51 
  0  21   1  46   2  53   3  33   4  14   5  17   6  38   7  70   8  53   9  70  10  10  11  48  12  71  13  33  14  17  15  50  16  73  17  29  18  85  19  47 
  0  23   1  47   2  53   3  35   4  16   5  18   6  39   7  75   8  53   9  71  10   7  11  48  12  75  13  33  14  16  15  50  16  73  17  33  18  85  19  46 
  0  23   1  48   2  53   3  31   4  15   5  20   6  39   7  75   8  54   9  71  10  11  11  46  12  76  13  33  14  16  15  51  16  72  17  29  18  84  19  50 
  0  27   1  47   2  54   3  32   4  16   5  19   6  43   7  75   8  58   9  70  10   9  11  47  12  76  13  31  14  18  15  50  16  71  17  33  18  85  19  48 
  0  27   1  47   2  53   3  35   4  19   5  22   6  41   7  78   8  58   9  73  10  13  11  46  12  75  13  31  14  23  15  53  16  73  17  33  18  85  19  51 
  0  26   1  48   2  55   3  33   4  14   5  17   6  39   7  74   8  56   9  70  10  11  11  48  12  74  13  33  14  16  15  49  16  73  17  31  18  85  19  50 
  0  26   1  46   2  53   3  34   4  18   5  19   6  44   7  77   8  59   9  74  10  13  11  48  12  74  13  32  14  23  15  53  16  73  17  31  18  84  19  51 
  0  28   1  48   2  53   3  35   4  20   5  19   6  42   7  77   8  57   9  72  10  13  11  47  12  76  13  33  14  20  15  53  16  73  17  33  18  85  19  51 
  0  19   1  46   2  53   3  32   4  11   5  14   6  36   7  69   8  50   9  65  10   5  11  46  12  72  13  31  14  14  15  47  16  71  17  31  18  84  19  45 
  0  23   1  48   2  55   3  34   4  18   5  21   6  40   7  75   8  56   9  69  10  10  11  46  12  77  13  33  14  20  15  51  16  72  17  31  18  85  19  51 
  0  29   1  46   2  53   3  35   4  20   5  18   6  43   7  75   8  57   9  73  10   9  11  48  12  74  13  33  14  23  15  53  16  73  17  32  18  83  19  51 
  0  21   1  46   2  53   3  35   4  12   5  16   6  40   7  73   8  52   9  69  10   8  11  46  12  73  13  33  14  16  15  48  16  73  17  32  18  83  19  45 
  0  21   1  46   2  53   3  33   4  10   5  14   6  36   7  69   8  52   9  67  10   5  11  48  12  72  13  32  14  13  15  49  16  71  17  29  18  83  19  46 


