
 20  20

  0  88   1  63   2   8   3  94   4  73   5  75   6  90   7  66   8  97   9  65  10  86  11   9  12  89  13  37  14  74  15  25  16  57  17  74  18  22  19  30 
  0  89   1  64   2  12   3  96   4  71   5  76   6  89   7  67   8  94   9  67  10  89  11  10  12  87  13  38  14  73  15  24  16  60  17  73  18  24  19  32 
  0  86   1  64   2  11   3  92   4  68   5  77   6  88   7  64   8  93   9  65  10  85  11  10  12  86  13  36  14  72  15  21  16  57  17  70  18  20  19  29 
  0  90   1  65   2   9   3  96   4  72   5  78   6  91   7  69   8  96   9  68  10  89  11  13  12  89  13  43  14  72  15  27  16  61  17  75  18  24  19  29 
  0  86   1  62   2   8   3  93   4  68   5  75   6  88   7  63   8  93   9  64  10  83  11   9  12  86  13  36  14  72  15  21  16  57  17  71  18  20  19  29 
  0  90   1  66   2  11   3  96   4  75   5  76   6  92   7  69   8  96   9  66  10  88  11  12  12  89  13  43  14  72  15  27  16  59  17  74  18  21  19  31 
  0  93   1  65   2  12   3  99   4  73   5  77   6  92   7  70   8  99   9  68  10  93  11  13  12  90  13  44  14  74  15  27  16  59  17  77  18  24  19  33 
  0  89   1  62   2  10   3  95   4  73   5  77   6  88   7  68   8  96   9  66  10  87  11  11  12  90  13  40  14  72  15  26  16  57  17  72  18  22  19  32 
  0  94   1  63   2  11   3  99   4  72   5  76   6  95   7  71   8  98   9  68  10  91  11  13  12  88  13  40  14  72  15  29  16  58  17  75  18  21  19  33 
  0  96   1  64   2  14   3  99   4  73   5  77   6  93   7  71   8  99   9  68  10  93  11  11  12  89  13  43  14  74  15  27  16  61  17  80  18  23  19  30 
  0  94   1  64   2  13   3  99   4  73   5  80   6  94   7  71   8  99   9  68  10  91  11  13  12  88  13  41  14  74  15  28  16  61  17  79  18  22  19  33 
  0  87   1  62   2  12   3  96   4  71   5  75   6  91   7  66   8  94   9  67  10  86  11  11  12  89  13  37  14  72  15  25  16  59  17  72  18  21  19  29 
  0  86   1  63   2  10   3  93   4  68   5  74   6  87   7  65   8  93   9  64  10  83  11  11  12  88  13  36  14  73  15  21  16  57  17  71  18  20  19  29 
  0  90   1  66   2  10   3  94   4  71   5  78   6  89   7  66   8  97   9  67  10  85  11   9  12  86  13  37  14  72  15  23  16  57  17  73  18  24  19  29 
  0  92   1  65   2  14   3  99   4  76   5  80   6  93   7  71   8  97   9  68  10  89  11  13  12  89  13  43  14  74  15  25  16  60  17  75  18  24  19  32 
  0  94   1  66   2  14   3  99   4  76   5  79   6  95   7  71   8  99   9  68  10  92  11  13  12  89  13  44  14  74  15  29  16  61  17  78  18  23  19  33 
  0  88   1  63   2  10   3  94   4  68   5  76   6  87   7  64   8  95   9  64  10  83  11   9  12  87  13  39  14  72  15  24  16  57  17  73  18  20  19  29 
  0  89   1  64   2  12   3  97   4  73   5  78   6  91   7  68   8  98   9  67  10  89  11  12  12  89  13  39  14  73  15  23  16  58  17  75  18  20  19  33 
  0  95   1  65   2  13   3  99   4  76   5  79   6  93   7  69   8  99   9  67  10  93  11  11  12  90  13  43  14  72  15  29  16  59  17  80  18  24  19  31 
  0  96   1  66   2  14   3  99   4  75   5  80   6  95   7  68   8  98   9  66  10  90  11  13  12  88  13  44  14  74  15  26  16  59  17  79  18  21  19  30 


