
 20  20

  0  25   1  67   2  84   3  16   4  85   5  74   6  84   7  95   8  52   9  78  10  65  11  22  12  50  13  14  14  30  15  22  16  65  17  64  18  33  19  42 
  0  29   1  65   2  81   3  15   4  84   5  73   6  84   7  96   8  50   9  77  10  64  11  21  12  52  13  17  14  30  15  22  16  65  17  67  18  33  19  42 
  0  25   1  64   2  82   3  16   4  83   5  69   6  82   7  92   8  50   9  76  10  63  11  23  12  50  13  18  14  32  15  19  16  66  17  60  18  33  19  41 
  0  25   1  59   2  82   3  12   4  79   5  66   6  84   7  90   8  48   9  74  10  59  11  22  12  47  13  14  14  32  15  19  16  63  17  62  18  33  19  38 
  0  26   1  62   2  81   3  16   4  83   5  72   6  84   7  94   8  49   9  76  10  63  11  22  12  48  13  18  14  31  15  20  16  66  17  61  18  35  19  38 
  0  27   1  67   2  83   3  17   4  84   5  72   6  86   7  96   8  52   9  79  10  64  11  23  12  53  13  16  14  30  15  23  16  68  17  65  18  35  19  40 
  0  21   1  59   2  81   3  11   4  77   5  66   6  81   7  90   8  45   9  71  10  59  11  19  12  49  13  16  14  30  15  19  16  64  17  58  18  34  19  37 
  0  27   1  64   2  82   3  17   4  86   5  72   6  84   7  95   8  50   9  79  10  66  11  23  12  49  13  18  14  30  15  22  16  68  17  64  18  33  19  42 
  0  29   1  66   2  84   3  18   4  81   5  72   6  82   7  96   8  49   9  78  10  64  11  21  12  52  13  17  14  32  15  20  16  68  17  64  18  34  19  38 
  0  25   1  65   2  82   3  14   4  81   5  73   6  84   7  93   8  47   9  77  10  60  11  22  12  51  13  16  14  30  15  20  16  65  17  64  18  33  19  40 
  0  26   1  64   2  81   3  11   4  78   5  70   6  82   7  90   8  46   9  72  10  59  11  19  12  47  13  15  14  32  15  21  16  67  17  63  18  35  19  41 
  0  25   1  60   2  79   3  14   4  77   5  67   6  81   7  93   8  48   9  73  10  58  11  19  12  47  13  16  14  31  15  20  16  64  17  58  18  33  19  39 
  0  22   1  59   2  79   3  10   4  77   5  68   6  81   7  90   8  45   9  70  10  60  11  19  12  49  13  14  14  30  15  19  16  63  17  60  18  35  19  37 
  0  22   1  62   2  82   3  14   4  81   5  69   6  82   7  94   8  49   9  75  10  60  11  20  12  51  13  17  14  30  15  19  16  65  17  61  18  35  19  38 
  0  30   1  69   2  84   3  20   4  86   5  76   6  87   7  95   8  52   9  78  10  63  11  22  12  52  13  18  14  30  15  23  16  68  17  68  18  35  19  43 
  0  25   1  63   2  82   3  13   4  78   5  66   6  81   7  90   8  46   9  71  10  62  11  21  12  48  13  14  14  32  15  21  16  63  17  58  18  33  19  40 
  0  24   1  63   2  83   3  14   4  80   5  69   6  83   7  96   8  48   9  77  10  62  11  19  12  50  13  17  14  30  15  22  16  64  17  65  18  34  19  39 
  0  25   1  61   2  83   3  15   4  79   5  67   6  81   7  93   8  47   9  74  10  61  11  20  12  48  13  17  14  31  15  22  16  63  17  63  18  35  19  41 
  0  21   1  61   2  79   3  11   4  77   5  67   6  81   7  91   8  47   9  71  10  58  11  21  12  47  13  14  14  31  15  19  16  64  17  58  18  33  19  37 
  0  24   1  62   2  83   3  12   4  78   5  67   6  84   7  90   8  48   9  73  10  62  11  21  12  50  13  17  14  32  15  19  16  66  17  59  18  35  19  39 


