
 20  20

  0  71   1  56   2  75   3  81   4  47   5  83   6  52   7  83   8  84   9  57  10  22  11  66  12  51  13   6  14  24  15  25  16  31  17  77  18  74  19  67 
  0  70   1  57   2  79   3  85   4  51   5  84   6  52   7  85   8  84   9  57  10  22  11  67  12  53  13   9  14  25  15  25  16  31  17  75  18  78  19  67 
  0  70   1  55   2  75   3  80   4  50   5  85   6  48   7  84   8  84   9  53  10  23  11  67  12  51  13   6  14  21  15  22  16  31  17  74  18  72  19  66 
  0  72   1  58   2  78   3  86   4  51   5  85   6  52   7  83   8  83   9  60  10  23  11  67  12  53  13   9  14  26  15  28  16  34  17  78  18  78  19  69 
  0  74   1  60   2  78   3  88   4  52   5  85   6  52   7  83   8  83   9  61  10  21  11  67  12  53  13   8  14  25  15  27  16  34  17  76  18  78  19  69 
  0  67   1  53   2  74   3  82   4  46   5  83   6  51   7  83   8  82   9  55  10  21  11  65  12  53  13   6  14  20  15  21  16  31  17  74  18  73  19  65 
  0  74   1  60   2  79   3  87   4  52   5  84   6  52   7  85   8  84   9  59  10  23  11  67  12  52  13  10  14  26  15  28  16  34  17  76  18  78  19  69 
  0  65   1  51   2  77   3  81   4  46   5  83   6  49   7  85   8  83   9  53  10  23  11  66  12  53  13   7  14  23  15  23  16  31  17  74  18  76  19  63 
  0  66   1  54   2  73   3  79   4  49   5  83   6  50   7  85   8  82   9  53  10  21  11  65  12  51  13   6  14  23  15  24  16  31  17  74  18  74  19  65 
  0  67   1  54   2  76   3  80   4  48   5  85   6  48   7  83   8  84   9  55  10  21  11  65  12  51  13   6  14  22  15  23  16  28  17  74  18  75  19  64 
  0  67   1  54   2  74   3  84   4  51   5  85   6  48   7  84   8  84   9  55  10  21  11  67  12  51  13   6  14  22  15  24  16  30  17  75  18  77  19  66 
  0  72   1  58   2  75   3  83   4  51   5  85   6  52   7  85   8  82   9  60  10  21  11  66  12  51  13  10  14  23  15  26  16  31  17  78  18  76  19  67 
  0  72   1  59   2  78   3  88   4  50   5  85   6  50   7  85   8  84   9  59  10  23  11  67  12  53  13  10  14  24  15  28  16  34  17  76  18  75  19  67 
  0  66   1  52   2  75   3  78   4  46   5  85   6  49   7  84   8  82   9  52  10  21  11  67  12  51  13   9  14  20  15  20  16  28  17  77  18  72  19  63 
  0  66   1  50   2  75   3  79   4  48   5  83   6  48   7  85   8  83   9  53  10  21  11  65  12  51  13   7  14  20  15  21  16  28  17  74  18  73  19  65 
  0  72   1  60   2  78   3  85   4  49   5  85   6  50   7  85   8  83   9  61  10  22  11  65  12  51  13   8  14  26  15  28  16  31  17  78  18  76  19  67 
  0  65   1  54   2  76   3  80   4  49   5  83   6  51   7  83   8  83   9  53  10  21  11  67  12  51  13   7  14  21  15  21  16  29  17  76  18  73  19  63 
  0  70   1  59   2  78   3  87   4  50   5  85   6  52   7  85   8  84   9  58  10  22  11  67  12  53  13   9  14  25  15  25  16  34  17  78  18  78  19  67 
  0  70   1  56   2  75   3  83   4  49   5  84   6  51   7  85   8  82   9  59  10  23  11  66  12  53  13   9  14  24  15  25  16  34  17  78  18  75  19  66 
  0  67   1  54   2  76   3  82   4  48   5  84   6  51   7  83   8  83   9  57  10  23  11  65  12  51  13  10  14  23  15  26  16  29  17  74  18  77  19  64 


