
 20  20

  0  78   1  95   2  75   3  55   4  72   5  54   6  90   7  24   8  93   9  16  10  72  11  51  12  80  13  33  14  87  15  84  16  49  17  61  18  74  19  52 
  0  78   1  95   2  72   3  54   4  70   5  52   6  92   7  21   8  93   9  12  10  72  11  52  12  84  13  28  14  82  15  84  16  46  17  58  18  71  19  52 
  0  74   1  92   2  72   3  54   4  71   5  54   6  91   7  19   8  89   9  10  10  67  11  49  12  81  13  30  14  84  15  82  16  43  17  60  18  73  19  47 
  0  77   1  93   2  72   3  54   4  70   5  55   6  92   7  19   8  92   9  10  10  70  11  47  12  80  13  28  14  83  15  81  16  46  17  57  18  73  19  51 
  0  74   1  95   2  72   3  55   4  71   5  52   6  92   7  21   8  92   9  14  10  69  11  51  12  81  13  32  14  86  15  84  16  48  17  58  18  73  19  49 
  0  79   1  94   2  73   3  54   4  72   5  53   6  91   7  23   8  93   9  14  10  71  11  52  12  84  13  32  14  85  15  82  16  46  17  57  18  74  19  51 
  0  76   1  93   2  72   3  55   4  70   5  56   6  89   7  19   8  90   9  15  10  73  11  50  12  84  13  31  14  84  15  82  16  48  17  57  18  75  19  52 
  0  81   1  96   2  76   3  55   4  71   5  56   6  96   7  21   8  93   9  16  10  72  11  53  12  82  13  30  14  86  15  85  16  49  17  60  18  73  19  56 
  0  79   1  95   2  76   3  56   4  71   5  54   6  93   7  19   8  92   9  14  10  70  11  48  12  83  13  28  14  83  15  81  16  46  17  61  18  74  19  52 
  0  73   1  92   2  73   3  56   4  72   5  52   6  88   7  19   8  89   9  12  10  69  11  47  12  82  13  28  14  81  15  81  16  43  17  57  18  71  19  47 
  0  80   1  97   2  76   3  54   4  72   5  53   6  96   7  25   8  92   9  17  10  76  11  54  12  84  13  34  14  89  15  85  16  48  17  61  18  74  19  54 
  0  80   1  99   2  76   3  56   4  71   5  55   6  96   7  25   8  95   9  18  10  74  11  54  12  84  13  33  14  87  15  85  16  49  17  60  18  75  19  55 
  0  73   1  92   2  72   3  54   4  70   5  54   6  89   7  20   8  89   9  10  10  70  11  47  12  82  13  28  14  81  15  81  16  45  17  57  18  74  19  47 
  0  73   1  92   2  74   3  54   4  72   5  52   6  88   7  19   8  89   9  12  10  67  11  49  12  81  13  28  14  81  15  83  16  43  17  57  18  72  19  49 
  0  80   1  99   2  74   3  56   4  70   5  54   6  95   7  23   8  95   9  18  10  77  11  52  12  84  13  33  14  86  15  83  16  51  17  61  18  75  19  54 
  0  74   1  93   2  72   3  56   4  72   5  55   6  93   7  23   8  91   9  12  10  68  11  49  12  83  13  30  14  82  15  82  16  46  17  59  18  73  19  48 
  0  80   1  99   2  76   3  54   4  70   5  53   6  92   7  23   8  94   9  18  10  73  11  55  12  82  13  34  14  85  15  84  16  47  17  60  18  74  19  54 
  0  79   1  93   2  72   3  55   4  70   5  55   6  89   7  21   8  89   9  12  10  70  11  50  12  80  13  29  14  83  15  81  16  48  17  59  18  72  19  51 
  0  73   1  92   2  73   3  54   4  70   5  53   6  88   7  21   8  91   9  12  10  67  11  47  12  82  13  29  14  81  15  83  16  45  17  57  18  72  19  47 
  0  81   1  99   2  76   3  55   4  72   5  55   6  94   7  25   8  95   9  17  10  77  11  55  12  83  13  33  14  89  15  85  16  49  17  60  18  75  19  56 


