
 20  20

  0  57   1  68   2  64   3  59   4  35   5  22   6  18   7  52   8  53   9  23  10  73  11  69  12  12  13  96  14  49  15  64  16  69  17  25  18  82  19   8 
  0  54   1  64   2  66   3  57   4  36   5  22   6  19   7  53   8  54   9  21  10  72  11  66  12  15  13  94  14  48  15  63  16  69  17  23  18  83  19   9 
  0  53   1  62   2  61   3  56   4  34   5  22   6  16   7  55   8  55   9  23  10  72  11  65  12  13  13  93  14  49  15  65  16  68  17  25  18  81  19  10 
  0  53   1  61   2  61   3  56   4  35   5  24   6  16   7  53   8  51   9  23  10  70  11  66  12  12  13  93  14  48  15  66  16  68  17  23  18  79  19   7 
  0  54   1  65   2  62   3  56   4  34   5  22   6  17   7  53   8  56   9  23  10  71  11  69  12  12  13  96  14  48  15  65  16  67  17  24  18  82  19   9 
  0  54   1  67   2  64   3  59   4  36   5  24   6  18   7  54   8  55   9  22  10  74  11  68  12  14  13  98  14  48  15  63  16  70  17  25  18  81  19  10 
  0  56   1  69   2  65   3  59   4  36   5  22   6  20   7  54   8  56   9  22  10  71  11  68  12  15  13  98  14  49  15  64  16  72  17  24  18  81  19  10 
  0  58   1  67   2  65   3  60   4  36   5  24   6  20   7  55   8  57   9  23  10  73  11  70  12  14  13  99  14  49  15  66  16  72  17  23  18  84  19  11 
  0  48   1  59   2  58   3  51   4  32   5  22   6  16   7  51   8  51   9  21  10  70  11  66  12   9  13  89  14  47  15  62  16  63  17  25  18  76  19   5 
  0  54   1  65   2  62   3  58   4  35   5  24   6  20   7  52   8  57   9  23  10  71  11  67  12  12  13  96  14  47  15  65  16  68  17  23  18  81  19   8 
  0  55   1  66   2  64   3  55   4  35   5  24   6  17   7  53   8  53   9  22  10  72  11  67  12  13  13  97  14  49  15  63  16  69  17  23  18  81  19  11 
  0  57   1  66   2  63   3  59   4  36   5  23   6  20   7  55   8  53   9  21  10  71  11  67  12  12  13  98  14  48  15  64  16  67  17  24  18  81  19   9 
  0  54   1  66   2  61   3  56   4  34   5  24   6  17   7  54   8  53   9  23  10  74  11  70  12  13  13  96  14  49  15  64  16  67  17  25  18  82  19   9 
  0  56   1  69   2  66   3  60   4  36   5  23   6  20   7  53   8  56   9  23  10  73  11  69  12  15  13  99  14  49  15  66  16  72  17  23  18  84  19  11 
  0  54   1  63   2  62   3  54   4  36   5  23   6  19   7  55   8  55   9  22  10  70  11  66  12  10  13  94  14  47  15  65  16  68  17  23  18  81  19  10 
  0  56   1  68   2  66   3  60   4  36   5  22   6  18   7  53   8  55   9  23  10  74  11  68  12  14  13  99  14  47  15  65  16  70  17  25  18  83  19  11 
  0  53   1  62   2  60   3  56   4  32   5  23   6  17   7  52   8  53   9  23  10  73  11  67  12  11  13  95  14  47  15  63  16  67  17  24  18  79  19   7 
  0  49   1  64   2  61   3  52   4  33   5  22   6  19   7  53   8  54   9  23  10  71  11  64  12  12  13  91  14  48  15  63  16  67  17  25  18  77  19   8 
  0  48   1  62   2  59   3  53   4  33   5  22   6  16   7  53   8  51   9  21  10  70  11  66  12   9  13  89  14  47  15  62  16  63  17  25  18  78  19   7 
  0  55   1  65   2  60   3  54   4  33   5  22   6  20   7  52   8  52   9  21  10  70  11  65  12  13  13  94  14  48  15  66  16  68  17  24  18  79  19   8 


