
 20  20

  0  97   1  56   2  55   3  36   4  92   5  36   6  75   7  48   8  88   9  92  10  30  11  23  12  13  13  86  14  42  15  66  16  35  17  41  18  33  19  35 
  0  99   1  60   2  56   3  38   4  95   5  40   6  75   7  47   8  92   9  92  10  31  11  25  12  15  13  85  14  42  15  70  16  35  17  40  18  33  19  38 
  0  96   1  52   2  55   3  35   4  89   5  37   6  75   7  42   8  89   9  90  10  30  11  21  12  13  13  86  14  38  15  69  16  32  17  36  18  31  19  34 
  0  93   1  50   2  56   3  31   4  87   5  35   6  75   7  41   8  86   9  92  10  29  11  21  12  13  13  87  14  38  15  64  16  27  17  35  18  32  19  31 
  0  90   1  52   2  55   3  30   4  85   5  34   6  73   7  41   8  84   9  91  10  28  11  22  12  15  13  87  14  38  15  65  16  27  17  36  18  33  19  32 
  0  92   1  53   2  55   3  29   4  87   5  37   6  74   7  42   8  84   9  90  10  30  11  23  12  13  13  86  14  40  15  64  16  27  17  36  18  33  19  30 
  0  99   1  60   2  56   3  35   4  92   5  40   6  75   7  49   8  90   9  92  10  33  11  25  12  14  13  86  14  42  15  69  16  36  17  41  18  31  19  35 
  0  95   1  54   2  57   3  35   4  89   5  38   6  73   7  47   8  91   9  92  10  31  11  21  12  15  13  86  14  38  15  68  16  34  17  37  18  31  19  34 
  0  97   1  56   2  55   3  33   4  89   5  38   6  74   7  47   8  89   9  92  10  34  11  24  12  14  13  86  14  41  15  70  16  35  17  41  18  33  19  35 
  0  97   1  56   2  56   3  35   4  91   5  38   6  74   7  44   8  90   9  92  10  29  11  25  12  15  13  85  14  40  15  69  16  30  17  40  18  33  19  33 
  0  96   1  58   2  56   3  35   4  92   5  40   6  73   7  45   8  92   9  92  10  32  11  25  12  15  13  87  14  39  15  67  16  34  17  40  18  33  19  36 
  0  93   1  54   2  55   3  29   4  88   5  34   6  73   7  43   8  85   9  90  10  30  11  22  12  13  13  87  14  41  15  64  16  30  17  35  18  31  19  30 
  0  92   1  56   2  56   3  31   4  89   5  37   6  73   7  42   8  89   9  90  10  28  11  23  12  13  13  85  14  42  15  66  16  32  17  35  18  33  19  34 
  0  98   1  60   2  57   3  36   4  93   5  40   6  75   7  46   8  94   9  91  10  34  11  25  12  15  13  87  14  40  15  70  16  35  17  40  18  31  19  36 
  0  99   1  58   2  57   3  38   4  91   5  40   6  75   7  48   8  89   9  90  10  33  11  24  12  13  13  87  14  40  15  70  16  33  17  39  18  33  19  34 
  0  97   1  57   2  55   3  34   4  90   5  39   6  73   7  48   8  89   9  90  10  30  11  24  12  15  13  86  14  39  15  68  16  33  17  37  18  32  19  37 
  0  93   1  52   2  55   3  33   4  90   5  37   6  75   7  42   8  87   9  90  10  29  11  21  12  13  13  86  14  38  15  68  16  31  17  36  18  31  19  30 
  0  97   1  56   2  55   3  34   4  91   5  40   6  75   7  49   8  93   9  90  10  32  11  24  12  13  13  87  14  41  15  66  16  35  17  37  18  31  19  38 
  0  97   1  57   2  57   3  37   4  94   5  37   6  74   7  45   8  94   9  92  10  33  11  23  12  15  13  87  14  40  15  67  16  36  17  41  18  33  19  37 
  0  96   1  56   2  57   3  34   4  90   5  38   6  73   7  45   8  92   9  90  10  34  11  25  12  13  13  86  14  39  15  68  16  32  17  39  18  32  19  33 


