
 20  20

  0  17   1  72   2  51   3  18   4  63   5  12   6  76   7  29   8  31   9  15  10  87  11  73  12  10  13  25  14  58  15  39  16  17  17  69  18  56  19  78 
  0  23   1  75   2  57   3  20   4  67   5  17   6  82   7  28   8  32   9  18  10  95  11  74  12  18  13  27  14  64  15  46  16  15  17  73  18  57  19  79 
  0  20   1  74   2  54   3  19   4  62   5  13   6  77   7  27   8  31   9  14  10  91  11  72  12  10  13  27  14  59  15  40  16  15  17  68  18  56  19  78 
  0  20   1  73   2  51   3  21   4  64   5  11   6  80   7  27   8  31   9  14  10  87  11  74  12  12  13  27  14  61  15  40  16  15  17  68  18  58  19  79 
  0  26   1  72   2  56   3  22   4  67   5  13   6  79   7  28   8  33   9  18  10  95  11  72  12  18  13  27  14  65  15  46  16  17  17  71  18  58  19  82 
  0  16   1  74   2  51   3  21   4  61   5  12   6  79   7  27   8  31   9  15  10  89  11  72  12  12  13  27  14  59  15  42  16  15  17  69  18  56  19  80 
  0  16   1  72   2  53   3  18   4  61   5  11   6  76   7  27   8  31   9  14  10  87  11  72  12  10  13  25  14  57  15  41  16  15  17  69  18  56  19  78 
  0  19   1  71   2  51   3  18   4  61   5  12   6  79   7  27   8  31   9  14  10  89  11  72  12  11  13  25  14  59  15  42  16  16  17  68  18  56  19  81 
  0  16   1  71   2  53   3  18   4  60   5  11   6  76   7  27   8  31   9  16  10  87  11  73  12  13  13  26  14  58  15  42  16  15  17  68  18  56  19  80 
  0  19   1  74   2  54   3  21   4  62   5  10   6  76   7  29   8  33   9  18  10  92  11  72  12  13  13  27  14  61  15  41  16  17  17  70  18  58  19  81 
  0  22   1  72   2  55   3  19   4  65   5  14   6  79   7  28   8  33   9  16  10  91  11  74  12  14  13  25  14  62  15  45  16  15  17  72  18  56  19  81 
  0  23   1  74   2  53   3  22   4  67   5  12   6  81   7  29   8  33   9  15  10  94  11  72  12  18  13  26  14  61  15  47  16  15  17  74  18  58  19  80 
  0  22   1  74   2  57   3  22   4  64   5  16   6  81   7  27   8  33   9  18  10  90  11  72  12  16  13  25  14  62  15  46  16  17  17  73  18  58  19  79 
  0  19   1  71   2  52   3  20   4  60   5  12   6  76   7  27   8  31   9  14  10  91  11  73  12  11  13  26  14  61  15  39  16  17  17  69  18  56  19  78 
  0  17   1  72   2  54   3  18   4  62   5  10   6  78   7  28   8  31   9  14  10  89  11  72  12  14  13  25  14  57  15  39  16  15  17  70  18  57  19  81 
  0  19   1  71   2  51   3  19   4  60   5  11   6  78   7  29   8  32   9  14  10  88  11  73  12  12  13  25  14  57  15  41  16  17  17  68  18  57  19  79 
  0  23   1  75   2  53   3  22   4  64   5  16   6  81   7  29   8  32   9  17  10  95  11  74  12  17  13  25  14  65  15  45  16  17  17  73  18  56  19  82 
  0  19   1  73   2  54   3  19   4  65   5  13   6  81   7  27   8  32   9  15  10  92  11  72  12  17  13  27  14  59  15  46  16  17  17  69  18  56  19  80 
  0  19   1  73   2  51   3  18   4  61   5  13   6  76   7  27   8  31   9  16  10  90  11  72  12  10  13  27  14  60  15  39  16  15  17  68  18  56  19  81 
  0  18   1  72   2  52   3  18   4  61   5   9   6  78   7  27   8  31   9  14  10  88  11  72  12  12  13  26  14  57  15  41  16  17  17  68  18  56  19  78 


