
 20  20

  0  92   1  82   2  35   3  82   4  47   5  41   6  47   7  85   8  89   9  71  10  48  11  75  12  62  13  22  14  84  15  84  16  53  17  16  18  61  19  23 
  0  95   1  81   2  39   3  83   4  54   5  45   6  50   7  88   8  94   9  73  10  55  11  77  12  63  13  26  14  85  15  87  16  55  17  20  18  62  19  23 
  0  92   1  80   2  38   3  82   4  46   5  37   6  45   7  86   8  89   9  67  10  50  11  74  12  63  13  20  14  86  15  85  16  52  17  17  18  62  19  20 
  0  95   1  82   2  40   3  83   4  50   5  42   6  47   7  88   8  94   9  72  10  53  11  75  12  62  13  28  14  86  15  85  16  52  17  20  18  64  19  22 
  0  94   1  80   2  38   3  79   4  50   5  42   6  47   7  87   8  92   9  67  10  49  11  71  12  62  13  25  14  83  15  84  16  51  17  18  18  62  19  22 
  0  96   1  80   2  39   3  81   4  50   5  42   6  46   7  88   8  89   9  70  10  50  11  76  12  62  13  24  14  83  15  85  16  51  17  16  18  62  19  24 
  0  99   1  82   2  43   3  84   4  54   5  45   6  50   7  88   8  94   9  71  10  57  11  76  12  64  13  27  14  87  15  87  16  57  17  20  18  62  19  23 
  0  96   1  80   2  42   3  81   4  54   5  42   6  47   7  85   8  93   9  71  10  54  11  76  12  64  13  28  14  86  15  87  16  57  17  18  18  62  19  24 
  0  96   1  82   2  41   3  84   4  53   5  45   6  50   7  88   8  93   9  73  10  57  11  76  12  63  13  26  14  87  15  87  16  55  17  20  18  64  19  24 
  0  99   1  81   2  41   3  84   4  51   5  45   6  49   7  87   8  93   9  73  10  57  11  74  12  63  13  29  14  87  15  87  16  57  17  19  18  63  19  23 
  0  94   1  80   2  39   3  82   4  51   5  43   6  49   7  86   8  90   9  70  10  52  11  72  12  64  13  24  14  84  15  85  16  53  17  20  18  64  19  24 
  0  97   1  80   2  39   3  83   4  49   5  44   6  49   7  88   8  93   9  70  10  55  11  77  12  62  13  26  14  85  15  86  16  56  17  18  18  60  19  21 
  0  93   1  81   2  38   3  81   4  49   5  43   6  48   7  87   8  92   9  68  10  52  11  73  12  62  13  26  14  83  15  85  16  53  17  16  18  61  19  21 
  0  97   1  81   2  41   3  83   4  54   5  43   6  50   7  88   8  94   9  73  10  56  11  75  12  64  13  29  14  87  15  87  16  56  17  20  18  64  19  24 
  0  94   1  80   2  40   3  84   4  53   5  44   6  47   7  88   8  91   9  69  10  53  11  76  12  64  13  24  14  87  15  85  16  55  17  19  18  64  19  24 
  0  91   1  80   2  34   3  78   4  47   5  38   6  47   7  84   8  89   9  69  10  47  11  73  12  63  13  20  14  86  15  84  16  52  17  18  18  62  19  23 
  0  99   1  80   2  43   3  84   4  54   5  45   6  48   7  88   8  94   9  73  10  56  11  76  12  64  13  29  14  87  15  85  16  55  17  20  18  62  19  24 
  0  89   1  81   2  34   3  80   4  46   5  38   6  46   7  84   8  89   9  69  10  47  11  71  12  64  13  19  14  85  15  81  16  50  17  16  18  61  19  22 
  0  95   1  80   2  38   3  80   4  52   5  43   6  49   7  85   8  91   9  71  10  52  11  76  12  63  13  25  14  85  15  87  16  56  17  17  18  64  19  22 
  0  91   1  80   2  34   3  78   4  47   5  40   6  44   7  84   8  88   9  69  10  50  11  71  12  62  13  19  14  83  15  82  16  49  17  17  18  61  19  22 


