
 20  20

  0  69   1  44   2  11   3  77   4  65   5  51   6  53   7  58   8   9   9  25  10  80  11  12  12  83  13  85  14  77  15  89  16  78  17  67  18  49  19  22 
  0  76   1  49   2  14   3  81   4  68   5  55   6  54   7  62   8  13   9  29  10  80  11  15  12  90  13  89  14  82  15  91  16  80  17  70  18  53  19  28 
  0  75   1  47   2  14   3  79   4  64   5  52   6  53   7  61   8  10   9  27  10  82  11  13  12  89  13  89  14  83  15  91  16  83  17  69  18  51  19  27 
  0  76   1  49   2  17   3  81   4  69   5  54   6  57   7  64   8  15   9  29  10  81  11  16  12  91  13  89  14  87  15  91  16  83  17  72  18  53  19  30 
  0  74   1  47   2  15   3  81   4  66   5  52   6  54   7  60   8  12   9  27  10  80  11  13  12  87  13  89  14  86  15  89  16  83  17  69  18  51  19  26 
  0  70   1  42   2  11   3  79   4  65   5  51   6  53   7  57   8   9   9  24  10  82  11  12  12  83  13  85  14  78  15  89  16  77  17  67  18  50  19  23 
  0  79   1  47   2  16   3  81   4  69   5  55   6  56   7  62   8  13   9  29  10  82  11  15  12  91  13  87  14  87  15  89  16  85  17  70  18  55  19  29 
  0  78   1  47   2  19   3  81   4  68   5  55   6  55   7  64   8  13   9  26  10  82  11  16  12  91  13  89  14  84  15  90  16  85  17  70  18  55  19  30 
  0  74   1  47   2  16   3  81   4  69   5  52   6  57   7  60   8  11   9  27  10  80  11  13  12  90  13  89  14  83  15  89  16  81  17  71  18  51  19  29 
  0  73   1  46   2  14   3  77   4  66   5  52   6  55   7  60   8   9   9  26  10  80  11  12  12  85  13  85  14  79  15  89  16  81  17  67  18  50  19  23 
  0  72   1  44   2  15   3  80   4  63   5  52   6  54   7  57   8   8   9  24  10  81  11  12  12  84  13  85  14  81  15  89  16  78  17  67  18  50  19  26 
  0  73   1  44   2  13   3  77   4  66   5  54   6  53   7  60   8   8   9  23  10  81  11  14  12  85  13  88  14  80  15  89  16  80  17  69  18  50  19  26 
  0  72   1  44   2  14   3  77   4  63   5  54   6  53   7  56   8   8   9  23  10  80  11  14  12  83  13  86  14  77  15  89  16  77  17  66  18  49  19  22 
  0  74   1  46   2  12   3  80   4  66   5  53   6  54   7  61   8   9   9  27  10  80  11  14  12  87  13  88  14  80  15  89  16  82  17  70  18  50  19  25 
  0  79   1  48   2  17   3  78   4  69   5  55   6  56   7  61   8  14   9  29  10  82  11  16  12  91  13  87  14  85  15  91  16  83  17  71  18  54  19  30 
  0  69   1  42   2  13   3  77   4  63   5  53   6  53   7  56   8   9   9  23  10  80  11  12  12  85  13  85  14  77  15  89  16  77  17  65  18  50  19  22 
  0  72   1  42   2  12   3  78   4  64   5  52   6  53   7  56   8   7   9  25  10  82  11  12  12  84  13  86  14  79  15  91  16  78  17  68  18  50  19  25 
  0  75   1  47   2  14   3  77   4  68   5  53   6  53   7  63   8  12   9  27  10  82  11  12  12  86  13  88  14  85  15  89  16  82  17  71  18  52  19  27 
  0  72   1  46   2  17   3  79   4  65   5  52   6  55   7  58   8   9   9  28  10  81  11  12  12  88  13  88  14  82  15  90  16  80  17  67  18  50  19  28 
  0  78   1  45   2  17   3  80   4  69   5  54   6  55   7  59   8  13   9  28  10  80  11  14  12  87  13  86  14  82  15  90  16  80  17  71  18  52  19  26 


