
 20  20

  0  80   1  24   2  13   3  34   4  47   5  14   6  46   7  43   8  85   9  16  10  35  11  22  12  56  13  14  14   9  15  55  16  42  17  90  18  24  19  45 
  0  84   1  25   2  14   3  39   4  49   5  19   6  49   7  43   8  89   9  20  10  40  11  27  12  56  13  18  14  15  15  53  16  41  17  96  18  26  19  46 
  0  79   1  23   2  10   3  34   4  48   5  18   6  48   7  41   8  85   9  18  10  34  11  25  12  57  13  16  14   8  15  53  16  42  17  89  18  25  19  42 
  0  76   1  23   2  11   3  38   4  47   5  16   6  49   7  39   8  87   9  15  10  36  11  25  12  57  13  13  14   9  15  53  16  42  17  90  18  23  19  44 
  0  83   1  24   2  13   3  36   4  47   5  17   6  50   7  43   8  86   9  18  10  37  11  28  12  57  13  17  14  13  15  55  16  40  17  92  18  26  19  46 
  0  80   1  23   2  11   3  36   4  47   5  19   6  46   7  43   8  88   9  17  10  34  11  26  12  57  13  15  14   7  15  53  16  42  17  88  18  26  19  44 
  0  81   1  25   2  11   3  39   4  47   5  17   6  49   7  39   8  86   9  16  10  38  11  25  12  56  13  18  14  12  15  54  16  42  17  90  18  26  19  42 
  0  77   1  21   2  10   3  33   4  47   5  15   6  47   7  39   8  85   9  14  10  32  11  21  12  56  13  13  14   6  15  53  16  40  17  88  18  22  19  42 
  0  80   1  25   2  15   3  40   4  49   5  15   6  49   7  43   8  88   9  20  10  39  11  27  12  58  13  14  14  13  15  55  16  42  17  92  18  23  19  45 
  0  75   1  21   2  11   3  33   4  49   5  14   6  47   7  39   8  85   9  16  10  34  11  21  12  57  13  13  14   5  15  55  16  40  17  88  18  22  19  41 
  0  79   1  24   2  14   3  36   4  47   5  16   6  50   7  41   8  87   9  18  10  38  11  27  12  57  13  14  14   9  15  53  16  42  17  89  18  23  19  45 
  0  77   1  22   2   9   3  36   4  49   5  17   6  47   7  39   8  85   9  14  10  33  11  23  12  56  13  13  14   5  15  53  16  40  17  88  18  22  19  40 
  0  83   1  23   2  14   3  37   4  47   5  17   6  49   7  41   8  88   9  21  10  40  11  26  12  58  13  19  14  12  15  53  16  40  17  93  18  24  19  44 
  0  83   1  27   2  13   3  37   4  49   5  18   6  49   7  40   8  86   9  17  10  38  11  28  12  57  13  19  14  11  15  54  16  40  17  91  18  23  19  44 
  0  85   1  25   2  17   3  41   4  49   5  20   6  49   7  42   8  87   9  22  10  42  11  26  12  56  13  19  14  12  15  55  16  42  17  96  18  26  19  47 
  0  80   1  25   2  15   3  37   4  47   5  15   6  50   7  43   8  86   9  17  10  38  11  24  12  57  13  15  14   9  15  55  16  41  17  89  18  22  19  44 
  0  81   1  25   2  14   3  40   4  47   5  16   6  47   7  43   8  87   9  20  10  37  11  24  12  58  13  17  14  12  15  55  16  42  17  90  18  22  19  47 
  0  84   1  24   2  14   3  41   4  49   5  20   6  49   7  43   8  87   9  21  10  42  11  26  12  57  13  18  14  15  15  54  16  41  17  93  18  25  19  48 
  0  82   1  24   2  14   3  36   4  48   5  16   6  47   7  40   8  89   9  17  10  37  11  24  12  57  13  15  14  12  15  53  16  42  17  95  18  23  19  48 
  0  80   1  21   2  11   3  36   4  47   5  14   6  47   7  42   8  88   9  17  10  34  11  22  12  56  13  16  14   7  15  53  16  40  17  89  18  22  19  40 


