
 20  20

  0  63   1  70   2  35   3  59   4  82   5  80   6  36   7  82   8  85   9  87  10  11  11  68  12   8  13  36  14  62  15  14  16  41  17  15  18  21  19  49 
  0  61   1  65   2  35   3  58   4  83   5  80   6  34   7  77   8  83   9  84  10   4  11  63  12   4  13  35  14  59  15   9  16  41  17  13  18  22  19  48 
  0  69   1  73   2  35   3  63   4  83   5  80   6  42   7  82   8  89   9  90  10  12  11  69  12   9  13  39  14  63  15  15  16  43  17  19  18  25  19  53 
  0  62   1  65   2  35   3  60   4  81   5  78   6  36   7  77   8  86   9  84  10   7  11  64  12   5  13  36  14  59  15  10  16  40  17  11  18  21  19  48 
  0  69   1  73   2  35   3  64   4  81   5  78   6  42   7  83   8  90   9  90  10  14  11  69  12   9  13  37  14  64  15  15  16  45  17  21  18  25  19  56 
  0  67   1  72   2  33   3  64   4  81   5  80   6  39   7  82   8  88   9  89  10  10  11  67  12   6  13  35  14  64  15  12  16  43  17  15  18  25  19  54 
  0  64   1  68   2  33   3  58   4  81   5  78   6  36   7  78   8  85   9  87  10   5  11  66  12   6  13  34  14  59  15   9  16  39  17  15  18  23  19  49 
  0  65   1  66   2  34   3  60   4  81   5  78   6  39   7  82   8  86   9  87  10   6  11  64  12   4  13  37  14  59  15  13  16  42  17  13  18  22  19  50 
  0  62   1  65   2  35   3  61   4  81   5  80   6  35   7  78   8  86   9  86  10   4  11  64  12   4  13  33  14  61  15  10  16  39  17  12  18  24  19  50 
  0  60   1  65   2  33   3  59   4  81   5  79   6  34   7  79   8  83   9  86  10   6  11  64  12   3  13  33  14  59  15   9  16  39  17  13  18  21  19  46 
  0  61   1  67   2  35   3  58   4  83   5  80   6  34   7  77   8  85   9  84  10   8  11  66  12   3  13  35  14  62  15  10  16  39  17  14  18  23  19  49 
  0  66   1  70   2  35   3  64   4  83   5  80   6  40   7  82   8  86   9  87  10  11  11  66  12   7  13  35  14  61  15  13  16  42  17  15  18  22  19  50 
  0  66   1  70   2  34   3  62   4  81   5  80   6  38   7  83   8  90   9  88  10  12  11  68  12   6  13  36  14  61  15  14  16  42  17  19  18  25  19  54 
  0  64   1  67   2  34   3  63   4  83   5  80   6  40   7  83   8  86   9  88  10   9  11  68  12   8  13  37  14  60  15  11  16  40  17  17  18  21  19  51 
  0  68   1  73   2  35   3  61   4  82   5  78   6  42   7  84   8  89   9  90  10  14  11  69  12   9  13  37  14  62  15  15  16  45  17  19  18  25  19  56 
  0  62   1  65   2  35   3  60   4  81   5  79   6  37   7  80   8  84   9  85  10   5  11  63  12   3  13  36  14  62  15  12  16  40  17  12  18  21  19  48 
  0  69   1  72   2  33   3  61   4  83   5  80   6  39   7  82   8  91   9  90  10  12  11  69  12   8  13  36  14  63  15  13  16  43  17  21  18  25  19  56 
  0  66   1  73   2  34   3  62   4  81   5  80   6  41   7  85   8  87   9  90  10  14  11  69  12   6  13  36  14  65  15  13  16  44  17  17  18  25  19  53 
  0  62   1  68   2  35   3  61   4  81   5  79   6  35   7  81   8  84   9  87  10   6  11  66  12   4  13  35  14  62  15  13  16  39  17  14  18  22  19  48 
  0  67   1  72   2  34   3  64   4  83   5  78   6  41   7  83   8  87   9  89  10   9  11  68  12   7  13  39  14  65  15  12  16  45  17  17  18  22  19  53 


