
 20  20

  0  39   1  91   2  24   3  67   4  50   5  22   6  43   7  51   8  46   9  75  10  83  11  60  12  76  13  54  14  87  15  25  16  55  17  51  18  59  19  78 
  0  31   1  88   2  18   3  58   4  44   5  20   6  43   7  48   8  44   9  66  10  79  11  61  12  70  13  54  14  85  15  27  16  50  17  47  18  56  19  73 
  0  41   1  92   2  26   3  68   4  51   5  20   6  43   7  51   8  47   9  75  10  83  11  62  12  80  13  56  14  87  15  27  16  59  17  50  18  63  19  78 
  0  32   1  89   2  18   3  60   4  41   5  18   6  44   7  46   8  43   9  65  10  79  11  62  12  70  13  54  14  85  15  25  16  50  17  47  18  53  19  73 
  0  35   1  90   2  21   3  60   4  44   5  21   6  43   7  45   8  46   9  68  10  78  11  60  12  74  13  54  14  86  15  25  16  49  17  50  18  54  19  75 
  0  32   1  88   2  19   3  60   4  45   5  21   6  45   7  46   8  46   9  65  10  80  11  60  12  74  13  54  14  87  15  25  16  53  17  48  18  55  19  73 
  0  32   1  88   2  20   3  58   4  41   5  20   6  43   7  47   8  43   9  65  10  79  11  60  12  70  13  54  14  85  15  26  16  49  17  47  18  54  19  74 
  0  41   1  94   2  25   3  67   4  49   5  22   6  45   7  49   8  46   9  75  10  84  11  62  12  80  13  55  14  87  15  27  16  59  17  51  18  63  19  76 
  0  35   1  93   2  25   3  62   4  49   5  21   6  43   7  50   8  46   9  70  10  82  11  61  12  76  13  56  14  87  15  25  16  53  17  51  18  58  19  77 
  0  37   1  92   2  21   3  60   4  44   5  19   6  43   7  48   8  43   9  69  10  82  11  62  12  76  13  56  14  85  15  26  16  54  17  47  18  59  19  75 
  0  33   1  90   2  22   3  62   4  46   5  18   6  45   7  49   8  43   9  70  10  81  11  60  12  75  13  54  14  85  15  26  16  51  17  48  18  58  19  75 
  0  40   1  91   2  24   3  66   4  50   5  22   6  45   7  51   8  45   9  73  10  83  11  61  12  80  13  56  14  87  15  25  16  57  17  51  18  61  19  78 
  0  33   1  89   2  20   3  60   4  43   5  18   6  44   7  46   8  43   9  67  10  78  11  60  12  71  13  54  14  87  15  26  16  50  17  47  18  53  19  74 
  0  35   1  89   2  18   3  58   4  45   5  18   6  43   7  48   8  44   9  65  10  79  11  61  12  70  13  56  14  87  15  26  16  49  17  47  18  54  19  74 
  0  31   1  88   2  18   3  58   4  41   5  18   6  45   7  46   8  44   9  65  10  79  11  60  12  70  13  54  14  86  15  27  16  50  17  48  18  53  19  72 
  0  31   1  88   2  20   3  60   4  43   5  20   6  43   7  45   8  45   9  65  10  79  11  60  12  70  13  54  14  87  15  26  16  49  17  47  18  56  19  74 
  0  34   1  89   2  21   3  59   4  41   5  18   6  43   7  46   8  44   9  67  10  78  11  61  12  71  13  54  14  85  15  26  16  50  17  48  18  53  19  73 
  0  33   1  89   2  18   3  58   4  43   5  18   6  43   7  48   8  44   9  66  10  79  11  60  12  73  13  55  14  85  15  27  16  50  17  49  18  57  19  73 
  0  37   1  91   2  23   3  66   4  51   5  22   6  43   7  50   8  46   9  75  10  82  11  61  12  78  13  55  14  86  15  27  16  55  17  51  18  61  19  77 
  0  40   1  94   2  22   3  68   4  51   5  22   6  45   7  50   8  47   9  75  10  81  11  61  12  77  13  56  14  86  15  26  16  55  17  50  18  60  19  76 


