
 20  20

  0  65   1  69   2  68   3  37   4  35   5  71   6  50   7  44   8  57   9  13  10  11  11  61  12  81  13  72  14  43  15  79  16  73  17  48  18  81  19  12 
  0  60   1  71   2  62   3  33   4  30   5  67   6  49   7  46   8  50   9  13  10   5  11  60  12  81  13  72  14  39  15  75  16  70  17  45  18  80  19  11 
  0  66   1  69   2  63   3  34   4  32   5  71   6  46   7  46   8  52   9  13  10  10  11  63  12  80  13  73  14  42  15  79  16  71  17  46  18  80  19   9 
  0  65   1  71   2  66   3  36   4  31   5  71   6  48   7  45   8  53   9  15  10   9  11  65  12  80  13  72  14  40  15  78  16  75  17  48  18  80  19   9 
  0  61   1  67   2  60   3  29   4  28   5  64   6  46   7  46   8  50   9  12  10   4  11  61  12  79  13  72  14  37  15  76  16  68  17  44  18  80  19   8 
  0  61   1  69   2  63   3  32   4  32   5  66   6  48   7  44   8  52   9  14  10   8  11  60  12  81  13  72  14  41  15  77  16  69  17  45  18  83  19  12 
  0  67   1  73   2  66   3  34   4  34   5  74   6  47   7  45   8  56   9  15  10  10  11  65  12  81  13  72  14  43  15  78  16  72  17  50  18  81  19  12 
  0  69   1  72   2  67   3  35   4  35   5  74   6  50   7  45   8  57   9  16  10  14  11  65  12  81  13  74  14  43  15  78  16  76  17  52  18  83  19  10 
  0  61   1  67   2  63   3  30   4  32   5  70   6  49   7  46   8  50   9  13  10  10  11  62  12  79  13  74  14  41  15  78  16  68  17  47  18  83  19  12 
  0  64   1  71   2  63   3  30   4  31   5  68   6  46   7  44   8  52   9  12  10   7  11  61  12  79  13  73  14  38  15  77  16  69  17  48  18  81  19  10 
  0  64   1  69   2  64   3  31   4  32   5  65   6  48   7  44   8  49   9  10  10   7  11  59  12  80  13  72  14  39  15  77  16  70  17  49  18  79  19  10 
  0  65   1  72   2  63   3  36   4  34   5  73   6  48   7  44   8  53   9  15  10   9  11  61  12  79  13  72  14  42  15  79  16  73  17  49  18  83  19  10 
  0  64   1  67   2  63   3  33   4  28   5  66   6  48   7  44   8  52   9  14  10   9  11  62  12  79  13  72  14  39  15  78  16  71  17  49  18  79  19  11 
  0  62   1  70   2  66   3  35   4  29   5  70   6  48   7  46   8  54   9  12  10   8  11  63  12  79  13  74  14  41  15  75  16  69  17  50  18  82  19  10 
  0  64   1  68   2  63   3  30   4  31   5  68   6  46   7  46   8  52   9  13  10   8  11  59  12  79  13  73  14  37  15  75  16  67  17  46  18  82  19   9 
  0  68   1  71   2  67   3  35   4  34   5  71   6  50   7  46   8  56   9  13  10  11  11  64  12  79  13  74  14  43  15  77  16  75  17  49  18  82  19  10 
  0  61   1  68   2  60   3  29   4  28   5  64   6  46   7  44   8  48   9  10  10   4  11  59  12  81  13  74  14  38  15  75  16  66  17  46  18  79  19   8 
  0  61   1  70   2  64   3  31   4  31   5  64   6  48   7  44   8  48   9  10  10   8  11  62  12  79  13  73  14  38  15  75  16  70  17  48  18  79  19  10 
  0  64   1  69   2  61   3  31   4  29   5  70   6  47   7  46   8  50   9  11  10  10  11  61  12  81  13  74  14  39  15  75  16  68  17  49  18  82  19   8 
  0  69   1  72   2  66   3  37   4  35   5  73   6  50   7  46   8  58   9  16  10  12  11  65  12  81  13  73  14  41  15  79  16  74  17  52  18  83  19  12 


