
 20  20

  0  48   1  32   2  82   3  54   4  14   5  88   6  69   7  26   8  57   9  26  10  46  11  88  12  64  13  25  14  84  15  14  16  86  17  67  18  41  19  30 
  0  55   1  31   2  82   3  56   4  20   5  90   6  72   7  31   8  61   9  31  10  50  11  94  12  64  13  30  14  87  15  14  16  91  17  71  18  46  19  32 
  0  49   1  28   2  82   3  53   4  16   5  82   6  63   7  24   8  59   9  24  10  47  11  86  12  63  13  25  14  81  15  15  16  82  17  70  18  40  19  30 
  0  53   1  32   2  83   3  55   4  21   5  90   6  70   7  30   8  59   9  31  10  47  11  92  12  64  13  28  14  83  15  16  16  88  17  71  18  43  19  30 
  0  47   1  28   2  81   3  49   4  16   5  83   6  65   7  24   8  56   9  25  10  49  11  89  12  65  13  23  14  82  15  16  16  82  17  66  18  40  19  29 
  0  51   1  29   2  81   3  55   4  20   5  87   6  67   7  29   8  57   9  26  10  50  11  90  12  64  13  26  14  86  15  15  16  88  17  71  18  45  19  28 
  0  51   1  31   2  81   3  53   4  16   5  83   6  67   7  26   8  58   9  26  10  48  11  88  12  62  13  24  14  80  15  14  16  84  17  68  18  39  19  28 
  0  48   1  28   2  81   3  52   4  14   5  82   6  63   7  25   8  55   9  21  10  48  11  87  12  62  13  22  14  79  15  14  16  81  17  66  18  41  19  26 
  0  45   1  31   2  81   3  52   4  11   5  84   6  62   7  26   8  56   9  22  10  46  11  84  12  62  13  23  14  80  15  16  16  83  17  67  18  41  19  29 
  0  53   1  31   2  83   3  56   4  19   5  89   6  70   7  29   8  59   9  30  10  47  11  91  12  64  13  30  14  87  15  16  16  90  17  71  18  43  19  32 
  0  47   1  28   2  81   3  52   4  14   5  85   6  65   7  24   8  59   9  27  10  50  11  89  12  66  13  25  14  83  15  14  16  85  17  67  18  43  19  29 
  0  50   1  28   2  83   3  53   4  15   5  83   6  67   7  25   8  57   9  23  10  46  11  86  12  62  13  27  14  83  15  14  16  83  17  69  18  41  19  27 
  0  46   1  29   2  81   3  49   4  14   5  85   6  65   7  25   8  55   9  24  10  46  11  84  12  63  13  22  14  80  15  14  16  83  17  66  18  38  19  26 
  0  52   1  29   2  81   3  56   4  18   5  86   6  69   7  30   8  58   9  29  10  50  11  88  12  62  13  25  14  84  15  14  16  89  17  69  18  42  19  32 
  0  48   1  28   2  81   3  55   4  17   5  88   6  69   7  26   8  58   9  26  10  50  11  90  12  66  13  24  14  84  15  15  16  86  17  69  18  42  19  29 
  0  49   1  28   2  81   3  51   4  15   5  86   6  67   7  24   8  55   9  24  10  46  11  87  12  62  13  26  14  83  15  15  16  83  17  66  18  42  19  28 
  0  51   1  29   2  81   3  54   4  17   5  86   6  67   7  26   8  57   9  24  10  46  11  88  12  66  13  25  14  81  15  14  16  87  17  67  18  44  19  29 
  0  55   1  31   2  83   3  57   4  21   5  87   6  72   7  31   8  59   9  28  10  50  11  94  12  63  13  28  14  84  15  16  16  88  17  71  18  46  19  30 
  0  53   1  31   2  81   3  52   4  20   5  87   6  69   7  30   8  57   9  28  10  49  11  90  12  65  13  25  14  83  15  14  16  87  17  68  18  44  19  32 
  0  46   1  31   2  81   3  53   4  15   5  87   6  67   7  27   8  59   9  24  10  49  11  89  12  63  13  23  14  81  15  14  16  86  17  67  18  39  19  28 


