
 20  20

  0  26   1  89   2  68   3  58   4  60   5  80   6  59   7  84   8  29   9  43  10  85  11  90  12  63  13  70  14  99  15  95  16  94  17  58  18  30  19  38 
  0  22   1  89   2  67   3  56   4  58   5  81   6  59   7  83   8  27   9  39  10  83  11  87  12  62  13  69  14  98  15  90  16  92  17  57  18  29  19  38 
  0  24   1  86   2  68   3  56   4  58   5  79   6  56   7  85   8  31   9  43  10  82  11  90  12  64  13  69  14  99  15  95  16  94  17  55  18  28  19  38 
  0  19   1  88   2  62   3  52   4  53   5  80   6  58   7  85   8  26   9  39  10  78  11  88  12  61  13  67  14  99  15  91  16  93  17  53  18  29  19  33 
  0  20   1  89   2  63   3  55   4  53   5  80   6  59   7  83   8  28   9  36  10  82  11  87  12  64  13  66  14  97  15  90  16  92  17  54  18  28  19  34 
  0  23   1  86   2  64   3  57   4  56   5  79   6  58   7  85   8  26   9  38  10  82  11  88  12  62  13  68  14  99  15  92  16  92  17  53  18  28  19  35 
  0  26   1  89   2  65   3  58   4  60   5  81   6  57   7  85   8  28   9  41  10  82  11  89  12  65  13  69  14  99  15  93  16  94  17  58  18  28  19  35 
  0  19   1  86   2  61   3  53   4  53   5  79   6  55   7  85   8  23   9  35  10  78  11  84  12  61  13  67  14  96  15  90  16  92  17  54  18  30  19  36 
  0  18   1  87   2  61   3  53   4  54   5  78   6  58   7  83   8  21   9  37  10  81  11  85  12  64  13  65  14  97  15  85  16  93  17  54  18  28  19  32 
  0  25   1  88   2  67   3  55   4  57   5  81   6  58   7  85   8  28   9  42  10  85  11  90  12  62  13  71  14  99  15  95  16  94  17  58  18  30  19  35 
  0  26   1  87   2  67   3  58   4  56   5  79   6  58   7  84   8  29   9  43  10  83  11  88  12  65  13  71  14  99  15  95  16  94  17  55  18  30  19  36 
  0  20   1  89   2  64   3  53   4  54   5  81   6  58   7  84   8  27   9  37  10  79  11  88  12  65  13  69  14  99  15  91  16  92  17  53  18  28  19  37 
  0  19   1  89   2  65   3  54   4  56   5  82   6  57   7  84   8  24   9  38  10  80  11  84  12  61  13  68  14  95  15  90  16  94  17  52  18  30  19  35 
  0  22   1  85   2  61   3  54   4  53   5  79   6  57   7  85   8  26   9  37  10  81  11  84  12  65  13  66  14  96  15  91  16  93  17  55  18  30  19  35 
  0  20   1  86   2  63   3  56   4  55   5  81   6  58   7  85   8  24   9  40  10  81  11  88  12  65  13  69  14  98  15  91  16  92  17  53  18  30  19  36 
  0  27   1  89   2  66   3  57   4  59   5  81   6  58   7  83   8  31   9  43  10  85  11  90  12  65  13  70  14  99  15  95  16  92  17  57  18  29  19  38 
  0  21   1  87   2  64   3  53   4  54   5  80   6  57   7  84   8  27   9  38  10  81  11  86  12  64  13  69  14  99  15  89  16  94  17  56  18  30  19  34 
  0  19   1  86   2  60   3  53   4  51   5  79   6  55   7  83   8  23   9  34  10  79  11  86  12  62  13  64  14  96  15  85  16  94  17  50  18  30  19  35 
  0  23   1  89   2  62   3  55   4  53   5  78   6  56   7  84   8  27   9  38  10  83  11  85  12  62  13  69  14  99  15  91  16  94  17  52  18  29  19  35 
  0  24   1  89   2  62   3  55   4  53   5  80   6  58   7  83   8  26   9  39  10  82  11  88  12  65  13  67  14  98  15  92  16  93  17  56  18  28  19  37 


