
 20  20

  0  46   1  42   2  70   3  62   4  33   5  78   6  73   7  24   8  82   9  23  10  49  11  51  12  30  13  39  14  83  15  17  16  39  17  81  18  78  19  26 
  0  44   1  44   2  72   3  63   4  37   5  78   6  74   7  24   8  85   9  23  10  53  11  50  12  31  13  40  14  82  15  17  16  38  17  81  18  79  19  26 
  0  42   1  41   2  65   3  62   4  31   5  78   6  70   7  23   8  79   9  23  10  49  11  46  12  30  13  39  14  80  15  16  16  36  17  80  18  76  19  23 
  0  44   1  45   2  72   3  62   4  35   5  80   6  73   7  27   8  87   9  27  10  51  11  52  12  31  13  42  14  84  15  18  16  40  17  86  18  82  19  27 
  0  46   1  41   2  68   3  63   4  33   5  81   6  70   7  25   8  84   9  26  10  53  11  48  12  31  13  41  14  83  15  20  16  42  17  85  18  81  19  27 
  0  44   1  41   2  73   3  63   4  38   5  82   6  72   7  25   8  84   9  26  10  53  11  49  12  32  13  43  14  80  15  20  16  42  17  85  18  81  19  26 
  0  39   1  41   2  65   3  62   4  32   5  75   6  68   7  20   8  81   9  20  10  49  11  45  12  30  13  38  14  80  15  13  16  36  17  80  18  75  19  22 
  0  48   1  43   2  70   3  64   4  36   5  79   6  72   7  25   8  85   9  27  10  52  11  51  12  34  13  40  14  81  15  21  16  44  17  82  18  82  19  27 
  0  46   1  41   2  72   3  63   4  36   5  81   6  71   7  25   8  86   9  24  10  51  11  49  12  32  13  41  14  84  15  17  16  42  17  82  18  78  19  27 
  0  49   1  43   2  75   3  62   4  40   5  82   6  76   7  27   8  86   9  28  10  53  11  51  12  34  13  43  14  84  15  23  16  43  17  84  18  83  19  26 
  0  44   1  42   2  72   3  63   4  35   5  79   6  73   7  24   8  83   9  23  10  53  11  47  12  31  13  40  14  84  15  18  16  41  17  85  18  81  19  23 
  0  47   1  44   2  75   3  62   4  39   5  81   6  74   7  27   8  85   9  26  10  51  11  52  12  34  13  43  14  84  15  23  16  44  17  84  18  83  19  28 
  0  47   1  45   2  70   3  64   4  35   5  78   6  73   7  27   8  82   9  24  10  52  11  51  12  34  13  43  14  83  15  21  16  40  17  86  18  78  19  27 
  0  40   1  43   2  65   3  64   4  30   5  76   6  69   7  20   8  79   9  20  10  49  11  45  12  30  13  37  14  80  15  14  16  36  17  80  18  75  19  22 
  0  45   1  41   2  69   3  64   4  35   5  80   6  73   7  22   8  81   9  23  10  49  11  49  12  32  13  42  14  81  15  18  16  42  17  84  18  78  19  25 
  0  49   1  45   2  74   3  62   4  39   5  82   6  73   7  28   8  87   9  28  10  53  11  52  12  34  13  41  14  83  15  23  16  41  17  86  18  83  19  26 
  0  45   1  43   2  70   3  64   4  34   5  79   6  73   7  22   8  83   9  23  10  49  11  47  12  34  13  40  14  82  15  18  16  38  17  82  18  79  19  25 
  0  44   1  44   2  66   3  64   4  34   5  80   6  71   7  21   8  81   9  25  10  51  11  49  12  30  13  41  14  80  15  17  16  41  17  82  18  77  19  23 
  0  39   1  41   2  66   3  62   4  32   5  75   6  68   7  20   8  79   9  21  10  51  11  47  12  30  13  37  14  80  15  13  16  36  17  80  18  76  19  22 
  0  41   1  42   2  67   3  64   4  30   5  75   6  70   7  22   8  79   9  20  10  51  11  46  12  30  13  37  14  80  15  14  16  36  17  81  18  76  19  22 


