
 20  20

  0  31   1  93   2  29   3  61   4  79   5  59   6  50   7  21   8  83   9  40  10  54  11  51  12  69  13  56  14  53  15  85  16  48  17  52  18  72  19  30 
  0  31   1  93   2  33   3  64   4  80   5  64   6  49   7  22   8  83   9  37  10  56  11  50  12  72  13  58  14  56  15  87  16  50  17  52  18  73  19  32 
  0  28   1  91   2  29   3  61   4  78   5  59   6  46   7  20   8  83   9  37  10  52  11  50  12  69  13  57  14  53  15  83  16  44  17  48  18  72  19  30 
  0  36   1  97   2  35   3  68   4  80   5  65   6  55   7  22   8  85   9  41  10  57  11  50  12  74  13  56  14  58  15  89  16  54  17  55  18  74  19  35 
  0  27   1  92   2  29   3  64   4  80   5  61   6  47   7  20   8  83   9  38  10  52  11  50  12  72  13  56  14  52  15  83  16  46  17  49  18  73  19  31 
  0  34   1  99   2  35   3  69   4  80   5  65   6  55   7  21   8  85   9  41  10  58  11  52  12  74  13  58  14  59  15  89  16  53  17  54  18  74  19  35 
  0  32   1  96   2  31   3  69   4  80   5  64   6  52   7  20   8  85   9  41  10  59  11  50  12  71  13  56  14  57  15  86  16  50  17  53  18  72  19  34 
  0  27   1  91   2  29   3  61   4  79   5  59   6  49   7  21   8  83   9  37  10  52  11  52  12  72  13  56  14  53  15  86  16  45  17  50  18  72  19  30 
  0  31   1  95   2  31   3  65   4  78   5  61   6  49   7  22   8  84   9  41  10  55  11  50  12  73  13  56  14  56  15  88  16  49  17  54  18  74  19  36 
  0  31   1  97   2  32   3  66   4  80   5  64   6  50   7  22   8  85   9  40  10  58  11  51  12  73  13  58  14  58  15  87  16  48  17  52  18  72  19  36 
  0  30   1  91   2  30   3  63   4  78   5  59   6  49   7  22   8  84   9  37  10  52  11  50  12  69  13  56  14  51  15  84  16  44  17  49  18  72  19  32 
  0  34   1  99   2  35   3  70   4  80   5  65   6  54   7  22   8  83   9  41  10  60  11  52  12  75  13  56  14  61  15  88  16  53  17  56  18  74  19  38 
  0  37   1  99   2  33   3  67   4  78   5  65   6  56   7  21   8  85   9  41  10  58  11  52  12  74  13  58  14  59  15  89  16  54  17  55  18  73  19  36 
  0  34   1  97   2  34   3  70   4  80   5  65   6  53   7  22   8  85   9  41  10  57  11  52  12  73  13  57  14  60  15  88  16  54  17  55  18  74  19  36 
  0  35   1  97   2  33   3  67   4  78   5  64   6  50   7  22   8  83   9  37  10  57  11  50  12  73  13  58  14  55  15  86  16  51  17  51  18  72  19  37 
  0  36   1  97   2  33   3  69   4  80   5  65   6  52   7  20   8  85   9  41  10  56  11  51  12  74  13  58  14  60  15  88  16  51  17  53  18  74  19  37 
  0  36   1  97   2  31   3  65   4  80   5  61   6  55   7  20   8  84   9  41  10  56  11  50  12  73  13  58  14  60  15  88  16  51  17  53  18  74  19  36 
  0  30   1  96   2  34   3  66   4  80   5  64   6  49   7  20   8  83   9  37  10  54  11  50  12  70  13  57  14  55  15  88  16  49  17  51  18  72  19  36 
  0  36   1  99   2  34   3  70   4  80   5  64   6  56   7  22   8  83   9  40  10  59  11  52  12  73  13  58  14  60  15  88  16  52  17  55  18  72  19  37 
  0  32   1  96   2  34   3  65   4  78   5  61   6  51   7  21   8  83   9  41  10  56  11  51  12  72  13  56  14  56  15  88  16  48  17  53  18  73  19  34 


