
 20  20

  0  55   1  26   2   5   3   3   4  51   5  30   6  42   7  14   8  24   9  44  10  42  11  58  12  81  13  51  14   5  15  43  16  14  17  29  18  11  19  28 
  0  56   1  23   2   7   3   3   4  50   5  30   6  40   7  14   8  24   9  41  10  45  11  60  12  82  13  52  14   6  15  43  16  12  17  29  18  11  19  28 
  0  63   1  27   2   9   3   5   4  52   5  31   6  40   7  21   8  29   9  49  10  49  11  59  12  84  13  54  14   7  15  45  16  16  17  31  18  12  19  28 
  0  64   1  29   2   7   3   3   4  54   5  30   6  42   7  24   8  28   9  51  10  51  11  61  12  82  13  52  14  11  15  47  16  14  17  31  18  12  19  27 
  0  65   1  29   2   7   3   5   4  54   5  30   6  42   7  24   8  31   9  51  10  52  11  63  12  83  13  53  14  11  15  47  16  16  17  33  18  14  19  28 
  0  62   1  26   2   8   3   5   4  50   5  31   6  41   7  20   8  24   9  48  10  47  11  60  12  82  13  50  14  10  15  44  16  13  17  29  18  13  19  27 
  0  55   1  23   2   5   3   4   4  50   5  29   6  40   7  14   8  24   9  41  10  42  11  58  12  80  13  50  14   5  15  41  16  13  17  29  18  10  19  27 
  0  58   1  23   2   6   3   3   4  50   5  31   6  40   7  17   8  23   9  44  10  44  11  58  12  80  13  50  14   7  15  41  16  12  17  29  18  10  19  26 
  0  57   1  23   2   5   3   4   4  51   5  29   6  42   7  19   8  26   9  45  10  47  11  57  12  80  13  51  14   9  15  43  16  12  17  30  18  13  19  26 
  0  55   1  23   2   6   3   5   4  51   5  30   6  40   7  14   8  25   9  44  10  44  11  57  12  80  13  52  14   7  15  42  16  14  17  32  18  10  19  28 
  0  61   1  30   2   9   3   5   4  54   5  31   6  40   7  23   8  28   9  48  10  51  11  62  12  84  13  53  14  11  15  46  16  15  17  31  18  12  19  28 
  0  61   1  26   2   8   3   5   4  54   5  31   6  40   7  22   8  25   9  49  10  48  11  62  12  83  13  51  14   8  15  43  16  14  17  33  18  13  19  26 
  0  57   1  25   2   5   3   3   4  50   5  29   6  42   7  14   8  21   9  42  10  42  11  58  12  80  13  50  14   5  15  41  16  12  17  30  18  10  19  26 
  0  58   1  26   2   8   3   4   4  54   5  29   6  40   7  21   8  26   9  48  10  49  11  62  12  80  13  53  14  10  15  42  16  14  17  30  18  12  19  28 
  0  61   1  28   2   5   3   3   4  53   5  31   6  41   7  18   8  27   9  48  10  47  11  59  12  84  13  51  14   7  15  43  16  16  17  33  18  10  19  26 
  0  65   1  30   2   9   3   5   4  52   5  31   6  42   7  24   8  28   9  51  10  51  11  63  12  84  13  53  14  11  15  44  16  16  17  31  18  14  19  28 
  0  63   1  29   2   7   3   5   4  54   5  29   6  42   7  24   8  29   9  51  10  52  11  61  12  82  13  52  14  11  15  47  16  15  17  33  18  14  19  28 
  0  59   1  26   2   5   3   3   4  54   5  30   6  40   7  17   8  24   9  47  10  49  11  59  12  80  13  54  14   6  15  43  16  13  17  29  18  10  19  27 
  0  63   1  31   2   7   3   5   4  54   5  31   6  41   7  24   8  28   9  50  10  49  11  63  12  82  13  53  14   8  15  44  16  16  17  31  18  14  19  28 
  0  60   1  28   2   7   3   3   4  51   5  29   6  42   7  19   8  24   9  45  10  43  11  58  12  80  13  52  14   5  15  41  16  13  17  32  18  11  19  28 


