
 20  20

  0  31   1  47   2  46   3  32   4  67   5  62   6  33   7  20   8  19   9  22  10  39  11  59  12  77  13  35  14  53  15  73  16  76  17  31  18  65  19  16 
  0  39   1  50   2  46   3  36   4  72   5  63   6  40   7  24   8  20   9  27  10  43  11  59  12  79  13  37  14  55  15  75  16  76  17  35  18  71  19  16 
  0  30   1  47   2  44   3  32   4  66   5  62   6  32   7  20   8  18   9  23  10  39  11  59  12  77  13  33  14  55  15  73  16  76  17  27  18  66  19  13 
  0  34   1  46   2  43   3  33   4  69   5  60   6  37   7  19   8  19   9  24  10  39  11  59  12  77  13  33  14  55  15  75  16  76  17  29  18  66  19  13 
  0  32   1  44   2  44   3  34   4  69   5  61   6  35   7  21   8  20   9  21  10  39  11  59  12  77  13  33  14  53  15  73  16  78  17  30  18  64  19  13 
  0  30   1  47   2  44   3  34   4  66   5  63   6  37   7  19   8  19   9  25  10  43  11  60  12  79  13  33  14  55  15  74  16  76  17  30  18  65  19  13 
  0  31   1  46   2  44   3  33   4  69   5  59   6  35   7  22   8  21   9  21  10  41  11  60  12  79  13  35  14  55  15  74  16  77  17  32  18  66  19  14 
  0  33   1  44   2  43   3  33   4  66   5  59   6  33   7  20   8  18   9  23  10  39  11  60  12  79  13  33  14  53  15  74  16  76  17  28  18  67  19  14 
  0  33   1  48   2  45   3  34   4  69   5  60   6  37   7  20   8  20   9  22  10  42  11  61  12  79  13  36  14  55  15  73  16  76  17  34  18  67  19  14 
  0  34   1  48   2  43   3  35   4  70   5  61   6  34   7  21   8  19   9  23  10  39  11  59  12  79  13  33  14  55  15  74  16  78  17  29  18  64  19  16 
  0  36   1  49   2  44   3  36   4  72   5  64   6  41   7  23   8  22   9  23  10  45  11  61  12  77  13  35  14  53  15  73  16  76  17  36  18  68  19  16 
  0  38   1  48   2  47   3  34   4  72   5  65   6  39   7  23   8  20   9  27  10  45  11  61  12  79  13  37  14  55  15  74  16  78  17  33  18  71  19  17 
  0  33   1  48   2  45   3  33   4  68   5  65   6  36   7  25   8  22   9  26  10  44  11  60  12  79  13  36  14  55  15  73  16  78  17  32  18  70  19  15 
  0  33   1  44   2  45   3  33   4  68   5  61   6  32   7  22   8  18   9  24  10  39  11  60  12  79  13  36  14  53  15  75  16  77  17  29  18  67  19  13 
  0  34   1  46   2  46   3  32   4  70   5  61   6  33   7  19   8  19   9  21  10  40  11  59  12  77  13  33  14  55  15  74  16  77  17  28  18  68  19  15 
  0  30   1  48   2  45   3  34   4  69   5  59   6  34   7  19   8  18   9  24  10  42  11  59  12  79  13  33  14  55  15  75  16  78  17  30  18  65  19  14 
  0  38   1  50   2  47   3  36   4  70   5  64   6  41   7  24   8  22   9  27  10  45  11  61  12  79  13  36  14  53  15  75  16  78  17  37  18  73  19  17 
  0  33   1  49   2  44   3  32   4  69   5  63   6  39   7  23   8  20   9  24  10  43  11  61  12  79  13  37  14  55  15  75  16  78  17  33  18  69  19  14 
  0  33   1  46   2  43   3  34   4  66   5  60   6  32   7  20   8  19   9  21  10  40  11  59  12  78  13  34  14  53  15  74  16  76  17  31  18  64  19  16 
  0  29   1  45   2  45   3  33   4  69   5  61   6  33   7  19   8  18   9  24  10  42  11  61  12  79  13  33  14  53  15  73  16  77  17  27  18  63  19  16 


