
 20  20

  0  54   1  55   2  84   3  47   4  64   5  86   6  29   7  71   8  43   9  61  10  41  11  38  12  94  13  26  14  47  15  92  16  41  17  31  18  21  19  59 
  0  48   1  54   2  81   3  44   4  60   5  82   6  26   7  68   8  38   9  59  10  43  11  34  12  93  13  21  14  45  15  88  16  38  17  27  18  19  19  58 
  0  44   1  53   2  81   3  41   4  58   5  81   6  21   7  63   8  36   9  55  10  41  11  34  12  91  13  21  14  39  15  88  16  34  17  25  18  17  19  55 
  0  53   1  56   2  82   3  45   4  63   5  83   6  28   7  71   8  41   9  60  10  43  11  36  12  95  13  23  14  46  15  91  16  41  17  28  18  21  19  59 
  0  53   1  56   2  84   3  47   4  63   5  83   6  29   7  71   8  43   9  61  10  43  11  37  12  92  13  25  14  47  15  92  16  43  17  28  18  22  19  59 
  0  51   1  56   2  84   3  46   4  64   5  86   6  27   7  71   8  42   9  59  10  42  11  36  12  94  13  25  14  44  15  92  16  43  17  31  18  22  19  58 
  0  47   1  55   2  84   3  44   4  58   5  83   6  25   7  67   8  38   9  56  10  43  11  35  12  92  13  21  14  43  15  92  16  40  17  29  18  21  19  55 
  0  52   1  54   2  83   3  45   4  64   5  85   6  26   7  71   8  41   9  59  10  43  11  38  12  94  13  26  14  47  15  92  16  40  17  30  18  22  19  59 
  0  54   1  56   2  81   3  45   4  63   5  86   6  29   7  70   8  41   9  60  10  41  11  38  12  94  13  24  14  44  15  89  16  42  17  31  18  21  19  59 
  0  52   1  55   2  82   3  47   4  60   5  85   6  25   7  69   8  42   9  60  10  41  11  34  12  93  13  24  14  45  15  90  16  42  17  31  18  21  19  59 
  0  45   1  53   2  81   3  41   4  57   5  81   6  21   7  61   8  37   9  55  10  41  11  32  12  89  13  20  14  40  15  91  16  35  17  23  18  15  19  58 
  0  44   1  51   2  82   3  41   4  59   5  79   6  21   7  62   8  38   9  55  10  41  11  30  12  87  13  18  14  40  15  88  16  36  17  25  18  18  19  57 
  0  45   1  51   2  80   3  41   4  56   5  81   6  22   7  62   8  37   9  55  10  43  11  34  12  88  13  20  14  41  15  88  16  37  17  24  18  16  19  56 
  0  44   1  51   2  81   3  39   4  56   5  79   6  21   7  63   8  35   9  55  10  43  11  30  12  87  13  19  14  42  15  89  16  33  17  24  18  16  19  55 
  0  54   1  55   2  81   3  46   4  63   5  83   6  27   7  71   8  43   9  59  10  43  11  37  12  94  13  26  14  47  15  92  16  40  17  31  18  23  19  59 
  0  50   1  51   2  82   3  41   4  57   5  82   6  24   7  67   8  38   9  59  10  43  11  32  12  89  13  21  14  44  15  91  16  39  17  25  18  19  19  58 
  0  48   1  52   2  80   3  42   4  63   5  82   6  28   7  67   8  40   9  58  10  42  11  37  12  92  13  24  14  44  15  92  16  37  17  28  18  18  19  56 
  0  48   1  55   2  80   3  45   4  61   5  83   6  24   7  66   8  39   9  57  10  43  11  35  12  94  13  21  14  44  15  91  16  37  17  26  18  21  19  59 
  0  47   1  51   2  81   3  44   4  59   5  84   6  27   7  67   8  38   9  58  10  43  11  33  12  89  13  20  14  43  15  92  16  40  17  27  18  18  19  59 
  0  50   1  52   2  83   3  44   4  60   5  79   6  24   7  63   8  39   9  56  10  41  11  33  12  89  13  19  14  43  15  92  16  36  17  27  18  16  19  56 


