
 20  20

  0  74   1  88   2  75   3  27   4  40   5  91   6  63   7  83   8  43   9  72  10  37  11  17  12  80  13  23  14  28  15  37  16  52  17  82  18  43  19  88 
  0  74   1  92   2  78   3  26   4  42   5  90   6  62   7  86   8  42   9  74  10  38  11  20  12  79  13  24  14  32  15  39  16  54  17  82  18  42  19  88 
  0  73   1  89   2  72   3  21   4  41   5  88   6  57   7  84   8  41   9  74  10  36  11  19  12  77  13  24  14  28  15  36  16  51  17  80  18  38  19  86 
  0  76   1  90   2  74   3  25   4  42   5  90   6  61   7  85   8  45   9  74  10  38  11  19  12  79  13  24  14  30  15  37  16  55  17  81  18  39  19  86 
  0  73   1  91   2  74   3  27   4  41   5  89   6  64   7  85   8  43   9  74  10  36  11  18  12  82  13  24  14  30  15  38  16  53  17  80  18  39  19  88 
  0  77   1  92   2  78   3  29   4  46   5  91   6  63   7  85   8  43   9  74  10  38  11  19  12  82  13  24  14  34  15  39  16  55  17  82  18  43  19  87 
  0  72   1  91   2  73   3  24   4  42   5  91   6  59   7  83   8  43   9  72  10  37  11  18  12  78  13  24  14  29  15  37  16  51  17  81  18  40  19  88 
  0  73   1  89   2  77   3  27   4  43   5  90   6  62   7  85   8  42   9  72  10  36  11  20  12  80  13  21  14  32  15  39  16  51  17  82  18  42  19  87 
  0  77   1  91   2  77   3  27   4  43   5  91   6  61   7  84   8  43   9  74  10  38  11  19  12  82  13  22  14  32  15  40  16  52  17  82  18  40  19  87 
  0  71   1  89   2  74   3  23   4  38   5  89   6  60   7  80   8  38   9  74  10  36  11  18  12  78  13  23  14  29  15  34  16  51  17  81  18  41  19  86 
  0  76   1  90   2  78   3  29   4  44   5  89   6  63   7  88   8  45   9  72  10  37  11  20  12  82  13  24  14  32  15  42  16  54  17  80  18  41  19  88 
  0  72   1  87   2  70   3  20   4  41   5  90   6  58   7  79   8  38   9  74  10  36  11  16  12  77  13  23  14  29  15  37  16  52  17  82  18  40  19  86 
  0  73   1  91   2  73   3  26   4  39   5  89   6  60   7  85   8  43   9  72  10  38  11  19  12  77  13  21  14  29  15  37  16  54  17  82  18  42  19  88 
  0  71   1  90   2  70   3  22   4  41   5  87   6  60   7  83   8  40   9  72  10  37  11  17  12  79  13  23  14  26  15  33  16  51  17  81  18  40  19  88 
  0  70   1  88   2  71   3  23   4  39   5  89   6  58   7  85   8  43   9  74  10  37  11  20  12  77  13  21  14  29  15  35  16  53  17  80  18  38  19  86 
  0  76   1  92   2  78   3  25   4  42   5  91   6  62   7  84   8  44   9  74  10  37  11  17  12  81  13  24  14  30  15  39  16  55  17  82  18  41  19  88 
  0  68   1  89   2  69   3  19   4  38   5  90   6  56   7  80   8  37   9  73  10  36  11  17  12  76  13  21  14  27  15  35  16  50  17  82  18  39  19  86 
  0  71   1  86   2  73   3  20   4  40   5  87   6  59   7  79   8  39   9  72  10  38  11  18  12  76  13  21  14  26  15  34  16  49  17  82  18  39  19  88 
  0  67   1  88   2  68   3  19   4  38   5  87   6  57   7  78   8  37   9  72  10  36  11  16  12  76  13  20  14  26  15  33  16  51  17  82  18  37  19  86 
  0  69   1  87   2  73   3  20   4  41   5  88   6  58   7  81   8  37   9  74  10  36  11  18  12  80  13  22  14  26  15  34  16  51  17  80  18  40  19  88 


