
 20  20

  0  65   1  39   2  52   3  63   4  38   5  69   6  62   7  45   8  39   9  29  10  24  11  54  12  75  13  16  14  40  15  11  16  43  17  68  18  89  19  32 
  0  65   1  39   2  51   3  63   4  41   5  68   6  63   7  43   8  38   9  26  10  24  11  55  12  75  13  18  14  40  15  12  16  45  17  71  18  89  19  31 
  0  57   1  39   2  51   3  63   4  41   5  67   6  59   7  43   8  36   9  25  10  24  11  53  12  70  13  12  14  39  15  10  16  41  17  65  18  85  19  26 
  0  61   1  37   2  48   3  64   4  38   5  69   6  57   7  39   8  36   9  29  10  22  11  53  12  73  13  11  14  41  15   9  16  42  17  66  18  83  19  29 
  0  55   1  38   2  45   3  63   4  38   5  68   6  59   7  39   8  34   9  25  10  22  11  52  12  72  13   9  14  41  15   8  16  37  17  65  18  83  19  26 
  0  63   1  39   2  55   3  65   4  41   5  69   6  61   7  43   8  41   9  29  10  24  11  54  12  76  13  17  14  43  15  13  16  47  17  71  18  87  19  32 
  0  55   1  37   2  45   3  64   4  40   5  67   6  57   7  41   8  34   9  25  10  22  11  51  12  71  13  11  14  39  15   7  16  40  17  65  18  83  19  25 
  0  65   1  38   2  53   3  65   4  39   5  69   6  62   7  46   8  40   9  28  10  24  11  56  12  76  13  19  14  43  15  13  16  47  17  69  18  89  19  32 
  0  57   1  39   2  48   3  65   4  39   5  69   6  58   7  39   8  38   9  27  10  24  11  50  12  70  13  12  14  42  15   9  16  41  17  68  18  85  19  26 
  0  59   1  39   2  52   3  65   4  37   5  67   6  62   7  44   8  40   9  28  10  22  11  53  12  75  13  17  14  39  15  12  16  44  17  70  18  87  19  29 
  0  63   1  38   2  55   3  63   4  41   5  69   6  62   7  46   8  41   9  27  10  24  11  54  12  75  13  19  14  41  15  13  16  47  17  69  18  88  19  32 
  0  65   1  38   2  51   3  65   4  41   5  69   6  61   7  44   8  41   9  29  10  24  11  56  12  74  13  16  14  43  15  13  16  45  17  71  18  86  19  28 
  0  60   1  38   2  51   3  65   4  38   5  69   6  61   7  42   8  40   9  29  10  22  11  52  12  75  13  14  14  40  15   9  16  43  17  68  18  88  19  30 
  0  64   1  39   2  55   3  64   4  40   5  69   6  63   7  46   8  40   9  28  10  24  11  56  12  75  13  19  14  41  15  13  16  47  17  69  18  88  19  32 
  0  63   1  37   2  50   3  63   4  39   5  69   6  59   7  42   8  38   9  29  10  24  11  53  12  73  13  13  14  43  15   9  16  41  17  69  18  85  19  30 
  0  57   1  39   2  47   3  64   4  40   5  67   6  58   7  38   8  35   9  25  10  24  11  52  12  70  13  11  14  40  15   7  16  38  17  65  18  85  19  26 
  0  62   1  38   2  54   3  65   4  39   5  67   6  60   7  46   8  37   9  28  10  24  11  54  12  76  13  17  14  42  15  12  16  43  17  70  18  89  19  31 
  0  55   1  37   2  47   3  63   4  37   5  67   6  57   7  42   8  37   9  28  10  22  11  51  12  71  13  11  14  39  15   8  16  41  17  67  18  86  19  26 
  0  56   1  39   2  46   3  63   4  38   5  69   6  57   7  38   8  35   9  25  10  24  11  52  12  71  13  12  14  41  15  10  16  40  17  66  18  84  19  27 
  0  60   1  38   2  48   3  65   4  40   5  69   6  61   7  44   8  39   9  28  10  23  11  53  12  75  13  12  14  41  15  12  16  42  17  66  18  84  19  30 


