
 20  20

  0  33   1  73   2  12   3  76   4  23   5  69   6  31   7  50   8  81   9  25  10  51  11  11  12  28  13  81  14  70  15  17  16  63  17  81  18  53  19  72 
  0  37   1  73   2  14   3  79   4  26   5  77   6  34   7  56   8  88   9  33  10  53  11  10  12  32  13  83  14  75  15  19  16  66  17  86  18  59  19  76 
  0  37   1  73   2  14   3  80   4  28   5  72   6  36   7  51   8  83   9  29  10  55  11   9  12  31  13  85  14  72  15  18  16  65  17  86  18  54  19  75 
  0  33   1  74   2  13   3  80   4  27   5  74   6  32   7  50   8  82   9  29  10  54  11  11  12  33  13  83  14  72  15  17  16  64  17  87  18  52  19  73 
  0  40   1  75   2  12   3  82   4  29   5  77   6  36   7  56   8  88   9  32  10  56  11  13  12  35  13  85  14  76  15  20  16  67  17  89  18  58  19  76 
  0  30   1  71   2  14   3  76   4  23   5  69   6  32   7  50   8  82   9  28  10  51  11  12  12  30  13  83  14  70  15  15  16  61  17  81  18  52  19  75 
  0  33   1  73   2  13   3  78   4  25   5  71   6  34   7  53   8  86   9  29  10  51  11  10  12  30  13  82  14  74  15  20  16  62  17  85  18  54  19  72 
  0  39   1  74   2  14   3  80   4  27   5  77   6  35   7  58   8  88   9  32  10  53  11  13  12  35  13  84  14  76  15  20  16  68  17  91  18  58  19  76 
  0  37   1  73   2  13   3  82   4  26   5  75   6  37   7  58   8  89   9  30  10  53  11  10  12  35  13  84  14  73  15  20  16  67  17  88  18  59  19  76 
  0  30   1  74   2  12   3  76   4  24   5  70   6  34   7  51   8  82   9  28  10  50  11  11  12  29  13  81  14  72  15  17  16  64  17  82  18  54  19  75 
  0  31   1  71   2  14   3  76   4  23   5  71   6  32   7  49   8  80   9  25  10  51  11  10  12  27  13  82  14  71  15  14  16  61  17  81  18  52  19  73 
  0  35   1  72   2  12   3  78   4  26   5  73   6  32   7  49   8  84   9  29  10  52  11   9  12  30  13  81  14  74  15  16  16  65  17  85  18  52  19  72 
  0  37   1  72   2  12   3  82   4  25   5  74   6  33   7  54   8  85   9  28  10  52  11  11  12  31  13  83  14  73  15  21  16  66  17  86  18  55  19  76 
  0  34   1  71   2  14   3  80   4  23   5  71   6  35   7  50   8  83   9  26  10  50  11  11  12  30  13  81  14  72  15  15  16  65  17  87  18  52  19  75 
  0  33   1  71   2  14   3  78   4  24   5  71   6  34   7  53   8  81   9  26  10  51  11   9  12  29  13  83  14  73  15  16  16  63  17  85  18  51  19  72 
  0  35   1  73   2  14   3  81   4  29   5  74   6  35   7  53   8  85   9  30  10  56  11  12  12  34  13  85  14  73  15  19  16  67  17  86  18  59  19  75 
  0  36   1  75   2  12   3  80   4  26   5  75   6  34   7  53   8  85   9  32  10  56  11  12  12  31  13  85  14  73  15  22  16  68  17  90  18  59  19  73 
  0  37   1  72   2  12   3  80   4  25   5  75   6  35   7  55   8  86   9  28  10  53  11  10  12  34  13  82  14  76  15  20  16  65  17  87  18  54  19  74 
  0  34   1  74   2  14   3  77   4  27   5  71   6  32   7  54   8  84   9  29  10  52  11  11  12  33  13  81  14  75  15  20  16  64  17  86  18  53  19  76 
  0  37   1  75   2  14   3  79   4  28   5  76   6  34   7  54   8  85   9  33  10  53  11  11  12  33  13  85  14  74  15  20  16  68  17  86  18  56  19  75 


