
 20  20

  0  99   1  32   2  66   3  41   4  98   5  76   6  92   7  45   8  86   9  70  10  76  11  31  12  91  13  62  14  59  15  87  16  43  17  89  18  83  19  63 
  0  96   1  27   2  66   3  43   4  96   5  73   6  91   7  42   8  84   9  67  10  72  11  30  12  89  13  61  14  55  15  83  16  45  17  86  18  83  19  60 
  0  99   1  32   2  66   3  46   4  99   5  77   6  91   7  43   8  85   9  70  10  79  11  32  12  92  13  66  14  59  15  87  16  45  17  94  18  83  19  62 
  0  96   1  30   2  66   3  41   4  99   5  77   6  91   7  42   8  86   9  67  10  76  11  32  12  88  13  63  14  55  15  86  16  44  17  89  18  85  19  62 
  0  93   1  30   2  66   3  40   4  98   5  73   6  91   7  41   8  84   9  65  10  73  11  30  12  86  13  60  14  55  15  83  16  45  17  86  18  85  19  60 
  0  99   1  33   2  66   3  45   4  99   5  76   6  93   7  42   8  86   9  71  10  79  11  33  12  90  13  68  14  59  15  86  16  45  17  93  18  83  19  63 
  0  95   1  28   2  66   3  42   4  96   5  73   6  92   7  41   8  85   9  66  10  71  11  31  12  86  13  63  14  56  15  85  16  43  17  85  18  85  19  61 
  0  95   1  27   2  64   3  41   4  96   5  75   6  91   7  43   8  84   9  65  10  71  11  31  12  86  13  60  14  55  15  83  16  45  17  88  18  83  19  60 
  0  99   1  32   2  64   3  46   4  99   5  77   6  93   7  45   8  86   9  71  10  79  11  33  12  92  13  67  14  59  15  86  16  45  17  92  18  85  19  62 
  0  99   1  32   2  64   3  45   4  99   5  76   6  92   7  45   8  86   9  70  10  78  11  34  12  91  13  65  14  59  15  84  16  44  17  91  18  85  19  64 
  0  99   1  28   2  66   3  41   4  98   5  74   6  91   7  42   8  84   9  66  10  76  11  31  12  89  13  65  14  56  15  85  16  45  17  89  18  83  19  63 
  0  95   1  27   2  64   3  40   4  98   5  73   6  91   7  43   8  84   9  65  10  75  11  30  12  88  13  64  14  57  15  83  16  45  17  86  18  83  19  61 
  0  98   1  31   2  66   3  45   4  97   5  75   6  93   7  41   8  85   9  70  10  76  11  33  12  91  13  66  14  57  15  87  16  45  17  90  18  85  19  60 
  0  99   1  31   2  65   3  46   4  99   5  77   6  93   7  45   8  86   9  68  10  79  11  32  12  89  13  68  14  58  15  86  16  45  17  92  18  85  19  64 
  0  99   1  33   2  65   3  44   4  99   5  74   6  92   7  43   8  86   9  71  10  79  11  34  12  91  13  65  14  57  15  87  16  45  17  92  18  85  19  61 
  0  99   1  33   2  65   3  45   4  99   5  76   6  91   7  43   8  86   9  71  10  77  11  34  12  92  13  68  14  59  15  87  16  45  17  95  18  84  19  64 
  0  98   1  29   2  65   3  44   4  99   5  74   6  93   7  44   8  86   9  69  10  73  11  34  12  88  13  62  14  59  15  83  16  44  17  89  18  83  19  60 
  0  99   1  33   2  66   3  44   4  99   5  77   6  92   7  44   8  86   9  70  10  77  11  32  12  91  13  66  14  59  15  84  16  45  17  95  18  83  19  63 
  0  95   1  29   2  64   3  44   4  97   5  75   6  93   7  41   8  86   9  68  10  72  11  30  12  90  13  64  14  55  15  84  16  43  17  87  18  85  19  61 
  0  99   1  29   2  64   3  43   4  98   5  75   6  91   7  44   8  84   9  67  10  73  11  31  12  90  13  63  14  58  15  86  16  45  17  90  18  84  19  63 


