
 20  20

  0  72   1  85   2  64   3  17   4  85   5  48   6  53   7  30   8  82   9  23  10  60  11  27  12  79  13  20  14  57  15  56  16  57  17  77  18  27  19  49 
  0  75   1  87   2  62   3  20   4  86   5  49   6  55   7  32   8  83   9  28  10  64  11  27  12  81  13  19  14  57  15  57  16  57  17  77  18  28  19  49 
  0  77   1  85   2  62   3  18   4  89   5  48   6  54   7  30   8  81   9  27  10  59  11  26  12  78  13  22  14  57  15  56  16  56  17  76  18  27  19  51 
  0  78   1  85   2  64   3  26   4  90   5  50   6  57   7  33   8  83   9  29  10  66  11  29  12  85  13  20  14  63  15  60  16  60  17  80  18  25  19  53 
  0  79   1  87   2  64   3  23   4  88   5  50   6  58   7  31   8  81   9  27  10  65  11  28  12  87  13  23  14  65  15  59  16  58  17  82  18  27  19  53 
  0  75   1  87   2  62   3  18   4  89   5  50   6  54   7  30   8  81   9  24  10  60  11  26  12  82  13  19  14  56  15  59  16  56  17  80  18  25  19  51 
  0  74   1  85   2  64   3  17   4  85   5  50   6  53   7  31   8  81   9  25  10  61  11  26  12  78  13  19  14  55  15  56  16  58  17  75  18  25  19  47 
  0  78   1  86   2  62   3  21   4  90   5  48   6  54   7  33   8  81   9  29  10  63  11  30  12  81  13  21  14  58  15  58  16  58  17  81  18  28  19  52 
  0  82   1  87   2  63   3  24   4  91   5  50   6  56   7  32   8  83   9  31  10  65  11  30  12  87  13  20  14  62  15  61  16  60  17  83  18  27  19  55 
  0  73   1  85   2  62   3  17   4  86   5  48   6  52   7  33   8  81   9  24  10  58  11  28  12  79  13  22  14  56  15  57  16  56  17  77  18  26  19  47 
  0  82   1  86   2  62   3  26   4  91   5  49   6  58   7  34   8  83   9  31  10  68  11  30  12  86  13  23  14  63  15  61  16  59  17  82  18  28  19  55 
  0  72   1  85   2  64   3  18   4  85   5  50   6  52   7  30   8  81   9  25  10  58  11  28  12  77  13  20  14  58  15  57  16  58  17  75  18  24  19  47 
  0  80   1  87   2  64   3  23   4  91   5  48   6  54   7  32   8  83   9  27  10  65  11  29  12  82  13  20  14  59  15  59  16  60  17  80  18  25  19  51 
  0  79   1  85   2  64   3  24   4  88   5  50   6  58   7  32   8  82   9  28  10  67  11  30  12  86  13  22  14  63  15  59  16  60  17  82  18  26  19  53 
  0  79   1  87   2  64   3  25   4  89   5  48   6  55   7  34   8  82   9  31  10  67  11  30  12  87  13  23  14  65  15  61  16  60  17  83  18  28  19  54 
  0  72   1  85   2  62   3  16   4  85   5  49   6  52   7  30   8  81   9  26  10  61  11  27  12  77  13  19  14  55  15  56  16  56  17  76  18  26  19  50 
  0  78   1  85   2  62   3  21   4  90   5  48   6  52   7  32   8  81   9  28  10  64  11  30  12  80  13  23  14  59  15  60  16  58  17  78  18  26  19  53 
  0  72   1  87   2  62   3  17   4  85   5  49   6  51   7  31   8  81   9  23  10  58  11  27  12  78  13  20  14  55  15  55  16  56  17  77  18  24  19  47 
  0  79   1  87   2  64   3  23   4  88   5  50   6  55   7  33   8  83   9  28  10  65  11  29  12  87  13  21  14  65  15  58  16  60  17  80  18  28  19  55 
  0  77   1  86   2  62   3  20   4  88   5  50   6  54   7  32   8  82   9  27  10  63  11  29  12  83  13  21  14  58  15  60  16  59  17  77  18  26  19  53 


