
 20  20

  0  86   1  43   2  59   3  76   4  33   5  24   6  16   7  57   8  12   9  70  10  31  11  15  12  33  13  42  14  40  15  34  16  75  17  64  18  26  19  40 
  0  85   1  44   2  59   3  76   4  31   5  23   6  18   7  54   8  12   9  70  10  29  11  13  12  35  13  44  14  39  15  35  16  73  17  63  18  26  19  40 
  0  85   1  44   2  62   3  76   4  31   5  23   6  16   7  54   8  13   9  71  10  31  11  16  12  33  13  43  14  40  15  33  16  72  17  64  18  26  19  40 
  0  84   1  44   2  60   3  78   4  31   5  24   6  17   7  56   8  12   9  70  10  29  11  15  12  35  13  44  14  38  15  33  16  74  17  65  18  26  19  40 
  0  86   1  46   2  60   3  78   4  31   5  25   6  18   7  56   8  13   9  70  10  30  11  13  12  34  13  43  14  38  15  35  16  72  17  62  18  26  19  41 
  0  91   1  47   2  63   3  80   4  32   5  23   6  16   7  60   8  16   9  70  10  32  11  19  12  35  13  47  14  39  15  34  16  78  17  64  18  30  19  42 
  0  87   1  45   2  66   3  79   4  33   5  24   6  17   7  57   8  16   9  72  10  31  11  18  12  33  13  43  14  42  15  35  16  75  17  68  18  30  19  41 
  0  93   1  50   2  69   3  80   4  31   5  25   6  18   7  60   8  16   9  72  10  37  11  20  12  35  13  45  14  42  15  37  16  78  17  68  18  29  19  43 
  0  86   1  43   2  60   3  78   4  31   5  23   6  16   7  54   8  12   9  72  10  31  11  13  12  33  13  42  14  38  15  35  16  72  17  62  18  26  19  40 
  0  86   1  43   2  60   3  77   4  33   5  24   6  16   7  56   8  14   9  70  10  31  11  15  12  33  13  42  14  40  15  33  16  72  17  63  18  26  19  40 
  0  89   1  48   2  65   3  79   4  31   5  25   6  18   7  59   8  12   9  74  10  33  11  17  12  33  13  46  14  40  15  36  16  73  17  66  18  26  19  43 
  0  88   1  44   2  63   3  77   4  33   5  23   6  18   7  56   8  12   9  71  10  30  11  18  12  33  13  45  14  41  15  35  16  73  17  66  18  29  19  40 
  0  84   1  43   2  59   3  76   4  33   5  23   6  16   7  56   8  12   9  70  10  29  11  15  12  33  13  42  14  38  15  34  16  74  17  62  18  28  19  42 
  0  88   1  46   2  67   3  78   4  33   5  23   6  18   7  59   8  16   9  74  10  33  11  21  12  33  13  48  14  40  15  33  16  77  17  69  18  30  19  44 
  0  92   1  46   2  64   3  80   4  32   5  25   6  17   7  58   8  14   9  74  10  32  11  19  12  34  13  47  14  42  15  35  16  77  17  69  18  30  19  43 
  0  91   1  47   2  63   3  79   4  33   5  23   6  17   7  56   8  15   9  71  10  34  11  20  12  35  13  46  14  41  15  33  16  78  17  68  18  26  19  43 
  0  94   1  50   2  69   3  79   4  31   5  25   6  17   7  60   8  18   9  72  10  37  11  21  12  35  13  47  14  42  15  35  16  79  17  68  18  30  19  44 
  0  92   1  46   2  66   3  78   4  31   5  25   6  18   7  58   8  13   9  72  10  33  11  18  12  33  13  45  14  42  15  33  16  78  17  66  18  26  19  42 
  0  88   1  47   2  61   3  76   4  31   5  25   6  16   7  55   8  12   9  70  10  31  11  13  12  35  13  43  14  38  15  36  16  75  17  64  18  26  19  41 
  0  94   1  50   2  69   3  80   4  33   5  25   6  16   7  62   8  18   9  73  10  37  11  22  12  35  13  48  14  42  15  37  16  80  17  70  18  30  19  44 


