
 20  20

  0  52   1  14   2  73   3  69   4  77   5  58   6  57   7  32   8  20   9  68  10  19  11  37  12  22  13  60  14  71  15   7  16  18  17  31  18  38  19  29 
  0  49   1  12   2  75   3  68   4  75   5  60   6  56   7  32   8  20   9  66  10  21  11  37  12  19  13  55  14  70  15   7  16  18  17  27  18  40  19  25 
  0  53   1  14   2  76   3  71   4  75   5  59   6  58   7  32   8  18   9  67  10  20  11  39  12  22  13  59  14  70  15   8  16  21  17  29  18  39  19  29 
  0  44   1  13   2  73   3  67   4  73   5  58   6  58   7  33   8  19   9  64  10  18  11  37  12  20  13  52  14  69  15   5  16  13  17  23  18  37  19  28 
  0  44   1  10   2  70   3  67   4  72   5  58   6  57   7  32   8  19   9  61  10  18  11  37  12  20  13  50  14  71  15   3  16  13  17  23  18  34  19  25 
  0  48   1  10   2  76   3  68   4  75   5  58   6  58   7  33   8  20   9  67  10  21  11  39  12  19  13  55  14  69  15   8  16  16  17  30  18  41  19  27 
  0  51   1  13   2  76   3  71   4  78   5  59   6  56   7  32   8  20   9  67  10  20  11  38  12  19  13  56  14  73  15   9  16  18  17  33  18  42  19  29 
  0  54   1  13   2  76   3  71   4  76   5  58   6  56   7  32   8  19   9  68  10  21  11  39  12  22  13  60  14  73  15   9  16  21  17  33  18  42  19  29 
  0  46   1  13   2  73   3  68   4  74   5  59   6  58   7  33   8  18   9  63  10  18  11  39  12  20  13  56  14  73  15   8  16  14  17  28  18  36  19  25 
  0  51   1  13   2  73   3  71   4  76   5  58   6  58   7  31   8  19   9  67  10  21  11  37  12  22  13  55  14  72  15   7  16  20  17  30  18  38  19  29 
  0  45   1  10   2  70   3  70   4  73   5  58   6  56   7  33   8  20   9  60  10  21  11  37  12  18  13  51  14  70  15   6  16  16  17  27  18  37  19  26 
  0  51   1  14   2  76   3  71   4  78   5  58   6  57   7  33   8  20   9  66  10  22  11  38  12  22  13  60  14  73  15  11  16  20  17  32  18  39  19  29 
  0  52   1  14   2  75   3  68   4  75   5  60   6  58   7  33   8  20   9  68  10  19  11  38  12  19  13  60  14  72  15   8  16  20  17  33  18  38  19  26 
  0  51   1  11   2  72   3  71   4  77   5  58   6  56   7  31   8  18   9  68  10  21  11  37  12  21  13  55  14  71  15   9  16  19  17  29  18  39  19  27 
  0  52   1  14   2  75   3  69   4  78   5  60   6  58   7  33   8  20   9  66  10  21  11  39  12  19  13  58  14  73  15   7  16  19  17  31  18  38  19  29 
  0  53   1  14   2  75   3  69   4  78   5  58   6  58   7  31   8  19   9  68  10  22  11  39  12  22  13  60  14  73  15   9  16  21  17  31  18  42  19  27 
  0  44   1  11   2  71   3  69   4  72   5  58   6  58   7  32   8  19   9  63  10  20  11  37  12  19  13  54  14  70  15   4  16  13  17  24  18  35  19  28 
  0  44   1  10   2  72   3  67   4  73   5  58   6  56   7  32   8  18   9  61  10  20  11  38  12  18  13  53  14  72  15   5  16  14  17  25  18  37  19  25 
  0  49   1  14   2  74   3  71   4  76   5  60   6  57   7  31   8  20   9  61  10  20  11  38  12  22  13  56  14  72  15   5  16  17  17  29  18  37  19  25 
  0  45   1  13   2  70   3  67   4  74   5  60   6  57   7  33   8  18   9  63  10  18  11  39  12  20  13  51  14  69  15   5  16  16  17  28  18  38  19  27 


