
 20  20

  0  73   1  18   2   7   3  81   4  64   5  15   6   9   7  46   8  70   9  26  10  24  11  80  12  57  13  84  14  68  15  28  16  47  17  25  18  57  19  39 
  0  78   1  24   2   8   3  84   4  69   5  15   6  13   7  48   8  79   9  32  10  32  11  84  12  62  13  85  14  70  15  29  16  51  17  27  18  59  19  46 
  0  75   1  20   2   8   3  80   4  67   5  13   6  13   7  47   8  73   9  26  10  27  11  84  12  57  13  86  14  70  15  32  16  51  17  27  18  57  19  42 
  0  80   1  23   2   8   3  85   4  69   5  13   6  15   7  48   8  78   9  29  10  32  11  82  12  63  13  85  14  70  15  31  16  52  17  27  18  61  19  43 
  0  75   1  16   2   7   3  82   4  64   5  13   6  11   7  46   8  70   9  26  10  24  11  80  12  57  13  82  14  68  15  28  16  48  17  25  18  57  19  37 
  0  74   1  19   2   5   3  80   4  63   5  13   6  10   7  46   8  72   9  24  10  24  11  80  12  57  13  85  14  69  15  31  16  47  17  27  18  59  19  36 
  0  72   1  15   2   6   3  82   4  66   5  13   6  10   7  47   8  70   9  27  10  26  11  80  12  56  13  83  14  68  15  31  16  49  17  25  18  59  19  38 
  0  82   1  24   2   7   3  84   4  66   5  15   6  14   7  48   8  77   9  32  10  32  11  82  12  61  13  86  14  70  15  31  16  53  17  25  18  61  19  45 
  0  72   1  15   2   4   3  79   4  63   5  13   6  11   7  46   8  72   9  25  10  24  11  80  12  56  13  84  14  69  15  28  16  49  17  25  18  57  19  36 
  0  73   1  15   2   4   3  80   4  63   5  15   6  12   7  46   8  72   9  25  10  25  11  80  12  55  13  83  14  68  15  28  16  47  17  25  18  58  19  38 
  0  81   1  23   2   6   3  83   4  65   5  13   6  15   7  46   8  79   9  31  10  32  11  82  12  62  13  84  14  70  15  32  16  50  17  26  18  59  19  43 
  0  78   1  18   2   5   3  82   4  66   5  13   6  12   7  47   8  76   9  25  10  28  11  80  12  58  13  83  14  68  15  31  16  48  17  25  18  57  19  40 
  0  74   1  16   2   5   3  80   4  66   5  15   6   9   7  48   8  70   9  24  10  27  11  83  12  56  13  85  14  68  15  31  16  47  17  25  18  57  19  37 
  0  74   1  20   2   5   3  82   4  64   5  15   6  10   7  46   8  73   9  26  10  27  11  82  12  57  13  82  14  70  15  28  16  51  17  27  18  59  19  40 
  0  79   1  24   2   9   3  85   4  66   5  13   6  15   7  48   8  79   9  32  10  33  11  84  12  60  13  83  14  70  15  29  16  52  17  27  18  61  19  45 
  0  76   1  16   2   4   3  80   4  66   5  15   6  12   7  46   8  72   9  28  10  27  11  83  12  59  13  82  14  69  15  28  16  49  17  27  18  57  19  38 
  0  76   1  18   2   4   3  81   4  67   5  13   6   9   7  48   8  71   9  27  10  28  11  83  12  59  13  83  14  70  15  28  16  48  17  27  18  57  19  38 
  0  79   1  19   2   9   3  84   4  66   5  15   6  10   7  46   8  76   9  29  10  31  11  82  12  61  13  85  14  70  15  29  16  50  17  25  18  61  19  41 
  0  76   1  21   2   8   3  84   4  65   5  15   6  12   7  46   8  74   9  27  10  27  11  84  12  58  13  83  14  68  15  29  16  52  17  27  18  61  19  43 
  0  78   1  23   2   9   3  85   4  67   5  15   6  11   7  48   8  77   9  29  10  31  11  83  12  62  13  86  14  68  15  31  16  54  17  26  18  58  19  44 


