
 20  20

  0  36   1  37   2  70   3  30   4  83   5  35   6  39   7  77   8  34   9  75  10  13  11  13  12  30  13  26  14  28  15  53  16  42  17  25  18  47  19  56 
  0  37   1  37   2  70   3  32   4  86   5  36   6  42   7  78   8  34   9  75  10  17  11  14  12  30  13  23  14  28  15  54  16  39  17  24  18  50  19  59 
  0  33   1  38   2  66   3  27   4  81   5  31   6  40   7  78   8  32   9  73  10  11  11  11  12  30  13  25  14  22  15  51  16  38  17  21  18  42  19  53 
  0  31   1  39   2  68   3  23   4  78   5  32   6  39   7  79   8  27   9  73  10  11  11  10  12  26  13  23  14  25  15  50  16  38  17  24  18  40  19  53 
  0  39   1  38   2  70   3  33   4  86   5  34   6  41   7  79   8  36   9  73  10  17  11  14  12  32  13  26  14  26  15  53  16  42  17  25  18  48  19  59 
  0  31   1  36   2  65   3  25   4  80   5  28   6  35   7  79   8  27   9  73  10  11  11  11  12  26  13  23  14  22  15  46  16  38  17  21  18  41  19  53 
  0  33   1  36   2  68   3  28   4  78   5  32   6  35   7  78   8  29   9  75  10  11  11  10  12  28  13  22  14  22  15  46  16  40  17  23  18  44  19  54 
  0  37   1  39   2  69   3  32   4  83   5  35   6  42   7  78   8  32   9  74  10  14  11  11  12  32  13  25  14  26  15  52  16  40  17  23  18  45  19  56 
  0  41   1  39   2  71   3  32   4  86   5  36   6  43   7  79   8  37   9  73  10  15  11  14  12  32  13  26  14  26  15  54  16  42  17  23  18  50  19  59 
  0  36   1  39   2  66   3  26   4  83   5  30   6  39   7  79   8  28   9  74  10  11  11  10  12  27  13  25  14  23  15  50  16  40  17  22  18  44  19  56 
  0  37   1  37   2  70   3  31   4  81   5  33   6  40   7  77   8  32   9  75  10  15  11  10  12  28  13  24  14  26  15  49  16  42  17  21  18  47  19  58 
  0  36   1  36   2  65   3  26   4  82   5  32   6  39   7  78   8  30   9  73  10  12  11  13  12  27  13  22  14  22  15  47  16  41  17  21  18  43  19  54 
  0  31   1  36   2  66   3  23   4  80   5  28   6  36   7  77   8  28   9  73  10  12  11  10  12  26  13  22  14  22  15  46  16  38  17  21  18  42  19  53 
  0  33   1  36   2  69   3  25   4  80   5  32   6  36   7  77   8  30   9  73  10  13  11  12  12  29  13  25  14  23  15  47  16  38  17  22  18  42  19  55 
  0  41   1  40   2  71   3  33   4  86   5  34   6  43   7  79   8  36   9  74  10  17  11  13  12  32  13  26  14  28  15  54  16  42  17  24  18  50  19  59 
  0  34   1  38   2  66   3  28   4  84   5  31   6  39   7  77   8  32   9  75  10  16  11  11  12  28  13  22  14  24  15  51  16  39  17  23  18  44  19  57 
  0  41   1  39   2  70   3  29   4  82   5  35   6  43   7  79   8  33   9  75  10  15  11  14  12  32  13  25  14  27  15  50  16  42  17  25  18  50  19  59 
  0  35   1  39   2  68   3  26   4  78   5  29   6  35   7  79   8  30   9  75  10  12  11  13  12  30  13  22  14  23  15  49  16  38  17  22  18  42  19  56 
  0  31   1  36   2  67   3  25   4  78   5  28   6  35   7  79   8  27   9  73  10  11  11  11  12  27  13  23  14  22  15  46  16  38  17  21  18  40  19  53 
  0  32   1  36   2  69   3  27   4  82   5  32   6  37   7  79   8  30   9  75  10  12  11  13  12  30  13  23  14  25  15  48  16  39  17  23  18  43  19  57 


