
 20  20

  0  99   1  69   2  90   3  98   4  42   5  40   6  90   7  20   8  61   9  24  10  39  11  33  12  94  13  46  14  26  15  56  16  69  17  76  18  95  19  81 
  0  91   1  61   2  84   3  89   4  42   5  36   6  83   7  20   8  60   9  22  10  32  11  30  12  91  13  41  14  24  15  54  16  67  17  73  18  93  19  79 
  0  91   1  61   2  85   3  89   4  41   5  37   6  82   7  20   8  60   9  23  10  33  11  31  12  89  13  40  14  26  15  52  16  67  17  73  18  93  19  80 
  0  97   1  67   2  90   3  96   4  44   5  40   6  87   7  20   8  61   9  23  10  36  11  33  12  97  13  45  14  27  15  53  16  71  17  73  18  95  19  81 
  0  91   1  62   2  86   3  89   4  43   5  38   6  84   7  20   8  59   9  22  10  32  11  31  12  89  13  40  14  26  15  52  16  68  17  71  18  95  19  79 
  0  99   1  68   2  92   3  99   4  43   5  39   6  90   7  20   8  59   9  24  10  40  11  33  12  97  13  50  14  28  15  56  16  71  17  76  18  95  19  79 
  0  94   1  62   2  88   3  91   4  42   5  36   6  87   7  18   8  59   9  22  10  34  11  31  12  94  13  41  14  25  15  55  16  70  17  74  18  94  19  80 
  0  95   1  62   2  86   3  89   4  41   5  36   6  82   7  18   8  59   9  22  10  36  11  30  12  92  13  40  14  25  15  55  16  68  17  71  18  94  19  80 
  0  98   1  67   2  92   3  95   4  45   5  39   6  90   7  18   8  61   9  24  10  40  11  33  12  94  13  46  14  28  15  54  16  71  17  74  18  95  19  81 
  0  99   1  66   2  91   3  95   4  44   5  39   6  86   7  20   8  61   9  24  10  39  11  32  12  94  13  48  14  27  15  56  16  70  17  73  18  93  19  79 
  0  99   1  67   2  89   3  98   4  44   5  40   6  90   7  20   8  61   9  23  10  40  11  33  12  97  13  47  14  28  15  56  16  71  17  77  18  94  19  81 
  0  94   1  62   2  87   3  89   4  43   5  36   6  82   7  18   8  59   9  22  10  33  11  30  12  92  13  44  14  25  15  53  16  70  17  73  18  93  19  79 
  0  94   1  62   2  85   3  90   4  41   5  39   6  82   7  18   8  59   9  23  10  32  11  31  12  89  13  44  14  24  15  53  16  67  17  72  18  93  19  79 
  0  98   1  66   2  89   3  97   4  45   5  38   6  89   7  20   8  60   9  24  10  38  11  31  12  97  13  50  14  28  15  55  16  69  17  77  18  95  19  80 
  0  92   1  61   2  86   3  89   4  41   5  36   6  83   7  19   8  59   9  24  10  33  11  29  12  90  13  40  14  24  15  53  16  67  17  73  18  93  19  80 
  0  95   1  64   2  85   3  89   4  44   5  36   6  82   7  20   8  59   9  22  10  32  11  29  12  89  13  42  14  27  15  54  16  69  17  71  18  94  19  79 
  0  97   1  66   2  87   3  95   4  43   5  36   6  85   7  18   8  61   9  24  10  36  11  32  12  94  13  42  14  27  15  56  16  69  17  73  18  93  19  80 
  0  93   1  62   2  86   3  89   4  41   5  36   6  84   7  18   8  61   9  23  10  32  11  31  12  90  13  41  14  24  15  52  16  67  17  74  18  95  19  79 
  0  99   1  66   2  89   3  95   4  45   5  39   6  89   7  18   8  61   9  24  10  38  11  33  12  94  13  46  14  28  15  54  16  71  17  76  18  95  19  81 
  0  99   1  66   2  89   3  96   4  44   5  40   6  87   7  19   8  61   9  23  10  37  11  33  12  95  13  50  14  28  15  56  16  70  17  77  18  93  19  79 


