
 20  20

  0  72   1  68   2  29   3  59   4  87   5  82   6  67   7  57   8  57   9  72  10  26  11  69  12  47  13  55  14  89  15  94  16  71  17  29  18  55  19  31 
  0  68   1  62   2  26   3  54   4  80   5  77   6  60   7  53   8  54   9  66  10  26  11  69  12  44  13  53  14  89  15  90  16  62  17  28  18  51  19  25 
  0  77   1  67   2  28   3  64   4  90   5  84   6  69   7  56   8  57   9  75  10  27  11  69  12  50  13  55  14  91  15  95  16  70  17  28  18  57  19  35 
  0  72   1  63   2  30   3  57   4  84   5  77   6  63   7  53   8  54   9  72  10  26  11  67  12  47  13  55  14  92  15  93  16  66  17  30  18  55  19  28 
  0  67   1  59   2  27   3  54   4  80   5  74   6  60   7  53   8  55   9  65  10  27  11  69  12  43  13  53  14  89  15  90  16  62  17  29  18  51  19  25 
  0  69   1  59   2  28   3  54   4  82   5  75   6  63   7  52   8  53   9  68  10  26  11  69  12  43  13  53  14  87  15  90  16  63  17  30  18  52  19  26 
  0  71   1  65   2  27   3  59   4  86   5  80   6  63   7  55   8  57   9  72  10  28  11  68  12  49  13  53  14  90  15  94  16  67  17  30  18  52  19  29 
  0  77   1  68   2  30   3  62   4  89   5  84   6  70   7  55   8  56   9  75  10  27  11  69  12  51  13  55  14  92  15  96  16  72  17  30  18  56  19  34 
  0  69   1  65   2  30   3  58   4  85   5  77   6  66   7  53   8  55   9  70  10  26  11  67  12  47  13  54  14  88  15  90  16  67  17  29  18  54  19  30 
  0  71   1  65   2  27   3  56   4  84   5  80   6  62   7  56   8  54   9  70  10  28  11  67  12  48  13  55  14  91  15  94  16  66  17  29  18  53  19  27 
  0  71   1  64   2  30   3  59   4  88   5  82   6  67   7  54   8  57   9  69  10  28  11  69  12  48  13  54  14  93  15  95  16  69  17  29  18  54  19  32 
  0  75   1  64   2  30   3  59   4  88   5  83   6  66   7  54   8  57   9  70  10  27  11  68  12  51  13  55  14  92  15  95  16  69  17  28  18  57  19  33 
  0  74   1  63   2  28   3  57   4  83   5  77   6  65   7  53   8  53   9  72  10  27  11  69  12  47  13  55  14  92  15  95  16  65  17  30  18  54  19  28 
  0  68   1  63   2  26   3  54   4  83   5  76   6  60   7  53   8  54   9  68  10  26  11  67  12  44  13  55  14  90  15  93  16  63  17  30  18  52  19  25 
  0  72   1  65   2  30   3  60   4  86   5  80   6  66   7  56   8  53   9  71  10  26  11  69  12  48  13  55  14  90  15  92  16  67  17  29  18  56  19  31 
  0  72   1  62   2  29   3  57   4  86   5  77   6  62   7  52   8  55   9  70  10  26  11  69  12  46  13  53  14  91  15  92  16  67  17  28  18  55  19  31 
  0  71   1  65   2  26   3  58   4  84   5  79   6  63   7  56   8  56   9  67  10  26  11  67  12  47  13  53  14  91  15  93  16  64  17  30  18  52  19  29 
  0  68   1  62   2  26   3  57   4  80   5  75   6  64   7  51   8  54   9  68  10  26  11  67  12  47  13  53  14  87  15  91  16  64  17  30  18  51  19  27 
  0  73   1  65   2  28   3  64   4  88   5  84   6  69   7  57   8  55   9  71  10  28  11  69  12  48  13  55  14  90  15  95  16  72  17  29  18  56  19  33 
  0  76   1  68   2  27   3  59   4  85   5  81   6  68   7  53   8  55   9  73  10  28  11  67  12  48  13  53  14  93  15  93  16  68  17  28  18  55  19  30 


