
 20  20

  0  18   1  20   2  66   3  37   4  19   5  49   6  32   7   8   8  79   9  59  10  39  11  41  12  25  13  74  14  83  15  70  16  53  17  69  18  20  19  14 
  0  27   1  22   2  73   3  40   4  24   5  53   6  36   7  14   8  84   9  63  10  39  11  48  12  29  13  74  14  83  15  70  16  53  17  71  18  22  19  16 
  0  22   1  23   2  69   3  43   4  24   5  50   6  33   7  11   8  84   9  60  10  40  11  45  12  26  13  74  14  85  15  70  16  54  17  71  18  22  19  16 
  0  18   1  17   2  65   3  39   4  21   5  52   6  33   7  11   8  79   9  58  10  36  11  43  12  22  13  75  14  83  15  69  16  52  17  71  18  16  19  14 
  0  22   1  20   2  68   3  38   4  21   5  49   6  33   7   9   8  78   9  60  10  38  11  42  12  25  13  74  14  83  15  69  16  52  17  69  18  18  19  15 
  0  20   1  17   2  66   3  36   4  22   5  49   6  32   7  10   8  77   9  59  10  37  11  44  12  22  13  74  14  83  15  67  16  52  17  69  18  16  19  15 
  0  18   1  17   2  64   3  37   4  20   5  51   6  32   7   8   8  77   9  56  10  36  11  41  12  22  13  74  14  84  15  69  16  54  17  69  18  16  19  16 
  0  22   1  17   2  67   3  37   4  23   5  49   6  32   7   8   8  77   9  58  10  38  11  44  12  23  13  74  14  85  15  67  16  52  17  69  18  16  19  16 
  0  22   1  21   2  71   3  42   4  23   5  53   6  35   7  14   8  79   9  59  10  41  11  46  12  24  13  75  14  83  15  69  16  54  17  73  18  19  19  14 
  0  22   1  22   2  70   3  40   4  23   5  52   6  33   7  10   8  79   9  61  10  37  11  46  12  27  13  75  14  83  15  70  16  52  17  72  18  21  19  14 
  0  28   1  25   2  73   3  44   4  29   5  54   6  36   7  16   8  85   9  64  10  40  11  49  12  29  13  76  14  85  15  71  16  52  17  73  18  25  19  16 
  0  28   1  25   2  72   3  44   4  28   5  55   6  34   7  15   8  83   9  64  10  40  11  46  12  29  13  76  14  85  15  69  16  54  17  73  18  25  19  15 
  0  25   1  24   2  71   3  43   4  25   5  55   6  33   7  12   8  82   9  65  10  41  11  48  12  26  13  74  14  85  15  70  16  53  17  73  18  22  19  16 
  0  18   1  18   2  64   3  37   4  19   5  50   6  33   7   9   8  77   9  56  10  36  11  41  12  22  13  74  14  83  15  68  16  53  17  70  18  18  19  15 
  0  22   1  19   2  68   3  39   4  24   5  53   6  34   7  12   8  83   9  59  10  41  11  46  12  27  13  75  14  85  15  69  16  52  17  69  18  23  19  16 
  0  20   1  17   2  64   3  36   4  20   5  51   6  33   7   8   8  77   9  56  10  36  11  41  12  22  13  74  14  85  15  67  16  53  17  69  18  16  19  14 
  0  20   1  19   2  68   3  41   4  25   5  52   6  32   7   9   8  78   9  60  10  40  11  43  12  26  13  75  14  85  15  68  16  53  17  70  18  18  19  14 
  0  21   1  23   2  69   3  39   4  25   5  53   6  32   7  12   8  83   9  63  10  41  11  43  12  26  13  74  14  85  15  71  16  52  17  71  18  21  19  14 
  0  22   1  23   2  69   3  39   4  25   5  52   6  34   7  13   8  83   9  61  10  41  11  48  12  25  13  75  14  85  15  67  16  53  17  69  18  21  19  14 
  0  28   1  25   2  74   3  44   4  28   5  55   6  36   7  16   8  85   9  66  10  42  11  46  12  30  13  75  14  85  15  69  16  54  17  73  18  26  19  16 


