
 20  20

  0  50   1  43   2  26   3  36   4  74   5  53   6  28   7  42   8  54   9  30  10  16  11  63  12  42  13  13  14  14  15  64  16  79  17  19  18  77  19  17 
  0  51   1  41   2  25   3  36   4  74   5  49   6  23   7  43   8  52   9  29  10  15  11  61  12  40  13  11  14  15  15  65  16  80  17  17  18  73  19  17 
  0  52   1  44   2  25   3  38   4  75   5  52   6  24   7  42   8  54   9  30  10  15  11  64  12  41  13  12  14  13  15  64  16  80  17  18  18  76  19  17 
  0  56   1  45   2  29   3  39   4  78   5  58   6  29   7  44   8  53   9  30  10  15  11  68  12  42  13  14  14  15  15  68  16  81  17  23  18  79  19  21 
  0  55   1  45   2  27   3  39   4  74   5  55   6  27   7  44   8  54   9  29  10  16  11  65  12  42  13  14  14  15  15  69  16  80  17  22  18  76  19  18 
  0  51   1  42   2  27   3  38   4  75   5  56   6  29   7  44   8  51   9  28  10  17  11  66  12  42  13  13  14  14  15  67  16  79  17  20  18  78  19  20 
  0  50   1  43   2  24   3  35   4  75   5  53   6  25   7  41   8  53   9  30  10  15  11  65  12  40  13  12  14  15  15  66  16  79  17  20  18  73  19  21 
  0  51   1  43   2  25   3  38   4  75   5  54   6  25   7  44   8  52   9  28  10  16  11  62  12  40  13   8  14  13  15  64  16  79  17  17  18  75  19  19 
  0  49   1  41   2  23   3  38   4  73   5  50   6  26   7  43   8  52   9  29  10  14  11  64  12  40  13   9  14  14  15  65  16  81  17  14  18  74  19  20 
  0  53   1  44   2  27   3  39   4  75   5  55   6  29   7  45   8  52   9  30  10  15  11  70  12  40  13  13  14  15  15  69  16  81  17  19  18  79  19  20 
  0  46   1  41   2  23   3  35   4  73   5  50   6  24   7  41   8  51   9  30  10  15  11  60  12  40  13   9  14  14  15  64  16  79  17  13  18  73  19  16 
  0  52   1  43   2  25   3  39   4  73   5  54   6  28   7  44   8  52   9  29  10  17  11  66  12  41  13  11  14  13  15  66  16  79  17  21  18  78  19  20 
  0  52   1  43   2  28   3  39   4  77   5  55   6  29   7  43   8  54   9  29  10  16  11  68  12  42  13  10  14  13  15  66  16  79  17  19  18  76  19  19 
  0  48   1  43   2  26   3  38   4  73   5  50   6  22   7  42   8  51   9  30  10  14  11  60  12  41  13   8  14  15  15  64  16  79  17  15  18  74  19  16 
  0  53   1  44   2  27   3  36   4  74   5  54   6  27   7  41   8  55   9  29  10  13  11  67  12  40  13  10  14  15  15  68  16  81  17  20  18  76  19  21 
  0  53   1  45   2  28   3  36   4  72   5  55   6  27   7  40   8  55   9  28  10  17  11  65  12  42  13  11  14  13  15  68  16  79  17  17  18  73  19  21 
  0  51   1  44   2  27   3  37   4  75   5  52   6  25   7  42   8  51   9  30  10  13  11  63  12  41  13  12  14  15  15  64  16  79  17  18  18  74  19  16 
  0  50   1  43   2  26   3  35   4  71   5  50   6  24   7  41   8  51   9  30  10  13  11  65  12  40  13   9  14  15  15  65  16  81  17  19  18  73  19  17 
  0  51   1  41   2  23   3  38   4  71   5  53   6  23   7  43   8  51   9  30  10  14  11  61  12  40  13   9  14  14  15  64  16  79  17  18  18  72  19  17 
  0  54   1  41   2  29   3  35   4  75   5  56   6  26   7  45   8  55   9  28  10  15  11  67  12  40  13  11  14  14  15  68  16  79  17  18  18  76  19  19 


