
 20  20

  0  34   1  62   2  51   3  18   4  39   5  34   6  15   7  28   8  75   9  47  10  77  11  20  12  42  13  39  14  38  15  50  16  37  17  47  18  60  19  73 
  0  30   1  59   2  46   3  17   4  36   5  30   6  12   7  28   8  73   9  46  10  76  11  16  12  39  13  38  14  40  15  51  16  35  17  46  18  59  19  70 
  0  39   1  65   2  51   3  21   4  39   5  38   6  17   7  30   8  74   9  49  10  80  11  19  12  42  13  44  14  43  15  52  16  35  17  53  18  61  19  75 
  0  38   1  64   2  53   3  21   4  40   5  38   6  19   7  30   8  75   9  49  10  78  11  20  12  43  13  46  14  45  15  55  16  35  17  53  18  64  19  78 
  0  38   1  64   2  54   3  19   4  40   5  36   6  16   7  28   8  74   9  49  10  78  11  20  12  42  13  44  14  44  15  54  16  37  17  51  18  64  19  77 
  0  38   1  65   2  54   3  20   4  41   5  38   6  18   7  29   8  75   9  49  10  77  11  20  12  44  13  44  14  42  15  52  16  35  17  52  18  60  19  75 
  0  35   1  59   2  51   3  18   4  39   5  36   6  14   7  30   8  73   9  46  10  78  11  18  12  43  13  43  14  43  15  50  16  37  17  51  18  59  19  72 
  0  31   1  56   2  49   3  16   4  35   5  32   6   9   7  29   8  73   9  47  10  78  11  16  12  38  13  41  14  39  15  49  16  36  17  46  18  56  19  71 
  0  36   1  65   2  50   3  19   4  38   5  37   6  16   7  30   8  75   9  47  10  79  11  17  12  41  13  46  14  42  15  53  16  36  17  53  18  60  19  78 
  0  36   1  63   2  54   3  21   4  39   5  38   6  15   7  28   8  75   9  49  10  80  11  18  12  44  13  43  14  44  15  53  16  35  17  51  18  62  19  75 
  0  39   1  66   2  54   3  22   4  40   5  38   6  17   7  30   8  75   9  47  10  80  11  20  12  44  13  44  14  42  15  55  16  36  17  51  18  64  19  78 
  0  31   1  56   2  48   3  19   4  37   5  31   6   9   7  28   8  75   9  48  10  76  11  16  12  40  13  40  14  38  15  52  16  36  17  47  18  59  19  70 
  0  30   1  56   2  47   3  16   4  34   5  32   6  10   7  29   8  74   9  47  10  78  11  16  12  39  13  38  14  37  15  49  16  35  17  47  18  58  19  70 
  0  37   1  66   2  54   3  22   4  42   5  35   6  16   7  30   8  75   9  49  10  80  11  17  12  41  13  46  14  43  15  54  16  37  17  50  18  61  19  76 
  0  31   1  58   2  50   3  19   4  37   5  32   6  10   7  30   8  73   9  46  10  77  11  16  12  42  13  42  14  37  15  50  16  36  17  45  18  57  19  73 
  0  34   1  62   2  48   3  19   4  35   5  34   6  15   7  30   8  75   9  45  10  77  11  18  12  40  13  41  14  41  15  51  16  36  17  50  18  57  19  75 
  0  37   1  66   2  54   3  22   4  42   5  37   6  16   7  30   8  75   9  49  10  78  11  20  12  44  13  43  14  43  15  55  16  35  17  51  18  64  19  78 
  0  40   1  63   2  54   3  22   4  42   5  38   6  19   7  30   8  75   9  49  10  80  11  17  12  43  13  46  14  45  15  55  16  37  17  50  18  62  19  78 
  0  31   1  59   2  48   3  17   4  39   5  35   6  11   7  30   8  75   9  48  10  76  11  18  12  40  13  41  14  42  15  49  16  35  17  50  18  57  19  73 
  0  33   1  61   2  50   3  21   4  38   5  33   6  13   7  29   8  75   9  45  10  80  11  17  12  41  13  42  14  39  15  53  16  37  17  51  18  60  19  74 


