
 20  20

  0  60   1  52   2  72   3  49   4  16   5  34   6  19   7  59   8  28   9  27  10  67  11  28  12  51  13  78  14  51  15  61  16  35  17  16  18  40  19  18 
  0  58   1  48   2  72   3  42   4  16   5  33   6  16   7  55   8  26   9  26  10  67  11  27  12  49  13  76  14  49  15  62  16  33  17  14  18  36  19  14 
  0  60   1  50   2  73   3  45   4  18   5  33   6  18   7  56   8  30   9  28  10  69  11  30  12  47  13  76  14  52  15  60  16  35  17  16  18  41  19  17 
  0  58   1  48   2  74   3  44   4  16   5  33   6  16   7  56   8  28   9  30  10  67  11  27  12  47  13  76  14  50  15  60  16  35  17  16  18  41  19  15 
  0  61   1  49   2  73   3  43   4  16   5  35   6  18   7  54   8  26   9  29  10  67  11  25  12  50  13  76  14  49  15  61  16  34  17  16  18  37  19  15 
  0  62   1  54   2  74   3  50   4  18   5  35   6  17   7  58   8  29   9  30  10  69  11  30  12  50  13  78  14  50  15  63  16  35  17  16  18  41  19  18 
  0  59   1  45   2  72   3  42   4  17   5  33   6  17   7  56   8  26   9  27  10  67  11  25  12  49  13  76  14  47  15  59  16  34  17  15  18  36  19  17 
  0  58   1  47   2  72   3  47   4  16   5  35   6  16   7  58   8  27   9  26  10  69  11  29  12  50  13  77  14  46  15  59  16  33  17  14  18  37  19  17 
  0  61   1  49   2  72   3  49   4  18   5  34   6  20   7  56   8  32   9  28  10  69  11  30  12  47  13  76  14  49  15  59  16  35  17  14  18  38  19  17 
  0  59   1  52   2  72   3  45   4  18   5  35   6  17   7  56   8  31   9  29  10  67  11  28  12  50  13  77  14  47  15  61  16  35  17  15  18  39  19  16 
  0  60   1  51   2  74   3  46   4  16   5  35   6  20   7  56   8  28   9  26  10  69  11  31  12  47  13  76  14  51  15  59  16  34  17  15  18  39  19  16 
  0  56   1  46   2  72   3  43   4  16   5  33   6  16   7  56   8  26   9  26  10  67  11  24  12  47  13  78  14  48  15  60  16  33  17  14  18  36  19  13 
  0  55   1  45   2  72   3  43   4  16   5  34   6  17   7  54   8  26   9  27  10  67  11  25  12  47  13  76  14  47  15  59  16  35  17  16  18  39  19  16 
  0  58   1  52   2  72   3  46   4  16   5  35   6  20   7  57   8  28   9  28  10  67  11  28  12  47  13  77  14  48  15  60  16  34  17  14  18  41  19  15 
  0  63   1  49   2  74   3  46   4  18   5  35   6  20   7  57   8  32   9  29  10  69  11  28  12  49  13  77  14  51  15  61  16  33  17  16  18  38  19  20 
  0  61   1  50   2  72   3  46   4  17   5  34   6  18   7  54   8  27   9  27  10  68  11  29  12  50  13  76  14  49  15  62  16  33  17  15  18  36  19  18 
  0  61   1  53   2  73   3  47   4  16   5  33   6  20   7  57   8  32   9  28  10  68  11  28  12  49  13  76  14  48  15  63  16  35  17  14  18  40  19  17 
  0  65   1  54   2  73   3  47   4  18   5  34   6  18   7  59   8  32   9  28  10  69  11  29  12  51  13  78  14  52  15  61  16  34  17  14  18  41  19  19 
  0  63   1  54   2  72   3  46   4  18   5  33   6  19   7  56   8  30   9  28  10  69  11  29  12  48  13  76  14  49  15  63  16  35  17  15  18  42  19  18 
  0  61   1  54   2  74   3  46   4  18   5  35   6  17   7  57   8  32   9  27  10  67  11  29  12  51  13  78  14  49  15  61  16  35  17  14  18  42  19  20 


