
 20  20

  0  42   1   6   2  24   3  60   4  52   5  74   6  65   7  17   8  39   9  64  10  45  11  77  12  13  13  64  14  32  15  10  16  64  17  31  18  73  19  27 
  0  41   1   5   2  25   3  59   4  52   5  76   6  63   7  15   8  41   9  62  10  44  11  74  12  13  13  65  14  34  15  10  16  62  17  32  18  77  19  30 
  0  40   1   5   2  26   3  60   4  52   5  77   6  64   7  17   8  43   9  65  10  44  11  76  12  11  13  65  14  37  15  12  16  65  17  34  18  73  19  28 
  0  42   1   5   2  24   3  60   4  52   5  77   6  64   7  15   8  42   9  62  10  44  11  78  12  12  13  69  14  37  15  11  16  64  17  29  18  75  19  28 
  0  38   1   3   2  24   3  58   4  50   5  76   6  62   7  15   8  37   9  62  10  44  11  76  12  13  13  64  14  34  15  11  16  59  17  28  18  73  19  26 
  0  41   1   4   2  25   3  58   4  52   5  78   6  64   7  15   8  41   9  61  10  46  11  77  12  13  13  64  14  31  15  10  16  62  17  29  18  73  19  29 
  0  36   1   2   2  23   3  60   4  51   5  74   6  62   7  16   8  36   9  61  10  43  11  72  12  12  13  64  14  29  15  11  16  58  17  25  18  71  19  28 
  0  38   1   1   2  23   3  60   4  51   5  72   6  61   7  15   8  36   9  61  10  43  11  72  12  13  13  63  14  30  15  10  16  57  17  28  18  69  19  27 
  0  35   1   3   2  23   3  58   4  50   5  72   6  61   7  16   8  39   9  61  10  45  11  75  12  12  13  63  14  29  15  10  16  57  17  27  18  71  19  28 
  0  37   1   1   2  21   3  58   4  51   5  73   6  61   7  15   8  38   9  61  10  43  11  73  12  11  13  65  14  29  15  10  16  57  17  27  18  69  19  26 
  0  41   1   4   2  26   3  58   4  50   5  77   6  63   7  15   8  44   9  65  10  44  11  75  12  13  13  69  14  35  15  10  16  64  17  34  18  73  19  29 
  0  37   1   4   2  24   3  60   4  51   5  74   6  65   7  16   8  39   9  64  10  46  11  75  12  13  13  66  14  31  15  10  16  59  17  28  18  74  19  29 
  0  40   1   3   2  21   3  59   4  52   5  76   6  65   7  17   8  40   9  64  10  43  11  74  12  13  13  67  14  31  15  10  16  58  17  29  18  71  19  27 
  0  41   1   5   2  25   3  58   4  50   5  73   6  62   7  17   8  38   9  63  10  47  11  76  12  11  13  63  14  31  15  12  16  59  17  29  18  71  19  29 
  0  43   1   5   2  26   3  58   4  50   5  79   6  64   7  17   8  45   9  63  10  47  11  75  12  12  13  66  14  34  15  11  16  62  17  32  18  75  19  30 
  0  35   1   3   2  21   3  59   4  50   5  74   6  64   7  15   8  39   9  63  10  43  11  72  12  11  13  63  14  32  15  10  16  60  17  28  18  71  19  26 
  0  44   1   7   2  29   3  60   4  52   5  80   6  65   7  16   8  46   9  65  10  45  11  75  12  13  13  68  14  37  15  10  16  66  17  35  18  76  19  30 
  0  44   1   6   2  26   3  58   4  50   5  77   6  64   7  17   8  45   9  65  10  44  11  75  12  13  13  68  14  35  15  12  16  66  17  32  18  75  19  27 
  0  35   1   1   2  21   3  59   4  50   5  72   6  63   7  17   8  36   9  61  10  43  11  72  12  12  13  63  14  31  15  10  16  57  17  25  18  70  19  26 
  0  37   1   1   2  21   3  58   4  50   5  72   6  64   7  15   8  37   9  61  10  43  11  72  12  11  13  63  14  29  15  11  16  57  17  25  18  71  19  26 


