
 20  20

  0  63   1  94   2  83   3  19   4  84   5  63   6  67   7  92   8  52   9  25  10  90  11  24  12  43  13  50  14  24  15  70  16  58  17  98  18  22  19  51 
  0  58   1  91   2  84   3  21   4  82   5  56   6  62   7  91   8  51   9  23  10  90  11  23  12  38  13  44  14  18  15  62  16  56  17  92  18  20  19  45 
  0  56   1  90   2  83   3  19   4  82   5  56   6  61   7  90   8  51   9  23  10  92  11  25  12  38  13  41  14  18  15  61  16  54  17  90  18  17  19  47 
  0  57   1  93   2  85   3  19   4  82   5  56   6  64   7  93   8  52   9  23  10  90  11  24  12  42  13  45  14  17  15  61  16  54  17  93  18  18  19  48 
  0  60   1  90   2  84   3  19   4  83   5  57   6  61   7  90   8  50   9  25  10  92  11  25  12  38  13  42  14  20  15  64  16  56  17  92  18  18  19  45 
  0  56   1  90   2  83   3  19   4  82   5  57   6  62   7  91   8  52   9  25  10  90  11  25  12  39  13  44  14  17  15  64  16  54  17  93  18  20  19  45 
  0  65   1  94   2  83   3  21   4  84   5  63   6  70   7  92   8  52   9  25  10  92  11  27  12  45  13  49  14  26  15  71  16  57  17  98  18  23  19  53 
  0  60   1  90   2  83   3  19   4  85   5  56   6  62   7  90   8  50   9  24  10  90  11  25  12  42  13  43  14  19  15  66  16  57  17  94  18  17  19  47 
  0  55   1  90   2  83   3  21   4  84   5  56   6  60   7  90   8  52   9  23  10  92  11  25  12  38  13  41  14  17  15  61  16  54  17  90  18  17  19  46 
  0  63   1  93   2  83   3  20   4  83   5  59   6  66   7  92   8  52   9  24  10  92  11  23  12  43  13  49  14  21  15  68  16  57  17  97  18  23  19  51 
  0  59   1  92   2  83   3  21   4  83   5  59   6  67   7  92   8  50   9  23  10  90  11  25  12  42  13  47  14  25  15  65  16  54  17  97  18  22  19  50 
  0  59   1  90   2  85   3  19   4  83   5  59   6  62   7  92   8  51   9  25  10  90  11  23  12  42  13  42  14  20  15  65  16  54  17  91  18  17  19  48 
  0  61   1  94   2  85   3  21   4  83   5  60   6  65   7  94   8  50   9  25  10  92  11  25  12  42  13  48  14  23  15  66  16  58  17  93  18  20  19  48 
  0  65   1  93   2  85   3  19   4  86   5  63   6  70   7  91   8  51   9  23  10  92  11  25  12  46  13  51  14  27  15  70  16  56  17  98  18  21  19  53 
  0  60   1  94   2  83   3  20   4  86   5  62   6  67   7  93   8  52   9  24  10  92  11  24  12  41  13  48  14  24  15  66  16  58  17  97  18  23  19  48 
  0  63   1  93   2  84   3  21   4  86   5  63   6  67   7  94   8  52   9  24  10  92  11  26  12  46  13  51  14  23  15  68  16  56  17  98  18  23  19  52 
  0  55   1  90   2  83   3  21   4  82   5  58   6  60   7  90   8  51   9  24  10  90  11  23  12  38  13  41  14  17  15  61  16  56  17  90  18  17  19  47 
  0  58   1  90   2  84   3  19   4  83   5  55   6  60   7  92   8  52   9  23  10  91  11  25  12  38  13  41  14  17  15  62  16  54  17  92  18  19  19  45 
  0  65   1  91   2  85   3  21   4  84   5  61   6  66   7  94   8  52   9  25  10  90  11  25  12  44  13  49  14  23  15  70  16  58  17  98  18  23  19  53 
  0  62   1  94   2  83   3  21   4  84   5  63   6  67   7  94   8  50   9  25  10  91  11  27  12  45  13  50  14  27  15  71  16  56  17  98  18  21  19  52 


