
 20  20

  0  64   1  57   2   4   3  25   4  41   5  37   6  50   7  21   8  63   9  62  10  54  11   9  12  29  13  58  14   8  15  52  16  33  17  37  18  54  19  47 
  0  63   1  58   2   5   3  25   4  41   5  39   6  48   7  19   8  62   9  62  10  54  11  12  12  25  13  61  14   6  15  52  16  33  17  38  18  54  19  48 
  0  68   1  58   2  10   3  25   4  46   5  38   6  52   7  25   8  67   9  62  10  63  11  13  12  33  13  60  14  12  15  57  16  35  17  37  18  59  19  50 
  0  67   1  61   2   6   3  25   4  44   5  37   6  50   7  21   8  66   9  62  10  61  11  16  12  31  13  61  14  11  15  55  16  32  17  39  18  59  19  53 
  0  67   1  59   2   6   3  27   4  44   5  37   6  52   7  21   8  67   9  64  10  60  11  14  12  32  13  62  14  14  15  57  16  34  17  37  18  60  19  53 
  0  60   1  57   2   3   3  27   4  40   5  37   6  48   7  20   8  61   9  62  10  54  11  11  12  25  13  58  14   5  15  51  16  32  17  39  18  54  19  47 
  0  68   1  59   2   9   3  27   4  42   5  39   6  52   7  21   8  66   9  62  10  62  11  14  12  33  13  61  14  14  15  54  16  33  17  38  18  59  19  52 
  0  67   1  59   2   5   3  26   4  43   5  37   6  49   7  21   8  63   9  64  10  61  11  11  12  31  13  62  14  12  15  52  16  33  17  39  18  55  19  51 
  0  70   1  61   2  10   3  27   4  46   5  39   6  51   7  22   8  65   9  64  10  63  11  16  12  30  13  62  14  13  15  55  16  34  17  39  18  58  19  50 
  0  65   1  60   2   5   3  27   4  39   5  37   6  50   7  21   8  61   9  63  10  57  11  11  12  28  13  58  14   9  15  55  16  31  17  37  18  54  19  49 
  0  65   1  57   2   3   3  25   4  39   5  39   6  48   7  21   8  63   9  64  10  55  11  11  12  26  13  58  14   8  15  52  16  32  17  39  18  57  19  51 
  0  62   1  58   2   4   3  27   4  42   5  39   6  50   7  18   8  61   9  62  10  56  11  10  12  28  13  58  14   5  15  52  16  34  17  38  18  56  19  49 
  0  66   1  61   2  10   3  25   4  46   5  37   6  50   7  22   8  66   9  63  10  62  11  16  12  31  13  62  14  13  15  57  16  32  17  38  18  58  19  53 
  0  66   1  60   2   6   3  27   4  44   5  38   6  50   7  20   8  62   9  64  10  62  11  15  12  31  13  61  14  12  15  54  16  35  17  39  18  55  19  51 
  0  70   1  61   2   9   3  25   4  46   5  38   6  52   7  23   8  67   9  64  10  63  11  16  12  33  13  60  14  13  15  58  16  35  17  39  18  60  19  53 
  0  66   1  58   2   8   3  27   4  43   5  39   6  49   7  22   8  64   9  64  10  63  11  17  12  30  13  62  14  12  15  57  16  33  17  38  18  60  19  52 
  0  69   1  59   2   7   3  27   4  46   5  39   6  52   7  23   8  67   9  62  10  64  11  17  12  33  13  59  14  12  15  58  16  34  17  37  18  57  19  53 
  0  62   1  58   2   2   3  27   4  38   5  39   6  50   7  17   8  63   9  63  10  55  11   9  12  25  13  60  14   7  15  50  16  31  17  38  18  56  19  47 
  0  62   1  58   2   6   3  25   4  39   5  38   6  49   7  18   8  63   9  62  10  57  11  13  12  29  13  58  14   7  15  52  16  32  17  37  18  55  19  49 
  0  61   1  57   2   3   3  27   4  38   5  37   6  50   7  18   8  61   9  63  10  56  11   9  12  27  13  59  14   9  15  52  16  34  17  37  18  54  19  48 


