
 20  20

  0  74   1  57   2  30   3  53   4   8   5  53   6   5   7  20   8  50   9  61  10  67  11  81  12  63  13  65  14  37  15  77  16  74  17  10  18  71  19  58 
  0  76   1  57   2  31   3  54   4   8   5  54   6   8   7  21   8  49   9  61  10  72  11  81  12  63  13  66  14  39  15  78  16  76  17  12  18  70  19  63 
  0  79   1  55   2  31   3  56   4   8   5  55   6   7   7  22   8  52   9  62  10  73  11  82  12  65  13  63  14  37  15  77  16  78  17  13  18  69  19  61 
  0  72   1  55   2  31   3  52   4   8   5  53   6   6   7  20   8  45   9  60  10  66  11  79  12  58  13  61  14  37  15  76  16  69  17   7  18  70  19  57 
  0  72   1  55   2  31   3  49   4   9   5  53   6   4   7  17   8  45   9  60  10  67  11  79  12  60  13  62  14  37  15  75  16  69  17   6  18  67  19  58 
  0  73   1  57   2  32   3  54   4   9   5  53   6   5   7  20   8  51   9  63  10  66  11  80  12  59  13  65  14  38  15  78  16  71  17   7  18  68  19  59 
  0  75   1  56   2  32   3  52   4   8   5  56   6   7   7  22   8  50   9  63  10  69  11  81  12  60  13  63  14  37  15  77  16  71  17  11  18  69  19  58 
  0  73   1  55   2  30   3  51   4  10   5  53   6   4   7  17   8  45   9  61  10  64  11  81  12  58  13  61  14  38  15  74  16  72  17   7  18  69  19  59 
  0  78   1  55   2  32   3  59   4  10   5  55   6   7   7  25   8  55   9  64  10  73  11  83  12  67  13  67  14  39  15  79  16  79  17  13  18  69  19  64 
  0  71   1  55   2  30   3  49   4  10   5  53   6   4   7  17   8  48   9  61  10  65  11  79  12  57  13  62  14  39  15  74  16  69  17   6  18  69  19  58 
  0  73   1  56   2  30   3  52   4   8   5  55   6   4   7  19   8  45   9  60  10  67  11  80  12  57  13  61  14  37  15  75  16  72  17   9  18  67  19  57 
  0  72   1  57   2  31   3  54   4   9   5  53   6   4   7  19   8  47   9  60  10  70  11  81  12  62  13  62  14  39  15  78  16  75  17  10  18  70  19  58 
  0  80   1  56   2  32   3  59   4   8   5  55   6   8   7  24   8  55   9  64  10  71  11  83  12  66  13  64  14  38  15  78  16  77  17  14  18  70  19  64 
  0  73   1  55   2  30   3  51   4   8   5  54   6   7   7  21   8  47   9  60  10  70  11  82  12  60  13  61  14  39  15  74  16  71  17   9  18  68  19  57 
  0  73   1  57   2  32   3  52   4   9   5  53   6   4   7  17   8  46   9  63  10  64  11  81  12  60  13  64  14  39  15  76  16  72  17   6  18  67  19  56 
  0  75   1  55   2  32   3  52   4  10   5  53   6   7   7  20   8  51   9  62  10  69  11  79  12  61  13  65  14  39  15  79  16  73  17   9  18  69  19  58 
  0  71   1  57   2  32   3  54   4   8   5  53   6   5   7  20   8  50   9  62  10  66  11  81  12  58  13  64  14  39  15  74  16  71  17  10  18  67  19  58 
  0  80   1  57   2  30   3  59   4  10   5  54   6   7   7  24   8  54   9  61  10  74  11  83  12  67  13  67  14  38  15  77  16  79  17  13  18  70  19  62 
  0  72   1  55   2  30   3  49   4   9   5  54   6   4   7  17   8  45   9  61  10  64  11  80  12  57  13  62  14  38  15  74  16  69  17   6  18  69  19  56 
  0  73   1  55   2  30   3  50   4   8   5  55   6   4   7  17   8  45   9  60  10  64  11  81  12  57  13  61  14  39  15  75  16  69  17   9  18  68  19  56 


