
 20  20

  0  74   1  78   2  52   3  43   4  66   5  44   6  26   7  68   8  47   9  76  10  73  11  43  12  24  13  37  14  21  15  67  16  59  17  55  18  86  19  20 
  0  71   1  77   2  50   3  40   4  63   5  44   6  24   7  68   8  48   9  71  10  71  11  43  12  25  13  37  14  20  15  67  16  60  17  53  18  89  19  18 
  0  71   1  74   2  48   3  40   4  61   5  44   6  19   7  69   8  49   9  68  10  71  11  43  12  20  13  39  14  18  15  67  16  58  17  54  18  84  19  20 
  0  75   1  77   2  49   3  44   4  63   5  46   6  23   7  69   8  47   9  74  10  71  11  44  12  27  13  39  14  19  15  66  16  59  17  55  18  87  19  18 
  0  73   1  78   2  47   3  40   4  63   5  44   6  24   7  68   8  47   9  69  10  72  11  42  12  25  13  37  14  20  15  64  16  58  17  55  18  84  19  19 
  0  69   1  73   2  47   3  40   4  58   5  44   6  19   7  70   8  47   9  69  10  71  11  42  12  22  13  39  14  18  15  64  16  58  17  54  18  85  19  20 
  0  76   1  75   2  49   3  44   4  65   5  44   6  25   7  69   8  49   9  71  10  73  11  43  12  22  13  39  14  22  15  68  16  58  17  55  18  85  19  19 
  0  71   1  75   2  51   3  43   4  61   5  46   6  21   7  68   8  47   9  69  10  71  11  44  12  23  13  37  14  19  15  66  16  58  17  56  18  88  19  19 
  0  74   1  77   2  53   3  42   4  62   5  44   6  25   7  68   8  48   9  73  10  72  11  44  12  26  13  37  14  23  15  67  16  60  17  55  18  87  19  19 
  0  72   1  78   2  49   3  41   4  61   5  46   6  21   7  69   8  47   9  72  10  73  11  44  12  24  13  37  14  20  15  66  16  59  17  53  18  84  19  20 
  0  69   1  76   2  49   3  40   4  61   5  46   6  23   7  70   8  47   9  68  10  72  11  42  12  20  13  39  14  18  15  64  16  59  17  55  18  85  19  18 
  0  77   1  79   2  54   3  42   4  67   5  46   6  27   7  70   8  49   9  77  10  73  11  44  12  26  13  38  14  24  15  68  16  60  17  60  18  89  19  20 
  0  70   1  73   2  46   3  40   4  58   5  45   6  18   7  68   8  47   9  67  10  72  11  42  12  21  13  37  14  16  15  64  16  58  17  52  18  85  19  18 
  0  78   1  79   2  54   3  42   4  68   5  46   6  25   7  70   8  49   9  77  10  73  11  44  12  24  13  38  14  20  15  67  16  59  17  57  18  87  19  20 
  0  72   1  77   2  50   3  44   4  62   5  46   6  23   7  70   8  48   9  73  10  71  11  44  12  26  13  37  14  20  15  67  16  60  17  58  18  85  19  20 
  0  72   1  80   2  50   3  42   4  64   5  45   6  23   7  68   8  48   9  74  10  73  11  44  12  27  13  39  14  23  15  68  16  60  17  57  18  90  19  18 
  0  71   1  75   2  50   3  40   4  61   5  46   6  19   7  68   8  48   9  72  10  72  11  42  12  22  13  39  14  17  15  66  16  60  17  53  18  88  19  20 
  0  74   1  81   2  50   3  44   4  65   5  45   6  24   7  70   8  49   9  77  10  73  11  44  12  28  13  38  14  24  15  66  16  60  17  57  18  90  19  20 
  0  71   1  74   2  47   3  42   4  63   5  44   6  20   7  68   8  47   9  70  10  71  11  44  12  25  13  37  14  19  15  67  16  60  17  53  18  88  19  20 
  0  69   1  73   2  46   3  40   4  58   5  44   6  18   7  68   8  47   9  67  10  71  11  42  12  20  13  37  14  16  15  66  16  58  17  52  18  84  19  20 


