
 20  20

  0  33   1  85   2  69   3  87   4  91   5  26   6  31   7  74   8  73   9  57  10  79  11  60  12  80  13  16  14  24  15  40  16  23  17  18  18  81  19  32 
  0  38   1  87   2  70   3  89   4  90   5  25   6  34   7  78   8  74   9  57  10  83  11  60  12  83  13  18  14  25  15  43  16  24  17  19  18  81  19  33 
  0  30   1  83   2  69   3  83   4  91   5  24   6  32   7  74   8  72   9  59  10  78  11  60  12  82  13  14  14  25  15  41  16  21  17  15  18  78  19  34 
  0  31   1  83   2  71   3  87   4  90   5  22   6  29   7  76   8  72   9  59  10  81  11  59  12  82  13  14  14  23  15  40  16  21  17  15  18  78  19  33 
  0  30   1  79   2  69   3  84   4  89   5  21   6  31   7  74   8  70   9  58  10  80  11  58  12  79  13  14  14  25  15  39  16  23  17  14  18  74  19  32 
  0  35   1  82   2  71   3  87   4  90   5  25   6  33   7  78   8  70   9  59  10  83  11  59  12  80  13  16  14  25  15  41  16  21  17  16  18  77  19  34 
  0  36   1  86   2  69   3  88   4  93   5  24   6  32   7  77   8  71   9  59  10  82  11  59  12  82  13  18  14  24  15  40  16  20  17  16  18  77  19  32 
  0  29   1  81   2  70   3  84   4  92   5  22   6  32   7  76   8  71   9  59  10  78  11  59  12  79  13  16  14  24  15  40  16  20  17  16  18  74  19  34 
  0  32   1  83   2  69   3  86   4  89   5  24   6  31   7  75   8  72   9  57  10  81  11  58  12  83  13  16  14  25  15  43  16  21  17  16  18  76  19  34 
  0  28   1  79   2  69   3  83   4  90   5  22   6  28   7  74   8  73   9  58  10  78  11  60  12  82  13  15  14  23  15  40  16  20  17  13  18  75  19  32 
  0  30   1  82   2  69   3  80   4  90   5  21   6  28   7  74   8  70   9  57  10  78  11  58  12  80  13  14  14  23  15  39  16  22  17  13  18  73  19  32 
  0  37   1  86   2  69   3  87   4  92   5  27   6  31   7  75   8  72   9  57  10  81  11  59  12  80  13  18  14  25  15  43  16  23  17  18  18  80  19  34 
  0  30   1  80   2  71   3  83   4  89   5  22   6  30   7  74   8  70   9  58  10  79  11  59  12  82  13  16  14  24  15  42  16  20  17  13  18  74  19  34 
  0  29   1  83   2  70   3  81   4  90   5  23   6  32   7  77   8  70   9  58  10  81  11  60  12  82  13  17  14  24  15  42  16  20  17  17  18  77  19  34 
  0  34   1  86   2  69   3  88   4  91   5  27   6  31   7  76   8  71   9  57  10  83  11  58  12  83  13  14  14  25  15  40  16  21  17  17  18  78  19  32 
  0  31   1  85   2  71   3  86   4  93   5  22   6  30   7  78   8  73   9  57  10  82  11  59  12  79  13  17  14  23  15  41  16  23  17  14  18  78  19  32 
  0  38   1  85   2  71   3  88   4  92   5  24   6  34   7  78   8  73   9  57  10  82  11  58  12  81  13  17  14  25  15  43  16  24  17  19  18  82  19  33 
  0  34   1  85   2  71   3  86   4  93   5  24   6  32   7  77   8  74   9  59  10  84  11  58  12  83  13  18  14  25  15  43  16  24  17  19  18  81  19  32 
  0  35   1  84   2  71   3  89   4  93   5  24   6  34   7  77   8  73   9  58  10  82  11  60  12  83  13  18  14  25  15  42  16  21  17  15  18  78  19  32 
  0  34   1  81   2  70   3  87   4  89   5  25   6  31   7  76   8  74   9  59  10  83  11  58  12  81  13  17  14  25  15  42  16  20  17  16  18  79  19  32 


