
 20  20

  0  18   1  53   2  33   3  85   4  57   5  87   6  88   7  71   8  72   9  73  10  84  11  61  12  41  13  30  14  73  15  30  16  30  17  65  18  72  19  42 
  0  25   1  54   2  34   3  89   4  59   5  89   6  89   7  78   8  76   9  77  10  90  11  62  12  43  13  35  14  80  15  32  16  32  17  67  18  70  19  45 
  0  15   1  53   2  29   3  86   4  55   5  83   6  88   7  73   8  68   9  70  10  85  11  58  12  44  13  28  14  73  15  29  16  28  17  65  18  70  19  43 
  0  22   1  57   2  32   3  88   4  59   5  86   6  88   7  75   8  72   9  72  10  86  11  64  12  42  13  35  14  77  15  29  16  30  17  68  18  70  19  45 
  0  23   1  56   2  35   3  89   4  59   5  87   6  90   7  75   8  76   9  76  10  87  11  63  12  45  13  37  14  79  15  34  16  33  17  66  18  70  19  45 
  0  20   1  57   2  35   3  87   4  59   5  88   6  88   7  75   8  74   9  76  10  86  11  63  12  44  13  33  14  75  15  31  16  30  17  64  18  71  19  43 
  0  18   1  55   2  32   3  87   4  56   5  83   6  87   7  73   8  70   9  69  10  86  11  58  12  42  13  30  14  75  15  28  16  31  17  64  18  72  19  41 
  0  22   1  55   2  34   3  90   4  58   5  88   6  90   7  75   8  73   9  77  10  90  11  64  12  44  13  36  14  80  15  33  16  33  17  66  18  72  19  44 
  0  20   1  56   2  32   3  89   4  56   5  84   6  88   7  72   8  72   9  73  10  83  11  60  12  41  13  33  14  72  15  29  16  28  17  62  18  72  19  43 
  0  22   1  56   2  35   3  87   4  58   5  86   6  91   7  74   8  74   9  76  10  90  11  61  12  45  13  34  14  76  15  31  16  31  17  66  18  72  19  45 
  0  25   1  57   2  36   3  90   4  59   5  89   6  89   7  77   8  73   9  74  10  89  11  62  12  44  13  34  14  80  15  32  16  33  17  69  18  72  19  45 
  0  24   1  54   2  32   3  88   4  59   5  87   6  89   7  76   8  74   9  73  10  89  11  63  12  42  13  34  14  80  15  30  16  32  17  69  18  72  19  45 
  0  18   1  54   2  34   3  89   4  54   5  88   6  90   7  75   8  71   9  71  10  84  11  61  12  43  13  33  14  75  15  30  16  31  17  66  18  71  19  43 
  0  25   1  56   2  35   3  89   4  58   5  88   6  92   7  76   8  76   9  76  10  90  11  63  12  45  13  38  14  80  15  34  16  32  17  69  18  72  19  45 
  0  23   1  56   2  33   3  91   4  59   5  89   6  91   7  75   8  73   9  73  10  86  11  64  12  45  13  38  14  78  15  34  16  31  17  69  18  70  19  45 
  0  21   1  53   2  31   3  85   4  53   5  86   6  86   7  71   8  73   9  71  10  84  11  59  12  43  13  32  14  74  15  31  16  32  17  66  18  70  19  43 
  0  17   1  53   2  28   3  85   4  54   5  84   6  88   7  72   8  69   9  71  10  82  11  58  12  43  13  30  14  72  15  28  16  30  17  63  18  70  19  41 
  0  23   1  56   2  35   3  91   4  59   5  89   6  92   7  78   8  76   9  75  10  90  11  64  12  45  13  38  14  80  15  32  16  34  17  69  18  71  19  45 
  0  22   1  54   2  34   3  89   4  58   5  86   6  90   7  75   8  73   9  72  10  85  11  62  12  41  13  33  14  79  15  32  16  31  17  64  18  72  19  43 
  0  15   1  55   2  28   3  85   4  56   5  84   6  87   7  70   8  71   9  69  10  82  11  61  12  41  13  31  14  72  15  28  16  28  17  61  18  70  19  41 


