
 20  20

  0  19   1  67   2  54   3  71   4  32   5  50   6  47   7  86   8  63   9  70  10  49  11  33  12  18  13  16  14  85  15  81  16  21  17  10  18  24  19  32 
  0  18   1  66   2  54   3  70   4  31   5  49   6  45   7  85   8  65   9  74  10  52  11  35  12  17  13  14  14  84  15  80  16  19  17  13  18  24  19  31 
  0  17   1  68   2  56   3  71   4  34   5  52   6  47   7  90   8  63   9  75  10  54  11  35  12  19  13  14  14  83  15  80  16  23  17  12  18  26  19  34 
  0  24   1  70   2  56   3  72   4  37   5  52   6  47   7  90   8  64   9  78  10  53  11  38  12  19  13  20  14  90  15  84  16  26  17  11  18  24  19  34 
  0  15   1  66   2  55   3  72   4  31   5  48   6  43   7  85   8  63   9  70  10  52  11  34  12  19  13  14  14  82  15  80  16  22  17  13  18  24  19  30 
  0  23   1  66   2  56   3  70   4  34   5  51   6  44   7  90   8  66   9  77  10  52  11  39  12  17  13  19  14  89  15  81  16  27  17  10  18  25  19  33 
  0  16   1  66   2  56   3  70   4  35   5  51   6  44   7  88   8  64   9  72  10  53  11  34  12  18  13  16  14  82  15  81  16  23  17  13  18  26  19  31 
  0  16   1  66   2  54   3  70   4  33   5  49   6  44   7  86   8  63   9  72  10  51  11  35  12  17  13  14  14  82  15  79  16  20  17  11  18  25  19  31 
  0  19   1  67   2  56   3  72   4  32   5  54   6  46   7  87   8  67   9  76  10  54  11  34  12  17  13  19  14  87  15  80  16  23  17  14  18  25  19  32 
  0  22   1  69   2  54   3  70   4  35   5  52   6  45   7  90   8  66   9  77  10  53  11  36  12  19  13  21  14  86  15  84  16  24  17  14  18  25  19  32 
  0  22   1  67   2  55   3  71   4  33   5  54   6  46   7  86   8  65   9  73  10  52  11  37  12  17  13  16  14  86  15  81  16  23  17  10  18  26  19  31 
  0  15   1  66   2  54   3  70   4  31   5  50   6  43   7  87   8  63   9  70  10  49  11  34  12  17  13  13  14  83  15  78  16  19  17  10  18  26  19  30 
  0  17   1  66   2  54   3  70   4  31   5  49   6  45   7  85   8  64   9  71  10  49  11  34  12  18  13  12  14  81  15  80  16  21  17  10  18  25  19  31 
  0  19   1  69   2  56   3  70   4  33   5  52   6  48   7  87   8  65   9  74  10  52  11  35  12  17  13  17  14  88  15  80  16  22  17  14  18  25  19  30 
  0  23   1  67   2  56   3  70   4  37   5  56   6  48   7  88   8  67   9  74  10  53  11  40  12  17  13  18  14  89  15  82  16  25  17  12  18  24  19  34 
  0  21   1  70   2  54   3  70   4  35   5  53   6  45   7  86   8  66   9  73  10  55  11  36  12  17  13  17  14  87  15  80  16  27  17  11  18  25  19  31 
  0  16   1  68   2  56   3  70   4  33   5  49   6  45   7  88   8  63   9  70  10  49  11  32  12  17  13  12  14  83  15  80  16  19  17  10  18  24  19  31 
  0  22   1  68   2  54   3  72   4  32   5  54   6  45   7  86   8  66   9  74  10  52  11  37  12  19  13  19  14  84  15  83  16  26  17  10  18  24  19  34 
  0  19   1  66   2  55   3  70   4  34   5  50   6  43   7  87   8  63   9  71  10  53  11  33  12  18  13  14  14  82  15  80  16  20  17  13  18  24  19  33 
  0  21   1  66   2  56   3  72   4  35   5  51   6  44   7  86   8  66   9  75  10  54  11  36  12  17  13  15  14  87  15  78  16  22  17  11  18  24  19  30 


