
 20  20

  0  22   1  84   2  43   3  58   4  46   5  84   6  76   7  76   8  87   9  55  10  69  11  69  12  46  13  12  14  73  15  15  16  59  17  43  18  63  19  20 
  0  23   1  85   2  45   3  58   4  46   5  83   6  72   7  74   8  88   9  57  10  71  11  67  12  47  13  12  14  73  15  15  16  59  17  44  18  68  19  25 
  0  23   1  86   2  45   3  58   4  45   5  87   6  73   7  76   8  88   9  58  10  72  11  68  12  46  13  11  14  71  15  15  16  58  17  45  18  65  19  24 
  0  27   1  91   2  48   3  57   4  51   5  85   6  78   7  76   8  92   9  63  10  74  11  73  12  53  13  12  14  78  15  19  16  61  17  49  18  71  19  29 
  0  24   1  88   2  48   3  56   4  51   5  84   6  77   7  74   8  88   9  59  10  75  11  71  12  49  13  12  14  78  15  21  16  63  17  46  18  70  19  27 
  0  20   1  86   2  43   3  58   4  42   5  85   6  73   7  74   8  83   9  57  10  71  11  69  12  45  13  12  14  71  15  15  16  58  17  41  18  66  19  20 
  0  27   1  92   2  47   3  57   4  51   5  87   6  78   7  74   8  91   9  61  10  74  11  73  12  51  13  12  14  76  15  21  16  60  17  49  18  69  19  28 
  0  23   1  89   2  48   3  58   4  50   5  85   6  75   7  76   8  89   9  62  10  75  11  73  12  51  13  12  14  77  15  20  16  61  17  49  18  69  19  28 
  0  22   1  84   2  41   3  58   4  42   5  83   6  72   7  76   8  83   9  54  10  71  11  67  12  44  13  11  14  72  15  19  16  58  17  41  18  64  19  20 
  0  21   1  88   2  44   3  57   4  45   5  87   6  77   7  76   8  85   9  57  10  71  11  68  12  45  13  12  14  71  15  20  16  56  17  41  18  67  19  25 
  0  20   1  83   2  42   3  58   4  46   5  83   6  74   7  74   8  84   9  54  10  70  11  71  12  47  13  11  14  74  15  15  16  56  17  42  18  65  19  24 
  0  22   1  88   2  44   3  58   4  49   5  83   6  75   7  74   8  89   9  61  10  75  11  73  12  48  13  12  14  76  15  18  16  59  17  45  18  66  19  23 
  0  20   1  87   2  45   3  58   4  42   5  83   6  76   7  74   8  87   9  54  10  71  11  68  12  48  13  10  14  73  15  15  16  59  17  41  18  67  19  22 
  0  20   1  85   2  45   3  58   4  43   5  85   6  74   7  75   8  84   9  56  10  73  11  70  12  46  13  11  14  72  15  16  16  60  17  42  18  65  19  22 
  0  22   1  86   2  46   3  56   4  47   5  86   6  77   7  75   8  87   9  56  10  74  11  71  12  49  13  10  14  76  15  16  16  61  17  46  18  69  19  24 
  0  25   1  92   2  49   3  57   4  47   5  87   6  78   7  74   8  88   9  60  10  75  11  70  12  53  13  12  14  78  15  18  16  63  17  46  18  72  19  28 
  0  20   1  88   2  46   3  56   4  48   5  86   6  74   7  76   8  86   9  58  10  74  11  69  12  50  13  12  14  73  15  17  16  61  17  46  18  66  19  25 
  0  26   1  92   2  49   3  56   4  50   5  87   6  78   7  76   8  89   9  62  10  75  11  72  12  51  13  12  14  76  15  21  16  63  17  46  18  72  19  26 
  0  27   1  92   2  49   3  58   4  49   5  85   6  78   7  75   8  92   9  60  10  73  11  71  12  52  13  11  14  78  15  21  16  63  17  47  18  72  19  29 
  0  21   1  89   2  45   3  57   4  48   5  87   6  74   7  75   8  90   9  58  10  75  11  70  12  51  13  10  14  77  15  19  16  61  17  46  18  66  19  27 


