
 20  20

  0  52   1  39   2  18   3  60   4  48   5  53   6  79   7  80   8  18   9  75  10  25  11  84  12  65  13  30  14  57  15  74  16  82  17  78  18  61  19  69 
  0  43   1  32   2  10   3  54   4  50   5  48   6  73   7  79   8  16   9  71  10  24  11  75  12  60  13  29  14  51  15  74  16  82  17  72  18  54  19  64 
  0  45   1  34   2  14   3  57   4  50   5  46   6  74   7  80   8  17   9  72  10  21  11  75  12  60  13  27  14  54  15  74  16  81  17  70  18  57  19  64 
  0  48   1  34   2  15   3  59   4  49   5  53   6  76   7  80   8  20   9  73  10  24  11  82  12  62  13  27  14  57  15  73  16  81  17  77  18  58  19  68 
  0  45   1  30   2  14   3  54   4  48   5  46   6  73   7  80   8  18   9  73  10  23  11  79  12  61  13  26  14  51  15  75  16  81  17  73  18  53  19  63 
  0  44   1  33   2  14   3  56   4  50   5  45   6  75   7  77   8  19   9  74  10  22  11  77  12  61  13  26  14  50  15  75  16  80  17  72  18  53  19  65 
  0  51   1  37   2  18   3  60   4  49   5  54   6  79   7  79   8  18   9  74  10  23  11  82  12  66  13  30  14  57  15  76  16  82  17  76  18  61  19  68 
  0  43   1  30   2   9   3  52   4  48   5  46   6  73   7  77   8  16   9  72  10  22  11  78  12  58  13  28  14  50  15  73  16  81  17  69  18  55  19  64 
  0  42   1  30   2  11   3  52   4  48   5  44   6  71   7  79   8  16   9  71  10  21  11  74  12  56  13  26  14  49  15  72  16  80  17  69  18  52  19  62 
  0  43   1  29   2  11   3  54   4  50   5  47   6  71   7  78   8  18   9  72  10  21  11  77  12  56  13  25  14  49  15  72  16  82  17  69  18  52  19  65 
  0  46   1  35   2  14   3  55   4  50   5  47   6  73   7  77   8  20   9  71  10  23  11  78  12  58  13  27  14  54  15  73  16  80  17  75  18  56  19  64 
  0  46   1  32   2  12   3  54   4  48   5  47   6  74   7  78   8  17   9  73  10  23  11  78  12  60  13  26  14  55  15  74  16  80  17  73  18  58  19  68 
  0  42   1  30   2  10   3  52   4  48   5  44   6  71   7  77   8  16   9  72  10  21  11  75  12  56  13  25  14  49  15  72  16  81  17  69  18  52  19  62 
  0  42   1  29   2  13   3  54   4  49   5  47   6  72   7  78   8  17   9  73  10  23  11  78  12  56  13  25  14  50  15  75  16  81  17  69  18  55  19  64 
  0  45   1  29   2   9   3  53   4  48   5  44   6  74   7  77   8  16   9  71  10  22  11  77  12  56  13  27  14  50  15  74  16  80  17  69  18  52  19  63 
  0  45   1  30   2  11   3  52   4  48   5  46   6  71   7  77   8  16   9  71  10  23  11  76  12  57  13  25  14  51  15  72  16  80  17  70  18  52  19  62 
  0  44   1  29   2  10   3  53   4  48   5  44   6  73   7  79   8  16   9  71  10  23  11  77  12  60  13  25  14  49  15  72  16  80  17  72  18  52  19  63 
  0  43   1  31   2  10   3  53   4  48   5  45   6  73   7  77   8  16   9  71  10  22  11  76  12  57  13  25  14  50  15  74  16  80  17  69  18  55  19  64 
  0  48   1  38   2  16   3  58   4  50   5  51   6  76   7  81   8  20   9  75  10  25  11  82  12  63  13  29  14  56  15  76  16  82  17  79  18  60  19  70 
  0  45   1  31   2   9   3  52   4  50   5  46   6  74   7  79   8  17   9  72  10  21  11  78  12  58  13  25  14  52  15  73  16  82  17  70  18  52  19  64 


