
 20  20

  0  27   1  31   2   4   3  21   4  49   5  54   6  64   7  54   8  35   9  14  10  31  11  30  12   6  13  60  14  43  15  61  16  53  17  18  18  40  19  47 
  0  30   1  29   2   2   3  19   4  50   5  58   6  65   7  57   8  36   9  18  10  28  11  32  12   4  13  57  14  46  15  63  16  53  17  17  18  39  19  49 
  0  29   1  30   2   3   3  21   4  48   5  54   6  66   7  56   8  37   9  17  10  31  11  32  12   4  13  59  14  44  15  62  16  53  17  18  18  39  19  48 
  0  25   1  29   2   1   3  17   4  45   5  55   6  65   7  53   8  32   9  12  10  28  11  26  12   6  13  56  14  45  15  58  16  51  17  12  18  37  19  46 
  0  27   1  31   2   1   3  17   4  49   5  54   6  63   7  54   8  36   9  17  10  29  11  32  12   6  13  60  14  44  15  64  16  49  17  14  18  37  19  47 
  0  26   1  31   2   1   3  17   4  47   5  52   6  63   7  50   8  34   9  12  10  31  11  27  12   6  13  60  14  43  15  63  16  51  17  14  18  39  19  45 
  0  29   1  31   2   3   3  18   4  46   5  55   6  65   7  52   8  38   9  13  10  29  11  30  12   6  13  58  14  46  15  62  16  51  17  17  18  39  19  47 
  0  24   1  30   2   2   3  17   4  46   5  55   6  62   7  52   8  34   9  12  10  27  11  31  12   4  13  59  14  43  15  59  16  51  17  13  18  34  19  46 
  0  30   1  29   2   2   3  21   4  49   5  58   6  65   7  58   8  37   9  16  10  29  11  31  12   4  13  57  14  44  15  64  16  53  17  17  18  39  19  51 
  0  23   1  29   2   1   3  18   4  47   5  52   6  63   7  51   8  34   9  13  10  29  11  30  12   5  13  56  14  44  15  62  16  51  17  12  18  34  19  45 
  0  28   1  29   2   3   3  21   4  50   5  57   6  64   7  54   8  39   9  18  10  30  11  29  12   6  13  60  14  44  15  64  16  53  17  14  18  40  19  47 
  0  30   1  31   2   3   3  19   4  50   5  56   6  66   7  58   8  38   9  19  10  31  11  33  12   6  13  60  14  46  15  64  16  53  17  18  18  43  19  51 
  0  26   1  29   2   1   3  18   4  49   5  53   6  65   7  51   8  36   9  14  10  30  11  31  12   5  13  59  14  46  15  63  16  52  17  13  18  37  19  45 
  0  22   1  29   2   1   3  19   4  45   5  52   6  62   7  48   8  33   9  12  10  29  11  27  12   5  13  56  14  44  15  58  16  49  17  12  18  35  19  41 
  0  30   1  31   2   4   3  18   4  49   5  55   6  64   7  55   8  39   9  17  10  28  11  34  12   6  13  57  14  45  15  65  16  51  17  15  18  41  19  47 
  0  25   1  29   2   2   3  18   4  47   5  53   6  62   7  51   8  38   9  15  10  29  11  28  12   6  13  60  14  43  15  61  16  51  17  14  18  36  19  47 
  0  27   1  31   2   3   3  17   4  47   5  53   6  63   7  53   8  38   9  14  10  28  11  32  12   4  13  58  14  46  15  64  16  50  17  15  18  39  19  49 
  0  28   1  31   2   2   3  18   4  49   5  55   6  65   7  55   8  36   9  16  10  31  11  34  12   4  13  59  14  46  15  65  16  51  17  15  18  42  19  49 
  0  25   1  29   2   1   3  18   4  47   5  54   6  62   7  50   8  32   9  11  10  28  11  26  12   6  13  56  14  44  15  60  16  49  17  12  18  36  19  43 
  0  27   1  30   2   1   3  20   4  45   5  54   6  62   7  53   8  32   9  13  10  30  11  30  12   5  13  56  14  42  15  59  16  49  17  16  18  35  19  44 


