
 20  20

  0  42   1  29   2  31   3  52   4  18   5  76   6  22   7  56   8  22   9  19  10  41  11  21  12  39  13  64  14  76  15   8  16  18  17  64  18  53  19  60 
  0  35   1  23   2  21   3  46   4  10   5  72   6  18   7  52   8  22   9  11  10  40  11  17  12  37  13  62  14  68  15   3  16  12  17  65  18  49  19  51 
  0  40   1  29   2  27   3  48   4  18   5  75   6  20   7  53   8  22   9  17  10  41  11  21  12  39  13  61  14  71  15   8  16  16  17  65  18  49  19  59 
  0  41   1  28   2  30   3  51   4  18   5  75   6  20   7  55   8  22   9  16  10  41  11  21  12  39  13  64  14  72  15   7  16  17  17  66  18  54  19  59 
  0  42   1  31   2  28   3  52   4  17   5  76   6  22   7  56   8  22   9  17  10  40  11  21  12  37  13  64  14  76  15   8  16  15  17  66  18  54  19  59 
  0  40   1  26   2  28   3  47   4  17   5  71   6  22   7  55   8  20   9  18  10  41  11  21  12  39  13  63  14  73  15   5  16  13  17  66  18  50  19  60 
  0  32   1  24   2  24   3  46   4  11   5  70   6  19   7  55   8  21   9  11  10  38  11  18  12  35  13  60  14  69  15   3  16   9  17  64  18  49  19  52 
  0  40   1  29   2  31   3  50   4  19   5  75   6  22   7  56   8  21   9  16  10  39  11  21  12  39  13  63  14  74  15   6  16  15  17  64  18  54  19  58 
  0  42   1  30   2  30   3  52   4  18   5  74   6  19   7  54   8  22   9  17  10  40  11  21  12  39  13  62  14  74  15   8  16  16  17  66  18  51  19  59 
  0  42   1  29   2  31   3  52   4  19   5  76   6  20   7  55   8  21   9  18  10  41  11  21  12  39  13  65  14  76  15   8  16  18  17  65  18  54  19  58 
  0  36   1  27   2  26   3  47   4  15   5  72   6  18   7  53   8  22   9  12  10  39  11  18  12  38  13  64  14  74  15   8  16  13  17  66  18  50  19  58 
  0  34   1  25   2  22   3  46   4  14   5  69   6  18   7  54   8  21   9  11  10  39  11  19  12  36  13  62  14  70  15   4  16  12  17  64  18  49  19  52 
  0  35   1  25   2  24   3  48   4  12   5  71   6  19   7  53   8  20   9  11  10  39  11  17  12  38  13  59  14  72  15   5  16  14  17  66  18  50  19  57 
  0  39   1  27   2  31   3  49   4  20   5  75   6  22   7  55   8  22   9  15  10  38  11  18  12  37  13  65  14  73  15   8  16  16  17  66  18  53  19  60 
  0  42   1  29   2  30   3  52   4  18   5  75   6  22   7  55   8  21   9  18  10  39  11  19  12  37  13  63  14  74  15   9  16  18  17  66  18  54  19  59 
  0  33   1  21   2  21   3  44   4  10   5  69   6  21   7  52   8  20   9  10  10  38  11  18  12  35  13  62  14  70  15   5  16  10  17  64  18  48  19  51 
  0  42   1  30   2  31   3  51   4  20   5  76   6  22   7  55   8  22   9  19  10  41  11  21  12  38  13  63  14  76  15   9  16  16  17  65  18  54  19  61 
  0  40   1  28   2  26   3  50   4  17   5  73   6  19   7  52   8  22   9  15  10  41  11  20  12  37  13  62  14  72  15   7  16  14  17  66  18  51  19  59 
  0  41   1  31   2  29   3  49   4  18   5  73   6  20   7  56   8  22   9  18  10  39  11  18  12  37  13  62  14  74  15   7  16  18  17  66  18  52  19  58 
  0  34   1  25   2  24   3  43   4  12   5  68   6  19   7  55   8  20   9   9  10  40  11  19  12  35  13  59  14  68  15   4  16  10  17  64  18  49  19  55 


