
 20  20

  0  62   1  69   2  83   3  30   4  40   5  60   6  29   7  54   8  71   9  71  10  17  11  77  12  91  13  47  14  61  15  68  16  23  17  55  18  43  19  18 
  0  63   1  69   2  84   3  30   4  37   5  64   6  31   7  54   8  73   9  73  10  18  11  79  12  94  13  49  14  61  15  71  16  23  17  57  18  41  19  22 
  0  57   1  70   2  77   3  30   4  36   5  58   6  30   7  54   8  65   9  68  10  19  11  76  12  92  13  46  14  61  15  67  16  25  17  54  18  40  19  14 
  0  57   1  68   2  78   3  30   4  37   5  58   6  30   7  53   8  67   9  69  10  19  11  77  12  92  13  46  14  62  15  66  16  23  17  54  18  40  19  15 
  0  66   1  68   2  82   3  32   4  42   5  65   6  31   7  54   8  73   9  74  10  19  11  82  12  97  13  53  14  63  15  71  16  24  17  58  18  43  19  20 
  0  66   1  70   2  85   3  30   4  42   5  65   6  31   7  52   8  73   9  72  10  17  11  79  12  95  13  53  14  61  15  74  16  27  17  60  18  43  19  21 
  0  64   1  70   2  84   3  32   4  41   5  65   6  30   7  52   8  71   9  73  10  19  11  81  12  97  13  51  14  61  15  70  16  27  17  59  18  44  19  22 
  0  61   1  69   2  83   3  32   4  37   5  63   6  31   7  52   8  68   9  70  10  17  11  81  12  96  13  50  14  61  15  71  16  23  17  58  18  43  19  16 
  0  60   1  69   2  81   3  31   4  39   5  63   6  29   7  52   8  66   9  70  10  17  11  76  12  95  13  50  14  61  15  67  16  23  17  54  18  43  19  15 
  0  66   1  70   2  85   3  32   4  40   5  62   6  31   7  52   8  72   9  73  10  19  11  79  12  93  13  50  14  62  15  71  16  25  17  58  18  44  19  23 
  0  63   1  70   2  87   3  32   4  39   5  66   6  31   7  54   8  71   9  75  10  19  11  80  12  96  13  53  14  62  15  73  16  24  17  60  18  45  19  20 
  0  61   1  68   2  84   3  31   4  37   5  62   6  31   7  53   8  69   9  69  10  17  11  77  12  96  13  51  14  63  15  69  16  24  17  56  18  44  19  18 
  0  60   1  70   2  83   3  31   4  41   5  63   6  31   7  52   8  71   9  71  10  19  11  80  12  93  13  50  14  61  15  68  16  26  17  59  18  42  19  21 
  0  61   1  68   2  81   3  32   4  38   5  61   6  30   7  52   8  69   9  70  10  17  11  78  12  95  13  48  14  63  15  71  16  27  17  57  18  41  19  19 
  0  60   1  68   2  79   3  32   4  40   5  62   6  29   7  54   8  68   9  70  10  18  11  77  12  92  13  51  14  63  15  67  16  23  17  58  18  42  19  18 
  0  63   1  69   2  83   3  32   4  39   5  66   6  31   7  52   8  71   9  74  10  18  11  81  12  94  13  50  14  62  15  74  16  26  17  59  18  46  19  21 
  0  59   1  68   2  77   3  30   4  36   5  58   6  30   7  54   8  65   9  67  10  19  11  76  12  92  13  47  14  61  15  66  16  23  17  56  18  42  19  15 
  0  62   1  70   2  80   3  32   4  40   5  59   6  29   7  54   8  71   9  69  10  17  11  77  12  93  13  47  14  61  15  69  16  23  17  54  18  42  19  18 
  0  67   1  70   2  87   3  31   4  42   5  66   6  31   7  54   8  75   9  75  10  19  11  81  12  97  13  53  14  63  15  74  16  27  17  60  18  45  19  24 
  0  65   1  70   2  87   3  32   4  42   5  66   6  31   7  53   8  73   9  72  10  19  11  80  12  97  13  53  14  63  15  71  16  27  17  60  18  46  19  24 


