
 20  20

  0  63   1  26   2  28   3  84   4  64   5  26   6  26   7  29   8  45   9  25  10  58  11  81  12  20  13  36  14  32  15  41  16  50  17  41  18  53  19  42 
  0  61   1  27   2  29   3  83   4  62   5  25   6  23   7  27   8  43   9  24  10  58  11  80  12  17  13  29  14  30  15  40  16  50  17  40  18  52  19  40 
  0  59   1  26   2  24   3  78   4  60   5  23   6  23   7  28   8  42   9  25  10  58  11  77  12  14  13  27  14  30  15  34  16  46  17  40  18  50  19  34 
  0  59   1  27   2  24   3  82   4  60   5  24   6  24   7  27   8  43   9  26  10  56  11  75  12  15  13  31  14  30  15  37  16  48  17  40  18  51  19  38 
  0  61   1  27   2  30   3  84   4  61   5  26   6  27   7  28   8  44   9  25  10  58  11  81  12  17  13  33  14  30  15  39  16  48  17  40  18  53  19  39 
  0  65   1  26   2  30   3  83   4  64   5  28   6  28   7  29   8  49   9  26  10  56  11  79  12  20  13  36  14  30  15  42  16  50  17  42  18  54  19  42 
  0  57   1  25   2  24   3  78   4  62   5  21   6  20   7  27   8  39   9  24  10  57  11  75  12  14  13  26  14  31  15  36  16  46  17  40  18  52  19  34 
  0  63   1  25   2  26   3  80   4  60   5  23   6  24   7  28   8  44   9  24  10  58  11  80  12  21  13  32  14  31  15  40  16  51  17  40  18  55  19  39 
  0  58   1  25   2  25   3  81   4  60   5  20   6  23   7  27   8  43   9  24  10  56  11  76  12  14  13  27  14  32  15  38  16  46  17  40  18  53  19  36 
  0  63   1  27   2  28   3  83   4  60   5  23   6  26   7  27   8  47   9  25  10  56  11  81  12  17  13  31  14  30  15  38  16  51  17  41  18  56  19  37 
  0  55   1  27   2  24   3  81   4  60   5  20   6  20   7  27   8  41   9  24  10  58  11  78  12  18  13  29  14  30  15  36  16  49  17  40  18  52  19  34 
  0  59   1  25   2  29   3  80   4  60   5  24   6  23   7  27   8  43   9  24  10  57  11  78  12  16  13  32  14  32  15  39  16  48  17  41  18  53  19  40 
  0  56   1  26   2  24   3  80   4  60   5  19   6  20   7  27   8  40   9  24  10  56  11  77  12  15  13  27  14  31  15  36  16  46  17  41  18  51  19  35 
  0  59   1  25   2  26   3  80   4  60   5  22   6  22   7  27   8  42   9  24  10  58  11  77  12  17  13  30  14  32  15  35  16  48  17  42  18  55  19  36 
  0  59   1  26   2  29   3  83   4  63   5  27   6  25   7  27   8  44   9  25  10  58  11  77  12  17  13  34  14  32  15  40  16  52  17  40  18  56  19  39 
  0  55   1  25   2  26   3  79   4  60   5  19   6  20   7  27   8  39   9  24  10  56  11  76  12  14  13  27  14  30  15  35  16  46  17  42  18  50  19  36 
  0  63   1  27   2  28   3  84   4  63   5  29   6  26   7  29   8  48   9  26  10  58  11  79  12  22  13  36  14  32  15  41  16  52  17  42  18  54  19  40 
  0  62   1  25   2  28   3  83   4  64   5  25   6  26   7  28   8  48   9  26  10  56  11  80  12  19  13  32  14  32  15  39  16  50  17  40  18  53  19  38 
  0  59   1  25   2  28   3  81   4  62   5  24   6  24   7  29   8  45   9  26  10  56  11  76  12  20  13  32  14  31  15  39  16  51  17  42  18  51  19  38 
  0  59   1  25   2  25   3  78   4  63   5  22   6  21   7  28   8  43   9  24  10  58  11  77  12  14  13  30  14  31  15  35  16  46  17  40  18  51  19  34 


