
 20  20

  0  82   1  50   2  72   3  79   4  66   5  65   6  20   7  32   8  51   9  40  10  86  11  85  12  27  13  44  14  88  15  92  16  72  17  71  18  41  19  80 
  0  85   1  51   2  72   3  79   4  65   5  66   6  21   7  30   8  53   9  41  10  83  11  88  12  27  13  45  14  87  15  92  16  71  17  71  18  42  19  78 
  0  80   1  47   2  70   3  79   4  61   5  65   6  20   7  31   8  51   9  38  10  82  11  84  12  26  13  44  14  87  15  91  16  66  17  70  18  42  19  79 
  0  89   1  51   2  76   3  81   4  65   5  68   6  27   7  33   8  53   9  44  10  91  11  92  12  33  13  47  14  89  15  97  16  74  17  69  18  45  19  81 
  0  81   1  48   2  70   3  79   4  61   5  66   6  20   7  29   8  53   9  39  10  82  11  82  12  28  13  43  14  87  15  92  16  68  17  70  18  41  19  77 
  0  79   1  47   2  73   3  79   4  61   5  65   6  20   7  30   8  52   9  39  10  84  11  85  12  27  13  43  14  89  15  90  16  67  17  71  18  39  19  77 
  0  81   1  47   2  70   3  79   4  61   5  64   6  19   7  31   8  51   9  36  10  82  11  82  12  26  13  45  14  89  15  89  16  66  17  69  18  39  19  78 
  0  79   1  47   2  71   3  80   4  63   5  64   6  20   7  31   8  51   9  36  10  82  11  85  12  28  13  44  14  87  15  91  16  69  17  69  18  39  19  77 
  0  88   1  51   2  77   3  79   4  67   5  68   6  27   7  31   8  51   9  44  10  91  11  92  12  32  13  46  14  89  15  97  16  74  17  70  18  45  19  80 
  0  79   1  50   2  73   3  81   4  62   5  64   6  21   7  29   8  51   9  39  10  85  11  84  12  26  13  46  14  87  15  91  16  68  17  70  18  39  19  77 
  0  80   1  49   2  72   3  81   4  65   5  65   6  22   7  32   8  51   9  37  10  82  11  84  12  27  13  46  14  88  15  93  16  67  17  70  18  42  19  78 
  0  83   1  51   2  76   3  81   4  64   5  66   6  22   7  30   8  53   9  42  10  85  11  85  12  27  13  47  14  89  15  95  16  72  17  69  18  40  19  80 
  0  87   1  51   2  78   3  80   4  64   5  67   6  27   7  33   8  53   9  44  10  88  11  89  12  33  13  47  14  89  15  96  16  74  17  71  18  45  19  81 
  0  80   1  50   2  71   3  79   4  62   5  65   6  18   7  29   8  53   9  38  10  84  11  84  12  26  13  43  14  87  15  92  16  66  17  69  18  39  19  79 
  0  82   1  48   2  71   3  79   4  62   5  64   6  20   7  30   8  53   9  40  10  86  11  84  12  27  13  43  14  87  15  92  16  67  17  70  18  39  19  77 
  0  81   1  49   2  73   3  81   4  64   5  67   6  18   7  29   8  52   9  36  10  83  11  83  12  25  13  43  14  88  15  92  16  70  17  69  18  42  19  79 
  0  87   1  48   2  76   3  81   4  67   5  67   6  22   7  31   8  52   9  39  10  86  11  89  12  32  13  47  14  89  15  92  16  69  17  71  18  45  19  81 
  0  88   1  49   2  77   3  79   4  67   5  65   6  27   7  33   8  53   9  42  10  91  11  89  12  32  13  45  14  87  15  95  16  71  17  70  18  43  19  78 
  0  81   1  47   2  74   3  80   4  65   5  66   6  21   7  29   8  53   9  40  10  85  11  84  12  29  13  45  14  88  15  92  16  71  17  69  18  42  19  78 
  0  87   1  48   2  77   3  81   4  64   5  65   6  27   7  33   8  53   9  42  10  87  11  89  12  33  13  44  14  89  15  95  16  73  17  71  18  44  19  81 


