
 20  20

  0  63   1  63   2  72   3  52   4  97   5  61   6  79   7  93   8  38   9  40  10  27  11  96  12  36  13  71  14  27  15  78  16  26  17  37  18  29  19  67 
  0  60   1  60   2  69   3  48   4  94   5  59   6  79   7  89   8  37   9  38  10  27  11  94  12  36  13  67  14  26  15  79  16  28  17  33  18  24  19  67 
  0  63   1  60   2  70   3  50   4  97   5  61   6  78   7  92   8  40   9  39  10  28  11  97  12  36  13  68  14  28  15  79  16  28  17  34  18  27  19  67 
  0  63   1  61   2  72   3  51   4  97   5  62   6  79   7  94   8  39   9  40  10  27  11  95  12  34  13  71  14  26  15  77  16  26  17  34  18  29  19  67 
  0  55   1  56   2  69   3  49   4  91   5  58   6  79   7  89   8  35   9  33  10  24  11  94  12  36  13  64  14  21  15  77  16  26  17  32  18  24  19  67 
  0  60   1  59   2  71   3  49   4  96   5  61   6  78   7  91   8  35   9  40  10  28  11  92  12  35  13  66  14  22  15  76  16  28  17  35  18  26  19  65 
  0  56   1  56   2  70   3  48   4  89   5  55   6  79   7  88   8  34   9  36  10  24  11  93  12  34  13  67  14  22  15  77  16  26  17  34  18  24  19  67 
  0  54   1  56   2  71   3  47   4  91   5  56   6  78   7  87   8  31   9  36  10  24  11  94  12  36  13  64  14  21  15  79  16  28  17  31  18  23  19  65 
  0  53   1  57   2  68   3  48   4  89   5  56   6  78   7  84   8  31   9  32  10  25  11  91  12  36  13  65  14  18  15  76  16  26  17  31  18  22  19  65 
  0  60   1  61   2  71   3  53   4  96   5  64   6  78   7  94   8  38   9  42  10  28  11  95  12  35  13  69  14  28  15  78  16  28  17  37  18  29  19  67 
  0  53   1  55   2  68   3  49   4  88   5  56   6  77   7  87   8  30   9  32  10  24  11  93  12  34  13  63  14  19  15  76  16  26  17  31  18  21  19  65 
  0  55   1  60   2  71   3  52   4  92   5  56   6  77   7  86   8  34   9  38  10  24  11  96  12  36  13  65  14  23  15  78  16  26  17  34  18  24  19  66 
  0  60   1  61   2  72   3  53   4  95   5  62   6  78   7  91   8  39   9  42  10  28  11  96  12  36  13  71  14  25  15  80  16  27  17  36  18  29  19  65 
  0  55   1  58   2  70   3  49   4  90   5  59   6  77   7  89   8  36   9  34  10  26  11  91  12  34  13  65  14  21  15  76  16  27  17  35  18  26  19  65 
  0  62   1  63   2  72   3  51   4  98   5  62   6  79   7  92   8  40   9  42  10  26  11  96  12  35  13  70  14  26  15  78  16  28  17  37  18  27  19  66 
  0  54   1  59   2  71   3  50   4  92   5  58   6  79   7  85   8  32   9  35  10  24  11  93  12  36  13  67  14  23  15  76  16  28  17  33  18  22  19  67 
  0  63   1  63   2  72   3  50   4  97   5  63   6  79   7  93   8  39   9  41  10  28  11  97  12  34  13  71  14  24  15  77  16  28  17  37  18  28  19  65 
  0  54   1  58   2  68   3  47   4  88   5  55   6  78   7  85   8  32   9  35  10  24  11  92  12  35  13  65  14  20  15  77  16  28  17  31  18  21  19  67 
  0  59   1  61   2  69   3  52   4  93   5  58   6  79   7  91   8  35   9  38  10  24  11  95  12  36  13  66  14  24  15  77  16  28  17  35  18  25  19  67 
  0  56   1  57   2  68   3  51   4  92   5  58   6  79   7  87   8  33   9  37  10  26  11  94  12  36  13  66  14  21  15  80  16  28  17  34  18  24  19  67 


