
 20  20

  0  69   1  19   2  49   3  31   4  25   5  42   6  57   7  29   8  30   9  23  10  66  11  66  12  46  13  34  14  56  15  59  16  89  17  90  18  65  19  45 
  0  76   1  23   2  55   3  33   4  33   5  40   6  60   7  30   8  29   9  27  10  67  11  68  12  56  13  35  14  62  15  64  16  91  17  94  18  68  19  50 
  0  67   1  20   2  49   3  31   4  25   5  42   6  55   7  30   8  27   9  23  10  65  11  66  12  49  13  34  14  56  15  61  16  89  17  88  18  65  19  44 
  0  76   1  22   2  54   3  33   4  33   5  42   6  61   7  31   8  29   9  24  10  67  11  68  12  53  13  36  14  60  15  61  16  91  17  95  18  67  19  49 
  0  76   1  26   2  56   3  33   4  32   5  42   6  62   7  31   8  31   9  25  10  67  11  68  12  55  13  35  14  62  15  63  16  91  17  96  18  68  19  51 
  0  69   1  20   2  51   3  29   4  29   5  40   6  59   7  27   8  29   9  25  10  65  11  68  12  47  13  34  14  57  15  58  16  91  17  92  18  64  19  48 
  0  71   1  21   2  51   3  33   4  29   5  42   6  60   7  30   8  30   9  26  10  67  11  67  12  54  13  35  14  58  15  63  16  89  17  94  18  68  19  52 
  0  69   1  17   2  50   3  29   4  25   5  42   6  55   7  27   8  28   9  24  10  65  11  67  12  49  13  35  14  57  15  60  16  89  17  90  18  63  19  46 
  0  68   1  21   2  50   3  32   4  26   5  42   6  56   7  29   8  27   9  24  10  65  11  68  12  51  13  34  14  56  15  58  16  91  17  90  18  65  19  44 
  0  70   1  21   2  47   3  31   4  26   5  42   6  56   7  29   8  29   9  25  10  67  11  68  12  47  13  36  14  56  15  61  16  91  17  90  18  64  19  46 
  0  66   1  16   2  48   3  29   4  27   5  40   6  57   7  29   8  27   9  23  10  67  11  66  12  48  13  36  14  56  15  59  16  89  17  90  18  62  19  45 
  0  74   1  23   2  55   3  30   4  32   5  42   6  59   7  28   8  31   9  26  10  67  11  66  12  55  13  36  14  60  15  60  16  89  17  94  18  67  19  50 
  0  66   1  16   2  46   3  30   4  25   5  40   6  58   7  28   8  30   9  25  10  67  11  68  12  47  13  36  14  57  15  58  16  89  17  89  18  64  19  46 
  0  67   1  19   2  46   3  31   4  27   5  40   6  58   7  29   8  27   9  24  10  67  11  67  12  46  13  36  14  56  15  61  16  90  17  90  18  62  19  46 
  0  72   1  22   2  54   3  32   4  30   5  42   6  63   7  29   8  31   9  27  10  67  11  68  12  54  13  36  14  60  15  64  16  90  17  96  18  66  19  49 
  0  73   1  21   2  54   3  30   4  28   5  41   6  58   7  31   8  31   9  25  10  65  11  68  12  54  13  36  14  61  15  60  16  90  17  95  18  64  19  49 
  0  71   1  18   2  51   3  32   4  29   5  41   6  58   7  28   8  28   9  23  10  67  11  66  12  47  13  34  14  58  15  60  16  89  17  92  18  63  19  48 
  0  69   1  20   2  50   3  32   4  27   5  41   6  58   7  31   8  29   9  27  10  65  11  67  12  53  13  34  14  61  15  60  16  91  17  94  18  67  19  48 
  0  69   1  19   2  47   3  29   4  29   5  41   6  57   7  30   8  27   9  24  10  65  11  67  12  48  13  34  14  59  15  58  16  89  17  90  18  63  19  48 
  0  67   1  17   2  48   3  30   4  25   5  40   6  57   7  28   8  29   9  24  10  66  11  67  12  48  13  34  14  58  15  59  16  90  17  90  18  62  19  46 


