
 20  20

  0  41   1  19   2  66   3  71   4  69   5  81   6  33   7  60   8  22   9  69  10  54  11  20  12  83  13  42  14  41  15  18  16  85  17  44  18  19  19  73 
  0  49   1  21   2  72   3  73   4  72   5  86   6  42   7  66   8  26   9  71  10  56  11  30  12  85  13  46  14  46  15  25  16  91  17  50  18  28  19  79 
  0  41   1  20   2  66   3  73   4  69   5  79   6  34   7  61   8  22   9  69  10  54  11  20  12  84  13  41  14  41  15  18  16  84  17  45  18  20  19  71 
  0  45   1  19   2  68   3  71   4  70   5  82   6  37   7  63   8  27   9  71  10  57  11  24  12  85  13  42  14  46  15  22  16  87  17  47  18  24  19  76 
  0  51   1  20   2  71   3  75   4  72   5  85   6  42   7  65   8  25   9  73  10  58  11  30  12  85  13  45  14  47  15  26  16  90  17  50  18  25  19  76 
  0  44   1  20   2  69   3  73   4  69   5  82   6  34   7  60   8  25   9  73  10  57  11  23  12  83  13  42  14  44  15  23  16  86  17  46  18  24  19  73 
  0  48   1  21   2  72   3  72   4  70   5  85   6  41   7  63   8  25   9  70  10  56  11  29  12  85  13  46  14  44  15  25  16  92  17  50  18  27  19  79 
  0  50   1  20   2  69   3  74   4  71   5  87   6  41   7  63   8  25   9  73  10  58  11  30  12  85  13  46  14  44  15  26  16  89  17  50  18  25  19  77 
  0  48   1  21   2  72   3  72   4  70   5  87   6  41   7  66   8  24   9  71  10  58  11  29  12  84  13  46  14  47  15  26  16  92  17  50  18  28  19  76 
  0  42   1  19   2  66   3  71   4  68   5  79   6  35   7  60   8  23   9  70  10  56  11  20  12  83  13  42  14  41  15  19  16  87  17  46  18  19  19  72 
  0  48   1  21   2  71   3  73   4  70   5  84   6  41   7  64   8  25   9  70  10  57  11  29  12  84  13  43  14  44  15  26  16  90  17  49  18  26  19  78 
  0  44   1  19   2  69   3  71   4  71   5  82   6  33   7  63   8  23   9  69  10  54  11  20  12  85  13  41  14  43  15  20  16  88  17  47  18  18  19  75 
  0  46   1  21   2  67   3  73   4  68   5  83   6  35   7  63   8  25   9  69  10  55  11  24  12  85  13  44  14  42  15  23  16  87  17  48  18  25  19  74 
  0  46   1  21   2  69   3  74   4  70   5  84   6  37   7  63   8  25   9  71  10  54  11  28  12  84  13  46  14  44  15  22  16  90  17  50  18  23  19  75 
  0  41   1  19   2  68   3  71   4  70   5  79   6  32   7  61   8  23   9  69  10  56  11  22  12  85  13  40  14  42  15  19  16  84  17  46  18  18  19  71 
  0  49   1  21   2  69   3  74   4  72   5  86   6  40   7  63   8  25   9  71  10  57  11  29  12  85  13  44  14  46  15  26  16  90  17  47  18  28  19  79 
  0  44   1  21   2  68   3  72   4  69   5  80   6  35   7  61   8  23   9  69  10  56  11  24  12  83  13  41  14  42  15  23  16  89  17  44  18  20  19  75 
  0  48   1  20   2  70   3  72   4  72   5  84   6  38   7  65   8  22   9  73  10  54  11  24  12  83  13  45  14  42  15  24  16  91  17  48  18  23  19  77 
  0  45   1  20   2  67   3  73   4  69   5  79   6  35   7  62   8  24   9  70  10  56  11  23  12  84  13  40  14  41  15  20  16  86  17  44  18  18  19  72 
  0  48   1  20   2  72   3  75   4  70   5  86   6  40   7  66   8  27   9  73  10  58  11  27  12  85  13  44  14  47  15  26  16  92  17  49  18  27  19  79 


