
 20  20

  0  39   1  26   2  46   3  45   4  25   5  66   6  82   7  65   8  41   9  72  10  48  11  38  12  53  13  40  14  16  15  83  16  48  17  76  18  94  19  69 
  0  34   1  23   2  45   3  46   4  24   5  65   6  79   7  61   8  40   9  73  10  47  11  34  12  50  13  41  14  18  15  79  16  46  17  77  18  90  19  64 
  0  35   1  23   2  45   3  44   4  22   5  63   6  76   7  61   8  40   9  74  10  45  11  35  12  51  13  41  14  15  15  76  16  46  17  74  18  90  19  63 
  0  34   1  26   2  46   3  44   4  20   5  63   6  78   7  63   8  39   9  72  10  46  11  35  12  51  13  39  14  16  15  74  16  46  17  72  18  86  19  66 
  0  37   1  25   2  47   3  44   4  25   5  68   6  81   7  62   8  39   9  72  10  46  11  37  12  54  13  39  14  16  15  79  16  46  17  77  18  91  19  64 
  0  31   1  23   2  45   3  45   4  20   5  64   6  78   7  63   8  39   9  72  10  47  11  35  12  49  13  39  14  15  15  75  16  47  17  70  18  88  19  66 
  0  35   1  25   2  46   3  44   4  20   5  64   6  79   7  63   8  39   9  73  10  45  11  35  12  49  13  41  14  16  15  78  16  48  17  71  18  89  19  63 
  0  34   1  24   2  45   3  43   4  21   5  66   6  80   7  61   8  39   9  74  10  47  11  34  12  53  13  40  14  14  15  78  16  48  17  71  18  88  19  64 
  0  39   1  27   2  47   3  46   4  26   5  67   6  85   7  65   8  41   9  73  10  51  11  35  12  54  13  41  14  17  15  84  16  47  17  78  18  96  19  68 
  0  36   1  26   2  47   3  44   4  21   5  64   6  79   7  61   8  39   9  73  10  49  11  34  12  51  13  39  14  14  15  75  16  48  17  75  18  90  19  64 
  0  40   1  27   2  47   3  49   4  29   5  68   6  83   7  65   8  41   9  74  10  51  11  38  12  55  13  40  14  18  15  84  16  46  17  80  18  96  19  67 
  0  31   1  23   2  47   3  43   4  20   5  63   6  78   7  61   8  41   9  74  10  47  11  34  12  48  13  39  14  16  15  74  16  47  17  70  18  86  19  63 
  0  37   1  25   2  45   3  47   4  27   5  65   6  82   7  63   8  39   9  73  10  48  11  38  12  54  13  39  14  15  15  77  16  48  17  77  18  92  19  64 
  0  40   1  27   2  47   3  47   4  26   5  68   6  85   7  65   8  41   9  73  10  48  11  38  12  56  13  41  14  15  15  81  16  47  17  77  18  95  19  66 
  0  39   1  25   2  47   3  49   4  28   5  68   6  86   7  65   8  41   9  73  10  51  11  37  12  56  13  41  14  18  15  83  16  48  17  78  18  96  19  68 
  0  34   1  25   2  45   3  45   4  21   5  63   6  78   7  61   8  40   9  72  10  45  11  34  12  51  13  39  14  14  15  75  16  46  17  71  18  87  19  63 
  0  41   1  25   2  47   3  48   4  27   5  69   6  83   7  63   8  40   9  74  10  50  11  38  12  53  13  41  14  18  15  84  16  46  17  78  18  93  19  67 
  0  36   1  27   2  47   3  46   4  28   5  66   6  84   7  63   8  40   9  73  10  51  11  35  12  56  13  41  14  18  15  83  16  48  17  75  18  93  19  67 
  0  34   1  23   2  45   3  44   4  22   5  67   6  81   7  64   8  39   9  72  10  46  11  34  12  49  13  40  14  17  15  80  16  46  17  74  18  92  19  67 
  0  31   1  25   2  45   3  43   4  22   5  64   6  79   7  62   8  40   9  72  10  46  11  34  12  48  13  39  14  14  15  76  16  46  17  72  18  89  19  63 


