
 20  20

  0  20   1  30   2  13   3  22   4  78   5  16   6  69   7  24   8  74   9  58  10   3  11  19  12  80  13  60  14  16  15  42  16  45  17  18  18  50  19   5 
  0  21   1  30   2  11   3  21   4  77   5  17   6  69   7  26   8  72   9  59  10   5  11  17  12  80  13  59  14  13  15  40  16  44  17  17  18  50  19   3 
  0  25   1  34   2  12   3  23   4  82   5  19   6  70   7  28   8  77   9  66  10   7  11  22  12  81  13  60  14  17  15  41  16  48  17  24  18  57  19   5 
  0  19   1  31   2  13   3  21   4  79   5  16   6  72   7  27   8  72   9  61  10   5  11  17  12  79  13  60  14  15  15  41  16  46  17  15  18  51  19   3 
  0  23   1  35   2  11   3  21   4  83   5  17   6  70   7  29   8  76   9  63  10   5  11  22  12  82  13  61  14  13  15  42  16  46  17  21  18  53  19   3 
  0  28   1  37   2  15   3  23   4  85   5  22   6  71   7  30   8  76   9  68  10   8  11  23  12  83  13  59  14  17  15  40  16  46  17  23  18  57  19   3 
  0  19   1  33   2  11   3  21   4  77   5  15   6  71   7  27   8  71   9  60  10   2  11  17  12  79  13  59  14  13  15  40  16  45  17  15  18  48  19   3 
  0  25   1  33   2  15   3  21   4  83   5  16   6  69   7  26   8  73   9  62  10   6  11  23  12  80  13  61  14  13  15  40  16  44  17  17  18  55  19   5 
  0  26   1  37   2  15   3  21   4  84   5  18   6  72   7  29   8  73   9  63  10   5  11  21  12  80  13  59  14  17  15  40  16  45  17  21  18  56  19   5 
  0  22   1  35   2  12   3  23   4  79   5  18   6  71   7  28   8  71   9  63  10   4  11  20  12  80  13  61  14  14  15  40  16  44  17  17  18  52  19   5 
  0  25   1  37   2  11   3  23   4  81   5  19   6  69   7  27   8  73   9  62  10   8  11  24  12  83  13  61  14  14  15  42  16  48  17  22  18  52  19   3 
  0  19   1  32   2  12   3  22   4  76   5  14   6  69   7  27   8  74   9  60  10   4  11  18  12  79  13  59  14  16  15  40  16  46  17  14  18  48  19   3 
  0  20   1  32   2  13   3  22   4  77   5  17   6  69   7  28   8  74   9  60  10   5  11  17  12  78  13  61  14  13  15  42  16  46  17  17  18  50  19   3 
  0  26   1  32   2  13   3  23   4  82   5  20   6  69   7  29   8  72   9  64  10   6  11  21  12  82  13  61  14  16  15  40  16  48  17  22  18  53  19   3 
  0  22   1  36   2  14   3  23   4  80   5  18   6  70   7  26   8  73   9  62  10   7  11  23  12  82  13  61  14  17  15  42  16  44  17  19  18  51  19   3 
  0  19   1  31   2  11   3  21   4  77   5  14   6  71   7  24   8  74   9  58  10   2  11  19  12  77  13  59  14  13  15  40  16  46  17  17  18  51  19   3 
  0  18   1  33   2  11   3  22   4  76   5  18   6  69   7  25   8  74   9  59  10   5  11  19  12  77  13  59  14  14  15  41  16  44  17  14  18  52  19   4 
  0  20   1  32   2  11   3  21   4  76   5  15   6  69   7  26   8  73   9  58  10   2  11  19  12  77  13  59  14  13  15  42  16  44  17  16  18  48  19   3 
  0  19   1  32   2  11   3  23   4  79   5  18   6  72   7  26   8  73   9  60  10   5  11  19  12  79  13  60  14  13  15  40  16  45  17  18  18  51  19   4 
  0  20   1  30   2  11   3  21   4  78   5  17   6  71   7  27   8  73   9  60  10   2  11  20  12  78  13  60  14  14  15  40  16  47  17  18  18  49  19   3 


