
 20  20

  0  55   1  34   2  66   3  56   4   8   5  15   6   8   7  23   8  41   9  47  10  39  11  73  12  56  13  49  14  61  15  25  16  53  17  65  18  82  19  24 
  0  53   1  35   2  63   3  57   4   7   5  16   6   8   7  22   8  44   9  48  10  40  11  74  12  53  13  50  14  62  15  26  16  54  17  61  18  78  19  21 
  0  53   1  35   2  65   3  56   4  12   5  19   6   8   7  19   8  41   9  49  10  39  11  76  12  53  13  50  14  60  15  25  16  57  17  63  18  82  19  22 
  0  50   1  29   2  64   3  55   4   6   5  13   6   6   7  18   8  41   9  49  10  38  11  73  12  49  13  49  14  61  15  23  16  51  17  61  18  81  19  21 
  0  51   1  31   2  64   3  57   4   9   5  13   6   6   7  20   8  42   9  49  10  38  11  74  12  50  13  50  14  60  15  21  16  56  17  64  18  82  19  21 
  0  49   1  30   2  60   3  55   4   2   5  13   6   6   7  16   8  38   9  47  10  38  11  70  12  49  13  48  14  60  15  18  16  52  17  61  18  76  19  14 
  0  52   1  28   2  61   3  53   4   8   5  11   6   7   7  19   8  38   9  47  10  40  11  72  12  52  13  48  14  62  15  21  16  53  17  61  18  76  19  20 
  0  53   1  31   2  65   3  53   4   6   5  17   6   7   7  22   8  41   9  49  10  39  11  74  12  52  13  50  14  62  15  21  16  55  17  61  18  80  19  19 
  0  49   1  28   2  58   3  54   4   3   5  12   6   6   7  17   8  39   9  46  10  40  11  70  12  49  13  49  14  60  15  20  16  51  17  61  18  76  19  17 
  0  50   1  32   2  64   3  57   4   7   5  15   6   8   7  17   8  40   9  46  10  40  11  70  12  49  13  48  14  61  15  19  16  52  17  62  18  78  19  19 
  0  54   1  36   2  68   3  55   4  10   5  19   6   7   7  23   8  44   9  49  10  40  11  76  12  56  13  49  14  60  15  26  16  57  17  64  18  82  19  22 
  0  49   1  29   2  63   3  53   4   6   5  13   6   6   7  21   8  40   9  48  10  38  11  71  12  52  13  48  14  60  15  23  16  52  17  63  18  79  19  19 
  0  46   1  26   2  58   3  53   4   2   5   9   6   6   7  15   8  40   9  43  10  38  11  67  12  46  13  50  14  58  15  18  16  50  17  57  18  76  19  16 
  0  53   1  33   2  67   3  54   4   9   5  15   6   8   7  20   8  42   9  49  10  40  11  74  12  53  13  48  14  62  15  22  16  52  17  63  18  78  19  22 
  0  51   1  33   2  63   3  55   4   9   5  15   6   8   7  17   8  43   9  47  10  38  11  72  12  51  13  49  14  59  15  24  16  53  17  59  18  81  19  18 
  0  48   1  29   2  59   3  53   4   4   5  10   6   6   7  19   8  41   9  47  10  39  11  70  12  50  13  48  14  59  15  22  16  52  17  57  18  77  19  16 
  0  52   1  32   2  63   3  56   4   7   5  15   6   6   7  20   8  43   9  46  10  38  11  72  12  50  13  49  14  58  15  22  16  54  17  60  18  79  19  22 
  0  54   1  33   2  64   3  56   4  10   5  15   6   7   7  21   8  42   9  47  10  40  11  74  12  54  13  50  14  62  15  23  16  52  17  61  18  80  19  21 
  0  49   1  26   2  59   3  53   4   2   5  10   6   6   7  18   8  39   9  46  10  38  11  67  12  48  13  49  14  60  15  19  16  49  17  58  18  76  19  14 
  0  50   1  32   2  63   3  56   4   6   5  14   6   7   7  17   8  41   9  45  10  38  11  72  12  51  13  50  14  58  15  24  16  51  17  60  18  81  19  19 


