
 20  20

  0  29   1  32   2  23   3  50   4  88   5  94   6  75   7  84   8  24   9  21  10  74  11  84  12  22  13  50  14  42  15  21  16  83  17  82  18  35  19  25 
  0  35   1  36   2  24   3  54   4  90   5  98   6  82   7  86   8  27   9  25  10  76  11  87  12  24  13  50  14  44  15  22  16  85  17  86  18  38  19  27 
  0  38   1  39   2  24   3  55   4  94   5  98   6  82   7  90   8  29   9  24  10  78  11  87  12  24  13  50  14  47  15  25  16  90  17  88  18  41  19  26 
  0  32   1  32   2  24   3  51   4  89   5  96   6  78   7  86   8  26   9  23  10  73  11  82  12  23  13  50  14  43  15  21  16  83  17  85  18  34  19  27 
  0  35   1  38   2  22   3  53   4  93   5  97   6  84   7  89   8  28   9  24  10  77  11  87  12  23  13  52  14  49  15  22  16  89  17  88  18  38  19  28 
  0  32   1  35   2  23   3  51   4  91   5  95   6  78   7  89   8  27   9  21  10  74  11  84  12  24  13  52  14  43  15  23  16  84  17  85  18  35  19  27 
  0  33   1  31   2  23   3  48   4  90   5  96   6  80   7  87   8  28   9  24  10  76  11  84  12  24  13  51  14  43  15  21  16  84  17  83  18  33  19  24 
  0  39   1  36   2  23   3  56   4  95   5  96   6  82   7  88   8  28   9  25  10  78  11  89  12  24  13  52  14  50  15  25  16  89  17  85  18  37  19  27 
  0  34   1  32   2  23   3  50   4  87   5  95   6  79   7  84   8  26   9  21  10  73  11  82  12  24  13  52  14  41  15  22  16  85  17  83  18  34  19  25 
  0  34   1  35   2  22   3  51   4  87   5  96   6  76   7  87   8  27   9  22  10  77  11  84  12  22  13  52  14  44  15  23  16  81  17  85  18  33  19  25 
  0  29   1  31   2  22   3  49   4  87   5  94   6  76   7  85   8  24   9  21  10  73  11  80  12  23  13  50  14  41  15  21  16  80  17  83  18  31  19  24 
  0  32   1  34   2  23   3  51   4  89   5  94   6  79   7  89   8  28   9  23  10  76  11  85  12  24  13  50  14  45  15  22  16  84  17  87  18  38  19  27 
  0  29   1  33   2  24   3  47   4  87   5  94   6  78   7  83   8  24   9  21  10  75  11  80  12  22  13  51  14  40  15  24  16  81  17  84  18  32  19  24 
  0  34   1  38   2  22   3  53   4  93   5  97   6  83   7  90   8  27   9  25  10  77  11  88  12  22  13  50  14  45  15  23  16  87  17  85  18  38  19  28 
  0  34   1  36   2  22   3  51   4  88   5  96   6  78   7  84   8  24   9  21  10  73  11  81  12  24  13  52  14  44  15  21  16  83  17  86  18  35  19  24 
  0  31   1  31   2  22   3  49   4  87   5  96   6  75   7  86   8  24   9  22  10  73  11  80  12  22  13  50  14  42  15  21  16  83  17  82  18  34  19  24 
  0  29   1  32   2  24   3  50   4  87   5  94   6  76   7  86   8  26   9  21  10  75  11  80  12  22  13  50  14  41  15  21  16  83  17  82  18  33  19  25 
  0  38   1  39   2  23   3  57   4  93   5  98   6  84   7  88   8  30   9  24  10  78  11  87  12  24  13  52  14  48  15  25  16  88  17  87  18  38  19  27 
  0  35   1  38   2  22   3  55   4  90   5  94   6  81   7  87   8  28   9  21  10  77  11  86  12  22  13  50  14  47  15  24  16  87  17  84  18  39  19  26 
  0  38   1  36   2  23   3  54   4  92   5  98   6  83   7  91   8  29   9  23  10  77  11  87  12  22  13  50  14  48  15  22  16  89  17  88  18  40  19  25 


