
 20  20

  0   9   1   6   2  69   3  53   4  46   5  71   6  28   7  23   8  50   9  50  10  66  11  82  12  27  13  51  14  66  15   9  16  69  17  43  18  74  19  53 
  0  10   1   6   2  69   3  52   4  45   5  71   6  28   7  26   8  52   9  47  10  64  11  81  12  22  13  47  14  66  15   9  16  68  17  41  18  76  19  52 
  0   9   1   7   2  70   3  51   4  44   5  74   6  28   7  26   8  49   9  50  10  63  11  84  12  26  13  52  14  67  15  11  16  69  17  43  18  76  19  53 
  0  12   1   7   2  70   3  53   4  46   5  74   6  28   7  27   8  51   9  50  10  67  11  82  12  27  13  52  14  65  15  14  16  69  17  44  18  76  19  52 
  0   7   1   6   2  68   3  53   4  44   5  70   6  28   7  23   8  49   9  47  10  62  11  76  12  21  13  48  14  64  15   6  16  65  17  41  18  76  19  49 
  0   3   1   6   2  68   3  50   4  46   5  69   6  26   7  22   8  47   9  45  10  61  11  74  12  18  13  42  14  61  15   6  16  61  17  39  18  74  19  51 
  0  13   1   7   2  71   3  52   4  45   5  74   6  28   7  26   8  51   9  47  10  64  11  83  12  26  13  52  14  64  15  13  16  66  17  43  18  76  19  53 
  0  10   1   4   2  67   3  53   4  45   5  74   6  26   7  26   8  50   9  47  10  63  11  80  12  22  13  48  14  63  15   8  16  65  17  43  18  74  19  51 
  0   4   1   5   2  65   3  50   4  44   5  68   6  26   7  21   8  46   9  43  10  60  11  75  12  19  13  42  14  61  15   4  16  61  17  39  18  74  19  49 
  0   6   1   6   2  69   3  52   4  46   5  70   6  28   7  24   8  48   9  48  10  64  11  80  12  22  13  49  14  62  15   9  16  65  17  39  18  76  19  49 
  0   7   1   5   2  68   3  51   4  44   5  69   6  26   7  22   8  46   9  45  10  63  11  78  12  21  13  47  14  65  15   8  16  64  17  39  18  74  19  49 
  0   5   1   3   2  67   3  53   4  44   5  71   6  26   7  24   8  50   9  46  10  61  11  78  12  22  13  48  14  63  15   8  16  62  17  39  18  76  19  49 
  0   7   1   3   2  70   3  52   4  44   5  72   6  26   7  22   8  51   9  46  10  63  11  81  12  25  13  45  14  63  15  10  16  63  17  40  18  74  19  50 
  0  11   1   4   2  67   3  50   4  44   5  73   6  26   7  24   8  50   9  47  10  65  11  81  12  25  13  47  14  65  15  10  16  65  17  43  18  74  19  50 
  0  13   1   7   2  71   3  51   4  45   5  72   6  28   7  26   8  51   9  49  10  67  11  81  12  28  13  49  14  65  15  11  16  67  17  44  18  75  19  54 
  0  10   1   7   2  67   3  53   4  45   5  73   6  28   7  27   8  50   9  48  10  66  11  79  12  25  13  50  14  64  15   9  16  64  17  42  18  74  19  52 
  0  10   1   7   2  71   3  53   4  46   5  74   6  28   7  27   8  52   9  49  10  66  11  84  12  27  13  51  14  67  15  11  16  67  17  42  18  74  19  54 
  0  10   1   7   2  68   3  50   4  44   5  70   6  28   7  27   8  50   9  49  10  64  11  80  12  27  13  48  14  67  15   9  16  64  17  42  18  76  19  53 
  0   5   1   3   2  67   3  49   4  45   5  70   6  27   7  21   8  46   9  43  10  61  11  77  12  18  13  42  14  62  15   4  16  64  17  38  18  74  19  48 
  0   7   1   6   2  68   3  49   4  45   5  70   6  28   7  25   8  47   9  49  10  65  11  77  12  21  13  44  14  65  15  10  16  64  17  43  18  76  19  50 


