
 20  20

  0  72   1  41   2  23   3  70   4  41   5  79   6  29   7  93   8  73   9  37  10  31  11  43  12  18  13  56  14  48  15  18  16  33  17  71  18  76  19  79 
  0  72   1  41   2  26   3  70   4  39   5  85   6  28   7  96   8  73   9  37  10  32  11  45  12  23  13  56  14  52  15  18  16  35  17  71  18  77  19  78 
  0  79   1  44   2  31   3  75   4  40   5  87   6  29   7  94   8  75   9  39  10  32  11  43  12  24  13  58  14  55  15  20  16  41  17  73  18  79  19  82 
  0  73   1  41   2  25   3  67   4  41   5  84   6  28   7  92   8  73   9  39  10  33  11  45  12  20  13  58  14  51  15  20  16  34  17  71  18  76  19  82 
  0  75   1  38   2  24   3  71   4  40   5  82   6  30   7  95   8  74   9  40  10  33  11  43  12  21  13  56  14  48  15  18  16  35  17  73  18  73  19  79 
  0  79   1  44   2  30   3  72   4  41   5  86   6  30   7  94   8  75   9  39  10  33  11  45  12  22  13  58  14  52  15  19  16  38  17  73  18  79  19  81 
  0  70   1  41   2  24   3  68   4  39   5  83   6  28   7  93   8  73   9  38  10  33  11  44  12  20  13  57  14  47  15  18  16  36  17  73  18  75  19  80 
  0  69   1  39   2  24   3  68   4  39   5  80   6  28   7  95   8  73   9  38  10  31  11  43  12  18  13  56  14  47  15  20  16  34  17  71  18  75  19  78 
  0  75   1  40   2  26   3  70   4  39   5  85   6  28   7  96   8  75   9  41  10  32  11  44  12  22  13  58  14  50  15  20  16  40  17  71  18  76  19  82 
  0  73   1  42   2  27   3  70   4  41   5  84   6  28   7  95   8  75   9  39  10  33  11  43  12  22  13  58  14  49  15  19  16  35  17  71  18  77  19  80 
  0  76   1  44   2  30   3  72   4  41   5  87   6  30   7  95   8  73   9  41  10  32  11  45  12  24  13  58  14  53  15  19  16  41  17  72  18  76  19  80 
  0  69   1  40   2  22   3  65   4  39   5  78   6  29   7  92   8  73   9  37  10  32  11  43  12  20  13  56  14  47  15  18  16  32  17  71  18  73  19  80 
  0  73   1  39   2  25   3  70   4  41   5  81   6  28   7  95   8  75   9  40  10  31  11  43  12  21  13  57  14  49  15  20  16  33  17  71  18  74  19  82 
  0  79   1  44   2  27   3  75   4  39   5  84   6  30   7  96   8  75   9  38  10  32  11  45  12  21  13  57  14  55  15  20  16  41  17  73  18  77  19  82 
  0  72   1  38   2  21   3  65   4  40   5  79   6  28   7  93   8  74   9  39  10  33  11  45  12  18  13  56  14  48  15  18  16  35  17  71  18  75  19  78 
  0  72   1  38   2  25   3  68   4  40   5  82   6  28   7  92   8  73   9  37  10  33  11  45  12  19  13  56  14  52  15  20  16  37  17  71  18  76  19  81 
  0  72   1  38   2  23   3  71   4  39   5  84   6  30   7  95   8  74   9  39  10  33  11  45  12  18  13  58  14  50  15  20  16  36  17  71  18  77  19  80 
  0  72   1  41   2  27   3  68   4  39   5  85   6  30   7  96   8  73   9  40  10  32  11  44  12  19  13  56  14  50  15  18  16  36  17  71  18  74  19  82 
  0  79   1  44   2  29   3  73   4  39   5  86   6  29   7  94   8  73   9  39  10  32  11  45  12  24  13  58  14  55  15  20  16  40  17  73  18  77  19  82 
  0  74   1  42   2  29   3  70   4  41   5  85   6  28   7  96   8  75   9  38  10  32  11  44  12  22  13  56  14  53  15  19  16  40  17  73  18  76  19  81 


