
 20  20

  0  10   1  60   2  67   3  64   4  78   5  75   6  73   7  63   8  71   9  15  10  68  11  54  12  75  13  50  14  26  15  14  16  32  17   3  18  19  19  22 
  0   6   1  60   2  67   3  61   4  78   5  73   6  71   7  63   8  68   9  14  10  67  11  55  12  72  13  48  14  24  15  10  16  31  17   3  18  20  19  19 
  0  14   1  61   2  69   3  65   4  81   5  75   6  73   7  64   8  71   9  18  10  71  11  55  12  74  13  57  14  28  15  17  16  39  17   7  18  20  19  24 
  0  13   1  60   2  69   3  65   4  82   5  78   6  73   7  66   8  69   9  18  10  71  11  55  12  77  13  53  14  30  15  15  16  38  17   5  18  20  19  27 
  0  13   1  62   2  67   3  63   4  80   5  78   6  73   7  63   8  69   9  18  10  72  11  56  12  74  13  56  14  30  15  15  16  36  17   7  18  20  19  24 
  0  14   1  62   2  69   3  65   4  80   5  76   6  73   7  64   8  72   9  18  10  72  11  55  12  77  13  57  14  30  15  18  16  39  17   6  18  20  19  27 
  0  13   1  62   2  67   3  63   4  82   5  75   6  73   7  64   8  72   9  17  10  68  11  55  12  77  13  51  14  29  15  13  16  36  17   4  18  18  19  26 
  0  13   1  61   2  67   3  64   4  82   5  77   6  73   7  65   8  70   9  16  10  70  11  56  12  77  13  57  14  27  15  14  16  37  17   6  18  20  19  23 
  0  11   1  60   2  68   3  62   4  81   5  75   6  72   7  64   8  69   9  14  10  69  11  56  12  73  13  49  14  25  15  11  16  32  17   3  18  18  19  23 
  0  10   1  62   2  67   3  62   4  78   5  73   6  73   7  63   8  72   9  17  10  71  11  56  12  72  13  51  14  27  15  13  16  34  17   6  18  18  19  23 
  0  13   1  60   2  68   3  63   4  82   5  77   6  71   7  63   8  69   9  14  10  69  11  56  12  75  13  55  14  26  15  13  16  35  17   3  18  20  19  26 
  0  13   1  62   2  68   3  65   4  82   5  75   6  71   7  64   8  71   9  17  10  69  11  54  12  76  13  54  14  28  15  13  16  35  17   4  18  18  19  24 
  0  12   1  60   2  69   3  62   4  78   5  72   6  73   7  64   8  71   9  14  10  67  11  54  12  71  13  53  14  27  15  12  16  33  17   3  18  18  19  20 
  0   8   1  61   2  69   3  64   4  80   5  72   6  73   7  62   8  71   9  16  10  68  11  54  12  72  13  50  14  24  15  14  16  35  17   4  18  18  19  23 
  0  10   1  62   2  67   3  64   4  80   5  78   6  71   7  66   8  72   9  15  10  70  11  54  12  74  13  53  14  25  15  17  16  36  17   7  18  20  19  24 
  0  11   1  61   2  69   3  64   4  78   5  77   6  73   7  62   8  72   9  18  10  70  11  54  12  77  13  51  14  27  15  17  16  35  17   3  18  18  19  23 
  0  16   1  60   2  68   3  62   4  82   5  75   6  71   7  66   8  72   9  15  10  73  11  54  12  77  13  54  14  28  15  17  16  39  17   7  18  20  19  27 
  0  14   1  62   2  69   3  65   4  82   5  78   6  73   7  66   8  71   9  18  10  73  11  56  12  75  13  55  14  30  15  18  16  37  17   7  18  20  19  27 
  0   8   1  61   2  69   3  64   4  79   5  73   6  71   7  63   8  68   9  14  10  67  11  56  12  74  13  49  14  23  15  11  16  32  17   5  18  20  19  19 
  0  11   1  60   2  67   3  64   4  78   5  73   6  71   7  62   8  68   9  14  10  69  11  56  12  73  13  53  14  25  15  11  16  36  17   4  18  20  19  22 


