
 20  20

  0  59   1  36   2  68   3  61   4  51   5  64   6  45   7  49   8  56   9  83  10  31  11  71  12  85  13  71  14  65  15  81  16  76  17  76  18  47  19  39 
  0  56   1  34   2  64   3  60   4  49   5  59   6  42   7  46   8  54   9  82  10  32  11  67  12  82  13  68  14  65  15  80  16  77  17  75  18  44  19  37 
  0  64   1  39   2  71   3  64   4  51   5  67   6  44   7  56   8  57   9  86  10  34  11  72  12  90  13  74  14  65  15  87  16  77  17  79  18  50  19  40 
  0  65   1  39   2  71   3  62   4  51   5  63   6  43   7  52   8  56   9  88  10  31  11  72  12  91  13  74  14  63  15  84  16  75  17  77  18  50  19  39 
  0  61   1  38   2  73   3  65   4  51   5  63   6  43   7  54   8  56   9  84  10  32  11  69  12  90  13  70  14  64  15  85  16  77  17  77  18  51  19  40 
  0  61   1  37   2  67   3  60   4  49   5  61   6  41   7  48   8  55   9  82  10  31  11  67  12  84  13  71  14  65  15  80  16  76  17  76  18  48  19  36 
  0  56   1  34   2  67   3  59   4  50   5  58   6  41   7  48   8  51   9  82  10  30  11  67  12  84  13  71  14  63  15  81  16  75  17  75  18  47  19  36 
  0  62   1  37   2  69   3  63   4  51   5  60   6  42   7  50   8  52   9  87  10  30  11  68  12  88  13  72  14  65  15  84  16  75  17  75  18  49  19  40 
  0  60   1  34   2  68   3  60   4  49   5  63   6  41   7  49   8  56   9  83  10  33  11  69  12  86  13  68  14  65  15  83  16  76  17  75  18  46  19  37 
  0  58   1  34   2  65   3  59   4  50   5  58   6  41   7  47   8  52   9  82  10  31  11  67  12  84  13  68  14  63  15  79  16  75  17  75  18  44  19  37 
  0  59   1  36   2  67   3  60   4  51   5  61   6  42   7  52   8  52   9  86  10  33  11  70  12  85  13  68  14  63  15  83  16  75  17  75  18  49  19  39 
  0  64   1  39   2  72   3  65   4  49   5  66   6  45   7  55   8  59   9  84  10  31  11  72  12  91  13  70  14  63  15  84  16  75  17  78  18  48  19  40 
  0  65   1  39   2  73   3  63   4  51   5  67   6  45   7  54   8  55   9  87  10  32  11  73  12  88  13  74  14  65  15  86  16  77  17  77  18  51  19  40 
  0  66   1  39   2  72   3  64   4  51   5  66   6  45   7  56   8  57   9  88  10  34  11  73  12  92  13  74  14  64  15  88  16  75  17  79  18  52  19  38 
  0  63   1  37   2  73   3  63   4  49   5  67   6  42   7  54   8  55   9  86  10  34  11  71  12  90  13  73  14  63  15  87  16  75  17  79  18  50  19  40 
  0  60   1  36   2  68   3  62   4  49   5  63   6  41   7  47   8  55   9  86  10  32  11  69  12  87  13  72  14  63  15  83  16  77  17  75  18  44  19  37 
  0  64   1  37   2  72   3  65   4  51   5  64   6  43   7  54   8  58   9  86  10  32  11  70  12  90  13  72  14  65  15  85  16  76  17  78  18  49  19  38 
  0  60   1  36   2  70   3  61   4  49   5  60   6  43   7  49   8  54   9  86  10  32  11  71  12  88  13  71  14  65  15  82  16  75  17  78  18  45  19  36 
  0  61   1  36   2  68   3  63   4  49   5  66   6  43   7  50   8  55   9  87  10  34  11  72  12  87  13  71  14  63  15  85  16  75  17  77  18  47  19  40 
  0  59   1  36   2  70   3  61   4  49   5  60   6  42   7  51   8  53   9  82  10  31  11  71  12  84  13  69  14  63  15  80  16  75  17  75  18  46  19  36 


