
 20  20

  0  48   1  63   2  49   3  24   4  51   5  44   6  44   7  90   8  52   9  40  10  97  11  30  12  81  13  63  14  77  15  54  16  66  17  65  18  92  19  59 
  0  45   1  59   2  43   3  20   4  45   5  38   6  43   7  85   8  51   9  38  10  95  11  22  12  78  13  61  14  73  15  55  16  65  17  59  18  90  19  53 
  0  52   1  69   2  50   3  27   4  50   5  44   6  45   7  93   8  52   9  43  10  98  11  31  12  84  13  65  14  76  15  58  16  69  17  67  18  97  19  62 
  0  48   1  61   2  45   3  23   4  45   5  40   6  45   7  86   8  52   9  37  10  95  11  27  12  80  13  61  14  73  15  56  16  67  17  62  18  92  19  54 
  0  50   1  68   2  51   3  27   4  50   5  46   6  44   7  93   8  54   9  42  10  97  11  32  12  87  13  65  14  76  15  58  16  68  17  66  18  95  19  62 
  0  46   1  64   2  44   3  20   4  45   5  41   6  43   7  86   8  49   9  35  10  96  11  24  12  81  13  62  14  76  15  56  16  64  17  62  18  89  19  57 
  0  48   1  64   2  49   3  25   4  51   5  41   6  43   7  89   8  53   9  39  10  95  11  28  12  81  13  64  14  75  15  57  16  66  17  63  18  95  19  60 
  0  49   1  66   2  46   3  27   4  49   5  44   6  43   7  93   8  51   9  43  10  98  11  27  12  83  13  65  14  78  15  58  16  67  17  66  18  96  19  57 
  0  53   1  68   2  50   3  27   4  51   5  45   6  43   7  93   8  53   9  42  10  98  11  32  12  85  13  65  14  78  15  56  16  69  17  67  18  98  19  62 
  0  44   1  59   2  44   3  22   4  46   5  38   6  45   7  85   8  49   9  36  10  96  11  24  12  78  13  63  14  75  15  53  16  64  17  63  18  88  19  53 
  0  45   1  62   2  44   3  20   4  46   5  43   6  45   7  90   8  49   9  40  10  94  11  25  12  78  13  61  14  72  15  52  16  66  17  61  18  91  19  57 
  0  47   1  64   2  45   3  19   4  49   5  41   6  45   7  86   8  51   9  39  10  97  11  25  12  82  13  62  14  76  15  52  16  67  17  63  18  90  19  57 
  0  51   1  66   2  51   3  24   4  51   5  43   6  45   7  90   8  51   9  40  10  98  11  30  12  87  13  65  14  76  15  55  16  66  17  69  18  98  19  62 
  0  48   1  67   2  48   3  22   4  50   5  44   6  44   7  89   8  53   9  42  10  96  11  29  12  83  13  65  14  74  15  54  16  65  17  64  18  94  19  60 
  0  50   1  66   2  47   3  25   4  48   5  43   6  45   7  90   8  54   9  41  10  95  11  32  12  83  13  64  14  77  15  58  16  68  17  66  18  97  19  60 
  0  50   1  68   2  47   3  23   4  51   5  42   6  43   7  88   8  54   9  40  10  95  11  28  12  84  13  65  14  76  15  57  16  67  17  67  18  95  19  57 
  0  46   1  62   2  46   3  20   4  46   5  40   6  43   7  89   8  51   9  36  10  95  11  28  12  83  13  62  14  74  15  52  16  67  17  61  18  91  19  56 
  0  48   1  60   2  44   3  20   4  49   5  39   6  45   7  85   8  48   9  38  10  94  11  26  12  79  13  63  14  74  15  55  16  66  17  63  18  91  19  57 
  0  49   1  64   2  49   3  25   4  47   5  43   6  45   7  92   8  54   9  40  10  98  11  27  12  84  13  65  14  75  15  57  16  65  17  68  18  94  19  57 
  0  49   1  66   2  49   3  23   4  46   5  43   6  44   7  88   8  49   9  42  10  97  11  29  12  82  13  64  14  73  15  56  16  65  17  67  18  96  19  57 


