
 20  20

  0  25   1  43   2  71   3  29   4  70   5  50   6  67   7  52   8  61   9  14  10  36  11  70  12  51  13  72  14  43  15  64  16  82  17  32  18  78  19  42 
  0  17   1  41   2  70   3  27   4  65   5  45   6  68   7  48   8  57   9  12  10  30  11  67  12  50  13  70  14  39  15  63  16  82  17  27  18  71  19  42 
  0  23   1  43   2  69   3  28   4  71   5  49   6  67   7  50   8  62   9  14  10  34  11  69  12  52  13  71  14  43  15  66  16  84  17  31  18  76  19  41 
  0  17   1  38   2  70   3  29   4  65   5  45   6  69   7  45   8  60   9  10  10  32  11  65  12  50  13  70  14  41  15  64  16  82  17  27  18  71  19  39 
  0  26   1  48   2  69   3  31   4  68   5  51   6  70   7  54   8  66   9  14  10  35  11  68  12  51  13  72  14  45  15  68  16  84  17  29  18  79  19  45 
  0  19   1  42   2  70   3  26   4  66   5  47   6  67   7  46   8  60   9  12  10  34  11  69  12  50  13  72  14  41  15  61  16  84  17  28  18  76  19  41 
  0  17   1  39   2  67   3  28   4  64   5  47   6  66   7  45   8  60   9  13  10  30  11  67  12  50  13  72  14  42  15  62  16  83  17  26  18  75  19  38 
  0  25   1  47   2  71   3  32   4  72   5  51   6  70   7  54   8  66   9  14  10  36  11  71  12  52  13  70  14  48  15  68  16  82  17  30  18  81  19  44 
  0  16   1  39   2  69   3  26   4  67   5  46   6  67   7  46   8  60   9  10  10  32  11  66  12  50  13  70  14  39  15  64  16  83  17  26  18  72  19  41 
  0  20   1  43   2  67   3  26   4  65   5  49   6  66   7  48   8  60   9  12  10  31  11  69  12  50  13  70  14  42  15  66  16  82  17  26  18  72  19  39 
  0  24   1  44   2  70   3  28   4  72   5  50   6  70   7  53   8  64   9  12  10  34  11  69  12  50  13  72  14  44  15  69  16  82  17  32  18  79  19  46 
  0  21   1  46   2  68   3  30   4  71   5  46   6  66   7  53   8  63   9  11  10  31  11  68  12  50  13  72  14  44  15  66  16  82  17  31  18  79  19  45 
  0  26   1  48   2  70   3  29   4  70   5  50   6  69   7  55   8  66   9  14  10  36  11  68  12  52  13  71  14  47  15  69  16  82  17  29  18  78  19  43 
  0  21   1  41   2  68   3  27   4  70   5  46   6  66   7  50   8  63   9  14  10  32  11  69  12  50  13  71  14  43  15  63  16  82  17  31  18  74  19  44 
  0  22   1  47   2  68   3  32   4  69   5  48   6  67   7  55   8  63   9  11  10  34  11  70  12  52  13  70  14  48  15  68  16  84  17  30  18  78  19  42 
  0  16   1  40   2  69   3  26   4  64   5  47   6  67   7  48   8  57   9  12  10  32  11  65  12  50  13  70  14  40  15  64  16  82  17  27  18  71  19  38 
  0  19   1  40   2  69   3  28   4  65   5  47   6  68   7  48   8  58   9  13  10  31  11  65  12  50  13  72  14  40  15  63  16  84  17  30  18  74  19  39 
  0  17   1  38   2  70   3  26   4  66   5  45   6  66   7  48   8  56   9  13  10  31  11  67  12  50  13  70  14  41  15  65  16  84  17  26  18  74  19  42 
  0  21   1  41   2  68   3  30   4  68   5  50   6  70   7  48   8  62   9  11  10  31  11  70  12  52  13  72  14  40  15  66  16  84  17  29  18  76  19  40 
  0  26   1  48   2  69   3  30   4  72   5  51   6  68   7  53   8  66   9  14  10  36  11  71  12  51  13  72  14  48  15  69  16  82  17  30  18  81  19  45 


