
 20  20

  0  28   1  22   2  53   3  49   4  55   5  28   6  82   7  35   8  76   9  38  10  18  11  26  12  46  13  40  14  64  15  57  16  42  17  78  18  27  19  21 
  0  34   1  28   2  57   3  49   4  55   5  30   6  91   7  37   8  80   9  40  10  23  11  29  12  50  13  40  14  65  15  56  16  43  17  78  18  28  19  27 
  0  30   1  26   2  55   3  47   4  55   5  26   6  84   7  34   8  73   9  40  10  18  11  25  12  46  13  41  14  65  15  56  16  40  17  80  18  26  19  21 
  0  28   1  22   2  51   3  46   4  57   5  24   6  83   7  32   8  73   9  39  10  20  11  26  12  47  13  40  14  64  15  56  16  40  17  79  18  26  19  19 
  0  33   1  26   2  57   3  48   4  56   5  30   6  86   7  38   8  77   9  38  10  20  11  28  12  49  13  40  14  66  15  56  16  43  17  78  18  28  19  25 
  0  33   1  31   2  60   3  47   4  55   5  29   6  89   7  38   8  76   9  42  10  22  11  29  12  48  13  40  14  64  15  59  16  42  17  78  18  28  19  25 
  0  35   1  32   2  57   3  48   4  57   5  29   6  92   7  38   8  80   9  39  10  25  11  27  12  47  13  42  14  66  15  58  16  41  17  81  18  26  19  25 
  0  34   1  26   2  55   3  47   4  57   5  26   6  89   7  34   8  75   9  42  10  20  11  29  12  50  13  40  14  66  15  58  16  40  17  81  18  26  19  22 
  0  35   1  30   2  57   3  49   4  56   5  31   6  90   7  38   8  77   9  42  10  24  11  26  12  50  13  42  14  64  15  58  16  44  17  80  18  27  19  25 
  0  31   1  29   2  58   3  49   4  57   5  30   6  88   7  37   8  77   9  41  10  24  11  25  12  48  13  40  14  66  15  57  16  40  17  81  18  28  19  22 
  0  37   1  32   2  59   3  50   4  55   5  30   6  92   7  40   8  77   9  41  10  23  11  29  12  50  13  41  14  66  15  59  16  44  17  81  18  27  19  27 
  0  31   1  26   2  51   3  49   4  55   5  25   6  84   7  31   8  76   9  38  10  18  11  27  12  46  13  41  14  66  15  55  16  42  17  79  18  26  19  23 
  0  31   1  27   2  56   3  50   4  55   5  27   6  84   7  33   8  74   9  39  10  21  11  26  12  49  13  41  14  66  15  55  16  44  17  77  18  27  19  22 
  0  28   1  26   2  56   3  46   4  57   5  29   6  86   7  35   8  77   9  38  10  22  11  26  12  46  13  42  14  66  15  55  16  40  17  80  18  26  19  24 
  0  34   1  28   2  55   3  50   4  57   5  30   6  89   7  38   8  78   9  39  10  23  11  27  12  49  13  40  14  64  15  58  16  43  17  79  18  26  19  22 
  0  35   1  32   2  61   3  50   4  56   5  30   6  90   7  39   8  80   9  42  10  26  11  29  12  50  13  42  14  66  15  59  16  43  17  81  18  28  19  25 
  0  35   1  26   2  59   3  50   4  57   5  28   6  90   7  37   8  76   9  41  10  21  11  26  12  47  13  41  14  65  15  59  16  40  17  81  18  27  19  26 
  0  28   1  23   2  52   3  48   4  55   5  26   6  82   7  32   8  72   9  38  10  18  11  25  12  46  13  41  14  66  15  57  16  42  17  78  18  28  19  19 
  0  33   1  26   2  55   3  48   4  57   5  30   6  86   7  37   8  78   9  40  10  21  11  26  12  50  13  42  14  66  15  57  16  41  17  78  18  27  19  21 
  0  37   1  32   2  59   3  50   4  55   5  29   6  92   7  41   8  77   9  42  10  26  11  27  12  48  13  42  14  64  15  57  16  42  17  81  18  26  19  24 


