
 20  20

  0  64   1  79   2  28   3  13   4  16   5  29   6  66   7  69   8  63   9  71  10  64  11  52  12  69  13  34  14  73  15  41  16  20  17  86  18  74  19  89 
  0  67   1  86   2  26   3  17   4  21   5  30   6  71   7  73   8  68   9  78  10  62  11  58  12  73  13  39  14  73  15  46  16  22  17  87  18  79  19  94 
  0  59   1  77   2  26   3  14   4  16   5  24   6  66   7  64   8  60   9  70  10  64  11  52  12  71  13  30  14  70  15  40  16  16  17  80  18  73  19  87 
  0  60   1  77   2  27   3  10   4  17   5  26   6  66   7  66   8  61   9  72  10  64  11  53  12  69  13  30  14  70  15  40  16  17  17  82  18  73  19  87 
  0  58   1  77   2  26   3  10   4  15   5  23   6  63   7  63   8  60   9  70  10  63  11  52  12  70  13  31  14  70  15  40  16  16  17  80  18  73  19  85 
  0  66   1  87   2  28   3  16   4  18   5  29   6  70   7  71   8  66   9  74  10  64  11  56  12  70  13  37  14  74  15  46  16  22  17  89  18  77  19  92 
  0  68   1  84   2  27   3  16   4  20   5  31   6  73   7  73   8  68   9  78  10  64  11  57  12  73  13  39  14  74  15  44  16  21  17  90  18  77  19  94 
  0  66   1  85   2  26   3  17   4  19   5  32   6  72   7  70   8  65   9  75  10  62  11  55  12  73  13  39  14  74  15  46  16  22  17  90  18  76  19  91 
  0  65   1  83   2  28   3  14   4  20   5  28   6  70   7  70   8  62   9  74  10  63  11  56  12  73  13  35  14  73  15  44  16  18  17  86  18  76  19  91 
  0  67   1  85   2  28   3  13   4  19   5  28   6  72   7  72   8  65   9  75  10  62  11  58  12  73  13  37  14  73  15  46  16  19  17  85  18  76  19  90 
  0  61   1  80   2  28   3  15   4  19   5  26   6  67   7  66   8  65   9  76  10  63  11  57  12  69  13  36  14  74  15  45  16  21  17  87  18  75  19  90 
  0  67   1  83   2  28   3  17   4  21   5  33   6  72   7  73   8  68   9  77  10  64  11  56  12  70  13  37  14  71  15  44  16  21  17  88  18  76  19  91 
  0  60   1  78   2  26   3  10   4  17   5  23   6  63   7  63   8  60   9  70  10  64  11  52  12  70  13  30  14  70  15  40  16  16  17  80  18  73  19  84 
  0  67   1  87   2  28   3  18   4  21   5  33   6  73   7  72   8  68   9  78  10  64  11  57  12  73  13  40  14  74  15  46  16  22  17  90  18  79  19  92 
  0  60   1  82   2  28   3  11   4  17   5  26   6  68   7  68   8  64   9  73  10  63  11  53  12  70  13  32  14  72  15  42  16  17  17  81  18  76  19  85 
  0  68   1  87   2  28   3  18   4  21   5  31   6  73   7  71   8  66   9  78  10  64  11  58  12  73  13  40  14  74  15  46  16  22  17  90  18  78  19  94 
  0  68   1  87   2  28   3  16   4  18   5  31   6  73   7  71   8  66   9  76  10  62  11  57  12  72  13  38  14  74  15  45  16  19  17  89  18  79  19  92 
  0  66   1  84   2  26   3  15   4  20   5  30   6  72   7  70   8  68   9  78  10  63  11  56  12  73  13  38  14  74  15  46  16  22  17  89  18  77  19  94 
  0  65   1  83   2  28   3  13   4  17   5  27   6  67   7  67   8  66   9  77  10  64  11  58  12  70  13  36  14  70  15  42  16  20  17  86  18  78  19  90 
  0  61   1  79   2  26   3  10   4  17   5  25   6  65   7  63   8  60   9  71  10  62  11  52  12  70  13  32  14  71  15  42  16  16  17  82  18  74  19  85 


