
 20  20

  0  28   1  79   2  69   3  50   4  60   5  58   6  77   7  53   8  24   9  31  10  47  11  23  12  81  13  78  14  47  15  78  16  21  17  37  18  43  19  66 
  0  22   1  77   2  64   3  49   4  60   5  55   6  75   7  49   8  18   9  26  10  42  11  20  12  75  13  78  14  44  15  71  16  22  17  33  18  43  19  63 
  0  26   1  77   2  68   3  50   4  60   5  57   6  77   7  53   8  21   9  29  10  46  11  23  12  80  13  78  14  46  15  76  16  22  17  37  18  44  19  64 
  0  28   1  80   2  70   3  54   4  58   5  59   6  80   7  55   8  24   9  32  10  47  11  25  12  79  13  80  14  47  15  77  16  23  17  36  18  45  19  66 
  0  27   1  75   2  69   3  49   4  60   5  56   6  75   7  51   8  19   9  31  10  45  11  24  12  79  13  78  14  45  15  76  16  22  17  33  18  44  19  66 
  0  30   1  80   2  71   3  52   4  58   5  56   6  77   7  53   8  24   9  29  10  45  11  22  12  81  13  78  14  48  15  77  16  23  17  35  18  44  19  65 
  0  30   1  79   2  71   3  54   4  59   5  57   6  80   7  55   8  24   9  29  10  44  11  23  12  81  13  78  14  46  15  76  16  22  17  37  18  45  19  64 
  0  24   1  76   2  68   3  47   4  58   5  57   6  76   7  48   8  18   9  27  10  45  11  18  12  76  13  80  14  47  15  71  16  22  17  36  18  44  19  63 
  0  28   1  80   2  68   3  53   4  58   5  59   6  77   7  52   8  21   9  29  10  44  11  25  12  78  13  80  14  48  15  76  16  23  17  36  18  45  19  64 
  0  25   1  78   2  68   3  48   4  60   5  57   6  77   7  49   8  22   9  29  10  43  11  23  12  78  13  80  14  47  15  73  16  23  17  34  18  43  19  65 
  0  22   1  77   2  64   3  49   4  58   5  53   6  77   7  50   8  20   9  29  10  43  11  18  12  76  13  79  14  44  15  73  16  21  17  34  18  45  19  62 
  0  21   1  74   2  64   3  48   4  58   5  53   6  76   7  47   8  21   9  27  10  41  11  20  12  76  13  78  14  44  15  72  16  22  17  35  18  43  19  63 
  0  28   1  79   2  68   3  49   4  60   5  55   6  79   7  52   8  20   9  30  10  44  11  20  12  78  13  80  14  47  15  74  16  21  17  37  18  45  19  65 
  0  27   1  77   2  70   3  50   4  60   5  55   6  76   7  52   8  20   9  30  10  42  11  21  12  80  13  79  14  46  15  74  16  22  17  34  18  45  19  65 
  0  22   1  76   2  64   3  48   4  59   5  53   6  74   7  50   8  18   9  26  10  41  11  20  12  75  13  80  14  47  15  70  16  21  17  33  18  44  19  62 
  0  20   1  74   2  64   3  46   4  58   5  53   6  76   7  47   8  18   9  26  10  41  11  17  12  76  13  79  14  46  15  69  16  23  17  33  18  43  19  64 
  0  24   1  75   2  65   3  47   4  60   5  57   6  78   7  47   8  22   9  26  10  43  11  20  12  75  13  78  14  46  15  74  16  21  17  33  18  45  19  62 
  0  29   1  78   2  69   3  53   4  60   5  57   6  80   7  51   8  24   9  32  10  43  11  23  12  79  13  78  14  47  15  78  16  21  17  37  18  43  19  65 
  0  28   1  80   2  69   3  53   4  58   5  55   6  76   7  54   8  23   9  28  10  46  11  24  12  79  13  79  14  47  15  75  16  23  17  37  18  45  19  64 
  0  30   1  79   2  70   3  53   4  59   5  59   6  80   7  52   8  21   9  31  10  45  11  23  12  81  13  79  14  48  15  76  16  23  17  36  18  45  19  66 


