
 20  20

  0   8   1  49   2  40   3  77   4  21   5  29   6  33   7  48   8  74   9  13  10  20  11  76  12  19  13  63  14  14  15  41  16  41  17  55  18  66  19  31 
  0  12   1  48   2  46   3  84   4  25   5  30   6  32   7  50   8  78   9  13  10  23  11  81  12  20  13  68  14  19  15  45  16  43  17  60  18  66  19  34 
  0  10   1  49   2  46   3  82   4  24   5  33   6  34   7  52   8  78   9  14  10  23  11  79  12  18  13  70  14  17  15  44  16  44  17  57  18  66  19  35 
  0  10   1  49   2  46   3  79   4  25   5  30   6  33   7  51   8  76   9  13  10  25  11  82  12  22  13  71  14  18  15  42  16  42  17  61  18  66  19  35 
  0  11   1  47   2  45   3  80   4  25   5  31   6  33   7  50   8  77   9  13  10  24  11  78  12  17  13  69  14  18  15  39  16  44  17  59  18  66  19  34 
  0   5   1  47   2  39   3  74   4  22   5  29   6  31   7  46   8  75   9  15  10  20  11  74  12  15  13  62  14  13  15  38  16  39  17  52  18  64  19  28 
  0   9   1  47   2  42   3  77   4  25   5  32   6  32   7  50   8  74   9  14  10  22  11  79  12  20  13  69  14  16  15  43  16  43  17  59  18  66  19  33 
  0   8   1  47   2  41   3  79   4  23   5  32   6  34   7  47   8  75   9  14  10  22  11  79  12  20  13  68  14  18  15  39  16  43  17  56  18  66  19  29 
  0   6   1  48   2  40   3  74   4  22   5  29   6  33   7  48   8  74   9  13  10  21  11  74  12  16  13  63  14  13  15  38  16  39  17  54  18  64  19  28 
  0  13   1  49   2  47   3  78   4  22   5  30   6  33   7  51   8  79   9  14  10  24  11  78  12  19  13  68  14  17  15  42  16  41  17  56  18  64  19  35 
  0  15   1  49   2  49   3  83   4  23   5  33   6  35   7  53   8  79   9  13  10  26  11  81  12  20  13  71  14  19  15  46  16  44  17  62  18  66  19  34 
  0  11   1  49   2  42   3  80   4  22   5  32   6  32   7  50   8  77   9  13  10  24  11  80  12  18  13  68  14  16  15  38  16  39  17  58  18  66  19  30 
  0  15   1  48   2  47   3  82   4  23   5  32   6  35   7  53   8  77   9  15  10  24  11  84  12  23  13  69  14  19  15  43  16  45  17  61  18  66  19  36 
  0  13   1  47   2  46   3  82   4  24   5  30   6  34   7  48   8  78   9  15  10  22  11  80  12  21  13  67  14  16  15  42  16  44  17  58  18  65  19  33 
  0   9   1  47   2  45   3  78   4  24   5  33   6  34   7  52   8  77   9  13  10  23  11  78  12  18  13  67  14  15  15  42  16  42  17  58  18  66  19  32 
  0  10   1  49   2  41   3  79   4  23   5  31   6  35   7  46   8  73   9  15  10  24  11  76  12  17  13  65  14  14  15  40  16  40  17  58  18  66  19  32 
  0   6   1  47   2  40   3  74   4  22   5  31   6  31   7  45   8  73   9  13  10  21  11  74  12  15  13  62  14  14  15  36  16  39  17  52  18  64  19  28 
  0  10   1  47   2  41   3  76   4  22   5  33   6  33   7  47   8  75   9  14  10  21  11  80  12  20  13  64  14  14  15  38  16  42  17  56  18  66  19  32 
  0   9   1  49   2  46   3  79   4  23   5  33   6  35   7  49   8  76   9  15  10  24  11  78  12  18  13  66  14  19  15  41  16  43  17  60  18  65  19  34 
  0   8   1  47   2  42   3  75   4  21   5  29   6  32   7  45   8  74   9  15  10  19  11  77  12  17  13  64  14  15  15  38  16  41  17  53  18  64  19  30 


