
 20  20

  0  18   1  29   2  47   3  15   4  60   5  37   6  81   7  14   8  19   9  66  10  31  11  57  12  74  13  76  14  61  15  49  16  15  17  22  18   9  19   9 
  0  13   1  26   2  42   3  10   4  58   5  33   6  79   7   9   8  18   9  62  10  27  11  55  12  71  13  68  14  56  15  46  16  11  17  18  18  11  19   2 
  0  15   1  27   2  46   3  13   4  57   5  34   6  80   7  13   8  15   9  65  10  31  11  57  12  73  13  73  14  56  15  49  16  13  17  23  18  11  19   7 
  0  16   1  25   2  43   3  12   4  58   5  37   6  78   7  11   8  15   9  64  10  33  11  55  12  71  13  70  14  58  15  48  16  12  17  21  18  11  19   6 
  0  17   1  27   2  45   3  13   4  58   5  37   6  78   7  13   8  17   9  64  10  34  11  57  12  74  13  75  14  61  15  46  16  13  17  25  18  11  19  10 
  0  16   1  31   2  45   3  14   4  61   5  35   6  81   7  12   8  17   9  63  10  33  11  55  12  72  13  76  14  61  15  49  16  15  17  23  18  11  19   7 
  0  13   1  23   2  42   3   8   4  57   5  36   6  77   7  10   8  16   9  59  10  27  11  56  12  70  13  71  14  55  15  44  16   9  17  21  18   9  19   1 
  0  12   1  27   2  43   3  12   4  60   5  34   6  78   7  11   8  16   9  63  10  32  11  55  12  74  13  71  14  56  15  46  16  15  17  21  18   9  19   7 
  0  13   1  23   2  44   3  13   4  56   5  33   6  75   7  10   8  17   9  59  10  31  11  55  12  72  13  70  14  58  15  44  16  10  17  20  18   9  19   4 
  0  17   1  29   2  44   3  14   4  59   5  34   6  80   7  12   8  18   9  63  10  31  11  55  12  74  13  74  14  56  15  45  16  15  17  23  18  11  19   5 
  0  10   1  25   2  41   3   8   4  58   5  34   6  75   7  10   8  18   9  61  10  26  11  55  12  70  13  68  14  53  15  43  16  10  17  19  18   9  19   4 
  0  15   1  28   2  44   3  16   4  61   5  35   6  80   7  13   8  18   9  63  10  34  11  57  12  73  13  73  14  61  15  49  16  13  17  25  18  10  19   8 
  0  16   1  28   2  45   3  17   4  61   5  37   6  80   7  11   8  19   9  63  10  33  11  56  12  71  13  76  14  57  15  49  16  15  17  21  18  11  19   8 
  0   9   1  21   2  41   3   8   4  58   5  35   6  75   7   8   8  15   9  58  10  26  11  55  12  71  13  69  14  54  15  45  16  10  17  17  18   9  19   2 
  0  10   1  25   2  43   3  10   4  58   5  34   6  75   7  10   8  15   9  59  10  31  11  55  12  71  13  70  14  54  15  44  16  12  17  20  18  11  19   5 
  0  11   1  26   2  45   3  12   4  59   5  35   6  79   7   8   8  17   9  60  10  29  11  55  12  71  13  70  14  56  15  43  16  11  17  20  18  11  19   4 
  0  18   1  31   2  47   3  17   4  61   5  36   6  81   7  12   8  19   9  66  10  34  11  57  12  74  13  74  14  61  15  49  16  15  17  25  18  11  19  10 
  0  14   1  29   2  46   3  13   4  59   5  36   6  78   7  14   8  17   9  63  10  32  11  55  12  71  13  70  14  57  15  45  16  15  17  24  18  11  19   4 
  0  17   1  31   2  47   3  16   4  58   5  36   6  80   7  13   8  16   9  65  10  31  11  55  12  73  13  76  14  59  15  48  16  15  17  23  18  11  19   9 
  0   8   1  22   2  41   3   7   4  55   5  33   6  75   7  10   8  17   9  58  10  27  11  55  12  70  13  66  14  54  15  45  16   9  17  17  18   9  19   1 


