
 20  20

  0  63   1  47   2  60   3  44   4  62   5  71   6  11   7   5   8  67   9  56  10  12  11  36  12  52  13  76  14  76  15  79  16  35  17  10  18  23  19  59 
  0  69   1  49   2  65   3  46   4  68   5  75   6  15   7   9   8  74   9  64  10  17  11  39  12  53  13  77  14  82  15  84  16  45  17  12  18  28  19  63 
  0  65   1  48   2  60   3  42   4  64   5  71   6  10   7   7   8  73   9  63  10  17  11  36  12  55  13  75  14  80  15  81  16  41  17  12  18  24  19  62 
  0  65   1  48   2  61   3  46   4  67   5  72   6  11   7   6   8  74   9  62  10  17  11  38  12  53  13  76  14  83  15  84  16  43  17  13  18  28  19  63 
  0  65   1  47   2  63   3  45   4  66   5  73   6  12   7   6   8  70   9  62  10  13  11  35  12  54  13  75  14  77  15  82  16  38  17  10  18  25  19  59 
  0  61   1  45   2  59   3  41   4  60   5  70   6   9   7   3   8  67   9  56  10  10  11  35  12  51  13  76  14  78  15  79  16  39  17  12  18  22  19  59 
  0  64   1  49   2  64   3  44   4  64   5  71   6  12   7   6   8  74   9  60  10  18  11  39  12  56  13  75  14  81  15  85  16  41  17  11  18  26  19  60 
  0  60   1  46   2  59   3  42   4  63   5  68   6   9   7   2   8  67   9  59  10  10  11  37  12  52  13  77  14  77  15  78  16  38  17  10  18  22  19  59 
  0  66   1  47   2  64   3  46   4  67   5  76   6  15   7   6   8  71   9  64  10  15  11  41  12  52  13  77  14  82  15  84  16  41  17  12  18  26  19  59 
  0  66   1  48   2  60   3  44   4  63   5  71   6  10   7   3   8  68   9  60  10  14  11  37  12  53  13  77  14  80  15  80  16  37  17  11  18  23  19  57 
  0  68   1  48   2  63   3  43   4  67   5  75   6  15   7   6   8  70   9  64  10  14  11  41  12  55  13  75  14  83  15  81  16  42  17  14  18  28  19  60 
  0  70   1  49   2  64   3  48   4  69   5  75   6  15   7  11   8  74   9  66  10  17  11  42  12  56  13  77  14  84  15  86  16  45  17  15  18  27  19  63 
  0  62   1  45   2  61   3  41   4  65   5  70   6   9   7   4   8  67   9  60  10  12  11  35  12  50  13  77  14  76  15  79  16  40  17  12  18  22  19  59 
  0  61   1  45   2  60   3  41   4  60   5  67   6   9   7   3   8  67   9  57  10  10  11  35  12  51  13  75  14  76  15  77  16  36  17  10  18  22  19  57 
  0  60   1  46   2  60   3  41   4  60   5  67   6  11   7   1   8  67   9  57  10  10  11  34  12  49  13  77  14  76  15  77  16  35  17   9  18  23  19  57 
  0  67   1  47   2  64   3  46   4  67   5  74   6  15   7   6   8  71   9  63  10  19  11  40  12  54  13  77  14  79  15  82  16  40  17  11  18  26  19  59 
  0  70   1  49   2  64   3  48   4  70   5  77   6  13   7  11   8  73   9  65  10  20  11  42  12  56  13  77  14  84  15  87  16  45  17  15  18  27  19  62 
  0  64   1  47   2  62   3  45   4  63   5  74   6  12   7   4   8  69   9  61  10  14  11  37  12  52  13  77  14  80  15  81  16  38  17  11  18  24  19  58 
  0  65   1  48   2  61   3  47   4  64   5  72   6  15   7   5   8  74   9  60  10  17  11  38  12  53  13  77  14  79  15  83  16  42  17  13  18  24  19  60 
  0  69   1  49   2  65   3  47   4  68   5  75   6  13   7   8   8  72   9  63  10  20  11  40  12  57  13  75  14  81  15  84  16  45  17  12  18  28  19  63 


