
 20  20

  0  64   1   6   2   8   3  16   4   8   5  34   6   8   7  61   8  45   9  17  10  53  11  40  12  59  13  58  14  49  15  49  16  64  17  76  18  38  19  77 
  0  67   1   7   2   8   3  15   4   7   5  36   6   7   7  64   8  44   9  17  10  58  11  40  12  56  13  59  14  49  15  50  16  65  17  76  18  38  19  80 
  0  63   1   5   2   8   3  16   4   9   5  34   6   5   7  60   8  46   9  18  10  57  11  40  12  58  13  58  14  52  15  49  16  66  17  76  18  36  19  79 
  0  66   1   7   2   8   3  16   4   8   5  34   6   7   7  63   8  49   9  18  10  55  11  39  12  61  13  57  14  51  15  49  16  63  17  76  18  38  19  77 
  0  62   1   2   2   7   3  15   4   5   5  36   6   4   7  58   8  43   9  14  10  55  11  34  12  53  13  55  14  49  15  50  16  62  17  74  18  35  19  78 
  0  59   1   4   2   8   3  17   4   6   5  36   6   4   7  57   8  43   9  16  10  51  11  35  12  54  13  57  14  48  15  49  16  65  17  76  18  36  19  76 
  0  68   1   5   2   8   3  17   4  10   5  36   6   8   7  62   8  47   9  18  10  59  11  40  12  60  13  58  14  50  15  50  16  66  17  76  18  36  19  78 
  0  60   1   2   2   7   3  17   4   7   5  35   6   6   7  58   8  43   9  15  10  53  11  38  12  56  13  56  14  50  15  48  16  62  17  76  18  35  19  76 
  0  64   1   3   2   7   3  15   4   6   5  35   6   5   7  61   8  44   9  16  10  53  11  37  12  56  13  58  14  50  15  48  16  63  17  74  18  35  19  79 
  0  63   1   5   2   6   3  16   4   9   5  35   6   5   7  60   8  43   9  15  10  52  11  33  12  55  13  58  14  46  15  48  16  63  17  75  18  35  19  76 
  0  58   1   3   2   6   3  15   4   6   5  34   6   4   7  56   8  41   9  12  10  49  11  33  12  51  13  55  14  45  15  48  16  62  17  74  18  32  19  76 
  0  65   1   7   2   8   3  17   4  10   5  35   6   7   7  64   8  49   9  16  10  58  11  40  12  61  13  59  14  53  15  50  16  66  17  76  18  36  19  80 
  0  67   1   7   2   6   3  17   4   8   5  36   6   8   7  65   8  49   9  17  10  59  11  39  12  59  13  59  14  53  15  50  16  64  17  76  18  36  19  80 
  0  60   1   3   2   6   3  15   4   5   5  36   6   5   7  57   8  43   9  12  10  51  11  34  12  53  13  55  14  47  15  49  16  62  17  74  18  32  19  78 
  0  62   1   5   2   6   3  17   4   8   5  35   6   4   7  58   8  41   9  15  10  53  11  33  12  53  13  57  14  45  15  50  16  62  17  76  18  36  19  78 
  0  67   1   5   2   8   3  17   4  10   5  36   6   8   7  62   8  49   9  15  10  56  11  41  12  61  13  59  14  50  15  50  16  66  17  76  18  38  19  80 
  0  68   1   5   2   6   3  16   4  11   5  35   6   7   7  64   8  49   9  17  10  57  11  40  12  60  13  59  14  51  15  50  16  66  17  76  18  36  19  80 
  0  64   1   4   2   8   3  17   4   8   5  34   6   5   7  65   8  45   9  18  10  56  11  40  12  58  13  59  14  49  15  49  16  64  17  76  18  35  19  80 
  0  61   1   1   2   6   3  15   4   5   5  34   6   6   7  55   8  44   9  12  10  52  11  36  12  52  13  55  14  47  15  48  16  62  17  75  18  34  19  77 
  0  59   1   3   2   7   3  15   4   6   5  34   6   4   7  59   8  44   9  12  10  53  11  36  12  53  13  56  14  49  15  48  16  62  17  75  18  33  19  76 


