
 20  20

  0  17   1  42   2  91   3  27   4  77   5  41   6  50   7  56   8  76   9  69  10  41  11  83  12  63  13  50  14  66  15  60  16  40  17  36  18  38  19  51 
  0  21   1  41   2  87   3  26   4  78   5  43   6  51   7  60   8  77   9  72  10  41  11  87  12  64  13  51  14  65  15  60  16  40  17  39  18  40  19  55 
  0  17   1  42   2  87   3  27   4  77   5  40   6  48   7  54   8  74   9  70  10  40  11  83  12  65  13  45  14  65  15  58  16  37  17  36  18  38  19  51 
  0  20   1  44   2  87   3  28   4  80   5  43   6  50   7  59   8  80   9  69  10  43  11  84  12  67  13  49  14  66  15  59  16  40  17  38  18  39  19  54 
  0  22   1  44   2  87   3  28   4  77   5  40   6  50   7  60   8  80   9  72  10  41  11  85  12  64  13  47  14  69  15  59  16  37  17  37  18  38  19  53 
  0  21   1  46   2  91   3  28   4  80   5  41   6  54   7  61   8  82   9  74  10  44  11  88  12  69  13  50  14  69  15  60  16  40  17  38  18  39  19  55 
  0  16   1  40   2  90   3  26   4  75   5  41   6  47   7  58   8  76   9  71  10  38  11  84  12  63  13  45  14  64  15  58  16  37  17  36  18  40  19  54 
  0  19   1  42   2  89   3  28   4  77   5  43   6  50   7  56   8  77   9  69  10  43  11  88  12  66  13  47  14  68  15  60  16  40  17  36  18  38  19  52 
  0  16   1  42   2  90   3  28   4  76   5  41   6  46   7  56   8  77   9  71  10  38  11  86  12  63  13  45  14  65  15  58  16  40  17  38  18  38  19  54 
  0  22   1  44   2  89   3  28   4  80   5  43   6  53   7  61   8  81   9  73  10  46  11  88  12  66  13  53  14  66  15  60  16  39  17  40  18  40  19  53 
  0  18   1  41   2  89   3  26   4  75   5  41   6  49   7  58   8  77   9  68  10  39  11  86  12  63  13  48  14  64  15  60  16  39  17  38  18  40  19  51 
  0  18   1  41   2  90   3  26   4  77   5  43   6  50   7  57   8  81   9  72  10  41  11  85  12  68  13  49  14  68  15  58  16  37  17  38  18  38  19  54 
  0  15   1  40   2  87   3  28   4  75   5  40   6  48   7  56   8  76   9  68  10  40  11  83  12  63  13  46  14  66  15  58  16  37  17  36  18  38  19  51 
  0  20   1  44   2  91   3  28   4  75   5  44   6  48   7  60   8  78   9  68  10  40  11  84  12  67  13  47  14  67  15  58  16  41  17  38  18  38  19  52 
  0  24   1  46   2  91   3  28   4  78   5  41   6  56   7  61   8  84   9  74  10  42  11  89  12  69  13  51  14  69  15  60  16  41  17  40  18  40  19  53 
  0  17   1  41   2  90   3  26   4  76   5  41   6  46   7  54   8  78   9  69  10  40  11  83  12  63  13  47  14  64  15  58  16  40  17  38  18  39  19  51 
  0  19   1  44   2  88   3  27   4  77   5  41   6  52   7  56   8  78   9  71  10  39  11  87  12  63  13  49  14  66  15  58  16  37  17  40  18  40  19  54 
  0  19   1  40   2  89   3  27   4  77   5  44   6  51   7  60   8  79   9  71  10  42  11  83  12  65  13  48  14  64  15  58  16  37  17  37  18  40  19  54 
  0  25   1  46   2  91   3  28   4  81   5  44   6  54   7  63   8  84   9  74  10  44  11  89  12  69  13  53  14  70  15  60  16  40  17  39  18  39  19  53 
  0  23   1  46   2  91   3  28   4  78   5  43   6  54   7  64   8  84   9  74  10  46  11  86  12  68  13  53  14  68  15  58  16  41  17  38  18  40  19  54 


