
 20  20

  0  26   1  21   2  88   3  38   4  34   5  47   6  17   7  24   8  23   9  39  10  50  11  64  12  38  13  56  14  32  15  67  16  88  17  82  18  62  19  26 
  0  17   1  20   2  86   3  37   4  29   5  44   6  15   7  15   8  16   9  39  10  43  11  60  12  38  13  51  14  24  15  60  16  87  17  80  18  63  19  22 
  0  17   1  18   2  86   3  36   4  29   5  43   6  17   7  15   8  17   9  39  10  45  11  61  12  38  13  49  14  24  15  59  16  85  17  81  18  61  19  21 
  0  21   1  22   2  87   3  38   4  32   5  45   6  15   7  18   8  20   9  41  10  49  11  62  12  39  13  53  14  26  15  64  16  88  17  82  18  61  19  24 
  0  26   1  22   2  88   3  36   4  37   5  46   6  17   7  23   8  22   9  41  10  50  11  65  12  40  13  57  14  32  15  66  16  88  17  81  18  61  19  27 
  0  21   1  19   2  87   3  38   4  34   5  46   6  15   7  23   8  18   9  39  10  46  11  63  12  40  13  51  14  27  15  63  16  85  17  80  18  62  19  25 
  0  27   1  21   2  86   3  37   4  37   5  47   6  17   7  25   8  22   9  41  10  51  11  64  12  40  13  56  14  32  15  67  16  89  17  80  18  61  19  27 
  0  21   1  20   2  87   3  36   4  34   5  45   6  15   7  23   8  19   9  39  10  46  11  61  12  38  13  55  14  30  15  65  16  89  17  82  18  62  19  23 
  0  22   1  22   2  86   3  37   4  30   5  46   6  16   7  18   8  17   9  41  10  45  11  59  12  40  13  51  14  26  15  64  16  89  17  81  18  63  19  22 
  0  25   1  21   2  88   3  37   4  34   5  45   6  17   7  22   8  21   9  41  10  51  11  65  12  40  13  54  14  31  15  65  16  89  17  81  18  62  19  26 
  0  22   1  21   2  87   3  36   4  33   5  44   6  17   7  21   8  21   9  41  10  45  11  64  12  38  13  54  14  27  15  61  16  88  17  81  18  63  19  26 
  0  26   1  22   2  88   3  37   4  37   5  45   6  17   7  25   8  21   9  41  10  49  11  62  12  38  13  53  14  28  15  67  16  88  17  82  18  63  19  24 
  0  27   1  22   2  87   3  37   4  37   5  47   6  17   7  23   8  24   9  40  10  50  11  64  12  39  13  56  14  31  15  64  16  88  17  82  18  61  19  27 
  0  27   1  22   2  88   3  38   4  37   5  47   6  17   7  23   8  24   9  41  10  49  11  63  12  40  13  57  14  32  15  67  16  89  17  80  18  62  19  25 
  0  24   1  18   2  88   3  38   4  32   5  46   6  16   7  22   8  20   9  39  10  47  11  64  12  38  13  55  14  28  15  61  16  86  17  81  18  63  19  22 
  0  17   1  18   2  87   3  36   4  32   5  44   6  15   7  15   8  17   9  40  10  43  11  59  12  38  13  52  14  24  15  59  16  85  17  80  18  62  19  21 
  0  19   1  21   2  86   3  38   4  32   5  45   6  16   7  20   8  19   9  39  10  47  11  60  12  39  13  51  14  26  15  62  16  87  17  81  18  62  19  25 
  0  23   1  22   2  86   3  38   4  35   5  46   6  16   7  23   8  22   9  41  10  50  11  63  12  40  13  54  14  27  15  62  16  87  17  82  18  62  19  27 
  0  17   1  21   2  88   3  36   4  29   5  44   6  16   7  16   8  17   9  40  10  46  11  62  12  40  13  52  14  24  15  62  16  87  17  82  18  63  19  21 
  0  26   1  19   2  88   3  38   4  37   5  46   6  17   7  23   8  21   9  40  10  48  11  64  12  40  13  55  14  29  15  64  16  89  17  82  18  63  19  27 


