
 20  20

  0  47   1  21   2  49   3  76   4  61   5   6   6  53   7  56   8  84   9  15  10  47  11   9  12  69  13  65  14  19  15  28  16  52  17  34  18  58  19  64 
  0  50   1  25   2  53   3  78   4  61   5  10   6  57   7  57   8  86   9  13  10  50  11  11  12  74  13  69  14  23  15  28  16  57  17  40  18  62  19  65 
  0  46   1  21   2  53   3  78   4  63   5  13   6  57   7  57   8  87   9  15  10  48  11  10  12  71  13  68  14  24  15  29  16  56  17  36  18  64  19  66 
  0  46   1  20   2  49   3  73   4  62   5   8   6  56   7  53   8  82   9  13  10  49  11   4  12  69  13  60  14  16  15  28  16  54  17  34  18  58  19  66 
  0  47   1  21   2  51   3  75   4  59   5  10   6  53   7  55   8  85   9  15  10  46  11   7  12  67  13  61  14  17  15  27  16  55  17  36  18  60  19  64 
  0  52   1  24   2  53   3  80   4  63   5  12   6  55   7  59   8  86   9  15  10  48  11  14  12  74  13  67  14  26  15  31  16  57  17  41  18  66  19  65 
  0  49   1  25   2  53   3  79   4  62   5  14   6  55   7  58   8  88   9  15  10  50  11  13  12  73  13  70  14  26  15  31  16  55  17  41  18  65  19  64 
  0  45   1  21   2  51   3  75   4  62   5   9   6  55   7  55   8  85   9  13  10  47  11   8  12  70  13  64  14  19  15  28  16  54  17  38  18  61  19  64 
  0  51   1  23   2  53   3  80   4  63   5  15   6  57   7  59   8  86   9  15  10  50  11  11  12  74  13  70  14  25  15  31  16  57  17  39  18  66  19  66 
  0  50   1  23   2  52   3  79   4  62   5  12   6  56   7  59   8  88   9  15  10  49  11  10  12  71  13  66  14  21  15  31  16  53  17  37  18  64  19  64 
  0  44   1  20   2  50   3  72   4  59   5   8   6  55   7  54   8  84   9  13  10  46  11   7  12  69  13  61  14  19  15  27  16  51  17  37  18  59  19  64 
  0  47   1  23   2  49   3  76   4  60   5  10   6  53   7  56   8  84   9  15  10  49  11   5  12  69  13  64  14  19  15  30  16  55  17  35  18  59  19  64 
  0  44   1  23   2  49   3  76   4  60   5  11   6  56   7  54   8  84   9  14  10  47  11   7  12  70  13  63  14  20  15  27  16  52  17  37  18  63  19  64 
  0  46   1  25   2  53   3  78   4  61   5  11   6  54   7  59   8  88   9  13  10  47  11   9  12  73  13  64  14  21  15  29  16  57  17  37  18  65  19  64 
  0  43   1  20   2  49   3  74   4  61   5   5   6  53   7  53   8  82   9  13  10  46  11   6  12  67  13  63  14  19  15  29  16  51  17  33  18  58  19  66 
  0  48   1  25   2  50   3  76   4  63   5  15   6  57   7  59   8  88   9  15  10  49  11  13  12  71  13  70  14  22  15  28  16  57  17  37  18  64  19  66 
  0  45   1  23   2  51   3  75   4  59   5   7   6  53   7  55   8  82   9  13  10  46  11   9  12  69  13  64  14  18  15  27  16  55  17  34  18  63  19  64 
  0  46   1  21   2  50   3  77   4  63   5  10   6  57   7  55   8  83   9  15  10  50  11   9  12  71  13  64  14  20  15  29  16  54  17  37  18  59  19  66 
  0  46   1  23   2  53   3  77   4  63   5   9   6  55   7  58   8  85   9  13  10  50  11  11  12  73  13  67  14  23  15  31  16  54  17  38  18  63  19  66 
  0  42   1  19   2  51   3  74   4  60   5   8   6  55   7  55   8  82   9  13  10  48  11   6  12  67  13  63  14  16  15  28  16  53  17  33  18  58  19  64 


