
 20  20

  0  70   1  26   2  79   3  86   4  63   5  37   6  69   7  77   8  80   9  38  10  65  11  69  12  45  13  74  14  42  15  46  16  43  17  43  18  41  19  88 
  0  69   1  27   2  79   3  85   4  63   5  36   6  71   7  77   8  79   9  35  10  67  11  68  12  43  13  72  14  42  15  48  16  42  17  45  18  41  19  88 
  0  79   1  30   2  83   3  86   4  62   5  39   6  72   7  82   8  82   9  39  10  66  11  68  12  47  13  79  14  45  15  49  16  47  17  45  18  47  19  90 
  0  71   1  28   2  80   3  86   4  63   5  35   6  72   7  80   8  79   9  37  10  67  11  68  12  45  13  73  14  40  15  45  16  41  17  45  18  44  19  90 
  0  69   1  25   2  80   3  85   4  63   5  33   6  70   7  76   8  79   9  37  10  65  11  68  12  42  13  69  14  39  15  45  16  40  17  44  18  41  19  90 
  0  71   1  25   2  78   3  87   4  61   5  34   6  71   7  78   8  80   9  35  10  65  11  69  12  40  13  69  14  39  15  45  16  40  17  44  18  42  19  90 
  0  72   1  26   2  80   3  85   4  61   5  35   6  72   7  78   8  80   9  35  10  66  11  68  12  41  13  70  14  41  15  48  16  40  17  42  18  42  19  89 
  0  76   1  31   2  85   3  89   4  62   5  42   6  70   7  82   8  81   9  39  10  67  11  70  12  45  13  76  14  45  15  46  16  48  17  45  18  47  19  92 
  0  76   1  31   2  81   3  85   4  61   5  40   6  72   7  77   8  82   9  38  10  65  11  70  12  44  13  75  14  42  15  46  16  45  17  46  18  45  19  88 
  0  73   1  30   2  82   3  86   4  63   5  39   6  73   7  77   8  83   9  37  10  67  11  68  12  46  13  73  14  40  15  49  16  43  17  45  18  46  19  92 
  0  73   1  26   2  81   3  88   4  63   5  34   6  69   7  79   8  81   9  38  10  65  11  68  12  40  13  70  14  40  15  48  16  44  17  42  18  41  19  90 
  0  76   1  32   2  84   3  86   4  63   5  42   6  73   7  81   8  83   9  39  10  65  11  68  12  47  13  77  14  45  15  48  16  46  17  48  18  43  19  92 
  0  79   1  32   2  83   3  89   4  63   5  42   6  71   7  82   8  83   9  37  10  65  11  70  12  46  13  79  14  42  15  48  16  48  17  48  18  44  19  92 
  0  69   1  26   2  81   3  87   4  63   5  37   6  69   7  77   8  81   9  35  10  67  11  68  12  41  13  72  14  41  15  47  16  43  17  43  18  44  19  89 
  0  72   1  26   2  79   3  88   4  63   5  35   6  70   7  77   8  79   9  36  10  67  11  69  12  43  13  73  14  40  15  47  16  42  17  42  18  42  19  91 
  0  73   1  26   2  82   3  85   4  63   5  34   6  69   7  76   8  79   9  35  10  65  11  68  12  43  13  71  14  41  15  46  16  44  17  44  18  41  19  88 
  0  73   1  30   2  81   3  85   4  61   5  40   6  73   7  79   8  82   9  39  10  67  11  69  12  44  13  72  14  44  15  47  16  42  17  46  18  42  19  88 
  0  78   1  31   2  86   3  89   4  61   5  43   6  72   7  80   8  83   9  38  10  65  11  70  12  48  13  79  14  45  15  49  16  45  17  48  18  45  19  92 
  0  71   1  27   2  80   3  87   4  61   5  34   6  72   7  76   8  79   9  38  10  65  11  68  12  40  13  73  14  41  15  47  16  42  17  42  18  44  19  88 
  0  73   1  26   2  80   3  88   4  61   5  37   6  73   7  79   8  82   9  38  10  67  11  70  12  44  13  74  14  43  15  45  16  44  17  46  18  44  19  91 


