
 20  20

  0  32   1   9   2  78   3  62   4  34   5  24   6  60   7  36   8  26   9   8  10  73  11  45  12  59  13  76  14  60  15  30  16  19  17  36  18  14  19  63 
  0  42   1  19   2  86   3  68   4  42   5  30   6  65   7  42   8  27   9  14  10  73  11  45  12  64  13  80  14  64  15  38  16  21  17  39  18  19  19  69 
  0  37   1  14   2  83   3  64   4  38   5  28   6  62   7  40   8  26   9  11  10  71  11  45  12  63  13  76  14  63  15  32  16  21  17  41  18  19  19  66 
  0  39   1  14   2  83   3  64   4  39   5  30   6  62   7  40   8  30   9  13  10  75  11  45  12  62  13  78  14  66  15  35  16  22  17  39  18  16  19  67 
  0  40   1  17   2  84   3  64   4  38   5  27   6  64   7  37   8  26   9  13  10  73  11  44  12  60  13  78  14  61  15  33  16  22  17  40  18  18  19  69 
  0  41   1  19   2  84   3  68   4  42   5  29   6  65   7  40   8  27   9  12  10  72  11  45  12  63  13  80  14  66  15  34  16  22  17  42  18  17  19  69 
  0  33   1   9   2  81   3  63   4  32   5  24   6  62   7  36   8  27   9   8  10  72  11  44  12  59  13  74  14  63  15  30  16  19  17  36  18  15  19  61 
  0  37   1  13   2  83   3  65   4  36   5  28   6  63   7  38   8  27   9  11  10  72  11  45  12  64  13  75  14  61  15  33  16  20  17  41  18  15  19  68 
  0  39   1  15   2  83   3  67   4  37   5  29   6  63   7  39   8  30   9  12  10  72  11  43  12  65  13  77  14  65  15  37  16  20  17  39  18  17  19  68 
  0  42   1  17   2  86   3  68   4  42   5  30   6  65   7  42   8  29   9  15  10  74  11  45  12  65  13  79  14  66  15  38  16  24  17  42  18  18  19  70 
  0  39   1  16   2  85   3  66   4  41   5  28   6  65   7  42   8  28   9  12  10  74  11  45  12  62  13  80  14  64  15  36  16  24  17  42  18  19  19  68 
  0  42   1  19   2  83   3  68   4  40   5  27   6  63   7  40   8  28   9  13  10  74  11  45  12  63  13  78  14  65  15  37  16  24  17  39  18  20  19  69 
  0  41   1  19   2  86   3  65   4  39   5  30   6  62   7  41   8  30   9  14  10  74  11  45  12  63  13  78  14  64  15  35  16  24  17  41  18  20  19  71 
  0  35   1  13   2  80   3  63   4  36   5  25   6  60   7  38   8  28   9  12  10  72  11  43  12  61  13  74  14  64  15  34  16  19  17  38  18  17  19  63 
  0  42   1  18   2  86   3  68   4  42   5  29   6  63   7  41   8  30   9  15  10  73  11  43  12  65  13  80  14  64  15  37  16  24  17  41  18  21  19  71 
  0  40   1  18   2  86   3  68   4  42   5  29   6  65   7  42   8  30   9  16  10  75  11  44  12  65  13  78  14  66  15  37  16  24  17  40  18  21  19  71 
  0  34   1  12   2  78   3  63   4  34   5  25   6  61   7  39   8  26   9  11  10  71  11  44  12  61  13  74  14  63  15  32  16  18  17  38  18  16  19  61 
  0  32   1   9   2  78   3  63   4  32   5  24   6  61   7  36   8  27   9   8  10  71  11  45  12  59  13  74  14  61  15  31  16  18  17  36  18  15  19  62 
  0  33   1  13   2  80   3  62   4  33   5  26   6  62   7  37   8  28   9  10  10  71  11  43  12  61  13  77  14  63  15  30  16  21  17  39  18  17  19  64 
  0  42   1  18   2  84   3  68   4  41   5  28   6  62   7  42   8  29   9  15  10  74  11  43  12  63  13  80  14  66  15  38  16  22  17  41  18  19  19  69 


