
 20  20

  0  21   1  74   2  21   3  73   4  66   5  41   6  38   7  61   8  15   9  56  10  26  11  16  12  72  13  26  14  62  15  42  16  65  17  15  18  32  19  34 
  0  19   1  70   2  20   3  73   4  63   5  39   6  34   7  59   8  14   9  52  10  26  11  15  12  72  13  23  14  62  15  43  16  66  17  15  18  29  19  29 
  0  21   1  70   2  23   3  72   4  65   5  40   6  35   7  60   8  14   9  52  10  27  11  14  12  72  13  25  14  63  15  43  16  64  17  15  18  29  19  31 
  0  27   1  77   2  22   3  78   4  73   5  42   6  41   7  63   8  14   9  60  10  29  11  17  12  74  13  32  14  67  15  48  16  70  17  19  18  38  19  39 
  0  22   1  75   2  21   3  76   4  67   5  38   6  39   7  63   8  16   9  56  10  25  11  14  12  72  13  30  14  68  15  46  16  68  17  18  18  34  19  32 
  0  21   1  75   2  21   3  75   4  68   5  38   6  37   7  59   8  14   9  52  10  28  11  15  12  74  13  24  14  66  15  42  16  68  17  17  18  33  19  34 
  0  24   1  77   2  22   3  78   4  73   5  42   6  40   7  61   8  16   9  57  10  29  11  18  12  73  13  31  14  70  15  49  16  68  17  20  18  35  19  36 
  0  20   1  74   2  23   3  76   4  68   5  40   6  35   7  62   8  14   9  56  10  25  11  17  12  73  13  26  14  64  15  46  16  69  17  19  18  34  19  34 
  0  18   1  73   2  20   3  75   4  65   5  38   6  35   7  59   8  14   9  52  10  24  11  14  12  72  13  25  14  65  15  42  16  65  17  17  18  31  19  29 
  0  21   1  76   2  21   3  74   4  68   5  38   6  38   7  59   8  14   9  55  10  25  11  16  12  72  13  26  14  63  15  44  16  65  17  19  18  35  19  33 
  0  23   1  77   2  23   3  76   4  68   5  39   6  37   7  62   8  16   9  55  10  27  11  17  12  72  13  28  14  66  15  48  16  68  17  18  18  35  19  34 
  0  21   1  73   2  22   3  75   4  66   5  40   6  36   7  61   8  16   9  55  10  26  11  16  12  74  13  25  14  65  15  44  16  64  17  16  18  33  19  34 
  0  26   1  76   2  23   3  78   4  69   5  41   6  42   7  62   8  16   9  58  10  28  11  18  12  74  13  31  14  67  15  50  16  69  17  21  18  38  19  36 
  0  26   1  80   2  22   3  77   4  73   5  40   6  42   7  62   8  14   9  57  10  27  11  18  12  74  13  33  14  67  15  49  16  70  17  18  18  39  19  39 
  0  23   1  76   2  20   3  77   4  70   5  42   6  36   7  61   8  14   9  54  10  28  11  16  12  73  13  30  14  68  15  47  16  69  17  18  18  35  19  32 
  0  22   1  75   2  22   3  75   4  70   5  41   6  39   7  63   8  14   9  56  10  27  11  18  12  72  13  32  14  67  15  47  16  69  17  21  18  36  19  34 
  0  21   1  75   2  24   3  75   4  71   5  41   6  38   7  61   8  15   9  58  10  30  11  15  12  72  13  27  14  68  15  46  16  67  17  18  18  35  19  33 
  0  22   1  74   2  23   3  76   4  65   5  41   6  36   7  61   8  14   9  54  10  24  11  16  12  72  13  28  14  65  15  43  16  65  17  18  18  31  19  35 
  0  21   1  74   2  22   3  75   4  64   5  41   6  36   7  59   8  14   9  56  10  24  11  15  12  74  13  24  14  62  15  46  16  66  17  17  18  32  19  31 
  0  20   1  73   2  23   3  72   4  68   5  38   6  38   7  60   8  14   9  57  10  25  11  15  12  72  13  27  14  63  15  43  16  66  17  18  18  33  19  30 


