
 20  20

  0  31   1  57   2  67   3  14   4  47   5  24   6  70   7  36   8  12   9  26  10  84  11  33  12  51  13  17  14  63  15  40  16  68  17  56  18  17  19  82 
  0  33   1  58   2  67   3  14   4  48   5  26   6  74   7  37   8  14   9  27  10  87  11  35  12  52  13  20  14  65  15  46  16  71  17  58  18  21  19  82 
  0  33   1  57   2  66   3  17   4  44   5  24   6  75   7  38   8  12   9  23  10  84  11  33  12  53  13  20  14  63  15  45  16  69  17  59  18  18  19  83 
  0  30   1  60   2  66   3  13   4  47   5  24   6  75   7  36   8  12   9  26  10  88  11  36  12  53  13  17  14  62  15  44  16  68  17  58  18  19  19  82 
  0  34   1  58   2  69   3  17   4  47   5  28   6  74   7  38   8  14   9  28  10  89  11  35  12  58  13  21  14  62  15  45  16  69  17  58  18  22  19  84 
  0  29   1  60   2  67   3  16   4  45   5  25   6  73   7  36   8  12   9  26  10  86  11  35  12  51  13  17  14  63  15  42  16  71  17  56  18  19  19  83 
  0  33   1  58   2  67   3  18   4  47   5  27   6  75   7  38   8  14   9  25  10  86  11  35  12  52  13  21  14  63  15  45  16  69  17  60  18  20  19  85 
  0  35   1  59   2  68   3  16   4  45   5  29   6  73   7  38   8  12   9  26  10  85  11  37  12  57  13  17  14  64  15  45  16  68  17  58  18  22  19  85 
  0  37   1  63   2  69   3  19   4  50   5  29   6  73   7  38   8  13   9  25  10  90  11  36  12  58  13  20  14  64  15  48  16  70  17  59  18  26  19  83 
  0  29   1  60   2  67   3  12   4  46   5  25   6  72   7  36   8  12   9  25  10  84  11  33  12  53  13  19  14  64  15  40  16  71  17  57  18  17  19  83 
  0  32   1  57   2  69   3  13   4  46   5  28   6  72   7  36   8  12   9  23  10  88  11  33  12  55  13  18  14  65  15  44  16  71  17  55  18  22  19  82 
  0  29   1  57   2  64   3  13   4  44   5  23   6  70   7  37   8  14   9  23  10  84  11  33  12  50  13  17  14  63  15  40  16  69  17  55  18  20  19  82 
  0  32   1  57   2  66   3  12   4  44   5  25   6  70   7  37   8  12   9  23  10  87  11  36  12  50  13  17  14  62  15  42  16  68  17  57  18  17  19  83 
  0  38   1  63   2  69   3  21   4  50   5  27   6  76   7  36   8  13   9  29  10  90  11  37  12  59  13  20  14  65  15  48  16  72  17  61  18  25  19  85 
  0  33   1  58   2  66   3  14   4  47   5  25   6  74   7  36   8  14   9  24  10  85  11  33  12  52  13  17  14  64  15  41  16  70  17  57  18  22  19  85 
  0  35   1  61   2  67   3  18   4  46   5  26   6  74   7  36   8  12   9  27  10  86  11  35  12  54  13  21  14  62  15  43  16  72  17  60  18  22  19  86 
  0  36   1  62   2  71   3  21   4  48   5  29   6  76   7  38   8  13   9  29  10  90  11  36  12  58  13  21  14  66  15  49  16  70  17  59  18  24  19  85 
  0  31   1  57   2  64   3  12   4  46   5  24   6  70   7  36   8  12   9  25  10  86  11  33  12  52  13  17  14  62  15  42  16  68  17  55  18  17  19  82 
  0  36   1  63   2  72   3  21   4  49   5  31   6  77   7  38   8  13   9  28  10  88  11  37  12  58  13  21  14  66  15  50  16  72  17  61  18  27  19  85 
  0  35   1  60   2  66   3  18   4  48   5  27   6  75   7  36   8  12   9  25  10  87  11  35  12  55  13  20  14  66  15  42  16  71  17  55  18  22  19  85 


