
 20  20

  0   7   1  34   2  19   3  20   4  45   5  65   6  75   7  33   8  84   9  13  10  56  11  26  12  42  13  83  14  87  15  68  16  50  17  31  18  32  19  39 
  0   8   1  35   2  19   3  19   4  44   5  66   6  75   7  32   8  83   9  11  10  56  11  26  12  40  13  84  14  88  15  68  16  49  17  31  18  32  19  42 
  0   8   1  37   2  19   3  16   4  45   5  66   6  77   7  35   8  83   9  11  10  57  11  24  12  40  13  84  14  88  15  68  16  49  17  30  18  33  19  42 
  0  13   1  38   2  22   3  19   4  46   5  64   6  76   7  36   8  84   9  11  10  60  11  25  12  43  13  85  14  86  15  70  16  48  17  31  18  32  19  44 
  0   5   1  34   2  20   3  16   4  42   5  64   6  74   7  30   8  79   9  11  10  57  11  22  12  38  13  79  14  84  15  70  16  49  17  27  18  33  19  39 
  0   6   1  34   2  19   3  19   4  42   5  66   6  73   7  31   8  82   9  11  10  57  11  25  12  40  13  81  14  85  15  70  16  48  17  27  18  32  19  41 
  0  10   1  37   2  20   3  19   4  42   5  64   6  77   7  35   8  80   9  11  10  57  11  26  12  43  13  82  14  84  15  70  16  50  17  31  18  34  19  40 
  0   6   1  34   2  21   3  18   4  42   5  65   6  74   7  30   8  79   9  12  10  56  11  24  12  41  13  81  14  85  15  68  16  50  17  27  18  32  19  41 
  0  12   1  38   2  25   3  19   4  45   5  66   6  77   7  37   8  87   9  11  10  61  11  30  12  47  13  87  14  88  15  70  16  50  17  31  18  34  19  45 
  0  13   1  37   2  23   3  19   4  44   5  64   6  76   7  34   8  86   9  12  10  58  11  26  12  44  13  82  14  86  15  70  16  48  17  31  18  33  19  43 
  0   8   1  34   2  21   3  16   4  43   5  65   6  74   7  30   8  81   9  11  10  57  11  25  12  40  13  80  14  87  15  68  16  49  17  29  18  34  19  41 
  0   5   1  36   2  22   3  19   4  44   5  64   6  73   7  31   8  79   9  12  10  55  11  24  12  38  13  79  14  85  15  68  16  50  17  29  18  32  19  38 
  0   7   1  36   2  23   3  18   4  42   5  66   6  77   7  36   8  84   9  13  10  59  11  25  12  42  13  81  14  85  15  70  16  49  17  31  18  34  19  41 
  0   8   1  36   2  22   3  16   4  42   5  66   6  73   7  30   8  81   9  11  10  56  11  22  12  41  13  80  14  84  15  68  16  49  17  27  18  32  19  38 
  0  11   1  36   2  25   3  20   4  46   5  64   6  79   7  39   8  82   9  13  10  58  11  25  12  47  13  86  14  85  15  68  16  48  17  30  18  34  19  45 
  0   6   1  34   2  20   3  18   4  45   5  64   6  75   7  34   8  79   9  13  10  55  11  26  12  41  13  81  14  84  15  68  16  48  17  29  18  32  19  39 
  0   7   1  34   2  22   3  17   4  43   5  66   6  73   7  33   8  79   9  11  10  57  11  22  12  39  13  81  14  87  15  68  16  48  17  28  18  32  19  41 
  0  15   1  35   2  23   3  20   4  43   5  66   6  76   7  39   8  86   9  11  10  59  11  27  12  47  13  87  14  88  15  68  16  49  17  30  18  33  19  46 
  0   7   1  35   2  21   3  16   4  42   5  65   6  73   7  30   8  79   9  12  10  55  11  22  12  38  13  80  14  84  15  68  16  48  17  27  18  32  19  38 
  0  12   1  38   2  23   3  17   4  45   5  65   6  77   7  40   8  86   9  12  10  59  11  26  12  44  13  84  14  85  15  68  16  50  17  32  18  34  19  46 


