
 20  20

  0  87   1  36   2  54   3  99   4  87   5  22   6  65   7  97   8  62   9  37  10  44  11  34  12  52  13  64  14  82  15  43  16  76  17  44  18  89  19  88 
  0  81   1  38   2  48   3  94   4  83   5  20   6  65   7  92   8  58   9  37  10  36  11  29  12  48  13  60  14  74  15  37  16  74  17  40  18  85  19  87 
  0  87   1  40   2  54   3  99   4  89   5  21   6  65   7  98   8  60   9  40  10  45  11  37  12  57  13  64  14  83  15  44  16  78  17  47  18  91  19  91 
  0  89   1  40   2  54   3  99   4  86   5  22   6  65   7  98   8  62   9  40  10  46  11  34  12  56  13  64  14  84  15  44  16  79  17  48  18  91  19  90 
  0  84   1  40   2  54   3  99   4  88   5  22   6  63   7  97   8  61   9  38  10  44  11  33  12  57  13  64  14  80  15  46  16  77  17  48  18  90  19  88 
  0  79   1  39   2  50   3  94   4  86   5  20   6  63   7  93   8  58   9  38  10  36  11  32  12  48  13  60  14  75  15  39  16  76  17  44  18  85  19  89 
  0  88   1  40   2  54   3  99   4  89   5  22   6  63   7  96   8  61   9  41  10  46  11  37  12  58  13  64  14  84  15  47  16  80  17  46  18  90  19  91 
  0  84   1  38   2  52   3  99   4  88   5  20   6  65   7  97   8  59   9  39  10  44  11  37  12  57  13  64  14  79  15  46  16  76  17  44  18  89  19  88 
  0  89   1  40   2  52   3  98   4  88   5  20   6  65   7  96   8  59   9  41  10  44  11  37  12  55  13  63  14  81  15  43  16  79  17  47  18  89  19  90 
  0  79   1  39   2  48   3  97   4  85   5  20   6  64   7  93   8  57   9  37  10  39  11  33  12  50  13  61  14  75  15  41  16  75  17  40  18  86  19  89 
  0  84   1  38   2  52   3  99   4  86   5  20   6  64   7  95   8  62   9  37  10  42  11  36  12  56  13  64  14  83  15  43  16  77  17  44  18  91  19  91 
  0  82   1  39   2  50   3  97   4  86   5  22   6  63   7  95   8  56   9  36  10  40  11  31  12  52  13  60  14  78  15  41  16  76  17  40  18  86  19  89 
  0  82   1  39   2  50   3  97   4  83   5  21   6  65   7  95   8  57   9  36  10  42  11  33  12  53  13  63  14  76  15  40  16  76  17  41  18  88  19  87 
  0  86   1  38   2  53   3  98   4  86   5  20   6  63   7  93   8  61   9  38  10  41  11  35  12  55  13  63  14  82  15  42  16  76  17  44  18  90  19  88 
  0  83   1  38   2  51   3  98   4  85   5  21   6  65   7  94   8  58   9  38  10  40  11  30  12  50  13  60  14  75  15  39  16  75  17  40  18  85  19  87 
  0  82   1  36   2  48   3  96   4  83   5  22   6  63   7  92   8  56   9  35  10  38  11  32  12  49  13  60  14  74  15  37  16  76  17  43  18  85  19  87 
  0  89   1  40   2  54   3  98   4  89   5  22   6  64   7  98   8  62   9  39  10  43  11  35  12  55  13  62  14  84  15  47  16  79  17  44  18  88  19  89 
  0  84   1  36   2  50   3  98   4  85   5  20   6  63   7  93   8  60   9  35  10  40  11  31  12  51  13  60  14  77  15  39  16  77  17  44  18  88  19  90 
  0  84   1  37   2  54   3  99   4  88   5  21   6  63   7  95   8  61   9  39  10  45  11  36  12  53  13  63  14  79  15  43  16  76  17  46  18  88  19  88 
  0  85   1  39   2  53   3  98   4  85   5  20   6  64   7  96   8  60   9  39  10  41  11  33  12  51  13  64  14  80  15  43  16  76  17  44  18  90  19  87 


