
 20  20

  0  34   1  64   2  92   3  96   4  60   5  22   6  59   7  45   8  29   9  86  10  99  11  54  12  71  13  78  14  88  15  42  16  30  17  71  18  64  19  99 
  0  36   1  62   2  89   3  95   4  56   5  24   6  57   7  46   8  31   9  87  10  99  11  54  12  70  13  78  14  89  15  38  16  26  17  71  18  62  19  93 
  0  38   1  63   2  90   3  94   4  60   5  24   6  59   7  48   8  29   9  86  10  98  11  54  12  71  13  80  14  92  15  41  16  30  17  69  18  64  19  99 
  0  33   1  60   2  88   3  96   4  57   5  24   6  57   7  46   8  31   9  87  10  99  11  54  12  71  13  77  14  90  15  41  16  28  17  70  18  63  19  97 
  0  29   1  58   2  84   3  94   4  56   5  19   6  58   7  47   8  30   9  84  10  95  11  53  12  69  13  73  14  85  15  38  16  24  17  69  18  64  19  90 
  0  35   1  63   2  89   3  95   4  58   5  25   6  59   7  47   8  30   9  84  10  97  11  52  12  71  13  78  14  89  15  42  16  28  17  68  18  64  19  97 
  0  32   1  60   2  85   3  94   4  56   5  22   6  55   7  45   8  30   9  82  10  97  11  52  12  68  13  74  14  87  15  40  16  27  17  71  18  62  19  93 
  0  38   1  64   2  90   3  94   4  60   5  23   6  58   7  48   8  29   9  87  10  99  11  52  12  71  13  80  14  91  15  40  16  30  17  71  18  62  19  99 
  0  32   1  59   2  89   3  92   4  58   5  24   6  59   7  45   8  30   9  83  10  95  11  54  12  69  13  76  14  88  15  38  16  27  17  67  18  64  19  94 
  0  37   1  61   2  90   3  96   4  57   5  25   6  56   7  45   8  30   9  85  10  97  11  54  12  71  13  77  14  87  15  42  16  29  17  69  18  64  19  97 
  0  37   1  61   2  89   3  94   4  59   5  25   6  58   7  46   8  30   9  88  10  99  11  54  12  71  13  80  14  92  15  42  16  28  17  71  18  63  19  97 
  0  36   1  64   2  92   3  96   4  60   5  25   6  59   7  46   8  29   9  88  10  99  11  54  12  71  13  79  14  90  15  42  16  30  17  69  18  64  19  99 
  0  31   1  55   2  86   3  94   4  58   5  20   6  56   7  47   8  29   9  84  10  96  11  54  12  67  13  75  14  85  15  38  16  23  17  69  18  62  19  93 
  0  34   1  62   2  91   3  95   4  57   5  25   6  58   7  47   8  29   9  84  10  99  11  53  12  69  13  78  14  90  15  41  16  28  17  69  18  64  19  99 
  0  30   1  56   2  83   3  95   4  56   5  21   6  57   7  44   8  30   9  81  10  97  11  52  12  69  13  76  14  84  15  40  16  26  17  70  18  64  19  90 
  0  36   1  59   2  88   3  95   4  57   5  23   6  55   7  44   8  30   9  83  10  95  11  52  12  71  13  76  14  89  15  41  16  27  17  70  18  62  19  97 
  0  36   1  60   2  89   3  96   4  60   5  23   6  59   7  47   8  31   9  87  10  98  11  54  12  69  13  80  14  88  15  42  16  27  17  69  18  64  19  95 
  0  28   1  54   2  85   3  94   4  57   5  20   6  57   7  45   8  29   9  84  10  92  11  54  12  67  13  72  14  86  15  41  16  23  17  67  18  62  19  89 
  0  34   1  60   2  86   3  94   4  56   5  23   6  59   7  47   8  29   9  85  10  94  11  54  12  67  13  73  14  88  15  40  16  27  17  68  18  62  19  91 
  0  32   1  59   2  83   3  94   4  54   5  19   6  56   7  47   8  31   9  84  10  93  11  54  12  70  13  76  14  85  15  38  16  24  17  67  18  64  19  94 


