
 20  20

  0  88   1  84   2  88   3  47   4  57   5  68   6  88   7  33   8  68   9  24  10  72  11  20  12  36  13  23  14  86  15  82  16  20  17  53  18  39  19  62 
  0  89   1  83   2  92   3  50   4  60   5  68   6  92   7  36   8  71   9  30  10  76  11  23  12  39  13  25  14  90  15  83  16  24  17  53  18  40  19  66 
  0  84   1  80   2  87   3  48   4  51   5  64   6  86   7  33   8  69   9  26  10  70  11  16  12  37  13  25  14  89  15  82  16  18  17  51  18  38  19  61 
  0  84   1  80   2  86   3  48   4  51   5  65   6  90   7  30   8  65   9  23  10  72  11  18  12  36  13  25  14  88  15  81  16  21  17  52  18  36  19  60 
  0  83   1  79   2  84   3  45   4  50   5  65   6  85   7  30   8  65   9  23  10  68  11  13  12  35  13  22  14  86  15  81  16  16  17  51  18  36  19  60 
  0  89   1  81   2  90   3  48   4  57   5  68   6  88   7  35   8  68   9  29  10  72  11  21  12  38  13  28  14  87  15  79  16  24  17  49  18  40  19  61 
  0  90   1  84   2  91   3  49   4  56   5  68   6  92   7  33   8  67   9  26  10  76  11  20  12  39  13  25  14  89  15  81  16  24  17  52  18  40  19  62 
  0  84   1  78   2  86   3  47   4  50   5  64   6  85   7  30   8  65   9  24  10  69  11  16  12  37  13  23  14  86  15  79  16  19  17  50  18  37  19  58 
  0  89   1  85   2  92   3  52   4  57   5  68   6  93   7  36   8  70   9  31  10  74  11  20  12  39  13  28  14  88  15  83  16  24  17  52  18  39  19  67 
  0  89   1  84   2  91   3  51   4  59   5  68   6  90   7  36   8  70   9  31  10  73  11  22  12  39  13  28  14  90  15  81  16  24  17  53  18  40  19  65 
  0  92   1  86   2  88   3  49   4  57   5  65   6  90   7  35   8  69   9  27  10  76  11  19  12  37  13  25  14  90  15  82  16  26  17  50  18  38  19  65 
  0  86   1  79   2  88   3  47   4  54   5  64   6  86   7  34   8  65   9  25  10  69  11  15  12  35  13  25  14  88  15  79  16  21  17  52  18  38  19  62 
  0  89   1  85   2  91   3  50   4  54   5  67   6  91   7  32   8  68   9  29  10  73  11  20  12  37  13  26  14  90  15  80  16  20  17  51  18  38  19  63 
  0  86   1  85   2  90   3  52   4  56   5  67   6  89   7  35   8  68   9  27  10  74  11  17  12  35  13  28  14  89  15  80  16  20  17  50  18  39  19  63 
  0  91   1  86   2  92   3  53   4  58   5  66   6  93   7  36   8  69   9  31  10  76  11  22  12  38  13  28  14  90  15  83  16  25  17  52  18  40  19  65 
  0  91   1  83   2  88   3  52   4  59   5  65   6  91   7  32   8  71   9  30  10  75  11  18  12  38  13  25  14  90  15  83  16  24  17  52  18  39  19  64 
  0  90   1  86   2  90   3  53   4  58   5  68   6  93   7  35   8  69   9  29  10  73  11  23  12  38  13  26  14  90  15  81  16  24  17  51  18  40  19  65 
  0  91   1  86   2  92   3  52   4  58   5  65   6  92   7  34   8  69   9  30  10  75  11  22  12  36  13  28  14  89  15  80  16  23  17  53  18  40  19  64 
  0  90   1  82   2  88   3  50   4  57   5  68   6  88   7  33   8  67   9  29  10  74  11  22  12  36  13  27  14  90  15  83  16  22  17  53  18  40  19  66 
  0  84   1  83   2  86   3  46   4  55   5  66   6  86   7  32   8  67   9  23  10  72  11  17  12  36  13  23  14  86  15  79  16  17  17  49  18  36  19  59 


