
 20  20

  0  56   1  36   2  27   3  64   4  29   5  75   6  76   7  30   8  16   9  47  10  12  11  32  12  60  13  35  14  15  15  17  16   6  17  56  18  43  19  17 
  0  60   1  37   2  33   3  67   4  32   5  77   6  77   7  33   8  20   9  47  10  14  11  36  12  60  13  39  14  17  15  16  16   6  17  60  18  43  19  19 
  0  66   1  41   2  35   3  70   4  31   5  77   6  84   7  38   8  24   9  47  10  19  11  37  12  60  13  39  14  22  15  16  16   9  17  63  18  47  19  19 
  0  57   1  36   2  27   3  63   4  30   5  75   6  75   7  32   8  18   9  49  10  10  11  33  12  58  13  35  14  16  15  17  16   5  17  55  18  45  19  17 
  0  58   1  40   2  29   3  64   4  29   5  76   6  77   7  35   8  17   9  47  10  14  11  37  12  58  13  38  14  16  15  18  16   9  17  60  18  45  19  19 
  0  62   1  38   2  32   3  67   4  31   5  76   6  77   7  35   8  17   9  49  10  13  11  36  12  58  13  38  14  17  15  17  16   5  17  56  18  47  19  19 
  0  57   1  38   2  27   3  62   4  32   5  76   6  77   7  30   8  19   9  47  10  13  11  33  12  58  13  36  14  16  15  16  16   6  17  56  18  43  19  19 
  0  61   1  38   2  31   3  64   4  31   5  77   6  78   7  36   8  20   9  48  10  15  11  37  12  58  13  36  14  16  15  18  16  10  17  58  18  43  19  18 
  0  62   1  38   2  29   3  66   4  32   5  77   6  80   7  35   8  22   9  49  10  14  11  37  12  59  13  37  14  18  15  16  16   7  17  57  18  46  19  17 
  0  56   1  36   2  30   3  62   4  30   5  75   6  75   7  32   8  19   9  48  10  12  11  35  12  60  13  35  14  16  15  16  16   7  17  56  18  46  19  17 
  0  58   1  41   2  31   3  67   4  32   5  77   6  77   7  32   8  20   9  47  10  14  11  37  12  59  13  38  14  16  15  18  16   7  17  58  18  44  19  17 
  0  63   1  39   2  35   3  70   4  32   5  76   6  81   7  36   8  24   9  48  10  20  11  40  12  60  13  39  14  21  15  16  16  10  17  60  18  47  19  18 
  0  62   1  39   2  31   3  68   4  30   5  75   6  81   7  33   8  20   9  47  10  14  11  34  12  59  13  35  14  18  15  17  16   8  17  58  18  46  19  18 
  0  58   1  37   2  27   3  62   4  29   5  75   6  74   7  30   8  16   9  47  10  10  11  34  12  59  13  35  14  14  15  17  16   6  17  55  18  45  19  17 
  0  62   1  39   2  33   3  67   4  30   5  77   6  79   7  37   8  23   9  49  10  15  11  35  12  58  13  38  14  17  15  17  16  11  17  58  18  44  19  18 
  0  56   1  36   2  28   3  64   4  30   5  76   6  77   7  33   8  16   9  48  10  10  11  32  12  58  13  35  14  14  15  17  16   7  17  55  18  43  19  17 
  0  62   1  41   2  35   3  70   4  33   5  75   6  83   7  35   8  24   9  49  10  19  11  38  12  60  13  39  14  19  15  18  16  11  17  62  18  45  19  17 
  0  59   1  36   2  29   3  63   4  29   5  75   6  75   7  31   8  16   9  49  10  10  11  32  12  58  13  35  14  15  15  16  16   6  17  55  18  45  19  18 
  0  61   1  40   2  33   3  65   4  33   5  77   6  80   7  36   8  22   9  49  10  13  11  37  12  60  13  37  14  18  15  16  16   8  17  61  18  47  19  17 
  0  63   1  39   2  31   3  68   4  32   5  75   6  78   7  33   8  20   9  47  10  17  11  35  12  60  13  39  14  20  15  17  16  10  17  62  18  44  19  19 


