
 20  20

  0  22   1  54   2  76   3   8   4  12   5  50   6  19   7  14   8  14   9  46  10  24  11  54  12  33  13  52  14   5  15  56  16   2  17  49  18  11  19  70 
  0  20   1  52   2  78   3   9   4  15   5  50   6  21   7  14   8  15   9  46  10  25  11  52  12  30  13  55  14   4  15  56  16   3  17  52  18  15  19  74 
  0  29   1  52   2  84   3   8   4  16   5  53   6  23   7  12   8  20   9  46  10  26  11  53  12  33  13  56  14   5  15  58  16   4  17  52  18  17  19  78 
  0  25   1  55   2  81   3  10   4  14   5  52   6  19   7  12   8  15   9  48  10  22  11  55  12  30  13  55  14   3  15  58  16   4  17  53  18  17  19  71 
  0  22   1  53   2  80   3   9   4  13   5  48   6  22   7  13   8  15   9  46  10  23  11  51  12  30  13  52  14   3  15  57  16   3  17  49  18  15  19  71 
  0  26   1  51   2  82   3   8   4  13   5  51   6  21   7  13   8  20   9  46  10  22  11  57  12  30  13  53  14   4  15  58  16   4  17  54  18  18  19  75 
  0  25   1  55   2  84   3   8   4  15   5  51   6  21   7  13   8  18   9  47  10  26  11  56  12  33  13  54  14   3  15  56  16   2  17  51  18  18  19  74 
  0  23   1  51   2  80   3   8   4  12   5  51   6  20   7  13   8  13   9  46  10  25  11  53  12  31  13  53  14   3  15  56  16   2  17  50  18  13  19  70 
  0  23   1  55   2  79   3   8   4  15   5  51   6  19   7  12   8  15   9  46  10  22  11  53  12  31  13  52  14   4  15  58  16   3  17  53  18  16  19  74 
  0  21   1  51   2  79   3   8   4  12   5  48   6  19   7  14   8  15   9  46  10  23  11  53  12  32  13  54  14   3  15  56  16   4  17  51  18  13  19  71 
  0  23   1  55   2  82   3   8   4  16   5  52   6  19   7  12   8  17   9  46  10  26  11  51  12  32  13  56  14   5  15  56  16   4  17  50  18  17  19  74 
  0  27   1  52   2  82   3   8   4  16   5  52   6  21   7  12   8  19   9  46  10  24  11  55  12  33  13  54  14   4  15  57  16   3  17  53  18  17  19  76 
  0  27   1  52   2  80   3  10   4  12   5  49   6  19   7  14   8  15   9  48  10  26  11  53  12  32  13  56  14   3  15  56  16   3  17  52  18  16  19  76 
  0  27   1  54   2  80   3   8   4  12   5  53   6  21   7  12   8  17   9  46  10  22  11  56  12  34  13  55  14   5  15  56  16   3  17  51  18  14  19  74 
  0  20   1  51   2  78   3   9   4  12   5  49   6  21   7  13   8  12   9  46  10  24  11  52  12  31  13  54  14   3  15  57  16   2  17  49  18  14  19  71 
  0  25   1  52   2  83   3   8   4  15   5  49   6  19   7  14   8  16   9  46  10  26  11  52  12  34  13  55  14   3  15  58  16   2  17  53  18  14  19  76 
  0  26   1  54   2  80   3  10   4  13   5  54   6  21   7  13   8  20   9  47  10  25  11  55  12  34  13  56  14   3  15  57  16   4  17  55  18  19  19  76 
  0  24   1  51   2  83   3  10   4  13   5  52   6  22   7  14   8  16   9  46  10  23  11  54  12  30  13  54  14   3  15  58  16   2  17  54  18  18  19  74 
  0  29   1  55   2  86   3   8   4  14   5  54   6  23   7  14   8  19   9  47  10  26  11  57  12  34  13  56  14   4  15  57  16   4  17  55  18  19  19  77 
  0  25   1  55   2  81   3  10   4  13   5  50   6  22   7  12   8  18   9  48  10  23  11  53  12  30  13  54  14   4  15  56  16   3  17  50  18  14  19  71 


