
 20  20

  0  75   1  78   2  34   3  47   4  58   5  53   6  40   7  60   8  29   9  17  10  65  11  27  12  11  13  62  14  79  15  76  16  29  17  50  18  47  19  12 
  0  71   1  76   2  29   3  41   4  50   5  52   6  39   7  58   8  31   9  10  10  60  11  24  12   7  13  58  14  75  15  68  16  23  17  44  18  43  19   6 
  0  74   1  80   2  32   3  47   4  57   5  53   6  40   7  59   8  29   9  13  10  66  11  25  12   8  13  58  14  78  15  72  16  30  17  46  18  44  19  10 
  0  71   1  79   2  28   3  43   4  52   5  49   6  41   7  58   8  30   9  12  10  59  11  24  12   9  13  60  14  74  15  69  16  23  17  41  18  43  19   9 
  0  75   1  77   2  30   3  47   4  55   5  53   6  40   7  58   8  30   9  13  10  65  11  28  12   9  13  60  14  76  15  73  16  30  17  46  18  46  19  10 
  0  72   1  76   2  33   3  45   4  53   5  52   6  41   7  60   8  30   9  15  10  62  11  25  12   8  13  58  14  79  15  73  16  27  17  44  18  44  19  10 
  0  75   1  77   2  31   3  43   4  55   5  50   6  39   7  60   8  29   9  12  10  65  11  26  12  11  13  59  14  77  15  71  16  29  17  45  18  44  19  11 
  0  75   1  79   2  31   3  45   4  58   5  53   6  41   7  59   8  31   9  17  10  67  11  28  12  11  13  62  14  81  15  73  16  31  17  50  18  47  19  10 
  0  72   1  80   2  33   3  43   4  54   5  50   6  41   7  60   8  30   9  15  10  63  11  27  12   8  13  60  14  79  15  73  16  30  17  47  18  46  19   9 
  0  77   1  78   2  34   3  48   4  58   5  51   6  41   7  60   8  30   9  17  10  67  11  28  12  11  13  62  14  80  15  76  16  31  17  50  18  46  19  11 
  0  73   1  79   2  33   3  44   4  56   5  50   6  41   7  60   8  30   9  15  10  64  11  28  12   8  13  61  14  80  15  72  16  27  17  50  18  47  19  12 
  0  68   1  78   2  29   3  40   4  51   5  51   6  39   7  58   8  29   9   9  10  59  11  26  12   7  13  57  14  72  15  66  16  23  17  42  18  43  19   6 
  0  75   1  78   2  34   3  46   4  56   5  51   6  39   7  60   8  30   9  14  10  67  11  28  12  11  13  60  14  81  15  75  16  30  17  48  18  47  19  10 
  0  76   1  80   2  32   3  46   4  57   5  53   6  40   7  59   8  31   9  17  10  67  11  25  12  10  13  61  14  81  15  74  16  29  17  49  18  47  19   9 
  0  72   1  78   2  33   3  42   4  52   5  52   6  40   7  59   8  31   9  14  10  62  11  27  12   9  13  59  14  77  15  72  16  25  17  44  18  44  19  10 
  0  74   1  77   2  30   3  41   4  52   5  49   6  41   7  60   8  29   9  11  10  64  11  24  12   7  13  59  14  76  15  69  16  24  17  45  18  45  19   8 
  0  69   1  78   2  28   3  40   4  49   5  52   6  41   7  59   8  29   9  10  10  61  11  24  12   9  13  56  14  76  15  71  16  25  17  42  18  44  19   7 
  0  75   1  80   2  32   3  44   4  53   5  51   6  41   7  58   8  31   9  12  10  63  11  26  12  10  13  62  14  76  15  71  16  27  17  44  18  46  19  12 
  0  75   1  80   2  33   3  46   4  58   5  51   6  41   7  58   8  31   9  17  10  65  11  28  12   8  13  62  14  77  15  76  16  30  17  48  18  45  19   9 
  0  70   1  79   2  30   3  41   4  51   5  52   6  40   7  58   8  30   9  11  10  60  11  26  12  10  13  56  14  75  15  68  16  23  17  41  18  46  19   9 


