
 20  20

  0  77   1  31   2  62   3  89   4  53   5  45   6  92   7  73   8  62   9  57  10  58  11  51  12  30  13  19  14  17  15  55  16  86  17  34  18  83  19  79 
  0  78   1  30   2  64   3  94   4  54   5  44   6  93   7  73   8  64   9  56  10  62  11  52  12  31  13  17  14  19  15  58  16  88  17  39  18  84  19  81 
  0  72   1  30   2  60   3  88   4  51   5  45   6  88   7  70   8  62   9  57  10  53  11  52  12  29  13  15  14  17  15  50  16  86  17  34  18  83  19  79 
  0  78   1  32   2  65   3  94   4  52   5  45   6  93   7  73   8  64   9  58  10  62  11  51  12  32  13  19  14  22  15  57  16  90  17  39  18  83  19  82 
  0  72   1  29   2  60   3  86   4  52   5  43   6  87   7  69   8  60   9  58  10  55  11  53  12  28  13  15  14  18  15  51  16  89  17  35  18  81  19  80 
  0  75   1  29   2  63   3  88   4  52   5  43   6  91   7  71   8  64   9  58  10  58  11  51  12  32  13  18  14  17  15  56  16  89  17  33  18  81  19  80 
  0  73   1  28   2  62   3  86   4  51   5  43   6  88   7  70   8  63   9  56  10  52  11  52  12  28  13  18  14  15  15  49  16  87  17  32  18  81  19  78 
  0  70   1  28   2  60   3  89   4  52   5  44   6  86   7  71   8  60   9  56  10  54  11  53  12  29  13  15  14  15  15  51  16  86  17  32  18  81  19  79 
  0  74   1  30   2  61   3  90   4  51   5  45   6  92   7  71   8  63   9  58  10  60  11  52  12  31  13  19  14  18  15  56  16  89  17  34  18  84  19  82 
  0  70   1  28   2  61   3  86   4  50   5  43   6  86   7  67   8  62   9  56  10  52  11  52  12  30  13  16  14  17  15  48  16  86  17  34  18  80  19  77 
  0  78   1  29   2  63   3  92   4  54   5  44   6  90   7  71   8  63   9  56  10  58  11  53  12  30  13  16  14  21  15  57  16  88  17  36  18  84  19  81 
  0  78   1  31   2  66   3  93   4  53   5  44   6  91   7  71   8  64   9  58  10  58  11  51  12  29  13  16  14  22  15  58  16  89  17  36  18  84  19  80 
  0  76   1  32   2  63   3  90   4  51   5  45   6  92   7  73   8  62   9  58  10  58  11  51  12  29  13  18  14  20  15  57  16  90  17  39  18  81  19  81 
  0  73   1  29   2  60   3  89   4  52   5  43   6  86   7  67   8  60   9  58  10  56  11  53  12  30  13  15  14  16  15  53  16  86  17  35  18  81  19  76 
  0  69   1  29   2  63   3  84   4  50   5  43   6  87   7  67   8  62   9  57  10  52  11  51  12  29  13  16  14  17  15  51  16  88  17  33  18  83  19  77 
  0  71   1  29   2  62   3  84   4  50   5  44   6  87   7  70   8  62   9  57  10  52  11  52  12  28  13  15  14  14  15  51  16  86  17  34  18  82  19  75 
  0  72   1  32   2  63   3  87   4  54   5  45   6  89   7  71   8  61   9  58  10  55  11  52  12  31  13  16  14  18  15  54  16  90  17  36  18  83  19  79 
  0  76   1  30   2  64   3  91   4  51   5  43   6  93   7  70   8  64   9  58  10  58  11  52  12  32  13  18  14  19  15  55  16  90  17  38  18  82  19  79 
  0  76   1  30   2  66   3  91   4  52   5  43   6  91   7  69   8  63   9  56  10  58  11  51  12  30  13  17  14  18  15  57  16  88  17  37  18  81  19  80 
  0  74   1  32   2  63   3  90   4  53   5  45   6  88   7  72   8  61   9  56  10  55  11  52  12  30  13  17  14  17  15  54  16  90  17  36  18  83  19  79 


