
 20  20

  0  52   1  77   2  50   3  11   4  17   5  18   6  18   7  15   8  27   9  63  10  55  11  66  12  45  13  73  14  62  15  36  16  27  17  83  18   7  19  37 
  0  45   1  77   2  49   3   3   4  13   5  10   6  20   7  14   8  26   9  61  10  52  11  60  12  41  13  68  14  60  15  28  16  21  17  78  18   3  19  35 
  0  50   1  78   2  50   3   6   4  16   5  13   6  21   7  15   8  24   9  60  10  54  11  66  12  45  13  71  14  61  15  34  16  26  17  81  18   8  19  38 
  0  47   1  76   2  49   3   4   4  14   5  10   6  18   7  16   8  25   9  58  10  52  11  59  12  41  13  64  14  62  15  31  16  24  17  79  18   4  19  36 
  0  51   1  78   2  48   3  10   4  17   5  14   6  21   7  16   8  25   9  60  10  54  11  66  12  45  13  72  14  60  15  32  16  24  17  82  18   6  19  37 
  0  49   1  79   2  50   3  11   4  18   5  18   6  21   7  17   8  27   9  64  10  56  11  66  12  45  13  72  14  60  15  35  16  24  17  82  18   9  19  36 
  0  53   1  79   2  50   3   9   4  19   5  17   6  20   7  16   8  24   9  62  10  55  11  65  12  45  13  73  14  61  15  34  16  25  17  81  18   9  19  39 
  0  52   1  76   2  49   3   6   4  19   5  13   6  17   7  14   8  24   9  60  10  54  11  66  12  43  13  72  14  60  15  33  16  26  17  82  18   4  19  39 
  0  47   1  75   2  50   3   4   4  13   5  13   6  17   7  14   8  23   9  59  10  54  11  59  12  42  13  64  14  60  15  29  16  24  17  77  18   3  19  35 
  0  51   1  78   2  48   3   9   4  18   5  15   6  21   7  18   8  26   9  63  10  55  11  65  12  42  13  71  14  61  15  35  16  26  17  83  18   6  19  38 
  0  48   1  78   2  48   3   9   4  18   5  12   6  21   7  15   8  25   9  59  10  52  11  63  12  45  13  67  14  62  15  33  16  22  17  81  18   7  19  35 
  0  50   1  78   2  49   3   9   4  15   5  15   6  18   7  15   8  23   9  64  10  52  11  66  12  43  13  69  14  62  15  35  16  24  17  79  18   7  19  36 
  0  48   1  78   2  48   3   4   4  13   5  10   6  17   7  16   8  23   9  59  10  55  11  62  12  44  13  65  14  60  15  33  16  22  17  79  18   5  19  38 
  0  47   1  76   2  48   3   5   4  15   5   9   6  20   7  14   8  23   9  60  10  52  11  59  12  43  13  66  14  60  15  32  16  22  17  77  18   4  19  38 
  0  53   1  76   2  48   3   7   4  16   5  19   6  21   7  18   8  27   9  63  10  55  11  67  12  45  13  71  14  62  15  37  16  26  17  81  18   5  19  38 
  0  53   1  79   2  50   3   8   4  17   5  15   6  21   7  15   8  25   9  64  10  56  11  67  12  44  13  70  14  61  15  37  16  27  17  83  18   7  19  38 
  0  45   1  75   2  50   3   7   4  13   5  12   6  20   7  14   8  26   9  58  10  53  11  59  12  44  13  65  14  62  15  30  16  22  17  80  18   4  19  35 
  0  50   1  76   2  50   3   6   4  15   5  16   6  21   7  16   8  25   9  64  10  54  11  67  12  42  13  71  14  61  15  35  16  27  17  83  18   4  19  36 
  0  52   1  79   2  50   3   7   4  18   5  18   6  21   7  18   8  24   9  64  10  55  11  67  12  43  13  73  14  61  15  34  16  27  17  80  18   5  19  39 
  0  53   1  79   2  50   3  11   4  19   5  19   6  20   7  18   8  27   9  62  10  56  11  66  12  45  13  74  14  61  15  38  16  27  17  83  18   8  19  39 


