
 20  20

  0   5   1  29   2  55   3  11   4  10   5  73   6   6   7  64   8  53   9  30  10  84  11  45  12  67  13  73  14  24  15  24  16   6  17  23  18  26  19  39 
  0   7   1  31   2  52   3  15   4  12   5  76   6   5   7  62   8  54   9  29  10  82  11  47  12  66  13  74  14  26  15  25  16   8  17  24  18  23  19  39 
  0  10   1  27   2  53   3  14   4  15   5  77   6   4   7  62   8  57   9  30  10  84  11  46  12  70  13  73  14  27  15  25  16   9  17  25  18  23  19  39 
  0   9   1  28   2  55   3  15   4   9   5  78   6   3   7  62   8  55   9  28  10  82  11  45  12  66  13  74  14  24  15  24  16   6  17  24  18  26  19  41 
  0  12   1  28   2  56   3  16   4  13   5  79   6   4   7  64   8  59   9  28  10  87  11  47  12  72  13  76  14  29  15  26  16   9  17  25  18  24  19  41 
  0   8   1  27   2  56   3  14   4  11   5  73   6   6   7  62   8  52   9  30  10  80  11  45  12  68  13  69  14  25  15  22  16   5  17  23  18  22  19  41 
  0  13   1  30   2  56   3  18   4  16   5  79   6   7   7  62   8  56   9  30  10  88  11  46  12  72  13  76  14  28  15  30  16   7  17  23  18  26  19  41 
  0  11   1  29   2  56   3  16   4  13   5  79   6   5   7  64   8  56   9  30  10  85  11  47  12  72  13  76  14  29  15  26  16   8  17  23  18  23  19  41 
  0   4   1  29   2  52   3  12   4  10   5  76   6   3   7  62   8  51   9  30  10  82  11  45  12  65  13  72  14  25  15  21  16   6  17  24  18  24  19  40 
  0  10   1  29   2  55   3  18   4  13   5  78   6   7   7  64   8  56   9  30  10  86  11  47  12  72  13  75  14  29  15  29  16   7  17  25  18  24  19  39 
  0   6   1  27   2  54   3  10   4   7   5  73   6   5   7  63   8  49   9  28  10  79  11  47  12  63  13  69  14  22  15  20  16   4  17  23  18  22  19  40 
  0   9   1  30   2  55   3  17   4  15   5  77   6   6   7  64   8  56   9  30  10  84  11  47  12  71  13  76  14  30  15  26  16   7  17  25  18  26  19  40 
  0   8   1  29   2  56   3  13   4  10   5  79   6   7   7  64   8  57   9  28  10  86  11  47  12  70  13  71  14  27  15  28  16   9  17  23  18  26  19  41 
  0  11   1  30   2  56   3  15   4  14   5  75   6   4   7  64   8  55   9  30  10  87  11  45  12  70  13  72  14  26  15  27  16   6  17  25  18  26  19  39 
  0  10   1  31   2  56   3  16   4  15   5  77   6   5   7  64   8  59   9  28  10  88  11  47  12  72  13  74  14  30  15  30  16   9  17  25  18  24  19  41 
  0   5   1  28   2  52   3  12   4   6   5  74   6   4   7  62   8  51   9  30  10  78  11  45  12  63  13  71  14  22  15  23  16   5  17  25  18  22  19  39 
  0   8   1  30   2  55   3  15   4  11   5  79   6   6   7  62   8  57   9  30  10  82  11  47  12  69  13  74  14  25  15  26  16   8  17  23  18  22  19  40 
  0  11   1  29   2  56   3  16   4  14   5  79   6   5   7  63   8  57   9  29  10  87  11  45  12  71  13  76  14  30  15  28  16   7  17  25  18  24  19  41 
  0  10   1  30   2  56   3  18   4  16   5  78   6   5   7  64   8  59   9  28  10  87  11  46  12  70  13  74  14  30  15  27  16   7  17  24  18  26  19  41 
  0  13   1  29   2  55   3  18   4  16   5  79   6   7   7  64   8  57   9  29  10  88  11  46  12  69  13  76  14  30  15  27  16   7  17  23  18  25  19  41 


