
 20  20

  0  88   1  14   2  31   3  33   4  30   5  31   6  47   7  49   8  59   9  27  10  35  11  71  12  13  13   8  14  18  15  55  16  12  17  76  18  69  19  52 
  0  83   1  12   2  31   3  30   4  29   5  29   6  44   7  49   8  60   9  26  10  36  11  68  12  14  13   7  14  15  15  55  16  15  17  77  18  71  19  50 
  0  87   1  17   2  31   3  32   4  35   5  30   6  46   7  50   8  63   9  27  10  37  11  71  12  14  13  10  14  18  15  54  16  14  17  76  18  72  19  52 
  0  86   1  15   2  30   3  30   4  30   5  29   6  44   7  46   8  63   9  26  10  37  11  70  12  14  13   9  14  18  15  54  16  12  17  74  18  68  19  52 
  0  85   1  15   2  31   3  33   4  34   5  32   6  45   7  48   8  61   9  27  10  36  11  70  12  14  13   7  14  19  15  53  16  13  17  78  18  69  19  50 
  0  88   1  15   2  33   3  32   4  32   5  31   6  49   7  50   8  60   9  30  10  37  11  69  12  12  13   9  14  19  15  53  16  15  17  75  18  72  19  51 
  0  89   1  17   2  35   3  33   4  34   5  31   6  48   7  47   8  60   9  31  10  43  11  73  12  14  13  12  14  20  15  55  16  15  17  81  18  72  19  51 
  0  87   1  14   2  32   3  32   4  31   5  33   6  46   7  49   8  60   9  29  10  37  11  72  12  14  13  10  14  16  15  53  16  15  17  78  18  69  19  52 
  0  84   1  13   2  26   3  30   4  28   5  29   6  45   7  47   8  59   9  26  10  34  11  68  12  12  13   8  14  17  15  53  16  13  17  76  18  68  19  51 
  0  89   1  18   2  36   3  34   4  36   5  33   6  49   7  49   8  61   9  33  10  41  11  73  12  12  13  10  14  19  15  55  16  15  17  78  18  71  19  52 
  0  89   1  15   2  33   3  30   4  35   5  30   6  47   7  46   8  62   9  26  10  39  11  71  12  14  13   8  14  17  15  55  16  15  17  76  18  69  19  50 
  0  88   1  16   2  31   3  32   4  33   5  33   6  46   7  47   8  62   9  27  10  40  11  73  12  12  13   7  14  19  15  53  16  12  17  76  18  68  19  50 
  0  83   1  14   2  26   3  30   4  28   5  29   6  46   7  49   8  61   9  24  10  35  11  66  12  12  13   5  14  14  15  53  16  13  17  76  18  69  19  51 
  0  86   1  12   2  27   3  30   4  31   5  32   6  46   7  48   8  59   9  26  10  34  11  66  12  14  13   6  14  17  15  55  16  12  17  74  18  68  19  52 
  0  91   1  18   2  34   3  34   4  38   5  31   6  49   7  50   8  62   9  33  10  43  11  75  12  14  13  13  14  20  15  54  16  16  17  81  18  70  19  52 
  0  90   1  17   2  36   3  34   4  37   5  32   6  50   7  48   8  63   9  33  10  42  11  73  12  14  13  10  14  20  15  54  16  16  17  81  18  72  19  52 
  0  89   1  16   2  32   3  33   4  35   5  33   6  50   7  50   8  60   9  29  10  39  11  76  12  14  13   9  14  19  15  54  16  16  17  80  18  70  19  52 
  0  86   1  17   2  31   3  33   4  33   5  29   6  47   7  49   8  59   9  25  10  39  11  69  12  12  13  10  14  18  15  53  16  15  17  74  18  70  19  51 
  0  87   1  13   2  27   3  30   4  32   5  29   6  46   7  46   8  62   9  28  10  37  11  69  12  14  13   9  14  15  15  55  16  12  17  75  18  68  19  50 
  0  86   1  15   2  34   3  32   4  35   5  32   6  48   7  49   8  61   9  31  10  38  11  72  12  12  13  10  14  20  15  55  16  12  17  76  18  71  19  50 


