
 20  20

  0  40   1  69   2  79   3  76   4  71   5  31   6  28   7  80   8  48   9  59  10  80  11  19  12  35  13  83  14  25  15  37  16  68  17  85  18  43  19  35 
  0  36   1  67   2  82   3  74   4  72   5  30   6  26   7  79   8  46   9  58  10  77  11  19  12  35  13  81  14  22  15  38  16  67  17  83  18  39  19  35 
  0  37   1  71   2  82   3  78   4  71   5  28   6  27   7  79   8  47   9  60  10  76  11  20  12  33  13  79  14  22  15  37  16  69  17  81  18  42  19  36 
  0  40   1  69   2  83   3  74   4  73   5  31   6  25   7  77   8  48   9  58  10  77  11  19  12  33  13  82  14  24  15  40  16  69  17  83  18  42  19  35 
  0  44   1  73   2  82   3  79   4  73   5  33   6  30   7  81   8  48   9  62  10  80  11  22  12  35  13  84  14  26  15  39  16  70  17  85  18  44  19  37 
  0  41   1  68   2  80   3  77   4  71   5  29   6  28   7  81   8  48   9  58  10  80  11  21  12  33  13  81  14  24  15  37  16  71  17  82  18  39  19  36 
  0  42   1  72   2  83   3  79   4  73   5  32   6  28   7  81   8  47   9  62  10  80  11  22  12  35  13  84  14  28  15  40  16  72  17  85  18  44  19  39 
  0  39   1  71   2  83   3  75   4  72   5  30   6  27   7  78   8  46   9  59  10  79  11  22  12  35  13  82  14  24  15  38  16  70  17  85  18  42  19  39 
  0  44   1  73   2  83   3  78   4  73   5  33   6  30   7  81   8  48   9  61  10  79  11  21  12  35  13  83  14  28  15  40  16  70  17  83  18  42  19  39 
  0  36   1  65   2  79   3  73   4  73   5  29   6  26   7  77   8  48   9  58  10  76  11  20  12  33  13  78  14  20  15  36  16  66  17  79  18  37  19  37 
  0  34   1  66   2  79   3  73   4  71   5  27   6  26   7  78   8  46   9  60  10  76  11  20  12  33  13  79  14  21  15  36  16  67  17  80  18  36  19  37 
  0  35   1  66   2  79   3  76   4  73   5  28   6  26   7  77   8  47   9  58  10  76  11  18  12  33  13  81  14  23  15  36  16  69  17  79  18  36  19  36 
  0  40   1  73   2  83   3  79   4  73   5  30   6  30   7  81   8  48   9  59  10  77  11  19  12  35  13  84  14  28  15  40  16  72  17  82  18  41  19  37 
  0  40   1  71   2  81   3  79   4  71   5  33   6  30   7  80   8  46   9  60  10  79  11  22  12  34  13  84  14  28  15  38  16  69  17  83  18  44  19  36 
  0  42   1  71   2  83   3  75   4  72   5  33   6  28   7  81   8  47   9  60  10  79  11  20  12  33  13  80  14  23  15  37  16  72  17  82  18  41  19  37 
  0  44   1  70   2  83   3  79   4  73   5  33   6  30   7  79   8  48   9  62  10  80  11  21  12  35  13  83  14  28  15  40  16  72  17  85  18  43  19  39 
  0  34   1  65   2  79   3  75   4  71   5  29   6  24   7  79   8  46   9  59  10  76  11  18  12  33  13  80  14  21  15  36  16  68  17  79  18  37  19  35 
  0  35   1  66   2  79   3  77   4  73   5  27   6  27   7  77   8  48   9  58  10  79  11  18  12  35  13  79  14  23  15  38  16  67  17  83  18  39  19  35 
  0  40   1  67   2  81   3  77   4  73   5  28   6  26   7  80   8  47   9  59  10  76  11  19  12  33  13  81  14  24  15  38  16  67  17  82  18  38  19  38 
  0  44   1  70   2  83   3  79   4  72   5  31   6  29   7  79   8  48   9  62  10  80  11  20  12  35  13  84  14  27  15  38  16  69  17  82  18  41  19  38 


