
 20  20

  0  86   1  56   2  85   3  56   4  88   5  67   6  49   7  71   8  87   9  72  10  72  11  67  12  83  13  27  14  46  15  85  16  65  17  13  18  60  19  30 
  0  89   1  59   2  88   3  60   4  89   5  71   6  52   7  72   8  85   9  70  10  78  11  72  12  89  13  27  14  48  15  86  16  68  17  13  18  61  19  31 
  0  88   1  60   2  87   3  56   4  89   5  67   6  51   7  70   8  85   9  70  10  75  11  72  12  85  13  28  14  48  15  85  16  66  17  13  18  60  19  31 
  0  85   1  57   2  87   3  58   4  88   5  67   6  52   7  72   8  88   9  73  10  72  11  68  12  83  13  29  14  47  15  87  16  68  17  13  18  58  19  30 
  0  88   1  59   2  89   3  60   4  89   5  67   6  56   7  74   8  88   9  74  10  76  11  72  12  89  13  27  14  48  15  87  16  69  17  15  18  59  19  30 
  0  90   1  59   2  87   3  58   4  88   5  70   6  55   7  69   8  88   9  70  10  74  11  73  12  87  13  28  14  50  15  85  16  68  17  15  18  58  19  34 
  0  90   1  60   2  89   3  59   4  90   5  67   6  57   7  71   8  87   9  74  10  80  11  72  12  87  13  28  14  48  15  87  16  68  17  13  18  62  19  32 
  0  86   1  58   2  87   3  57   4  88   5  69   6  53   7  71   8  85   9  74  10  76  11  68  12  88  13  26  14  46  15  86  16  65  17  14  18  58  19  30 
  0  86   1  57   2  87   3  60   4  89   5  69   6  49   7  69   8  86   9  73  10  73  11  67  12  84  13  26  14  49  15  85  16  66  17  15  18  58  19  30 
  0  86   1  56   2  85   3  58   4  89   5  68   6  49   7  69   8  87   9  70  10  72  11  67  12  83  13  27  14  48  15  87  16  66  17  13  18  60  19  30 
  0  85   1  56   2  86   3  58   4  90   5  69   6  49   7  69   8  85   9  72  10  72  11  67  12  83  13  26  14  46  15  85  16  66  17  15  18  60  19  30 
  0  89   1  57   2  85   3  61   4  88   5  71   6  56   7  73   8  88   9  75  10  78  11  71  12  88  13  28  14  47  15  87  16  69  17  15  18  59  19  31 
  0  88   1  57   2  89   3  62   4  90   5  70   6  53   7  73   8  89   9  74  10  76  11  71  12  88  13  28  14  49  15  87  16  68  17  15  18  58  19  31 
  0  88   1  57   2  86   3  58   4  90   5  67   6  53   7  71   8  86   9  73  10  75  11  71  12  83  13  27  14  48  15  87  16  67  17  13  18  59  19  30 
  0  91   1  62   2  89   3  63   4  88   5  71   6  54   7  72   8  88   9  76  10  77  11  73  12  91  13  28  14  51  15  87  16  72  17  13  18  62  19  34 
  0  91   1  59   2  89   3  63   4  88   5  69   6  56   7  71   8  87   9  73  10  78  11  76  12  90  13  30  14  52  15  86  16  73  17  13  18  61  19  32 
  0  94   1  62   2  86   3  61   4  88   5  71   6  56   7  74   8  87   9  76  10  81  11  73  12  91  13  32  14  51  15  86  16  74  17  15  18  60  19  33 
  0  85   1  57   2  85   3  59   4  89   5  68   6  49   7  72   8  85   9  72  10  75  11  67  12  83  13  28  14  46  15  85  16  64  17  15  18  59  19  31 
  0  90   1  62   2  87   3  61   4  89   5  69   6  58   7  74   8  89   9  75  10  80  11  77  12  91  13  32  14  52  15  85  16  73  17  14  18  61  19  34 
  0  86   1  57   2  85   3  60   4  89   5  69   6  51   7  69   8  88   9  72  10  74  11  67  12  86  13  26  14  46  15  85  16  67  17  14  18  61  19  32 


