
 20  20

  0  30   1  56   2  23   3  88   4  25   5  45   6  87   7  23   8  39   9  28  10  36  11  72  12  48  13  34  14  31  15  54  16  40  17  62  18  62  19  87 
  0  25   1  51   2  23   3  85   4  23   5  47   6  82   7  25   8  35   9  24  10  32  11  73  12  47  13  33  14  28  15  52  16  35  17  59  18  59  19  83 
  0  21   1  51   2  21   3  84   4  25   5  43   6  79   7  21   8  32   9  25  10  34  11  71  12  44  13  28  14  24  15  50  16  34  17  61  18  53  19  83 
  0  29   1  54   2  26   3  89   4  24   5  45   6  84   7  24   8  40   9  28  10  37  11  75  12  47  13  36  14  31  15  54  16  40  17  63  18  60  19  87 
  0  29   1  56   2  27   3  90   4  25   5  45   6  85   7  24   8  39   9  27  10  35  11  74  12  50  13  37  14  29  15  53  16  37  17  62  18  62  19  85 
  0  23   1  49   2  17   3  84   4  23   5  45   6  78   7  22   8  32   9  24  10  32  11  70  12  44  13  30  14  26  15  48  16  34  17  59  18  53  19  84 
  0  29   1  54   2  24   3  89   4  24   5  44   6  84   7  23   8  39   9  28  10  34  11  73  12  48  13  34  14  29  15  54  16  39  17  60  18  60  19  87 
  0  28   1  54   2  24   3  86   4  25   5  43   6  83   7  23   8  35   9  27  10  34  11  75  12  46  13  34  14  28  15  53  16  36  17  61  18  57  19  85 
  0  25   1  50   2  20   3  85   4  24   5  45   6  83   7  24   8  32   9  24  10  33  11  72  12  47  13  33  14  28  15  52  16  36  17  60  18  56  19  86 
  0  24   1  54   2  23   3  87   4  25   5  47   6  84   7  25   8  37   9  26  10  32  11  72  12  44  13  32  14  29  15  53  16  38  17  60  18  58  19  86 
  0  29   1  54   2  25   3  88   4  23   5  47   6  85   7  25   8  40   9  28  10  34  11  74  12  48  13  34  14  32  15  51  16  39  17  61  18  61  19  87 
  0  25   1  53   2  24   3  88   4  23   5  43   6  84   7  23   8  36   9  27  10  35  11  72  12  45  13  35  14  31  15  54  16  38  17  60  18  58  19  84 
  0  25   1  52   2  22   3  87   4  25   5  47   6  83   7  22   8  35   9  26  10  37  11  72  12  48  13  32  14  31  15  53  16  38  17  62  18  59  19  84 
  0  22   1  53   2  23   3  84   4  23   5  47   6  82   7  23   8  33   9  26  10  32  11  72  12  46  13  31  14  26  15  53  16  36  17  63  18  57  19  87 
  0  24   1  49   2  18   3  82   4  23   5  44   6  80   7  21   8  33   9  24  10  31  11  71  12  44  13  28  14  27  15  49  16  34  17  60  18  55  19  86 
  0  27   1  56   2  21   3  86   4  23   5  47   6  84   7  22   8  37   9  28  10  37  11  75  12  47  13  31  14  29  15  51  16  40  17  63  18  59  19  87 
  0  27   1  54   2  25   3  88   4  25   5  46   6  85   7  22   8  36   9  25  10  33  11  72  12  48  13  34  14  29  15  51  16  38  17  63  18  58  19  84 
  0  26   1  52   2  23   3  85   4  23   5  46   6  81   7  22   8  38   9  26  10  35  11  75  12  46  13  35  14  29  15  54  16  38  17  63  18  57  19  85 
  0  24   1  51   2  22   3  85   4  25   5  45   6  80   7  23   8  37   9  27  10  36  11  72  12  45  13  34  14  29  15  49  16  35  17  59  18  60  19  84 
  0  22   1  49   2  19   3  86   4  24   5  46   6  77   7  21   8  31   9  24  10  31  11  72  12  43  13  30  14  24  15  48  16  34  17  59  18  55  19  83 


