
 20  20

  0  68   1  64   2  86   3  60   4  74   5  84   6  80   7  43   8  35   9   8  10  13  11  50  12  30  13  73  14  63  15  22  16  29  17  17  18  11  19  17 
  0  77   1  66   2  86   3  63   4  74   5  86   6  83   7  47   8  36   9  13  10  19  11  52  12  33  13  77  14  71  15  20  16  35  17  19  18  15  19  20 
  0  71   1  66   2  88   3  59   4  76   5  86   6  83   7  44   8  35   9  13  10  20  11  50  12  31  13  75  14  68  15  22  16  33  17  20  18  15  19  18 
  0  69   1  66   2  88   3  58   4  75   5  84   6  83   7  43   8  36   9  10  10  14  11  50  12  30  13  75  14  63  15  21  16  29  17  19  18  11  19  17 
  0  68   1  64   2  88   3  59   4  76   5  86   6  82   7  43   8  35   9  11  10  14  11  52  12  31  13  77  14  65  15  20  16  32  17  17  18  12  19  17 
  0  73   1  68   2  88   3  61   4  76   5  84   6  84   7  46   8  37   9  15  10  20  11  50  12  35  13  78  14  66  15  22  16  35  17  18  18  12  19  19 
  0  72   1  68   2  87   3  63   4  76   5  86   6  84   7  47   8  36   9  14  10  16  11  52  12  34  13  74  14  65  15  20  16  30  17  21  18  12  19  19 
  0  72   1  65   2  86   3  60   4  76   5  85   6  82   7  43   8  37   9  14  10  20  11  51  12  34  13  78  14  66  15  20  16  34  17  19  18  14  19  17 
  0  72   1  66   2  88   3  59   4  76   5  84   6  81   7  43   8  37   9  13  10  20  11  52  12  35  13  77  14  65  15  22  16  33  17  21  18  15  19  19 
  0  77   1  66   2  87   3  64   4  76   5  85   6  84   7  47   8  38   9  16  10  22  11  51  12  36  13  77  14  70  15  20  16  35  17  21  18  15  19  22 
  0  67   1  64   2  86   3  61   4  75   5  86   6  81   7  43   8  38   9   8  10  14  11  50  12  31  13  73  14  66  15  22  16  29  17  19  18  11  19  16 
  0  77   1  68   2  86   3  63   4  76   5  85   6  81   7  44   8  39   9  16  10  20  11  52  12  34  13  76  14  69  15  21  16  34  17  20  18  15  19  22 
  0  71   1  65   2  87   3  60   4  74   5  84   6  80   7  43   8  39   9  10  10  17  11  50  12  30  13  75  14  65  15  20  16  29  17  20  18  13  19  16 
  0  72   1  64   2  88   3  59   4  75   5  86   6  83   7  43   8  38   9  10  10  15  11  50  12  33  13  73  14  66  15  22  16  31  17  18  18  11  19  19 
  0  73   1  67   2  86   3  60   4  76   5  86   6  84   7  46   8  37   9  14  10  18  11  51  12  32  13  75  14  69  15  21  16  32  17  17  18  11  19  18 
  0  70   1  65   2  88   3  58   4  76   5  86   6  81   7  46   8  35   9  10  10  15  11  52  12  32  13  76  14  65  15  22  16  29  17  17  18  11  19  20 
  0  71   1  65   2  86   3  61   4  74   5  86   6  84   7  43   8  36   9  10  10  19  11  50  12  31  13  76  14  66  15  22  16  30  17  20  18  14  19  21 
  0  67   1  65   2  87   3  58   4  74   5  84   6  80   7  45   8  36   9   9  10  13  11  51  12  30  13  74  14  65  15  20  16  29  17  18  18  11  19  18 
  0  68   1  67   2  87   3  60   4  75   5  86   6  80   7  46   8  37   9  11  10  15  11  52  12  31  13  74  14  66  15  21  16  31  17  18  18  14  19  18 
  0  74   1  68   2  87   3  62   4  76   5  86   6  82   7  45   8  39   9  14  10  20  11  52  12  33  13  79  14  68  15  20  16  34  17  18  18  13  19  19 


