
 20  20

  0  74   1  43   2   8   3  73   4  29   5  11   6  46   7  84   8  58   9  61  10  24  11  29  12  86  13  79  14  31  15  27  16  84  17  64  18  36  19  71 
  0  73   1  45   2   5   3  69   4  32   5  12   6  47   7  87   8  56   9  59  10  21  11  28  12  85  13  79  14  29  15  22  16  82  17  61  18  35  19  66 
  0  76   1  45   2  10   3  72   4  30   5  10   6  49   7  88   8  57   9  61  10  22  11  27  12  87  13  78  14  28  15  27  16  82  17  62  18  35  19  68 
  0  71   1  45   2   4   3  69   4  29   5  10   6  46   7  86   8  56   9  59  10  22  11  26  12  85  13  79  14  24  15  24  16  78  17  61  18  35  19  66 
  0  79   1  43   2  10   3  73   4  31   5  10   6  47   7  88   8  58   9  61  10  24  11  26  12  85  13  82  14  31  15  27  16  82  17  64  18  38  19  71 
  0  74   1  44   2   9   3  72   4  29   5  12   6  49   7  88   8  58   9  61  10  23  11  26  12  86  13  79  14  31  15  28  16  82  17  61  18  36  19  68 
  0  72   1  45   2   7   3  73   4  29   5  10   6  45   7  86   8  58   9  60  10  24  11  26  12  85  13  78  14  29  15  25  16  80  17  63  18  36  19  67 
  0  75   1  43   2   8   3  75   4  33   5  10   6  47   7  85   8  56   9  61  10  24  11  29  12  86  13  79  14  31  15  27  16  82  17  63  18  36  19  74 
  0  80   1  45   2  13   3  75   4  32   5  12   6  50   7  87   8  58   9  61  10  25  11  26  12  87  13  83  14  34  15  28  16  86  17  65  18  38  19  73 
  0  71   1  43   2   6   3  72   4  29   5  10   6  47   7  85   8  58   9  60  10  19  11  25  12  85  13  77  14  27  15  24  16  78  17  61  18  35  19  66 
  0  76   1  44   2   6   3  72   4  31   5  12   6  48   7  84   8  58   9  59  10  21  11  26  12  87  13  78  14  28  15  24  16  79  17  63  18  38  19  71 
  0  70   1  44   2   3   3  71   4  29   5  12   6  45   7  85   8  56   9  61  10  20  11  25  12  85  13  79  14  26  15  25  16  80  17  61  18  35  19  66 
  0  71   1  44   2   6   3  69   4  29   5  12   6  48   7  85   8  57   9  59  10  20  11  26  12  85  13  78  14  29  15  22  16  78  17  61  18  35  19  69 
  0  78   1  45   2  11   3  72   4  33   5  11   6  50   7  86   8  56   9  61  10  26  11  29  12  87  13  82  14  33  15  29  16  83  17  63  18  39  19  74 
  0  70   1  43   2   3   3  71   4  32   5  10   6  45   7  84   8  56   9  61  10  19  11  27  12  86  13  79  14  27  15  22  16  80  17  61  18  38  19  69 
  0  71   1  43   2   5   3  70   4  29   5  12   6  48   7  84   8  58   9  60  10  24  11  28  12  87  13  81  14  27  15  23  16  79  17  61  18  35  19  68 
  0  72   1  44   2   5   3  73   4  33   5  10   6  47   7  84   8  56   9  61  10  22  11  28  12  85  13  81  14  26  15  27  16  82  17  62  18  37  19  67 
  0  75   1  44   2   5   3  72   4  29   5  10   6  46   7  85   8  58   9  61  10  22  11  25  12  87  13  80  14  28  15  23  16  79  17  61  18  38  19  66 
  0  75   1  43   2   8   3  70   4  30   5  11   6  49   7  84   8  57   9  60  10  22  11  28  12  87  13  79  14  27  15  23  16  79  17  61  18  36  19  70 
  0  77   1  44   2  13   3  72   4  33   5  12   6  51   7  85   8  56   9  61  10  28  11  26  12  86  13  83  14  30  15  27  16  82  17  65  18  37  19  71 


