
 20  20

  0  49   1  79   2  70   3  86   4  25   5  86   6  81   7  25   8  42   9  43  10  61  11  81  12  58  13  48  14  84  15  30  16  57  17  88  18  50  19  50 
  0  49   1  75   2  70   3  85   4  26   5  86   6  81   7  24   8  45   9  42  10  62  11  80  12  59  13  48  14  83  15  27  16  58  17  91  18  45  19  46 
  0  45   1  72   2  68   3  82   4  23   5  83   6  79   7  22   8  42   9  36  10  61  11  76  12  54  13  45  14  83  15  26  16  54  17  90  18  44  19  45 
  0  50   1  76   2  70   3  83   4  24   5  84   6  79   7  23   8  45   9  38  10  62  11  80  12  58  13  46  14  84  15  29  16  56  17  91  18  46  19  46 
  0  47   1  74   2  68   3  82   4  27   5  84   6  79   7  23   8  42   9  36  10  61  11  76  12  57  13  46  14  84  15  29  16  57  17  91  18  43  19  43 
  0  45   1  72   2  68   3  84   4  24   5  82   6  81   7  24   8  43   9  36  10  62  11  76  12  54  13  44  14  81  15  29  16  57  17  88  18  43  19  43 
  0  51   1  80   2  70   3  83   4  29   5  89   6  81   7  24   8  46   9  42  10  62  11  81  12  58  13  46  14  87  15  30  16  58  17  91  18  50  19  48 
  0  43   1  73   2  68   3  84   4  23   5  82   6  79   7  22   8  42   9  38  10  62  11  75  12  54  13  44  14  80  15  27  16  54  17  89  18  43  19  42 
  0  43   1  74   2  68   3  85   4  26   5  85   6  80   7  23   8  42   9  36  10  61  11  77  12  54  13  47  14  81  15  28  16  54  17  90  18  43  19  43 
  0  45   1  72   2  70   3  82   4  23   5  85   6  79   7  25   8  43   9  37  10  64  11  76  12  54  13  44  14  83  15  26  16  55  17  89  18  42  19  45 
  0  52   1  82   2  70   3  84   4  29   5  90   6  81   7  28   8  46   9  44  10  64  11  85  12  62  13  49  14  88  15  30  16  62  17  92  18  51  19  51 
  0  47   1  79   2  70   3  83   4  26   5  84   6  81   7  26   8  43   9  39  10  62  11  82  12  56  13  45  14  82  15  26  16  56  17  92  18  48  19  45 
  0  45   1  78   2  68   3  86   4  27   5  87   6  81   7  26   8  44   9  41  10  65  11  80  12  55  13  45  14  84  15  28  16  57  17  89  18  48  19  44 
  0  43   1  72   2  68   3  82   4  26   5  82   6  81   7  23   8  45   9  39  10  61  11  78  12  54  13  44  14  80  15  29  16  54  17  90  18  42  19  42 
  0  49   1  78   2  70   3  86   4  29   5  90   6  81   7  25   8  44   9  42  10  63  11  85  12  59  13  50  14  87  15  28  16  61  17  92  18  51  19  51 
  0  53   1  81   2  70   3  84   4  28   5  89   6  80   7  25   8  46   9  43  10  65  11  84  12  59  13  49  14  88  15  28  16  61  17  92  18  52  19  51 
  0  45   1  76   2  69   3  85   4  25   5  83   6  79   7  22   8  42   9  40  10  61  11  76  12  57  13  48  14  80  15  26  16  56  17  90  18  43  19  47 
  0  51   1  78   2  69   3  85   4  26   5  88   6  80   7  27   8  43   9  44  10  63  11  83  12  61  13  50  14  88  15  30  16  59  17  89  18  48  19  52 
  0  46   1  73   2  69   3  82   4  24   5  85   6  79   7  26   8  44   9  39  10  62  11  79  12  55  13  48  14  84  15  29  16  55  17  90  18  46  19  45 
  0  50   1  82   2  69   3  86   4  29   5  89   6  81   7  26   8  46   9  43  10  63  11  84  12  59  13  50  14  88  15  28  16  60  17  92  18  50  19  49 


