
 20  20

  0  50   1  68   2  30   3  26   4  41   5  52   6  61   7  85   8  35   9  59  10  89  11  14  12  69  13  86  14  55  15  61  16  32  17  53  18  56  19  49 
  0  50   1  68   2  29   3  27   4  41   5  52   6  62   7  82   8  33   9  62  10  88  11  10  12  70  13  89  14  56  15  62  16  31  17  54  18  56  19  48 
  0  46   1  64   2  25   3  24   4  37   5  50   6  59   7  83   8  32   9  60  10  86  11  10  12  69  13  86  14  52  15  62  16  31  17  52  18  53  19  46 
  0  44   1  63   2  22   3  25   4  35   5  45   6  59   7  79   8  30   9  56  10  85  11   6  12  64  13  81  14  48  15  60  16  30  17  52  18  48  19  46 
  0  44   1  65   2  26   3  23   4  35   5  44   6  62   7  81   8  34   9  57  10  86  11   8  12  64  13  81  14  50  15  60  16  30  17  54  18  50  19  48 
  0  49   1  68   2  30   3  27   4  38   5  50   6  61   7  83   8  35   9  62  10  86  11  12  12  67  13  86  14  56  15  62  16  32  17  54  18  56  19  49 
  0  49   1  66   2  29   3  23   4  37   5  48   6  64   7  82   8  32   9  59  10  88  11  10  12  69  13  86  14  51  15  60  16  32  17  52  18  55  19  46 
  0  44   1  63   2  24   3  23   4  38   5  45   6  58   7  81   8  31   9  57  10  86  11   8  12  66  13  85  14  52  15  61  16  32  17  53  18  49  19  48 
  0  43   1  62   2  24   3  23   4  37   5  44   6  58   7  77   8  30   9  56  10  85  11   4  12  64  13  81  14  48  15  61  16  31  17  52  18  50  19  45 
  0  51   1  67   2  29   3  24   4  41   5  50   6  62   7  81   8  35   9  61  10  87  11  13  12  68  13  85  14  55  15  62  16  32  17  53  18  54  19  46 
  0  50   1  66   2  28   3  27   4  39   5  52   6  63   7  85   8  33   9  59  10  86  11  10  12  68  13  89  14  54  15  60  16  31  17  54  18  53  19  48 
  0  49   1  64   2  23   3  25   4  37   5  49   6  59   7  82   8  32   9  58  10  87  11   9  12  65  13  85  14  52  15  61  16  30  17  54  18  50  19  45 
  0  53   1  65   2  29   3  25   4  38   5  49   6  62   7  85   8  36   9  62  10  89  11  11  12  69  13  86  14  56  15  62  16  30  17  54  18  54  19  49 
  0  51   1  64   2  25   3  25   4  39   5  51   6  62   7  84   8  32   9  60  10  88  11   9  12  70  13  84  14  51  15  60  16  31  17  54  18  51  19  48 
  0  52   1  66   2  28   3  27   4  39   5  48   6  61   7  85   8  34   9  61  10  88  11  13  12  70  13  89  14  57  15  60  16  31  17  54  18  56  19  47 
  0  48   1  63   2  25   3  24   4  39   5  51   6  62   7  80   8  33   9  61  10  86  11  10  12  69  13  85  14  51  15  60  16  32  17  54  18  51  19  45 
  0  46   1  65   2  28   3  23   4  40   5  47   6  63   7  83   8  32   9  58  10  87  11  11  12  65  13  85  14  50  15  60  16  32  17  52  18  54  19  49 
  0  45   1  62   2  25   3  25   4  38   5  45   6  59   7  79   8  30   9  58  10  87  11   4  12  64  13  81  14  50  15  60  16  30  17  52  18  48  19  45 
  0  44   1  65   2  22   3  23   4  36   5  44   6  59   7  79   8  30   9  58  10  87  11   4  12  66  13  81  14  51  15  60  16  32  17  52  18  50  19  45 
  0  51   1  66   2  26   3  25   4  40   5  52   6  64   7  82   8  34   9  60  10  89  11  10  12  66  13  87  14  54  15  61  16  31  17  54  18  55  19  46 


