
 20  20

  0  60   1  73   2  97   3  35   4  77   5  30   6  39   7  31   8  33   9  44  10  72  11  73  12  90  13  53  14  32  15  49  16  23  17  64  18  62  19  58 
  0  63   1  75   2  96   3  34   4  77   5  30   6  40   7  30   8  32   9  43  10  73  11  71  12  92  13  56  14  34  15  49  16  22  17  66  18  61  19  58 
  0  53   1  68   2  91   3  35   4  68   5  20   6  32   7  24   8  27   9  35  10  71  11  69  12  91  13  48  14  32  15  51  16  19  17  58  18  55  19  56 
  0  61   1  76   2  95   3  35   4  77   5  28   6  42   7  31   8  32   9  42  10  74  11  73  12  92  13  56  14  34  15  51  16  22  17  65  18  62  19  58 
  0  61   1  71   2  95   3  33   4  71   5  28   6  39   7  27   8  28   9  41  10  74  11  73  12  92  13  55  14  32  15  50  16  22  17  60  18  60  19  58 
  0  59   1  71   2  95   3  34   4  72   5  24   6  36   7  25   8  28   9  41  10  73  11  68  12  90  13  53  14  34  15  49  16  21  17  61  18  58  19  58 
  0  59   1  73   2  93   3  35   4  69   5  25   6  36   7  27   8  28   9  36  10  70  11  68  12  91  13  49  14  32  15  51  16  22  17  62  18  58  19  58 
  0  57   1  72   2  96   3  33   4  74   5  25   6  40   7  30   8  29   9  41  10  74  11  73  12  92  13  52  14  34  15  51  16  22  17  62  18  58  19  56 
  0  57   1  68   2  90   3  35   4  67   5  22   6  33   7  27   8  28   9  35  10  70  11  70  12  92  13  51  14  33  15  50  16  21  17  56  18  55  19  56 
  0  60   1  74   2  96   3  33   4  75   5  29   6  41   7  30   8  30   9  44  10  74  11  70  12  90  13  56  14  34  15  51  16  23  17  65  18  62  19  58 
  0  61   1  74   2  94   3  35   4  76   5  30   6  41   7  29   8  31   9  40  10  71  11  71  12  92  13  54  14  33  15  51  16  20  17  64  18  58  19  58 
  0  61   1  76   2  97   3  35   4  72   5  27   6  38   7  29   8  29   9  40  10  73  11  70  12  90  13  56  14  34  15  50  16  21  17  65  18  62  19  58 
  0  59   1  69   2  90   3  35   4  69   5  22   6  35   7  28   8  29   9  37  10  73  11  71  12  90  13  52  14  33  15  49  16  22  17  58  18  55  19  56 
  0  63   1  74   2  97   3  35   4  74   5  27   6  40   7  31   8  33   9  42  10  72  11  71  12  92  13  56  14  34  15  51  16  23  17  63  18  62  19  58 
  0  61   1  76   2  96   3  35   4  77   5  28   6  41   7  29   8  31   9  44  10  72  11  72  12  92  13  56  14  32  15  51  16  23  17  65  18  60  19  58 
  0  58   1  72   2  93   3  35   4  71   5  27   6  35   7  25   8  28   9  39  10  73  11  71  12  90  13  52  14  32  15  51  16  22  17  62  18  58  19  56 
  0  62   1  72   2  94   3  33   4  76   5  29   6  40   7  26   8  30   9  41  10  74  11  73  12  92  13  53  14  34  15  49  16  21  17  63  18  58  19  58 
  0  59   1  71   2  92   3  33   4  73   5  27   6  41   7  26   8  31   9  40  10  73  11  70  12  92  13  55  14  32  15  50  16  21  17  64  18  61  19  56 
  0  56   1  70   2  89   3  34   4  69   5  22   6  32   7  26   8  25   9  37  10  70  11  68  12  90  13  49  14  32  15  49  16  20  17  57  18  57  19  56 
  0  62   1  73   2  95   3  33   4  72   5  25   6  37   7  28   8  33   9  39  10  71  11  70  12  92  13  55  14  34  15  50  16  23  17  63  18  62  19  57 


