
 20  20

  0  97   1  88   2  74   3  59   4  88   5  43   6  63   7  56   8  66   9  85  10  56  11  76  12  61  13  68  14  70  15  70  16  87  17  56  18  45  19  69 
  0  91   1  86   2  73   3  55   4  87   5  39   6  63   7  53   8  63   9  82  10  51  11  76  12  55  13  67  14  67  15  70  16  87  17  56  18  44  19  67 
  0  99   1  93   2  76   3  59   4  86   5  44   6  65   7  60   8  66   9  86  10  60  11  79  12  64  13  73  14  70  15  72  16  87  17  57  18  46  19  73 
  0  95   1  84   2  75   3  56   4  86   5  41   6  65   7  57   8  61   9  82  10  52  11  74  12  58  13  67  14  67  15  69  16  87  17  57  18  44  19  69 
  0  95   1  91   2  73   3  59   4  86   5  41   6  63   7  57   8  63   9  86  10  56  11  77  12  61  13  68  14  70  15  70  16  89  17  56  18  44  19  68 
  0  93   1  88   2  76   3  59   4  86   5  43   6  63   7  55   8  61   9  85  10  55  11  77  12  59  13  69  14  66  15  71  16  89  17  58  18  44  19  70 
  0  94   1  91   2  75   3  59   4  86   5  40   6  63   7  57   8  65   9  86  10  55  11  76  12  58  13  72  14  69  15  72  16  89  17  56  18  44  19  71 
  0  96   1  87   2  74   3  58   4  86   5  44   6  63   7  56   8  63   9  84  10  56  11  79  12  58  13  69  14  66  15  72  16  89  17  58  18  45  19  71 
  0  93   1  85   2  74   3  57   4  86   5  41   6  65   7  53   8  63   9  84  10  52  11  74  12  57  13  68  14  66  15  71  16  87  17  58  18  45  19  67 
  0  92   1  84   2  72   3  55   4  88   5  41   6  63   7  56   8  63   9  83  10  51  11  75  12  54  13  67  14  68  15  68  16  87  17  57  18  43  19  66 
  0  96   1  89   2  74   3  57   4  88   5  45   6  63   7  58   8  66   9  83  10  59  11  76  12  63  13  72  14  70  15  69  16  89  17  56  18  45  19  70 
  0  98   1  91   2  77   3  60   4  86   5  45   6  64   7  58   8  66   9  86  10  55  11  80  12  62  13  73  14  70  15  72  16  87  17  58  18  44  19  71 
  0  95   1  85   2  73   3  58   4  86   5  39   6  65   7  53   8  62   9  83  10  53  11  75  12  59  13  71  14  67  15  70  16  89  17  57  18  44  19  67 
  0  98   1  94   2  78   3  60   4  86   5  45   6  64   7  61   8  65   9  85  10  58  11  80  12  61  13  73  14  68  15  72  16  88  17  58  18  44  19  73 
  0  94   1  86   2  73   3  55   4  86   5  39   6  65   7  53   8  63   9  84  10  50  11  77  12  54  13  67  14  68  15  68  16  89  17  57  18  42  19  67 
  0  96   1  92   2  76   3  57   4  86   5  42   6  65   7  57   8  66   9  85  10  55  11  77  12  63  13  71  14  70  15  70  16  87  17  57  18  46  19  72 
  0  91   1  84   2  74   3  57   4  86   5  39   6  63   7  56   8  63   9  82  10  50  11  77  12  56  13  67  14  66  15  68  16  89  17  56  18  44  19  66 
  0  94   1  89   2  72   3  55   4  88   5  39   6  65   7  56   8  63   9  83  10  52  11  77  12  60  13  67  14  69  15  68  16  87  17  58  18  43  19  68 
  0  95   1  88   2  75   3  60   4  88   5  41   6  65   7  58   8  64   9  86  10  54  11  77  12  58  13  73  14  67  15  70  16  87  17  58  18  44  19  72 
  0  95   1  89   2  76   3  59   4  86   5  43   6  63   7  55   8  65   9  84  10  52  11  77  12  60  13  69  14  68  15  68  16  88  17  58  18  42  19  71 


