
 20  20

  0  85   1  68   2  64   3  67   4  76   5  19   6  49   7  16   8  72   9  25  10  27  11  40  12  58  13  41  14  78  15  32  16  27  17  22  18  85  19  69 
  0  84   1  67   2  64   3  68   4  75   5  19   6  53   7  17   8  76   9  23  10  24  11  40  12  60  13  41  14  79  15  32  16  27  17  25  18  85  19  72 
  0  81   1  64   2  62   3  65   4  71   5  21   6  47   7  13   8  70   9  21  10  23  11  38  12  58  13  38  14  77  15  27  16  23  17  19  18  81  19  67 
  0  81   1  65   2  62   3  67   4  71   5  20   6  50   7  12   8  70   9  21  10  26  11  38  12  57  13  38  14  77  15  30  16  26  17  21  18  82  19  68 
  0  90   1  72   2  66   3  67   4  79   5  20   6  52   7  21   8  78   9  28  10  28  11  41  12  59  13  42  14  78  15  33  16  31  17  23  18  83  19  74 
  0  89   1  73   2  65   3  68   4  77   5  19   6  52   7  18   8  74   9  28  10  28  11  44  12  59  13  39  14  78  15  29  16  27  17  23  18  85  19  74 
  0  87   1  69   2  66   3  68   4  77   5  19   6  51   7  19   8  74   9  27  10  25  11  43  12  62  13  43  14  77  15  29  16  30  17  22  18  85  19  74 
  0  90   1  70   2  66   3  68   4  80   5  19   6  52   7  18   8  75   9  24  10  29  11  44  12  63  13  42  14  79  15  32  16  27  17  25  18  85  19  73 
  0  90   1  74   2  65   3  65   4  80   5  21   6  53   7  21   8  75   9  28  10  29  11  43  12  61  13  40  14  79  15  30  16  27  17  26  18  85  19  76 
  0  91   1  72   2  65   3  66   4  81   5  21   6  56   7  19   8  76   9  27  10  30  11  45  12  63  13  43  14  78  15  33  16  29  17  24  18  85  19  76 
  0  84   1  65   2  62   3  67   4  72   5  21   6  49   7  15   8  73   9  20  10  22  11  38  12  60  13  40  14  77  15  27  16  23  17  22  18  82  19  66 
  0  81   1  64   2  63   3  64   4  71   5  20   6  46   7  12   8  70   9  20  10  24  11  37  12  59  13  37  14  78  15  27  16  24  17  20  18  81  19  68 
  0  84   1  64   2  63   3  65   4  71   5  20   6  48   7  13   8  73   9  20  10  22  11  37  12  60  13  39  14  77  15  30  16  25  17  21  18  81  19  66 
  0  81   1  64   2  62   3  66   4  71   5  19   6  46   7  13   8  70   9  20  10  22  11  37  12  57  13  37  14  77  15  28  16  25  17  19  18  81  19  66 
  0  91   1  74   2  64   3  67   4  80   5  20   6  56   7  22   8  78   9  28  10  30  11  43  12  61  13  42  14  79  15  33  16  29  17  25  18  85  19  76 
  0  86   1  71   2  64   3  67   4  76   5  21   6  51   7  20   8  76   9  22  10  24  11  43  12  62  13  40  14  78  15  30  16  28  17  21  18  81  19  70 
  0  81   1  64   2  62   3  66   4  71   5  19   6  47   7  12   8  70   9  20  10  22  11  38  12  57  13  38  14  77  15  29  16  24  17  19  18  83  19  67 
  0  82   1  68   2  65   3  64   4  72   5  19   6  47   7  16   8  71   9  22  10  22  11  41  12  57  13  39  14  79  15  28  16  27  17  20  18  81  19  68 
  0  81   1  64   2  62   3  65   4  71   5  19   6  46   7  12   8  70   9  20  10  23  11  37  12  57  13  37  14  78  15  28  16  23  17  21  18  81  19  66 
  0  82   1  65   2  64   3  65   4  73   5  20   6  47   7  12   8  71   9  21  10  22  11  39  12  58  13  39  14  77  15  28  16  25  17  19  18  81  19  67 


