
 20  20

  0  27   1  69   2  45   3  69   4  81   5  14   6  45   7  39   8  29   9  27  10  79  11  49  12  24  13  20  14  37  15  24  16  32  17   9  18  11  19  75 
  0  29   1  66   2  47   3  69   4  82   5  12   6  45   7  40   8  30   9  27  10  82  11  47  12  25  13  21  14  36  15  22  16  34  17  12  18  10  19  77 
  0  23   1  66   2  46   3  68   4  82   5   9   6  39   7  36   8  27   9  30  10  80  11  46  12  22  13  14  14  37  15  22  16  28  17   7  18  10  19  74 
  0  30   1  68   2  47   3  68   4  80   5  11   6  44   7  41   8  32   9  30  10  82  11  48  12  25  13  21  14  35  15  23  16  31  17  13  18  10  19  77 
  0  20   1  62   2  43   3  67   4  80   5   9   6  37   7  36   8  27   9  26  10  79  11  45  12  21  13  13  14  36  15  23  16  27  17   6  18  10  19  74 
  0  30   1  69   2  47   3  67   4  82   5  14   6  44   7  42   8  32   9  28  10  82  11  50  12  24  13  21  14  36  15  23  16  33  17  12  18  11  19  75 
  0  28   1  69   2  46   3  68   4  81   5  14   6  41   7  38   8  32   9  30  10  80  11  48  12  25  13  21  14  37  15  22  16  32  17  11  18  12  19  74 
  0  30   1  69   2  47   3  67   4  82   5  12   6  45   7  42   8  31   9  30  10  80  11  48  12  24  13  21  14  37  15  24  16  34  17  13  18  12  19  77 
  0  24   1  66   2  44   3  68   4  82   5  10   6  42   7  38   8  27   9  26  10  82  11  46  12  25  13  18  14  35  15  24  16  32  17  12  18  10  19  75 
  0  24   1  66   2  43   3  69   4  82   5  12   6  39   7  37   8  30   9  28  10  78  11  45  12  23  13  14  14  37  15  24  16  31  17  11  18  10  19  74 
  0  25   1  65   2  43   3  68   4  82   5  13   6  41   7  35   8  27   9  30  10  81  11  48  12  24  13  15  14  36  15  23  16  29  17   8  18  10  19  75 
  0  30   1  67   2  45   3  69   4  82   5  14   6  45   7  42   8  29   9  28  10  82  11  50  12  23  13  20  14  37  15  24  16  33  17  12  18  12  19  76 
  0  20   1  64   2  45   3  67   4  82   5   9   6  38   7  35   8  26   9  29  10  76  11  44  12  22  13  11  14  35  15  24  16  29  17   5  18  11  19  73 
  0  30   1  69   2  46   3  68   4  82   5  12   6  45   7  42   8  31   9  30  10  82  11  50  12  24  13  19  14  36  15  24  16  33  17  11  18  10  19  76 
  0  23   1  64   2  45   3  67   4  82   5   9   6  37   7  32   8  24   9  26  10  76  11  44  12  22  13  13  14  37  15  24  16  26  17   7  18  11  19  73 
  0  26   1  69   2  47   3  68   4  82   5  14   6  45   7  38   8  32   9  30  10  81  11  47  12  22  13  21  14  37  15  24  16  34  17  13  18  12  19  75 
  0  25   1  67   2  46   3  68   4  82   5  13   6  43   7  37   8  26   9  27  10  79  11  46  12  21  13  15  14  35  15  24  16  30  17   9  18  10  19  77 
  0  21   1  62   2  43   3  67   4  81   5   9   6  39   7  35   8  28   9  27  10  79  11  45  12  20  13  11  14  35  15  24  16  30  17   7  18  11  19  73 
  0  21   1  61   2  43   3  69   4  80   5  10   6  38   7  34   8  26   9  28  10  79  11  42  12  22  13  11  14  35  15  22  16  26  17   8  18  10  19  75 
  0  24   1  64   2  43   3  67   4  81   5  13   6  41   7  36   8  27   9  30  10  80  11  47  12  20  13  18  14  37  15  24  16  29  17   8  18  10  19  73 


