
 20  20

  0  55   1  59   2  51   3  52   4  81   5  62   6  15   7  77   8  14   9  58  10  17  11  74  12  19  13  88  14  81  15  82  16  71  17  23  18  61  19  57 
  0  54   1  59   2  50   3  54   4  80   5  61   6  18   7  79   8  18   9  56  10  17  11  76  12  19  13  89  14  79  15  83  16  69  17  21  18  62  19  58 
  0  58   1  61   2  52   3  54   4  84   5  66   6  17   7  80   8  15   9  59  10  19  11  75  12  21  13  89  14  80  15  84  16  71  17  25  18  61  19  56 
  0  60   1  63   2  52   3  53   4  86   5  66   6  15   7  82   8  19   9  57  10  19  11  76  12  24  13  90  14  81  15  84  16  73  17  23  18  62  19  55 
  0  58   1  62   2  52   3  52   4  84   5  65   6  17   7  81   8  17   9  57  10  17  11  79  12  22  13  90  14  81  15  87  16  75  17  24  18  63  19  59 
  0  53   1  59   2  52   3  52   4  79   5  60   6  15   7  79   8  14   9  56  10  17  11  74  12  20  13  89  14  81  15  82  16  68  17  24  18  60  19  54 
  0  57   1  60   2  52   3  54   4  81   5  62   6  17   7  78   8  14   9  57  10  19  11  76  12  18  13  90  14  79  15  84  16  71  17  24  18  63  19  54 
  0  59   1  61   2  50   3  53   4  89   5  67   6  20   7  86   8  21   9  59  10  19  11  79  12  23  13  88  14  81  15  88  16  73  17  26  18  63  19  60 
  0  56   1  59   2  50   3  52   4  82   5  63   6  14   7  79   8  15   9  55  10  17  11  77  12  17  13  88  14  81  15  82  16  68  17  24  18  63  19  54 
  0  56   1  62   2  50   3  52   4  85   5  63   6  18   7  84   8  17   9  59  10  17  11  77  12  21  13  90  14  81  15  84  16  74  17  24  18  61  19  56 
  0  58   1  63   2  50   3  52   4  83   5  68   6  17   7  83   8  21   9  58  10  17  11  77  12  22  13  90  14  81  15  85  16  75  17  26  18  66  19  56 
  0  57   1  62   2  50   3  52   4  82   5  65   6  15   7  84   8  17   9  59  10  19  11  75  12  20  13  90  14  80  15  83  16  70  17  27  18  63  19  59 
  0  62   1  62   2  52   3  52   4  86   5  69   6  20   7  87   8  19   9  58  10  19  11  80  12  26  13  90  14  81  15  87  16  73  17  27  18  66  19  60 
  0  58   1  63   2  52   3  54   4  85   5  66   6  19   7  80   8  15   9  60  10  18  11  77  12  21  13  89  14  79  15  82  16  73  17  24  18  63  19  59 
  0  63   1  63   2  51   3  54   4  86   5  67   6  20   7  87   8  20   9  62  10  19  11  78  12  24  13  90  14  81  15  88  16  76  17  29  18  65  19  58 
  0  57   1  59   2  52   3  53   4  80   5  61   6  14   7  81   8  17   9  58  10  17  11  77  12  17  13  88  14  79  15  82  16  68  17  23  18  62  19  56 
  0  63   1  60   2  52   3  52   4  87   5  70   6  18   7  87   8  21   9  62  10  19  11  80  12  25  13  90  14  81  15  88  16  75  17  29  18  63  19  59 
  0  62   1  63   2  52   3  54   4  87   5  70   6  18   7  86   8  23   9  62  10  17  11  78  12  27  13  89  14  80  15  90  16  76  17  28  18  64  19  58 
  0  63   1  63   2  52   3  54   4  89   5  68   6  20   7  87   8  23   9  60  10  17  11  80  12  24  13  90  14  80  15  90  16  74  17  29  18  66  19  60 
  0  58   1  63   2  50   3  54   4  87   5  67   6  16   7  82   8  19   9  57  10  19  11  75  12  24  13  88  14  80  15  87  16  75  17  26  18  62  19  58 


