
500  20

  0   7   1  95   2  11   3  90   4  49   5  27   6   6   7  30   8  59   9   4  10  93  11  37  12  81  13  55  14   5  15  88  16  52  17  28  18  89  19  72 
  0  63   1  70   2  54   3  36   4  45   5  90   6  76   7   3   8  95   9  28  10  36  11  59  12  40  13  23  14  15  15  71  16  86  17  71  18  60  19  55 
  0  48   1  63   2  96   3  74   4  67   5  39   6  90   7  50   8  76   9  86  10  82  11  36  12  75  13  65  14  26  15  69  16  71  17  98  18  86  19   3 
  0  89   1  62   2  27   3  52   4  70   5  21   6  45   7  49   8  95   9  34  10  36  11  57  12  87  13  49  14  91  15  50  16  92  17  46  18  55  19  77 
  0  83   1  59   2  96   3  44   4   9   5  94   6   3   7  88   8  76   9  57  10  98  11  97  12  87  13  45  14  47  15  58  16  12  17  56  18  15  19  53 
  0  24   1   8   2  61   3  10   4  85   5  74   6  20   7   4   8  12   9  61  10   2  11  38  12  53  13  50  14  38  15  88  16  66  17  62  18   3  19  54 
  0  58   1  40   2  34   3  94   4  13   5  21   6  75   7   7   8  82   9  20  10  31  11  97  12  50  13   2  14  29  15  52  16  50  17  29  18  52  19  77 
  0   2   1  83   2  81   3  72   4  77   5  55   6  20   7  81   8  10   9  67  10  12  11  26  12  37  13  49  14  71  15  44  16  81  17  76  18  67  19  60 
  0  43   1  64   2  73   3  83   4  62   5  52   6   5   7  98   8  60   9  99  10  52  11  34  12  41  13  42  14  32  15  95  16  69  17  52  18  86  19  18 
  0   4   1  45   2   4   3  44   4  97   5  60   6  36   7  67   8  60   9  13  10  63  11  45  12  38  13  59  14  36  15  29  16  28  17  64  18  97  19  79 
  0  49   1  95   2  34   3  53   4   5   5  24   6   1   7   2   8  94   9  25  10   5  11  14  12  62  13  10  14  85  15  41  16  80  17  89  18  97  19  10 
  0  29   1  12   2  13   3  21   4   8   5  69   6  22   7  58   8   1   9  77  10   8  11  13  12  97  13  38  14  62  15  86  16  66  17  27  18  27  19  73 
  0  71   1  53   2  77   3   9   4  72   5  79   6  86   7  48   8  45   9  41  10  92  11  94  12  57  13   9  14   8  15  84  16  14  17  40  18  73  19  90 
  0  67   1  68   2   2   3   3   4  21   5  78   6   8   7  88   8  44   9  11  10   5  11  22  12  96  13  12  14   5  15  60  16  12  17  95  18  58  19  27 
  0  82   1   2   2   7   3  73   4  74   5  87   6  12   7  55   8  23   9  77  10  60  11  64  12  22  13  56  14  20  15  91  16  74  17  97  18   1  19  58 
  0  83   1  92   2   4   3   8   4  89   5  46   6  16   7   6   8  69   9  12  10  10  11   5  12  39  13   3  14   8  15  23  16  62  17  47  18  76  19  60 
  0  73   1  76   2  77   3  25   4  67   5   5   6  24   7  43   8  13   9  53  10   3  11   2  12  92  13  83  14  85  15  81  16  64  17  85  18  25  19  22 
  0  94   1  57   2  27   3  88   4   8   5  76   6  58   7  15   8  97   9  14  10   3  11  61  12  70  13  31  14  41  15  18  16  16  17  38  18   4  19  20 
  0  11   1  91   2  37   3  67   4  45   5  16   6  10   7  10   8  91   9  15  10  37  11  95  12   6  13  75  14  23  15  64  16  43  17  82  18  20  19  25 
  0  16   1  40   2  64   3  59   4  16   5  68   6  77   7  96   8  53   9  85  10  14  11  38  12  11  13  32  14  64  15  52  16   8  17  66  18  49  19  99 
  0  52   1  25   2  40   3  28   4  51   5  87   6  81   7  71   8  29   9  33  10  16  11  66  12  51  13  48  14   7  15  77  16  59  17  73  18  83  19  37 
  0  33   1   4   2  80   3  65   4  40   5  97   6  15   7  72   8  74   9   6  10   6  11   4  12  12  13  49  14  14  15  44  16  59  17  64  18  46  19  98 
  0  16   1  62   2  50   3  34   4  71   5  22   6  78   7  39   8  22   9  80  10  28  11  61  12  96  13   1  14  28  15  47  16  27  17  22  18  93  19  99 
  0  55   1  56   2  32   3  66   4  83   5  67   6  50   7  95   8   5   9  60  10  72  11  95  12  66  13  87  14  40  15   7  16  64  17  19  18  61  19  50 
  0   4   1   9   2   8   3   7   4  74   5  84   6  29   7  12   8  22   9  80  10  34  11  44  12   1  13   1  14  34  15  51  16  64  17  71  18  89  19  74 
  0  33   1  61   2  73   3  43   4  33   5  39   6  22   7  41   8  79   9  73  10  82  11   1  12  62  13  37  14  46  15  95  16  59  17  63  18  61  19  85 
  0  53   1  37   2  20   3  90   4  95   5   6   6   3   7  67   8  18   9  55  10  55  11  76  12  89  13  51  14  97  15  92  16   2  17  49  18   6  19  63 
  0  66   1  71   2  45   3   6   4  74   5  27   6  95   7  51   8  81   9  92  10  30  11  58  12  78  13  50  14   2  15  89  16  57  17  11  18  82  19  24 
  0  99   1  25   2  61   3  80   4  37   5  45   6  41   7  53   8  66   9  91  10  79  11  78  12  65  13  99  14  42  15   7  16   6  17  24  18  99  19  60 
  0  96   1  17   2  40   3  42   4  62   5  25   6  33   7  21   8  56   9  40  10  88  11  40  12  17  13  52  14   5  15  67  16  41  17  61  18  32  19  31 
  0  25   1   7   2  13   3  27   4  87   5  12   6  77   7  34   8   2   9  75  10  40  11  19  12  64  13  61  14  78  15  91  16  56  17  38  18  62  19  58 
  0  50   1   1   2  17   3  86   4  27   5  88   6  37   7  56   8  95   9  10  10  48  11  41  12  31  13  93  14  82  15  17  16  16  17  49  18  49  19  98 
  0  65   1  48   2  83   3  58   4  67   5  73   6   5   7  92   8  25   9  57  10   9  11  10  12  54  13  67  14  57  15  44  16  63  17  35  18  15  19  72 
  0   3   1  71   2  39   3  26   4  17   5  79   6  84   7  89   8  78   9  75  10  91  11  74  12  14  13  51  14  86  15  48  16  17  17  98  18  76  19  65 
  0  55   1  97   2  54   3  98   4  52   5   5   6  68   7  28   8  62   9  25  10  63  11  96  12  45  13  52  14  51  15  70  16  30  17  54  18  58  19  93 
  0  17   1  62   2  14   3  72   4   9   5  45   6  51   7  62   8  25   9  23  10  95  11  43  12  15  13  43  14  36  15  39  16  35  17  36  18  76  19  38 
  0  44   1  35   2  69   3  43   4  52   5   3   6  73   7  51   8   7   9  86  10  85  11  69  12  53  13  28  14  48  15  25  16  24  17  29  18  66  19  86 
  0   1   1  44   2  16   3  83   4  56   5  86   6  67   7   9   8  55   9  25  10  93  11  11  12  31  13  56  14  55  15  68  16  89  17  21  18  46  19   1 
  0  80   1  72   2  62   3   6   4  57   5  14   6  44   7  73   8  78   9  10  10  31  11   8  12  81  13  63  14  62  15  60  16   9  17  71  18  30  19  15 
  0   3   1  78   2  31   3  15   4  15   5  96   6  62   7  56   8  12   9  37  10  81  11  83  12  98  13  27  14   3  15  56  16  53  17  93  18  13  19  92 
  0  48   1  60   2  24   3  84   4   9   5  47   6  43   7  75   8  28   9   1  10  48  11  70  12  29  13   4  14  72  15  86  16  84  17  68  18  49  19  41 
  0  55   1  94   2  35   3  86   4  59   5  89   6  15   7  98   8  61   9  76  10  75  11  99  12  97  13  10  14  31  15  19  16  77  17  17  18  46  19  71 
  0  37   1   4   2  97   3  60   4  60   5  82   6  24   7  99   8   7   9  71  10  33  11  70  12  57  13  83  14  56  15  83  16   4  17  46  18  67  19  84 
  0  13   1  59   2  65   3  79   4  99   5  87   6  75   7  37   8  34   9   7  10  85  11  81  12  59  13   7  14  94  15   2  16  61  17  64  18  86  19  11 
  0  97   1  54   2  53   3  73   4  78   5  33   6  93   7  47   8  76   9  55  10  53  11  23  12  36  13  51  14  86  15  23  16  72  17  72  18  18  19  31 
  0  16   1  40   2  90   3  88   4   7   5  79   6  59   7  85   8   1   9  41  10   4  11  44  12  87  13  76  14  65  15  89  16  84  17  15  18  68  19  91 
  0  25   1   9   2  28   3  29   4  19   5  87   6  36   7  69   8  50   9   3  10  80  11  11  12  15  13  53  14  12  15  85  16  91  17  74  18  40  19  11 
  0  80   1  37   2   8   3  33   4   6   5  90   6  31   7  45   8  93   9   9  10  48  11  33  12  69  13  71  14   4  15  46  16  38  17  86  18  61  19  95 
  0  16   1  28   2  86   3  54   4  81   5  19   6  91   7  16   8  18   9  48  10  99  11  59  12  94  13  91  14  48  15  91  16  32  17  92  18   1  19  72 
  0  56   1  94   2  59   3  70   4  53   5  68   6  83   7  10   8  53   9  30  10   8  11  85  12  36  13  45  14  14  15   2  16  12  17  75  18  56  19  13 
  0  64   1  59   2  28   3  50   4  42   5  24   6   2   7  99   8  53   9  53  10  23  11  30  12  57  13  87  14  23  15  63  16  42  17  79  18  91  19  54 
  0  72   1  62   2  58   3  80   4  73   5  35   6   5   7  43   8   9   9  54  10  57  11  47  12  91  13  89  14  99  15  66  16  32  17   7  18  71  19  13 
  0   1   1  98   2  28   3  38   4  82   5  82   6  36   7  61   8  67   9  66  10  76  11  78  12  24  13   8  14   2  15  67  16  81  17  79  18   2  19  78 
  0  70   1   3   2   4   3  33   4  40   5  87   6  80   7  37   8  33   9  73  10  61  11  40  12  44  13  40  14  70  15  48  16  97  17  24  18   2  19  19 
  0  18   1  53   2  60   3  23   4  37   5  23   6  49   7  66   8  60   9  29  10  37  11   9  12  39  13  19  14  67  15   1  16  85  17  32  18  58  19  44 
  0  46   1  66   2  59   3  65   4  86   5  10   6  98   7  94   8  70   9  44  10  18  11   4  12  63  13   2  14  54  15  97  16  52  17  92  18  67  19  38 
  0  25   1  89   2  89   3  87   4  96   5  38   6  40   7  25   8  80   9  83  10  85  11  33  12   6  13  60  14  92  15  11  16  22  17  76  18  93  19   1 
  0  84   1  30   2  94   3  61   4  18   5  60   6  60   7  30   8  52   9  98  10  60  11  39  12  68  13  73  14  42  15  29  16  15  17  85  18  80  19   5 
  0  80   1  40   2  69   3  81   4  38   5  86   6  37   7  66   8  40   9   7  10  28  11  60  12  25  13  86  14  77  15  58  16  22  17  34  18  88  19  68 
  0  27   1  42   2  64   3  37   4   2   5   5   6  52   7   5   8  21   9   9  10  83  11  20  12  24  13  75  14  53  15  57  16  37  17  97  18  70  19  49 
  0  54   1  27   2  56   3  70   4  16   5  16   6  33   7  92   8  70   9   6  10  51  11  48  12  87  13   6  14  17  15  82  16  69  17   4  18  47  19  31 
  0  36   1  27   2  92   3  63   4  16   5  96   6  30   7   6   8  80   9  84  10  71  11  53  12  11  13  86  14  28  15   2  16  98  17  34  18  42  19  42 
  0  31   1  92   2  86   3  33   4  28   5  37   6  35   7  73   8  71   9   9  10  79  11  29  12   1  13  61  14   6  15  50  16  92  17  40  18  66  19  23 
  0  59   1  39   2  51   3  66   4  68   5  67   6  45   7  83   8  13   9  59  10  11  11  45  12  85  13  68  14  35  15  33  16  35  17  59  18  99  19  51 
  0  95   1  25   2   8   3  30   4  86   5  98   6  67   7  65   8  29   9  43  10  28  11  45  12   9  13  92  14  56  15  74  16  69  17  97  18  77  19  26 
  0  21   1  23   2  56   3  23   4   9   5  12   6  59   7  60   8   1   9  62  10  17  11  71  12  37  13  39  14  70  15  34  16   8  17  25  18   2  19  16 
  0  10   1  55   2  87   3  99   4  72   5  30   6  57   7  38   8  72   9  27  10  15  11  35  12  60  13  49  14   5  15  42  16  51  17  66  18  14  19  58 
  0  55   1  50   2  67   3   3   4  78   5  12   6  41   7  14   8  47   9  32  10  54  11  97  12  45  13  93  14  75  15  99  16  10  17  40  18  35  19  96 
  0   5   1  10   2  58   3  38   4  61   5  16   6  88   7   2   8  24   9  44  10  34  11  89  12  14  13   6  14  21  15   4  16  35  17  55  18  65  19  69 
  0  71   1  72   2  69   3  20   4  37   5  60   6  40   7  82   8  57   9  93  10  31  11  90  12  18  13  81  14  33  15   2  16  98  17  81  18  28  19  47 
  0  68   1  41   2  26   3  27   4  49   5   2   6  68   7  10   8  63   9  70  10  79  11  88  12  93  13  85  14  49  15  35  16  36  17  77  18  51  19  24 
  0  19   1  72   2   6   3  36   4  31   5  24   6  98   7  70   8  78   9  68  10  47  11  69  12  23  13  17  14  52  15  39  16  55  17  22  18  62  19  61 
  0  47   1  35   2  42   3  47   4  22   5   3   6  20   7  74   8  36   9  69  10  33  11  84  12  59  13  56  14  76  15  18  16  28  17  20  18  94  19  73 
  0  86   1  33   2  97   3  51   4  25   5  59   6  24   7  34   8  17   9  33  10  43  11  48  12  80  13  82  14  44  15  92  16  88  17  87  18   5  19  84 
  0  31   1  60   2  93   3  93   4  49   5  40   6   7   7  12   8  70   9  10  10   4  11  32  12  41  13  69  14  21  15   2  16  56  17  34  18  39  19  67 
  0  74   1  80   2  22   3  55   4  25   5  47   6  63   7  60   8  52   9  51  10  81  11  21  12  41  13  13  14  85  15  16  16  74  17  97  18  32  19  72 
  0  29   1  53   2  67   3  92   4  72   5  64   6  64   7   2   8  21   9  30  10  31  11  82  12  19  13  22  14  87  15  79  16  90  17  42  18  10  19  51 
  0  56   1  31   2   3   3  49   4  41   5  33   6  59   7  79   8  79   9  22  10  48  11  73  12  88  13  20  14  26  15  56  16  47  17  42  18  18  19  38 
  0  29   1  24   2   9   3  34   4  82   5  55   6  15   7  48   8  38   9  11  10  84  11  21  12  20  13  18  14  43  15  41  16   8  17  79  18  38  19  50 
  0  13   1  19   2  65   3   9   4  56   5  99   6  58   7  86   8  54   9  32  10  31  11  78  12  60  13  13  14  36  15  75  16  49  17  77  18  30  19   4 
  0  86   1  35   2  98   3  67   4  88   5  83   6  98   7  37   8  16   9  27  10  20  11  13  12   3  13  86  14  35  15  13  16  31  17  72  18  12  19  10 
  0  93   1  89   2  73   3  12   4  82   5  75   6  53   7  49   8  39   9  82  10  32  11  33  12  72  13   9  14   8  15   9  16  94  17  65  18  71  19  90 
  0  21   1  57   2  41   3  10   4  65   5  60   6  31   7  75   8  36   9  70  10  18  11  38  12  75  13  60  14  96  15  10  16  99  17  33  18  37  19  74 
  0  72   1  33   2  77   3  18   4  14   5  73   6  80   7  45   8  92   9  35  10  75  11  24  12  57  13  70  14  56  15  13  16  25  17  35  18   7  19   4 
  0   7   1  57   2   9   3  23   4  83   5  27   6  77   7  88   8   5   9  32  10  68  11  56  12  44  13   9  14  21  15   1  16  49  17  90  18  87  19  89 
  0  17   1   4   2   3   3  15   4  55   5  13   6  94   7  33   8  69   9   4  10  99  11  34  12  55  13  83  14  93  15  46  16  79  17  93  18  85  19  54 
  0  32   1  83   2  30   3  10   4  12   5  48   6  59   7  14   8  86   9  27  10   4  11  99  12  28  13  95  14  72  15  11  16   5  17   7  18  37  19   3 
  0  46   1  84   2  58   3  92   4  26   5  67   6  15   7  19   8  96   9  25  10  88  11  59  12  46  13  90  14  15  15   6  16  67  17  39  18  19  19  72 
  0  13   1  43   2  78   3  64   4  73   5  77   6  55   7   5   8  10   9  23  10  12  11  94  12  12  13  58  14  95  15  16  16  44  17  34  18  35  19  62 
  0  13   1   6   2  26   3  99   4  68   5  81   6  31   7  42   8  41   9  14  10  18  11  57  12  88  13  76  14  63  15  95  16  38  17  16  18  85  19  68 
  0  55   1  88   2  78   3  77   4  10   5  60   6  87   7  24   8  28   9  17  10  57  11  53  12  71  13  32  14  99  15  48  16  68  17  11  18  38  19   8 
  0  42   1  64   2  59   3   7   4  70   5  91   6  29   7  51   8  32   9  56  10  96  11  82  12  85  13  14  14  88  15   9  16  10  17  81  18  30  19  47 
  0  33   1  69   2   4   3  43   4  36   5  81   6  77   7  84   8  99   9  99  10  55  11  64  12  50  13  45  14  86  15  95  16  80  17  76  18  19  19  17 
  0  48   1  14   2  39   3  43   4  59   5  59   6  22   7  22   8  34   9  70  10  10  11  43  12  62  13  29  14  34  15  85  16  63  17  10  18  70  19  73 
  0  37   1  67   2   6   3  47   4   4   5  70   6  26   7  47   8   4   9  71  10  49  11  62  12  45  13  68  14  93  15  32  16  15  17  15  18  77  19  42 
  0  73   1  35   2  68   3  42   4  83   5  69   6  78   7  28   8   5   9  90  10  49  11  26  12   9  13  84  14  47  15  49  16  41  17  81  18  61  19  41 
  0  87   1  75   2  22   3  91   4  22   5  68   6  88   7  50   8   6   9  65  10  92  11  95  12  96  13  74  14  43  15  35  16  66  17  16  18  28  19   5 
  0  40   1  29   2  98   3  59   4  71   5  72   6  83   7  14   8  90   9  13  10  36  11  59  12  44  13  89  14  54  15  52  16  99  17  58  18  56  19  59 
  0   6   1  29   2  44   3  95   4  95   5  26   6  75   7  97   8  54   9  83  10  13  11  31  12  67  13  15  14   7  15  88  16  53  17  63  18  59  19  96 
  0  45   1  52   2  62   3  80   4  62   5  87   6  87   7  72   8  81   9  35  10  67  11  29  12  40  13  89  14  40  15  33  16  28  17  86  18  63  19  38 
  0  79   1  59   2  15   3  50   4  94   5  39   6  44   7  37   8  60   9  55  10  46  11  78  12  67  13  45  14  70  15  33  16  38  17  49  18  44  19  15 
  0  36   1  92   2  46   3  99   4  57   5  44   6  17   7   6   8  16   9  44  10  26  11  97  12  34  13  16  14  79  15  60  16  22  17  47  18   6  19  41 
  0   5   1  14   2  35   3  90   4  80   5  34   6  89   7  21   8  37   9  71  10   8  11  40  12   5  13  22  14  14  15  48  16  67  17  99  18  18  19  72 
  0  34   1  97   2  72   3  11   4  29   5  93   6  58   7  93   8  10   9  29  10  54  11  51  12  60  13  79  14  41  15  73  16  98  17  47  18   6  19  16 
  0  94   1  38   2  64   3  11   4  29   5  51   6  99   7  25   8  90   9   8  10  24  11  73  12  95  13  69  14  82  15  68  16  19  17  85  18  29  19  56 
  0  61   1  86   2  66   3  90   4  55   5  22   6  91   7  62   8  68   9  15  10  26  11  25  12  18  13   2  14  50  15  23  16  25  17  91  18  79  19  36 
  0  19   1  40   2  48   3  56   4  31   5  70   6  57   7  17   8  12   9  94  10  38  11  17  12  21  13   8  14  44  15  95  16  20  17  32  18  64  19  48 
  0  59   1  38   2  73   3  27   4  39   5  56   6  30   7  86   8  36   9  22  10  39  11  81  12  93  13  77  14   4  15  11  16   5  17   5  18  65  19  50 
  0  47   1  35   2  17   3  21   4  13   5  37   6  70   7  10   8  54   9  45  10  86  11  32  12  55  13  32  14  72  15  85  16  81  17  22  18   3  19  68 
  0  19   1  49   2  71   3  92   4  59   5  48   6  95   7  20   8  75   9  32  10  43  11  24  12  91  13  19  14  61  15  54  16  61  17  29  18  60  19  53 
  0  29   1  29   2  26   3  77   4  22   5  67   6  55   7  29   8  90   9  55  10  98  11  32  12  14  13  30  14  43  15  78  16  43  17  68  18   8  19  49 
  0  80   1  61   2  80   3  55   4  79   5  74   6  53   7  76   8  18   9  76  10  15  11  40  12  86  13  22  14  50  15   6  16  89  17  54  18  63  19  71 
  0  30   1  82   2  30   3  94   4   9   5  28   6  46   7  41   8  26   9  21  10  20  11  27  12  11  13  47  14  31  15   8  16  38  17  90  18  16  19  86 
  0  35   1  42   2  42   3  22   4  39   5  57   6  66   7  22   8  91   9  16  10  58  11  70  12  66  13  16  14  24  15   9  16  45  17  49  18   9  19  61 
  0  41   1  88   2  66   3  69   4  25   5  63   6  72   7  93   8  39   9   9  10  56  11  21  12  83  13  49  14  74  15  68  16  70  17  91  18  65  19  80 
  0  41   1  45   2  21   3  30   4  71   5  32   6  90   7  26   8  87   9  19  10  71  11   3  12  19  13   7  14  27  15  89  16  34  17  37  18  26  19   3 
  0  60   1  54   2   4   3  77   4  49   5   5   6  14   7  74   8  27   9  93  10  58  11  59  12  92  13  54  14  78  15  44  16  92  17  97  18  17  19  22 
  0  57   1  84   2  47   3  85   4  42   5  11   6  58   7   4   8  81   9  15  10  79  11  51  12  88  13  38  14  47  15  16  16  50  17   1  18  67  19  60 
  0  94   1  38   2  35   3  48   4  34   5  87   6  44   7  58   8  78   9  57  10  44  11  11  12  66  13  87  14  32  15  68  16  16  17  18  18  39  19  60 
  0  36   1  63   2  97   3  82   4  80   5  87   6  65   7  23   8  84   9  18  10  96  11   6  12  23  13  99  14  72  15  18  16  84  17  99  18  59  19  47 
  0  68   1  15   2  95   3  96   4  68   5   1   6  28   7  25   8  53   9  53  10  89  11  51  12   8  13  23  14  23  15  58  16  10  17  33  18  79  19  32 
  0   2   1  30   2  55   3  58   4  89   5  73   6  36   7  71   8  85   9  56  10  78  11  97  12  63  13  44  14  64  15  93  16  82  17  87  18  23  19  33 
  0  95   1  38   2  77   3  27   4  57   5  37   6  85   7  77   8  49   9  44  10  35  11  98  12  17  13   8  14  81  15  83  16  74  17  74  18  70  19  93 
  0  98   1  86   2  59   3  46   4  36   5  91   6  58   7  96   8  29   9  41  10  74  11  44  12   8  13  11  14  59  15  37  16  25  17  15  18  70  19  71 
  0  66   1  76   2  15   3  73   4  31   5  56   6   2   7   2   8  55   9  99  10  84  11  20  12  96  13  51  14  45  15  65  16  82  17  37  18  34  19   7 
  0  65   1  19   2  95   3   5   4  41   5  61   6  76   7   1   8  75   9  39  10   6  11  13  12  59  13  12  14  53  15  16  16  54  17  76  18  60  19  10 
  0  87   1  95   2  24   3  38   4  57   5   7   6  81   7  70   8  45   9  14  10  43  11  21  12  78  13  82  14  26  15  22  16  99  17  74  18  12  19  94 
  0  62   1  19   2  12   3  21   4  76   5  49   6  16   7  61   8  40   9  95  10  12  11   8  12  18  13  11  14  14  15   6  16  31  17  76  18  65  19  62 
  0  81   1  89   2   3   3   9   4  30   5  84   6  39   7  99   8  56   9  68  10  35  11   3  12  10  13   1  14  14  15  70  16  33  17  34  18  12  19  13 
  0  54   1   1   2  16   3  67   4  38   5  88   6  14   7  46   8  95   9  71  10  73  11  29  12  43  13  48  14  93  15  58  16  74  17  32  18  88  19  49 
  0  67   1  67   2  76   3  82   4  33   5  52   6  82   7   8   8  23   9  39  10  88  11  38  12  22  13  98  14   4  15  10  16  68  17  35  18  83  19  45 
  0  93   1  34   2  48   3  68   4  17   5  57   6  78   7  61   8  24   9   1  10   6  11  14  12  56  13  19  14  36  15  61  16  61  17  64  18  24  19  26 
  0   8   1  20   2  69   3  50   4  24   5  77   6   2   7  18   8  44   9  96  10  37  11  67  12  86  13  87  14  60  15  34  16  75  17  26  18  66  19  16 
  0  36   1  28   2  56   3  52   4  35   5  58   6  84   7  28   8  60   9  54  10  80  11  80  12  78  13  41  14  60  15   9  16  85  17   1  18  59  19  68 
  0  28   1  77   2  31   3  67   4  90   5  13   6  26   7  21   8  12   9  28  10  65  11  23  12  89  13   5  14  91  15  61  16  84  17  95  18   4  19  58 
  0  74   1  93   2  95   3  16   4  23   5  28   6  69   7  24   8  42   9  90  10  21  11  49  12  98  13  70  14  92  15  59  16  74  17  78  18  50  19  81 
  0  13   1  98   2  33   3  11   4  54   5  39   6  31   7  75   8   5   9  65  10  66  11  16  12  93  13  52  14  29  15  16  16  67  17  53  18  64  19  93 
  0  54   1  85   2  96   3  30   4  57   5   6   6  37   7  44   8  80   9  67  10  40  11  81  12  68  13   6  14  38  15  18  16  85  17  56  18  70  19  31 
  0  95   1  98   2  98   3  91   4   1   5  14   6  75   7  62   8  29   9  49  10   7  11  93  12  55  13  35  14  19  15  49  16  41  17  38  18  16  19  21 
  0  47   1  59   2  54   3  74   4  32   5  96   6  44   7  68   8  30   9  74  10  64  11  68  12  25  13  47  14  11  15  72  16  29  17  74  18  43  19   8 
  0  23   1   9   2  25   3  14   4  27   5  86   6  77   7  32   8   5   9  54  10  36  11  26  12   2  13  93  14  39  15  93  16  59  17  26  18  67  19  10 
  0  37   1  94   2  28   3  96   4  25   5   4   6  75   7  61   8  12   9  19  10   4  11  67  12   3  13  32  14  95  15  10  16  26  17  14  18  73  19  78 
  0  74   1  64   2  94   3  60   4  44   5  47   6   5   7  58   8  96   9  84  10  22  11  22  12  59  13  23  14  10  15  28  16  54  17  43  18  54  19  24 
  0  24   1  54   2  91   3  21   4  23   5  78   6  62   7  90   8  83   9  94  10  48  11  34  12  83  13   8  14  61  15  45  16   8  17  79  18   5  19  29 
  0  40   1  67   2  62   3  22   4  51   5  29   6  67   7  49   8  44   9  51  10  39  11  19  12  40  13  93  14  63  15  28  16  54  17  38  18  74  19  97 
  0  39   1  70   2  85   3  62   4  67   5  76   6  51   7  79   8  78   9   3  10  67  11  99  12  64  13  24  14  10  15   2  16  27  17  48  18  66  19   4 
  0  16   1  10   2   3   3  42   4  35   5   5   6  61   7  53   8  45   9  20  10  24  11  95  12  91  13  51  14  15  15  98  16  22  17  96  18  93  19  72 
  0  14   1  85   2  61   3  16   4  64   5  49   6  47   7  61   8  21   9  38  10  49  11  64  12  80  13  17  14  61  15  39  16  45  17  22  18  50  19  51 
  0  47   1   4   2   3   3  37   4  59   5  10   6   5   7  43   8  88   9  92  10  44  11  79  12  80  13  32  14  90  15  40  16  97  17  48  18  33  19  14 
  0  88   1  62   2  90   3  20   4  92   5  10   6   2   7  33   8  78   9  37  10  55  11  66  12   8  13  63  14  16  15  53  16  84  17  81  18   3  19  85 
  0  94   1   4   2  87   3  33   4  72   5  52   6  30   7  27   8  65   9  12  10  82  11  71  12  13  13  96  14   3  15  60  16  87  17  16  18  79  19  40 
  0  53   1  24   2  31   3  74   4   4   5  21   6  94   7  20   8  21   9  73  10   6  11  61  12  79  13  21  14  70  15  56  16  89  17  46  18  48  19  49 
  0  56   1  98   2  13   3  91   4  47   5  37   6  68   7  84   8  52   9  84  10  11  11   9  12  54  13  67  14  11  15  97  16   2  17  11  18  13  19  59 
  0  53   1  46   2  80   3  36   4   5   5  75   6  49   7  61   8  88   9  48  10  22  11  91  12  36  13  29  14  70  15  68  16   9  17  40  18   9  19  62 
  0  78   1  92   2  83   3  50   4   2   5  23   6  80   7  58   8   6   9  94  10  43  11  54  12  49  13  79  14  35  15  67  16  98  17  30  18  17  19  44 
  0  22   1  84   2  64   3  31   4  32   5  71   6  57   7  48   8  10   9  35  10  66  11  33  12  77  13  84  14  61  15   3  16  86  17  63  18  69  19  36 
  0  86   1  49   2  47   3  35   4  46   5  62   6  66   7  68   8  20   9  50  10  79  11  54  12  62  13  21  14  13  15  10  16  53  17  35  18  52  19  16 
  0  12   1  73   2  97   3  84   4   2   5  71   6  29   7  37   8  67   9  33  10  94  11  25  12  64  13  80  14  27  15  61  16  64  17  30  18  26  19  36 
  0  29   1  31   2  18   3  82   4  32   5  54   6  14   7  16   8  49   9  70  10  13  11  56  12  35  13  71  14   4  15  23  16  86  17  13  18  51  19  62 
  0  83   1  97   2  50   3  99   4  86   5  65   6  59   7  17   8  29   9   7  10  86  11  95  12  12  13  39  14  87  15  58  16  39  17   9  18  94  19  38 
  0  34   1  23   2  58   3  19   4  26   5  15   6  35   7  86   8  70   9  64  10  80  11  50  12  65  13  25  14  25  15  83  16  42  17  61  18  15  19  92 
  0  87   1  13   2  27   3  89   4  43   5  86   6  38   7  58   8  24   9  77  10  79  11  39  12  67  13   1  14   4  15  79  16  42  17  26  18  41  19  22 
  0   7   1  26   2  59   3  93   4  61   5  44   6  65   7  38   8  24   9  79  10  43  11  98  12  65  13  60  14  62  15   3  16  65  17  59  18  59  19  35 
  0  49   1  89   2  31   3  77   4  22   5  82   6  23   7  80   8  67   9  59  10  39  11   9  12  21  13  99  14  47  15  48  16  34  17  22  18  24  19  41 
  0  28   1  75   2  12   3  95   4  70   5  74   6  65   7   2   8  52   9  66  10  42  11  64  12  40  13  96  14  31  15   7  16  18  17   6  18  30  19  99 
  0  21   1  67   2  72   3  53   4  62   5  28   6  72   7  95   8  25   9   2  10  50  11  22  12  76  13  77  14  90  15  85  16  48  17  20  18  47  19  10 
  0  59   1  26   2  55   3  66   4  49   5  49   6  70   7   7   8  96   9  36  10  85  11  77  12  13  13  37  14  10  15  13  16  35  17   5  18  71  19  46 
  0  28   1  55   2  67   3  63   4  24   5  87   6  24   7  27   8  84   9  20  10  10  11  88  12  41  13  81  14  85  15  17  16  41  17   1  18  55  19  50 
  0  95   1  28   2  79   3  27   4  62   5  60   6  36   7  54   8  21   9  15  10   2  11  81  12  90  13  95  14  15  15  29  16  75  17  30  18  50  19  46 
  0  71   1  80   2  66   3  72   4  90   5  65   6  49   7  87   8  64   9  25  10  72  11  75  12  96  13  64  14  68  15  96  16  89  17  31  18  33  19  34 
  0  19   1  54   2  56   3  54   4  27   5  28   6  85   7  42   8  18   9  83  10  92  11  94  12   7  13  82  14  42  15  78  16   9  17  72  18  31  19  14 
  0  54   1  63   2  17   3  79   4  32   5  55   6  49   7  23   8  69   9   3  10  33  11  72  12  15  13  96  14  53  15  97  16  53  17  16  18  53  19  96 
  0  84   1  36   2  52   3  44   4  62   5   7   6  63   7  99   8  88   9  71  10  11  11  61  12  86  13  34  14  17  15  44  16   8  17  84  18  19  19  13 
  0  35   1  98   2  96   3  11   4  47   5  75   6  20   7  90   8  64   9  24  10  66  11  18  12  35  13  79  14  33  15  92  16  16  17  35  18  81  19  76 
  0  80   1  45   2  51   3  74   4  81   5   3   6  44   7  53   8  60   9  83  10  64  11  59  12  29  13   1  14  89  15  67  16  10  17  18  18  91  19  33 
  0   7   1  89   2   3   3  78   4  38   5  64   6  88   7   6   8  36   9  10  10  88  11  69  12  59  13  31  14  10  15  25  16  22  17  11  18  51  19  99 
  0  65   1  39   2  86   3  15   4  53   5  97   6   7   7  96   8  34   9  56  10  64  11   6  12   3  13  86  14  97  15  78  16  93  17  40  18  80  19  26 
  0  29   1  55   2  87   3  82   4   3   5  22   6  21   7  50   8  13   9  16  10  86  11  55  12   2  13  10  14   5  15  55  16  46  17  60  18  68  19  36 
  0  13   1  63   2  43   3  47   4  77   5  44   6  92   7  66   8  42   9  81  10  18  11  24  12  66  13  99  14  47  15  15  16  97  17  94  18  22  19  78 
  0  92   1  17   2  16   3  26   4  51   5  43   6  63   7  33   8  77   9  10  10   9  11  52  12  25  13  94  14  85  15  11  16  38  17  25  18  75  19  59 
  0  11   1  21   2  82   3  23   4  28   5  41   6  52   7  73   8  17   9  70  10  79  11  82  12  53  13  95  14  72  15  38  16  84  17  99  18   3  19  67 
  0  18   1  42   2  91   3  35   4  82   5   6   6  36   7  92   8  42   9  24  10  24  11  65  12  82  13  67  14  69  15   5  16  64  17  80  18  26  19  67 
  0  40   1  17   2  53   3  11   4   7   5  51   6  37   7  36   8  37   9  93  10  95  11  66  12  44  13  57  14  27  15   9  16  57  17  37  18  32  19  55 
  0  26   1  99   2  63   3   5   4  25   5  56   6  94   7  31   8  40   9  45  10  75  11  59  12  14  13   9  14  61  15   6  16  70  17  51  18  13  19  12 
  0  11   1  58   2  53   3  54   4  82   5  88   6  93   7  76   8  17   9  68  10  73  11   1  12  88  13  52  14  99  15  28  16  60  17  36  18  52  19   8 
  0  31   1  91   2  24   3  78   4  10   5  29   6  65   7  78   8  28   9   2  10  99  11  95  12  79  13  17  14  10  15  29  16  65  17  99  18  47  19  12 
  0  56   1   5   2  75   3  72   4  62   5   8   6  80   7   8   8  32   9   5  10  74  11   2  12  44  13  94  14  73  15  64  16  27  17  16  18  93  19  75 
  0  13   1  73   2  10   3  34   4  99   5  45   6  79   7  72   8  53   9  84  10  61  11  19  12  77  13  62  14  12  15  80  16   4  17  89  18  43  19  12 
  0  31   1  41   2  61   3  90   4  38   5  44   6  31   7  39   8  73   9  72  10  82  11  63  12  45  13  85  14  43  15  96  16  23  17  45  18  47  19  10 
  0  15   1  78   2  31   3  83   4  64   5  21   6  24   7   2   8  80   9  40  10  48  11  60  12  85  13  13  14  29  15  94  16   5  17   4  18  55  19   1 
  0  97   1   7   2  68   3  10   4  84   5   3   6  59   7  79   8  51   9  40  10   6  11  27  12  44  13  56  14  55  15  98  16  79  17  57  18  48  19  77 
  0  79   1   2   2  65   3  42   4  15   5  72   6  87   7   5   8  45   9   8  10   6  11  66  12  66  13  80  14  25  15  65  16  68  17   2  18  39  19  38 
  0  83   1  66   2  65   3  94   4  88   5  81   6  45   7  10   8  69   9  32  10  17  11  33  12  53  13  79  14  30  15   3  16  39  17  68  18   6  19  86 
  0  86   1  35   2  18   3  13   4  62   5  36   6  74   7  16   8  88   9  57  10  50  11   1  12  50  13  47  14  83  15  31  16  46  17   1  18  73  19  40 
  0  10   1  55   2  66   3  81   4  22   5  81   6  14   7  76   8  68   9  47  10  73  11  46  12  44  13  85  14  68  15  14  16  76  17  14  18  49  19  23 
  0  18   1  35   2  36   3  57   4  66   5   6   6  31   7  28   8  47   9  41  10  28  11  36  12  40  13  31  14  66  15  27  16  88  17  28  18  34  19  72 
  0  27   1  72   2  96   3  83   4  39   5  35   6  10   7  73   8  80   9  46  10  71  11  20  12  51  13  31  14  61  15  26  16   9  17   1  18   6  19  64 
  0   9   1  82   2  70   3  56   4  30   5  56   6  93   7  22   8  41   9  11  10   4  11  87  12  11  13  77  14  59  15  51  16  18  17  24  18  13  19  18 
  0  99   1  93   2  50   3  92   4  66   5  80   6  80   7  96   8  56   9  39  10  77  11  74  12  37  13  63  14  82  15  64  16  58  17   9  18  23  19  45 
  0  73   1  18   2   5   3  93   4  59   5  65   6  60   7  89   8  32   9  93  10   6  11  69  12   6  13  40  14  93  15  49  16   2  17  59  18  37  19  39 
  0   2   1  64   2  74   3  62   4  54   5  87   6  26   7  65   8  56   9  56  10  93  11  42  12   6  13  32  14  71  15  19  16  42  17  70  18  18  19  32 
  0  10   1  11   2  37   3  76   4  42   5   4   6  98   7  12   8  68   9  32  10  20  11  99  12  52  13  70  14  54  15  21  16  81  17  45  18  76  19  24 
  0  24   1  87   2  40   3  12   4   3   5  16   6  13   7   3   8  52   9  42  10  28  11  67  12  45  13  33  14  59  15  84  16  97  17  88  18  62  19  89 
  0  67   1  25   2  81   3  42   4   7   5  85   6  93   7  53   8   4   9  89  10  94  11  93  12  68  13  15  14  15  15  21  16  93  17  67  18  34  19  33 
  0  47   1   8   2  59   3  35   4  76   5  95   6  41   7  50   8  89   9  44  10  59  11  10  12  77  13  84  14   1  15   2  16  50  17  66  18  21  19   7 
  0  57   1  82   2  82   3  92   4  58   5  93   6  49   7  15   8  20   9  32  10  22  11  33  12  19  13   1  14   5  15  61  16  96  17  26  18  56  19  81 
  0  49   1  29   2  94   3  41   4  61   5  77   6  22   7  27   8  73   9  69  10  71  11  96  12  68  13  40  14  56  15  84  16  26  17  37  18  78  19  86 
  0  84   1  29   2  31   3  93   4  22   5  61   6  87   7  34   8  37   9  22  10  72  11  64  12  33  13  87  14  42  15  38  16  37  17  78  18  43  19  14 
  0  68   1  78   2  55   3  32   4  67   5  43   6  69   7  11   8  37   9  25  10  69  11  45  12  39  13  91  14  55  15  32  16  84  17  11  18  49  19  62 
  0   3   1  82   2  24   3   6   4  12   5   5   6   8   7  43   8  51   9   9  10  39  11  40  12  54  13  90  14  31  15   8  16  35  17  30  18  71  19  14 
  0   8   1  16   2  96   3  75   4  22   5  22   6  87   7  75   8   6   9  52  10  84  11  77  12  75  13  14  14  46  15  19  16  46  17  33  18  21  19   2 
  0  80   1  92   2  48   3  22   4  30   5  76   6  72   7  52   8  98   9  21  10  76  11  51  12  92  13   7  14  70  15  33  16  99  17  81  18  97  19  32 
  0  67   1  20   2  37   3   2   4  88   5   3   6  28   7  84   8  29   9  14  10  57  11  68  12   5  13  36  14  40  15   6  16  82  17  49  18  57  19  87 
  0  74   1  13   2  59   3  77   4  66   5  23   6  19   7  78   8   4   9  35  10  31  11  20  12  18  13  47  14   4  15   3  16  91  17  22  18  20  19  53 
  0  50   1  61   2  76   3  35   4  79   5  38   6  95   7  69   8  20   9  58  10  51  11  84  12  33  13  81  14  67  15  84  16  23  17  26  18  33  19  29 
  0  92   1  50   2  70   3  43   4  25   5  46   6  99   7  84   8  80   9  72  10  15  11  11  12  98  13  12  14  91  15  96  16  79  17  85  18  52  19  85 
  0  36   1   4   2  17   3  28   4  22   5  98   6  71   7  73   8  19   9  44  10  89  11  51  12  26  13  38  14  69  15  69  16  70  17  20  18  56  19  74 
  0  68   1  56   2  80   3  91   4  91   5  68   6  63   7  44   8  70   9  46  10  58  11  80  12  67  13  28  14  72  15  29  16  26  17  86  18  12  19  79 
  0  17   1  55   2   7   3  86   4  59   5  63   6  26   7  63   8  16   9  87  10  72  11  64  12   9  13  66  14  84  15  70  16   4  17  42  18  44  19  93 
  0  57   1  99   2  43   3  48   4  63   5  94   6  48   7   4   8  14   9  38  10  56  11   6  12   1  13  59  14  14  15  60  16  21  17  10  18  58  19  72 
  0   9   1  12   2  67   3  35   4  18   5  15   6  64   7   5   8  81   9  23  10  76  11  96  12  16  13  52  14  70  15  48  16  67  17  66  18   6  19  96 
  0  18   1  20   2  58   3  35   4  51   5  15   6  10   7  57   8  76   9  86  10  24  11   9  12   6  13  70  14  11  15  35  16  98  17  15  18  84  19  31 
  0  46   1  63   2  60   3  90   4   1   5  30   6  83   7  53   8  16   9  90  10  95  11  90  12  88  13  94  14  50  15  20  16  94  17  31  18  82  19  39 
  0  28   1  73   2  41   3  87   4  68   5  59   6  17   7  31   8  68   9  74  10   7  11  42  12  34  13  90  14  12  15  53  16  23  17  75  18  99  19  80 
  0  89   1  78   2  74   3  13   4  33   5  89   6  37   7   1   8  90   9  75  10  22  11  17  12  50  13  73  14  49  15  43  16  20  17  18  18  67  19  16 
  0  35   1  17   2  55   3   2   4  96   5  83   6   8   7  60   8  62   9  61  10  30  11  22  12  75  13  69  14  27  15  56  16  48  17  44  18  45  19  31 
  0  77   1  79   2  55   3  58   4  99   5  88   6   5   7  40   8  80   9  65  10  30  11  65  12  66  13  57  14  31  15  24  16  25  17  48  18  64  19  34 
  0  35   1  70   2   1   3  85   4   1   5  15   6  13   7  11   8  85   9  40  10  63  11  39  12  63  13  41  14   5  15  16  16  53  17  56  18   2  19  58 
  0  30   1  29   2  94   3  58   4  96   5  41   6   4   7  14   8  42   9  33  10  77  11  18  12   2  13   9  14  80  15  30  16  42  17  75  18  97  19  78 
  0  35   1  34   2   5   3  62   4  68   5  29   6   5   7  93   8  75   9  12  10  11  11  45  12  10  13  95  14  79  15  51  16  66  17  36  18  65  19  13 
  0  58   1  75   2  90   3  62   4  50   5  67   6  22   7  75   8   8   9  56  10  23  11  43  12  20  13  83  14  33  15  35  16   9  17   9  18  89  19   4 
  0  13   1  96   2  13   3  99   4  15   5  72   6  13   7  19   8  28   9  12  10  48  11  38  12  63  13  96  14  96  15  44  16  91  17  44  18  15  19  52 
  0  75   1  23   2  50   3  10   4  44   5   2   6  47   7  33   8  32   9   9  10  21  11  70  12  20  13  97  14  36  15  75  16  45  17  27  18  28  19  87 
  0  15   1  19   2  49   3   7   4  42   5  19   6  60   7  63   8  46   9  71  10  10  11  11  12  82  13   6  14  70  15  69  16  78  17  26  18  28  19  40 
  0  32   1  61   2  96   3   4   4   3   5  60   6  72   7   1   8  63   9  56  10  72  11  10  12  80  13  42  14  85  15  94  16  76  17  68  18  42  19   2 
  0  40   1   1   2  16   3  12   4  10   5  95   6  64   7  32   8  64   9   9  10  21  11  85  12  61  13  46  14  14  15  33  16   6  17  33  18  82  19  44 
  0  80   1  35   2  11   3   1   4  10   5  96   6  70   7   8   8  46   9  29  10  25  11  80  12  32  13  70  14  47  15  81  16  62  17  62  18  59  19  37 
  0  99   1  15   2  98   3   5   4   1   5  11   6  28   7  81   8  32   9  54  10  58  11  68  12  69  13   7  14  29  15  83  16  32  17  31  18  14  19   6 
  0  72   1  86   2  58   3  29   4  66   5  52   6  86   7  58   8  52   9  78  10  33  11   4  12  98  13  61  14  26  15  69  16  51  17  93  18  91  19  33 
  0   3   1  14   2  89   3  89   4  15   5  87   6  44   7  54   8  26   9  20  10   2  11  22  12  84  13  26  14  76  15  60  16  80  17  11  18  48  19  95 
  0  48   1  93   2  57   3  86   4  20   5  35   6   3   7  64   8  47   9  98  10  38  11  73  12  57  13  43  14   3  15  91  16  79  17  45  18  66  19  31 
  0  40   1  22   2  44   3   4   4  32   5  43   6  69   7  32   8  15   9  94  10  71  11  20  12  14  13  59  14  85  15  99  16  77  17  66  18  30  19  71 
  0  87   1  46   2  18   3  20   4  75   5  55   6  77   7  54   8   9   9  85  10  65  11  98  12  38  13  82  14  62  15  35  16  13  17  65  18  50  19  51 
  0  62   1  52   2  90   3  66   4  31   5   9   6  20   7  39   8   4   9  94  10  52  11   4  12  24  13  25  14  22  15   3  16  74  17  25  18  63  19  55 
  0  37   1  19   2  27   3  72   4  20   5   8   6  25   7  50   8  96   9  63  10  55  11  58  12   3  13  30  14  67  15  98  16  99  17  15  18   6  19  49 
  0  12   1  26   2  15   3  97   4  54   5  95   6   3   7  50   8  96   9  41  10  97  11  10  12  81  13  62  14  69  15  42  16  71  17  56  18  68  19  90 
  0  22   1  12   2  77   3  38   4  42   5  77   6  51   7  92   8  27   9  29  10  51  11  33  12  40  13  32  14  49  15  79  16  35  17  32  18  75  19  89 
  0   2   1  43   2  54   3  15   4   8   5  45   6  11   7  34   8  53   9  95  10  60  11  74  12  79  13  79  14  96  15  57  16  66  17  75  18  86  19  37 
  0  81   1  12   2  15   3  96   4  78   5  75   6  47   7   1   8  48   9  36  10  32  11  19  12  96  13  74  14   2  15  16  16  44  17  70  18   9  19  98 
  0  60   1  83   2  92   3  21   4  10   5  89   6   2   7  47   8  97   9  40  10  92  11  34  12   1  13  22  14  46  15  47  16  57  17  30  18  31  19  91 
  0  88   1  68   2   5   3  59   4  93   5  25   6  54   7  83   8  27   9  19  10  30  11  56  12  16  13  24  14  51  15  17  16  53  17  52  18  47  19  55 
  0  45   1  45   2  22   3  91   4  11   5  73   6  21   7  63   8  28   9  21  10  24  11  68  12  86  13  91  14  75  15  32  16  69  17  43  18  16  19  39 
  0  25   1  20   2  41   3  26   4  40   5   9   6  49   7  48   8  10   9  38  10   5  11  83  12  29  13  51  14  68  15   8  16  40  17  15  18  36  19  70 
  0  45   1   5   2   4   3  23   4  84   5  20   6  90   7  93   8  44   9  56  10  94  11   1  12  73  13  20  14   1  15  48  16  16  17  74  18  87  19  23 
  0  40   1  24   2  65   3  32   4  81   5  43   6  45   7  25   8  60   9  73  10  46  11  21  12  49  13  70  14   4  15  49  16  80  17  82  18   1  19  10 
  0  23   1  84   2  24   3  36   4  98   5  74   6  47   7  30   8  56   9  35  10  69  11  76  12  48  13  33  14  43  15   7  16   9  17  22  18  67  19  22 
  0  29   1  44   2  18   3  11   4  22   5   7   6  23   7  73   8  88   9  76  10  56  11  21  12  98  13  17  14  99  15  97  16  54  17  26  18  80  19   9 
  0   9   1  14   2  53   3  65   4  13   5  40   6  49   7  39   8  30   9  22  10  42  11  88  12  24  13  61  14  56  15  47  16  77  17  44  18  55  19  59 
  0  76   1  28   2   7   3   2   4  79   5  90   6  52   7  54   8  96   9  33  10  84  11   8  12  75  13  14  14  47  15  25  16  28  17  49  18  60  19   5 
  0  75   1  24   2  16   3  49   4  87   5  93   6  25   7  19   8  79   9  76  10  50  11  68  12  82  13  82  14   3  15  85  16  59  17  55  18  46  19  11 
  0   3   1  17   2  52   3  14   4   8   5  34   6  31   7  50   8  89   9  88  10   4  11  74  12  37  13  44  14  52  15  36  16  90  17  96  18  75  19  66 
  0  92   1  24   2  66   3  36   4  33   5  46   6  39   7  85   8  24   9  87  10   9  11  18  12  93  13  95  14  40  15   1  16  74  17  19  18  99  19  19 
  0   7   1  27   2  70   3  46   4  37   5  10   6  21   7  59   8  60   9  62  10  62  11  85  12  95  13  79  14  81  15  55  16  59  17  98  18  75  19  43 
  0   7   1   3   2   3   3   3   4  34   5  45   6  17   7  41   8  14   9  51  10  17  11  26  12  60  13  62  14  22  15  94  16  55  17  10  18  25  19  42 
  0   9   1  95   2   9   3   9   4  50   5  53   6  91   7  13   8  98   9  79  10  14  11  54  12  18  13  27  14  47  15  62  16  36  17  18  18  98  19  91 
  0  71   1  25   2  41   3  33   4  70   5  80   6  51   7  35   8  71   9   3  10  40  11  25  12  58  13  20  14  78  15  54  16  28  17  77  18  38  19  69 
  0  40   1  65   2  16   3  67   4  97   5   9   6  91   7  10   8   2   9   9  10  20  11  61  12   9  13  84  14  29  15  40  16  73  17  66  18  29  19  82 
  0  39   1  86   2  38   3  17   4  93   5  16   6  76   7  72   8  23   9  11  10  20  11  21  12   5  13  50  14  38  15  62  16  34  17  85  18  87  19  11 
  0  38   1   9   2   8   3   9   4  70   5  75   6  30   7  75   8  43   9  32  10  27  11  57  12  58  13   8  14  72  15  61  16  64  17  20  18   2  19  96 
  0  96   1  83   2  95   3  15   4  13   5  38   6  69   7  78   8  29   9  14  10  75  11  28  12  31  13  29  14  25  15  45  16  29  17  62  18  73  19  69 
  0  34   1  48   2  66   3  18   4  53   5  58   6  82   7  98   8  97   9  89  10  42  11  66  12  37  13   2  14  27  15  96  16  72  17  43  18  41  19  13 
  0  41   1  23   2  67   3  32   4  27   5  77   6  66   7  69   8  50   9  23  10  61  11  83  12  64  13  70  14  29  15  59  16   5  17  74  18  75  19  63 
  0  29   1  29   2  86   3  51   4  56   5  20   6  16   7  77   8   4   9  15  10  98  11  47  12  39  13  57  14  94  15  96  16  72  17  97  18  60  19  80 
  0  93   1  93   2  79   3  47   4  48   5   1   6  87   7  31   8  46   9  69  10  61  11  36  12  16  13  20  14  72  15  64  16  61  17  51  18  87  19  43 
  0  17   1  25   2  54   3  24   4  22   5  61   6  24   7  76   8  39   9  91  10  25  11  88  12  85  13  13  14  79  15  71  16  81  17  30  18  21  19  12 
  0  97   1   7   2  32   3  60   4  56   5  90   6  12   7  77   8  10   9  86  10   1  11  34  12  86  13  99  14  78  15  35  16  95  17  53  18  47  19   2 
  0   1   1  81   2  89   3  73   4  58   5  55   6  10   7  23   8  21   9  76  10  92  11   4  12   4  13  22  14  90  15  16  16  89  17  27  18  35  19  48 
  0  15   1  86   2  13   3  80   4  96   5  96   6  62   7   4   8  87   9   6  10  29  11  68  12  10  13  39  14  22  15  12  16   1  17  53  18  70  19  25 
  0  29   1  14   2  91   3  67   4  58   5  43   6  13   7  26   8   7   9  24  10  67  11  86  12  18  13   3  14  49  15  21  16  25  17  81  18   4  19  98 
  0  74   1  85   2  89   3  54   4  92   5  28   6  23   7  51   8   3   9   4  10  79  11  89  12  73  13  55  14  35  15  69  16  23  17  35  18  29  19  44 
  0  36   1  22   2  38   3  87   4   9   5  83   6  54   7  26   8  19   9  22  10  31  11  86  12  59  13  71  14  52  15  57  16  60  17  67  18  86  19   3 
  0  59   1  95   2  15   3  13   4  89   5  53   6  53   7  45   8  69   9  15  10  93  11  99  12  21  13  19  14  74  15  60  16  73  17  75  18  86  19  27 
  0  17   1  84   2  42   3  97   4  34   5  80   6  42   7  63   8  86   9   7  10  37  11  31  12  66  13  68  14  85  15  77  16  95  17  15  18  34  19   1 
  0   4   1  97   2  44   3  34   4  82   5  91   6   9   7  27   8   4   9  75  10  75  11  24  12  59  13   1  14  23  15  58  16  62  17  53  18  52  19  65 
  0   1   1  13   2  96   3  22   4  83   5  25   6  16   7  54   8  92   9  29  10  42  11  76  12  23  13  99  14  14  15  77  16  35  17  70  18  80  19  45 
  0   1   1  24   2  63   3  24   4  10   5  70   6  86   7  27   8  45   9  82  10  98  11  50  12  75  13   3  14  72  15  75  16  84  17  42  18  57  19  10 
  0  73   1  83   2  26   3  95   4  49   5  28   6  75   7  39   8  33   9  97  10  52  11  71  12  92  13  21  14   9  15  13  16   2  17  13  18  81  19  89 
  0  42   1  89   2  22   3  95   4  85   5  98   6  42   7  37   8  80   9  64  10   8  11  69  12  20  13  30  14  85  15   9  16   3  17  88  18  52  19  12 
  0  59   1  90   2  19   3  89   4   8   5  15   6  30   7  49   8  37   9  88  10  55  11   7  12  90  13  51  14   6  15  52  16  33  17   4  18   4  19  12 
  0  67   1  56   2  37   3   4   4  54   5  64   6  99   7  21   8  98   9  93  10  37  11  32  12  63  13  69  14  15  15  21  16   6  17  99  18  64  19  58 
  0  36   1  38   2  47   3  69   4  45   5  89   6  88   7  40   8  36   9  80  10  75  11  34  12  56  13  47  14  57  15  39  16  23  17  96  18  28  19  69 
  0  88   1  67   2  79   3  21   4  18   5  97   6  18   7  68   8  55   9  47  10  63  11  97  12  18  13  79  14  83  15  86  16  54  17  67  18  76  19  44 
  0  20   1  25   2  28   3  55   4  75   5  62   6  75   7  94   8  49   9   6  10  77  11  48  12  70  13  23  14  25  15  88  16  23  17  23  18  73  19  22 
  0  53   1  17   2  31   3  76   4  18   5  52   6  29   7  98   8  84   9  81  10  33  11  42  12  13  13  32  14  25  15  69  16  58  17  18  18  54  19  64 
  0   5   1  82   2  81   3  30   4  89   5  89   6  13   7  22   8  44   9  83  10  87  11  53  12  91  13  34  14  36  15  19  16  54  17  27  18  93  19   2 
  0  29   1  13   2  74   3  25   4  78   5  26   6  57   7  22   8  11   9  16  10  43  11  21  12  60  13  18  14  49  15  75  16  27  17  26  18  26  19  92 
  0  26   1  48   2  18   3   8   4  85   5  97   6  54   7  48   8  79   9  32  10  81  11  87  12  41  13  49  14  98  15  18  16  27  17  83  18  92  19  15 
  0  79   1  73   2  74   3  91   4  19   5  44   6  78   7  71   8  46   9  32  10   4  11  85  12  57  13  37  14   1  15   6  16   4  17  19  18  14  19  15 
  0  94   1  53   2  82   3  81   4   1   5  78   6  73   7  11   8  98   9  70  10  88  11  61  12   2  13  97  14   1  15  55  16  84  17  92  18   3  19  62 
  0   3   1  48   2  36   3  90   4   2   5  48   6  23   7  47   8  96   9   5  10  81  11   9  12  36  13   5  14  51  15  49  16  10  17  33  18  20  19  62 
  0  95   1  31   2  55   3  21   4  12   5  28   6  92   7  16   8  10   9  26  10  17  11  50  12  53  13  56  14  37  15  31  16  90  17  67  18  66  19  41 
  0  20   1   7   2  74   3  16   4  37   5  68   6  32   7  69   8  61   9  53  10  82  11  57  12  77  13  57  14  35  15  76  16  32  17   1  18  93  19  88 
  0  96   1  31   2  46   3  43   4  28   5  68   6  27   7  13   8   5   9  96  10   7  11  47  12  32  13   4  14  72  15  68  16  54  17   2  18  87  19  49 
  0  66   1  97   2  82   3  48   4  83   5  99   6  27   7  69   8  88   9  76  10  42  11  84  12   8  13  44  14  63  15  42  16  95  17  68  18  63  19   3 
  0  61   1  21   2  36   3  52   4  77   5  18   6  74   7  47   8  78   9  24  10  97  11   2  12  94  13  39  14  51  15  28  16  59  17   9  18  18  19  23 
  0  91   1  73   2  70   3  48   4  38   5  51   6  40   7  16   8  29   9  47  10  55  11  36  12  45  13  47  14  87  15  17  16  97  17  93  18  94  19  92 
  0   6   1  15   2  59   3  67   4  94   5  78   6  97   7  47   8  23   9  67  10  63  11  66  12  98  13  56  14  10  15  17  16  24  17   6  18  90  19   1 
  0  63   1  77   2  66   3  74   4  28   5  28   6  33   7  83   8  89   9  32  10  22  11  17  12  97  13  38  14  60  15  91  16  76  17   4  18  89  19  76 
  0  90   1  63   2  77   3  12   4  82   5  70   6  64   7  87   8  34   9  22  10  73  11  35  12  13  13  89  14  94  15  96  16  66  17  95  18  73  19  73 
  0  62   1  72   2  99   3   5   4  63   5  75   6  15   7  10   8  85   9  64  10  64  11  53  12  23  13  35  14  51  15  18  16  69  17  22  18  16  19  15 
  0  23   1  19   2   9   3   9   4  42   5  87   6  53   7  83   8  30   9   9  10  95  11  75  12  69  13  12  14  43  15  75  16  83  17  38  18  82  19  68 
  0  13   1  15   2  58   3  61   4  24   5  12   6  37   7  55   8  57   9  97  10  81  11  69  12  22  13  80  14   7  15  22  16  29  17   5  18  35  19  46 
  0  34   1  31   2  18   3  75   4  62   5  82   6  89   7  81   8  74   9  90  10  65  11  66  12  65  13  28  14  83  15  45  16  30  17  13  18  28  19  87 
  0  98   1  44   2  77   3  35   4  46   5  73   6  53   7  50   8  75   9  28  10  40  11  82  12  54  13  98  14  20  15  70  16  54  17  16  18  80  19   4 
  0  80   1  31   2  79   3  66   4  40   5  74   6  32   7  53   8  52   9  29  10  52  11  23  12  87  13  52  14  98  15  75  16  81  17  91  18  63  19  96 
  0  62   1  10   2  14   3  42   4  33   5  10   6  42   7  33   8  20   9  83  10  54  11  46  12  23  13  38  14  31  15  44  16   2  17  70  18  41  19  79 
  0  34   1  79   2  99   3  64   4  26   5  32   6  24   7  52   8  95   9  37  10   6  11  82  12  70  13  22  14   2  15  49  16  49  17  70  18  55  19  64 
  0  27   1  68   2  70   3  97   4  44   5  81   6  84   7  52   8  21   9  81  10  83  11  69  12  23  13   9  14  43  15  64  16  10  17  78  18  82  19  57 
  0  66   1  16   2  42   3  81   4  49   5  47   6  52   7  25   8  13   9  89  10  91  11  56  12  98  13  25  14  69  15  62  16  10  17  62  18  37  19  66 
  0  52   1  95   2  92   3  59   4  67   5  31   6  50   7  71   8  57   9  27  10  70  11  72  12  85  13  72  14  64  15  34  16  51  17  38  18  71  19  60 
  0   7   1  58   2  81   3  42   4  14   5  55   6  63   7   7   8  40   9  51  10  50  11  80  12  70  13  64  14   4  15  26  16  92  17   8  18  64  19  30 
  0  95   1  81   2  69   3  36   4  17   5  87   6  39   7   3   8  97   9  72  10  91  11  26  12  64  13  75  14  76  15  28  16  12  17  63  18  80  19  86 
  0  27   1  22   2  45   3  41   4  89   5  24   6  51   7   4   8  25   9  13  10  48  11  90  12  70  13  56  14  88  15  30  16  33  17  37  18  12  19  65 
  0  87   1  67   2  59   3  54   4  80   5  96   6  20   7  20   8  99   9  37  10  64  11  77  12  20  13  90  14  30  15  47  16  64  17  75  18  40  19  29 
  0  66   1  46   2  64   3  99   4  99   5  36   6  43   7  59   8  19   9  93  10  55  11  68  12  29  13   8  14  31  15   2  16  93  17  84  18  71  19  71 
  0  98   1  81   2  99   3  11   4  99   5  40   6  79   7  51   8  26   9  47  10  62  11  83  12  90  13  90  14  26  15   8  16  94  17  11  18  43  19  13 
  0  47   1  39   2  26   3  30   4  32   5  98   6  87   7  80   8  91   9  95  10  24  11   9  12  31  13   8  14  20  15  47  16  84  17  80  18   3  19  68 
  0  16   1  86   2  44   3  94   4  73   5  18   6  57   7  95   8  39   9  55  10  78  11  83  12  93  13  64  14  68  15  82  16  98  17  73  18  16  19  90 
  0  57   1  30   2  88   3   8   4  89   5  80   6  19   7  64   8   1   9  52  10  96  11  52  12  45  13  46  14  57  15  98  16  12  17  33  18  70  19  53 
  0  87   1  70   2  29   3  54   4  62   5  17   6  44   7   6   8  42   9  37  10  91  11  20  12  24  13  75  14  63  15  81  16  47  17  16  18  83  19  84 
  0  71   1  44   2  91   3  70   4  38   5  93   6  40   7  35   8  58   9  88  10  86  11  84  12  70  13  23  14  46  15  66  16   2  17  70  18   3  19  72 
  0  59   1  74   2  70   3  82   4  78   5  30   6  68   7  21   8  16   9  37  10  20  11  47  12  86  13  96  14  47  15  75  16  93  17  19  18  16  19  53 
  0  65   1  11   2  43   3  30   4  42   5  59   6  52   7  23   8  16   9  11  10   8  11  62  12   2  13  72  14  42  15  75  16  66  17  39  18   4  19  35 
  0  80   1  92   2  64   3  35   4  68   5  84   6  97   7  89   8  67   9   2  10  38  11  88  12  72  13  88  14  86  15  54  16  21  17  67  18  97  19  85 
  0  38   1  42   2   2   3  86   4  81   5  72   6  77   7  86   8  35   9  96  10  84  11  26  12  83  13  40  14  34  15  97  16  60  17  58  18  68  19  82 
  0  41   1  52   2  76   3  68   4  75   5  11   6  76   7  72   8  72   9  72  10  62  11  75  12  68  13  57  14  25  15  64  16  31  17  50  18  52  19  92 
  0  58   1  99   2  40   3  97   4  65   5  98   6  93   7  91   8  20   9  41  10  34  11  57  12  66  13  50  14  42  15  66  16  23  17  99  18  95  19  96 
  0  22   1  15   2  98   3  81   4  84   5  69   6  24   7   9   8  50   9  91  10  22  11  71  12  72  13  71  14  69  15  59  16   9  17  83  18  27  19  70 
  0  93   1  33   2   6   3  23   4  24   5  90   6  43   7  81   8  20   9  41  10  19  11  66  12  55  13  88  14  76  15  74  16  73  17   4  18  80  19  74 
  0  47   1  23   2  54   3  34   4  11   5  24   6  44   7  44   8  55   9  93  10  82  11  95  12  49  13   1  14  87  15  19  16  31  17  85  18  79  19  98 
  0  94   1  13   2  40   3  13   4  28   5   2   6  17   7  44   8  13   9  27  10  34  11  24  12  98  13  77  14  54  15  93  16  76  17  53  18  93  19  64 
  0  99   1  87   2  37   3  48   4  42   5  45   6  22   7  61   8  92   9   6  10  78  11  66  12  25  13  87  14  67  15  87  16  33  17  73  18  55  19  56 
  0  52   1  55   2  67   3  85   4  50   5  45   6  39   7   7   8  72   9   4  10  64  11  31  12  15  13  10  14  68  15  29  16  53  17  84  18  92  19  59 
  0  65   1  42   2  10   3  82   4  29   5  59   6  79   7  32   8  79   9  30  10  34  11  69  12  54  13  89  14  73  15  41  16  66  17  30  18  45  19  14 
  0  53   1  97   2  95   3  56   4  85   5  75   6  71   7  22   8  13   9  75  10  14  11  84  12  81  13  19  14  60  15  16  16  16  17  86  18  17  19  30 
  0  54   1  53   2  53   3  63   4  84   5  98   6  40   7  20   8  38   9  32  10  45  11  58  12  17  13  61  14  36  15   5  16  29  17  12  18  17  19  79 
  0  92   1  78   2  38   3  48   4  27   5   3   6  88   7  31   8  31   9  21  10  57  11  50  12  29  13  87  14  48  15  53  16  93  17  57  18  14  19   9 
  0  84   1  28   2  41   3   8   4  35   5  66   6  19   7  38   8  97   9  20  10  60  11  26  12   1  13  92  14  93  15  15  16  41  17  60  18  41  19  20 
  0  28   1  92   2  82   3  59   4  36   5  57   6  25   7  16   8  92   9  59  10  70  11   2  12  42  13  41  14  90  15  79  16  68  17   4  18  85  19   5 
  0  22   1  33   2  20   3   8   4  40   5  51   6  93   7   4   8  59   9  20  10   7  11  37  12  45  13  61  14   1  15  20  16  41  17  79  18  87  19  12 
  0   1   1  85   2  86   3  74   4  39   5  60   6  31   7  31   8  14   9  54  10  83  11  25  12  20  13  41  14  90  15  92  16  35  17  41  18  41  19  38 
  0  44   1  65   2  27   3  75   4   7   5  46   6  69   7  22   8  12   9  31  10  56  11  82  12  93  13   9  14  48  15  45  16  23  17  36  18  74  19  34 
  0   7   1  46   2   8   3  69   4  56   5  72   6  80   7  92   8  24   9  12  10  21  11  96  12  77  13  23  14  72  15  11  16  75  17  55  18  20  19  96 
  0  45   1  59   2  17   3  78   4  37   5  89   6  17   7  96   8  85   9   8  10  34  11  86  12  21  13  35  14  28  15  60  16  85  17  52  18  62  19  29 
  0  99   1  80   2  54   3   2   4  93   5  93   6   8   7  21   8  26   9  67  10  30  11  60  12  53  13  30  14  90  15  62  16  55  17  72  18  41  19   7 
  0  78   1  62   2  71   3  77   4  22   5  60   6  59   7  85   8  86   9  97  10  19  11  60  12  59  13  24  14  26  15  80  16  37  17  23  18  11  19  77 
  0  20   1  81   2  30   3  52   4  63   5  25   6  76   7  58   8  89   9  16  10  83  11  81  12  34  13  51  14  70  15  62  16  10  17  84  18  37  19  38 
  0  87   1  54   2  47   3  38   4  82   5  15   6  75   7  51   8   3   9  30  10  88  11  88  12  40  13  79  14  71  15  31  16  31  17   4  18  13  19  83 
  0  89   1  65   2  11   3  87   4  28   5  99   6  30   7  48   8  10   9  24  10  73  11  96  12  61  13  86  14  22  15  49  16   9  17  23  18  17  19  48 
  0  56   1  72   2  78   3  66   4  30   5  33   6  24   7  95   8  29   9  21  10  96  11  41  12  89  13  87  14  28  15  48  16  95  17  37  18  77  19  77 
  0   2   1  57   2  95   3  47   4  87   5  69   6  71   7  35   8  89   9  41  10  12  11  38  12  24  13  79  14  69  15  27  16  52  17  10  18  56  19  92 
  0  31   1  32   2  45   3  53   4  30   5  50   6  74   7  95   8   2   9  88  10  98  11  23  12  34  13  44  14   9  15  89  16   1  17  87  18  79  19  92 
  0  55   1  78   2  83   3  49   4  21   5  96   6  48   7  84   8  59   9  28  10  42  11  57  12  13  13   1  14  39  15  72  16  58  17  66  18  52  19  94 
  0  32   1  46   2  25   3   3   4  58   5   9   6   3   7  72   8  18   9  75  10  55  11   2  12  96  13  81  14  92  15  16  16   5  17  56  18  18  19  59 
  0  52   1  64   2  56   3  11   4  82   5  41   6  23   7  53   8  41   9  90  10  77  11  56  12  11  13  69  14  79  15  59  16   8  17   9  18  41  19  21 
  0  68   1  37   2  90   3  29   4  88   5  13   6  79   7  61   8  44   9  33  10  70  11  24  12  20  13  92  14  33  15  80  16  65  17  24  18  45  19  75 
  0  96   1  81   2  24   3  13   4  99   5  88   6  79   7  29   8  90   9  50  10  12  11  98  12  19  13  61  14  90  15  72  16  33  17  33  18  59  19  35 
  0  72   1  37   2  36   3  45   4  18   5  16   6  59   7  51   8  60   9  76  10  59  11   9  12  16  13  42  14  33  15  57  16  46  17   3  18  69  19  59 
  0  35   1   2   2  98   3  32   4   2   5  48   6  98   7  84   8  50   9  23  10  58  11  18  12  89  13  37  14  35  15  60  16  26  17  34  18  14  19  10 
  0  80   1  80   2  44   3  34   4  52   5  56   6  55   7   9   8  47   9   7  10  23  11  65  12  48  13  89  14   2  15  35  16  28  17  26  18  23  19  23 
  0  57   1  87   2  48   3  51   4  55   5  96   6  72   7  26   8  84   9  63  10  49  11  54  12  68  13  98  14   7  15  87  16  20  17   9  18  74  19  94 
  0  37   1  99   2  25   3  27   4  15   5  92   6   3   7  42   8  79   9  94  10  26  11  40  12  75  13  79  14  68  15   3  16  73  17  14  18  26  19  36 
  0  18   1  10   2  57   3  74   4  67   5  14   6  83   7  82   8  29   9  85  10  21  11  54  12  14  13  95  14  73  15  25  16  94  17  31  18  64  19  35 
  0  39   1  48   2  15   3  64   4  11   5  63   6  29   7  73   8  28   9   2  10  32  11  73  12  55  13  12  14  26  15  89  16  35  17   5  18  32  19   1 
  0  77   1  98   2  71   3  87   4  69   5  70   6  53   7  87   8  43   9  22  10   5  11  38  12  16  13  70  14  41  15  44  16   7  17   1  18  90  19  12 
  0  66   1   3   2  50   3  80   4  81   5   4   6  85   7  68   8  61   9  67  10  18  11  54  12  55  13  51  14  40  15  64  16  41  17  44  18  36  19  23 
  0  39   1   2   2  74   3  70   4   2   5  88   6  38   7  99   8  55   9   6  10  48  11  47  12  23  13  94  14  47  15  96  16  79  17  66  18  72  19   8 
  0  75   1  61   2  88   3  34   4  97   5  95   6  37   7   3   8  20   9   5  10  59  11  10  12  91  13  30  14  83  15  86  16  54  17  37  18  18  19  62 
  0  71   1  67   2  58   3  51   4  44   5  62   6  51   7  10   8   5   9  93  10  99  11  78  12  77  13  98  14  31  15  77  16  48  17   2  18  58  19  21 
  0  50   1  84   2  88   3  71   4  71   5  87   6  69   7  40   8  94   9  97  10   3  11  68  12  53  13  63  14   9  15   7  16  48  17  90  18  25  19  75 
  0  46   1  53   2  65   3  86   4  24   5  37   6  71   7  39   8  14   9  17  10  20  11  98  12  17  13  49  14  20  15  21  16  13  17   6  18  10  19  68 
  0  63   1  19   2  27   3  36   4  51   5  68   6  40   7   3   8  36   9  20  10  78  11  98  12  90  13  97  14  80  15  44  16  72  17  27  18  53  19  30 
  0  87   1  38   2  94   3  76   4  11   5  58   6  36   7  29   8  72   9  61  10  68  11   8  12  92  13  85  14  91  15  21  16  89  17  97  18  77  19  48 
  0  86   1  87   2  17   3   8   4  15   5  69   6  70   7   7   8  91   9  33  10  48  11  43  12  12  13  12  14  99  15  94  16  11  17  32  18  17  19  56 
  0  27   1  38   2  50   3  77   4  10   5  72   6  78   7  32   8   4   9  89  10  53  11  26  12  47  13  94  14  87  15  21  16  14  17  84  18  56  19  21 
  0  67   1  86   2  78   3  19   4  19   5  11   6  48   7  90   8  34   9  29  10  71  11  82  12  51  13  99  14  29  15  24  16  90  17  42  18  71  19  99 
  0  24   1  35   2  71   3  38   4  51   5  70   6  73   7  18   8  79   9  80  10  75  11  26  12  64  13  37  14  23  15  93  16  97  17  53  18  36  19  16 
  0  73   1  67   2   2   3   6   4  56   5  28   6  74   7  18   8  58   9  53  10  59  11  99  12  72  13  18  14  92  15  66  16  10  17  49  18  54  19  55 
  0  91   1  80   2   1   3  22   4  50   5  68   6  27   7  97   8  17   9  70  10  44  11  89  12   2  13  70  14  99  15  40  16  51  17  48  18  15  19  32 
  0  13   1  56   2  89   3  96   4  55   5  11   6   5   7  95   8  65   9  69  10  58  11  21  12  55  13  55  14  40  15   6  16  57  17  96  18  85  19  73 
  0  66   1  74   2   9   3  70   4  99   5  51   6  11   7  77   8   6   9  38  10  74  11  86  12  69  13  54  14  57  15  77  16  11  17  67  18  40  19   7 
  0  17   1  64   2  45   3  68   4  77   5  54   6  80   7  30   8  66   9  93  10  99  11  49  12  72  13  41  14  54  15  15  16  46  17  91  18  63  19  44 
  0  37   1  70   2  98   3  54   4  23   5   2   6  33   7  26   8  88   9  33  10  68  11  27  12  55  13  70  14  64  15  47  16  57  17  96  18  34  19  64 
  0  13   1  61   2  74   3  64   4  29   5  33   6  99   7  83   8  70   9  84  10  60  11  26  12  86  13  39  14  87  15  30  16  28  17  62  18  52  19  18 
  0  55   1   9   2  47   3  78   4  86   5  78   6  78   7  23   8  28   9  77  10  28  11  97  12  25  13  90  14  12  15  73  16  77  17  75  18  74  19  21 
  0  12   1  48   2  85   3  27   4  59   5   9   6  49   7  66   8  65   9  20  10  97  11  90  12  38  13  51  14  56  15  75  16  46  17  89  18  72  19  38 
  0  20   1  23   2  35   3  47   4  57   5  36   6  21   7   9   8  99   9  86  10  83  11  40  12  60  13  17  14  83  15  33  16  11  17  33  18  56  19   9 
  0  29   1  87   2  62   3  86   4  99   5  52   6  16   7  78   8  61   9  87  10  27  11  31  12  45  13  36  14  24  15  83  16  35  17  19  18  48  19  87 
  0  69   1  11   2  14   3  58   4   4   5  92   6  89   7  17   8  65   9  76  10  12  11  86  12  57  13  88  14  39  15  63  16  49  17  23  18  58  19  15 
  0  31   1   6   2  33   3  66   4  19   5  78   6  50   7  89   8  12   9  31  10  77  11  74  12  16  13  71  14  41  15  14  16  38  17  91  18  61  19  21 
  0  37   1  64   2  19   3  18   4  94   5  36   6  46   7  43   8  20   9  59  10  67  11  72  12   9  13  48  14  95  15  65  16  32  17  59  18  87  19  38 
  0  69   1  36   2  53   3  73   4  83   5  42   6   5   7  38   8   8   9  84  10  60  11  44  12  34  13  96  14  36  15  67  16  42  17  15  18  65  19  28 
  0  16   1  48   2  36   3   1   4  38   5  24   6   4   7  47   8  81   9  85  10  50  11  82  12  65  13   6  14  57  15  96  16  96  17  35  18  18  19  99 
  0  81   1  69   2  10   3  17   4  72   5  28   6  60   7  87   8   6   9  32  10  60  11   1  12  60  13  50  14  42  15  63  16  37  17   9  18  25  19  61 
  0  41   1  52   2  55   3  77   4  44   5  58   6   1   7  10   8  38   9  34  10  13  11   1  12  15  13  84  14  66  15  83  16  98  17  99  18  32  19   5 
  0  20   1  78   2  60   3  60   4  46   5  92   6  83   7  18   8   5   9   4  10  10  11  84  12  17  13  53  14  28  15  96  16   4  17  14  18  28  19  43 
  0  40   1  95   2  43   3  53   4  15   5  26   6  15   7  38   8  65   9  95  10  16  11  12  12  62  13  92  14  10  15  70  16  94  17  98  18  98  19   3 
  0  84   1  72   2  31   3  76   4   3   5  20   6  36   7  38   8  60   9  23  10  96  11  80  12  70  13  93  14  70  15  85  16  82  17  99  18  66  19  98 
  0  41   1  66   2  24   3   5   4  24   5  19   6  35   7  68   8  53   9  18  10  67  11  81  12  79  13  28  14  10  15  65  16  74  17  20  18  79  19  73 
  0  39   1  61   2  48   3  32   4  24   5  77   6  25   7  37   8  29   9  54  10  78  11  84  12   4  13  80  14  57  15  83  16  82  17  99  18  69  19  55 
  0  22   1  51   2  43   3  44   4   9   5  65   6  41   7  19   8   8   9  66  10   6  11  11  12  11  13   2  14  15  15  44  16  74  17  89  18  22  19  87 
  0   5   1  48   2  47   3   1   4  56   5  44   6  14   7  40   8  96   9  18  10  59  11  85  12  52  13  92  14  56  15  61  16   2  17  26  18  60  19  83 
  0  98   1  60   2  10   3  31   4  17   5  48   6  13   7  72   8   2   9  60  10   9  11  34  12  25  13  32  14  77  15  88  16  49  17   1  18  15  19   4 
  0  57   1  83   2  24   3  54   4  58   5   1   6  21   7  24   8  21   9   7  10  99  11  82  12   4  13  29  14  48  15  14  16  11  17  80  18   6  19  10 
  0  50   1  19   2  16   3  52   4  44   5  28   6  71   7  92   8  78   9  15  10  26  11  50  12  80  13  93  14   3  15  46  16  52  17  58  18  78  19  16 
  0  91   1  17   2  79   3  87   4  67   5  98   6  43   7  63   8  92   9  37  10  90  11  15  12  86  13  67  14  10  15  33  16  83  17  22  18  96  19  31 
  0  91   1  98   2  62   3  50   4  72   5   9   6  86   7  69   8  65   9  49  10  67  11  39  12  40  13   4  14   1  15  20  16  67  17  96  18  81  19  76 
  0  66   1  88   2  43   3  88   4  73   5  21   6  10   7  28   8  81   9  82  10  66  11  36  12  48  13  19  14  45  15  53  16  21  17   1  18  66  19  47 
  0  21   1  16   2  83   3  78   4  25   5  89   6  17   7  23   8  51   9  44  10  54  11   6  12  16  13  24  14  57  15  87  16  14  17  15  18  99  19  22 
  0  80   1  89   2   2   3  56   4  10   5  19   6  63   7  14   8  97   9  37  10  25  11  90  12  54  13  20  14  82  15  64  16  79  17  14  18  37  19  48 
  0  71   1  87   2  86   3  19   4  68   5  29   6  49   7  85   8  16   9  68  10  56  11  97  12  31  13  57  14  70  15  67  16  86  17  22  18  41  19  87 
  0  99   1  33   2  84   3  69   4   8   5  85   6  84   7  75   8  72   9  64  10  76  11  91  12  85  13  89  14  64  15  42  16   7  17  71  18  75  19  81 
  0   7   1  50   2  94   3  31   4  34   5  46   6   2   7  35   8  23   9  88  10  40  11  47  12  95  13  53  14  92  15  34  16  51  17  29  18  89  19  88 
  0  28   1  88   2  15   3  23   4  75   5   4   6  55   7   6   8  81   9  83  10   1  11  31  12  85  13  78  14  13  15  42  16  95  17  71  18  60  19  57 
  0  91   1  64   2  55   3  56   4   4   5  55   6  37   7  25   8  30   9  72  10  49  11  38  12  25  13  78  14  48  15  83  16  78  17  57  18  96  19  19 
  0   9   1  58   2  70   3  95   4  97   5  42   6  87   7  44   8  57   9  72  10  31  11  76  12  78  13  44  14  30  15  73  16  53  17  70  18  51  19  16 
  0   2   1   6   2  83   3  14   4  69   5  47   6  96   7  70   8  37   9  95  10   2  11  41  12  79  13  19  14   7  15  17  16  44  17  54  18  38  19  16 
  0  42   1  16   2  11   3  59   4  50   5  37   6  69   7   3   8  75   9  53  10  19  11  31  12  43  13  97  14  59  15  40  16   3  17  50  18  49  19  73 
  0   9   1  81   2   2   3  49   4  79   5   6   6  70   7  51   8  42   9  68  10  99  11  19  12  92  13  69  14  65  15  57  16  40  17  19  18   9  19  86 
  0  89   1  23   2  92   3  33   4  18   5  12   6  54   7  73   8  56   9  17  10   5  11  36  12  36  13  19  14  44  15  84  16  84  17  66  18  25  19   2 
  0  50   1  89   2  90   3  66   4  68   5  33   6  34   7  39   8  43   9  89  10  28  11  62  12  53  13  78  14  23  15  93  16   4  17  91  18  42  19  58 
  0  70   1  65   2  37   3  91   4  64   5  24   6  42   7  27   8  69   9  94  10  14  11  90  12   7  13  36  14  59  15  86  16  34  17  52  18  56  19  41 
  0  83   1   4   2  65   3  52   4  67   5  87   6  41   7  98   8  16   9  32  10  17  11  60  12  16  13  79  14  31  15  96  16  19  17  35  18   3  19  94 
  0  56   1  41   2  75   3  91   4  51   5  79   6  72   7  41   8  58   9  14  10  47  11  33  12  95  13  71  14  24  15  35  16  12  17  77  18  39  19  12 
  0  66   1  82   2  88   3  45   4   6   5  73   6  94   7  71   8  12   9  42  10  77  11  12  12  65  13  17  14  23  15  92  16  51  17  61  18  92  19  24 
  0  62   1  86   2  57   3  22   4  59   5  88   6  79   7   6   8  60   9  86  10  26  11  21  12  44  13  10  14  90  15  38  16  94  17  69  18  26  19  22 
  0  47   1  85   2  73   3  37   4  13   5  23   6   7   7  20   8  96   9  59  10  60  11  82  12   2  13  61  14  66  15  60  16  93  17  31  18  72  19   9 
  0   7   1  25   2   3   3  27   4  95   5  29   6  66   7  82   8  63   9  83  10  40  11  76  12  19  13  61  14   2  15  12  16  19  17  87  18  13  19  57 
  0  61   1  15   2  14   3  82   4  10   5  49   6  21   7  71   8  89   9  59  10  53  11  50  12  68  13  71  14  69  15  69  16  35  17  92  18  77  19  65 
  0  48   1  26   2   8   3  92   4  60   5  70   6  58   7   2   8  84   9  17  10  45  11  34  12   4  13  65  14  14  15   4  16  41  17  15  18  86  19  21 
  0  91   1  45   2  52   3  26   4  89   5  75   6   4   7  15   8  18   9  41  10  18  11   1  12  10  13  57  14  30  15  52  16  22  17  54  18  31  19  94 
  0   5   1  85   2  64   3  77   4  90   5  64   6  58   7  88   8   5   9  10  10   5  11  47  12   2  13  60  14  37  15  16  16  37  17  63  18  78  19  52 
  0  41   1  25   2  38   3  46   4  42   5  42   6  25   7  82   8  61   9  71  10  81  11  65  12  53  13  10  14  71  15  91  16  21  17  41  18  67  19  80 
  0  73   1  90   2  69   3  33   4  71   5  13   6  66   7  75   8  49   9  21  10  49  11  45  12   7  13  36  14  65  15  70  16  64  17  85  18  27  19  27 
  0  99   1  22   2  48   3  21   4  68   5  52   6  55   7  18   8  26   9  54  10  43  11  49  12  93  13  33  14  66  15  70  16  98  17  61  18  96  19  87 
  0  25   1  92   2  95   3  83   4  61   5  42   6  37   7   9   8  42   9  52  10  32  11  98  12   8  13  73  14  61  15  16  16  42  17  64  18  29  19  70 
  0   3   1  95   2  16   3  80   4  20   5   8   6  47   7  50   8  23   9  77  10  25  11  73  12  18  13  73  14  27  15  17  16  36  17  91  18  56  19   5 
  0  72   1  84   2  71   3  82   4  39   5  39   6  78   7  37   8  58   9  98  10  51  11  97  12  76  13  80  14  30  15  20  16  14  17  65  18  51  19  79 
  0  58   1  77   2  89   3  22   4  54   5  83   6  56   7  44   8  66   9  47  10  38  11  54  12  16  13  83  14  73  15  53  16  93  17  16  18  34  19  36 
  0   5   1  52   2  87   3  86   4  45   5   8   6  60   7  66   8   6   9  37  10  50  11  91  12  86  13  24  14  71  15  10  16  90  17  88  18  66  19  51 
  0  44   1  91   2  59   3  68   4  95   5  84   6  67   7  58   8  20   9  95  10  24  11  45  12  12  13  37  14  34  15  93  16   2  17   8  18   2  19  65 
  0   8   1  34   2  27   3  56   4  32   5  10   6  48   7  70   8  14   9  53  10  45  11  84  12  48  13  44  14  17  15  80  16  70  17   8  18   3  19  18 
  0  84   1  23   2  99   3  15   4  21   5  82   6  55   7  66   8  74   9  32  10   1  11  34  12  83  13  16  14  52  15  58  16  17  17  75  18  37  19  32 
  0  35   1  41   2  67   3  48   4  65   5  65   6  65   7  25   8  15   9  44  10  41  11  71  12  12  13  52  14  88  15  11  16  62  17  24  18  77  19   4 
  0  45   1  68   2  36   3  85   4  51   5  24   6   9   7  92   8  36   9  26  10  58  11  96  12  89  13  61  14  50  15  70  16  79  17  91  18  43  19  31 
  0  15   1  63   2  40   3  47   4  46   5  23   6  37   7  71   8  90   9  69  10  53  11  20  12  78  13  46  14  72  15  82  16  98  17  18  18  50  19  69 
  0   5   1  31   2  11   3  71   4  67   5  51   6  55   7  22   8  75   9  25  10  24  11  48  12  57  13  26  14   6  15  46  16  88  17   4  18  55  19  54 
  0  53   1  31   2  64   3  66   4   3   5  92   6  83   7  69   8  69   9  76  10  52  11  51  12   4  13  30  14  46  15   8  16  53  17   2  18  11  19  74 
  0   4   1  63   2  35   3   6   4   3   5  17   6  66   7  36   8  93   9   4  10  64  11  33  12  13  13  69  14  56  15  25  16  92  17  64  18  42  19  53 
  0  30   1  55   2  64   3  37   4  13   5  45   6  42   7  45   8   1   9  74  10  51  11  17  12  51  13  58  14  65  15  16  16  18  17  53  18  46  19  82 
  0  51   1  99   2  15   3  20   4  21   5  33   6  40   7  96   8  80   9  76  10  82  11  60  12   3  13  34  14  64  15  57  16   6  17  88  18  96  19  41 
  0  56   1  96   2   2   3  87   4  25   5  65   6   6   7  52   8  27   9  47  10   7  11  10  12  94  13   7  14   9  15  99  16  34  17  93  18  32  19  56 
  0  66   1  71   2  94   3  27   4  28   5  79   6  44   7  40   8  53   9  78  10  72  11  70  12  85  13  23  14  64  15  19  16  18  17  26  18  77  19  94 
  0  63   1  61   2  48   3  41   4  19   5  93   6  54   7  17   8  84   9  32  10  46  11  77  12  21  13  17  14  41  15  22  16  14  17  72  18  92  19  53 
  0  66   1  23   2  90   3  70   4  37   5  76   6  87   7  69   8  18   9  66  10  94  11  91  12  35  13  77  14  26  15  17  16  12  17  19  18  50  19  12 
  0  67   1  96   2  79   3  76   4  81   5  40   6  77   7  73   8  59   9  48  10  98  11  42  12  65  13  19  14  69  15  63  16  91  17  24  18  47  19  67 
  0  17   1  99   2  59   3  59   4  73   5  36   6  33   7  60   8  57   9  80  10  58  11  73  12  23  13  42  14  48  15  60  16  28  17  36  18  98  19  31 
  0   4   1  16   2  39   3  62   4  63   5  95   6  15   7  41   8  76   9   4  10  71  11  68  12  92  13   4  14  52  15  50  16  79  17  22  18  22  19  12 
  0  40   1  46   2   2   3  36   4  57   5  29   6  98   7  89   8  65   9  51  10  43  11  16  12  73  13  19  14  54  15  22  16  58  17  40  18   3  19  93 
  0  13   1  59   2  90   3  78   4  26   5  23   6  87   7  71   8  47   9  46  10  31  11  91  12  66  13  90  14  11  15  97  16  30  17   1  18  53  19  59 
  0  17   1  17   2  36   3  81   4  12   5  64   6  27   7  90   8  79   9  87  10  30  11  94  12   6  13  27  14  33  15  57  16  88  17  70  18  16  19  21 
  0  11   1  91   2  84   3  16   4  92   5  23   6  66   7  54   8  77   9  65  10  60  11  95  12   2  13  45  14   4  15  76  16  24  17  24  18  46  19  75 
  0  68   1  67   2  91   3  66   4  83   5  36   6  16   7  59   8  37   9  13  10   3  11  91  12  14  13   9  14  83  15  55  16   6  17  62  18  54  19  77 
  0  75   1  82   2  65   3  52   4   3   5  82   6  52   7  21   8  38   9  53  10  59  11  83  12  24  13  36  14  86  15  83  16  72  17  70  18  31  19  94 
  0  63   1  43   2  31   3  67   4  59   5  80   6  80   7  16   8  38   9  94  10  78  11  90  12  22  13  59  14  50  15   3  16  88  17  19  18  27  19  93 
  0  83   1   3   2  50   3  80   4  45   5  46   6  76   7  16   8  91   9  20  10  63  11  40  12  76  13  91  14  11  15  54  16  62  17  17  18  89  19  98 
  0  17   1  53   2  41   3  70   4   5   5  97   6   8   7  79   8   2   9   6  10  83  11   8  12  99  13  36  14  99  15  42  16  76  17  16  18  88  19  60 
  0  81   1  37   2  66   3  40   4  78   5  45   6  15   7  63   8  82   9  34  10   8  11  76  12  36  13  50  14  45  15  81  16  52  17  85  18  68  19  25 
  0  55   1  60   2  90   3  57   4  20   5  70   6  83   7  63   8  86   9  78  10  64  11  36  12  89  13  27  14  30  15  42  16  15  17  68  18  29  19  92 
  0  14   1  92   2  30   3  30   4  77   5   4   6  72   7  56   8  22   9  78  10  90  11  43  12  67  13  96  14  25  15  93  16  79  17  98  18  16  19  19 
  0  24   1   2   2  26   3  97   4  78   5  20   6  60   7  14   8  24   9  12  10  80  11  31  12  13  13  24  14  28  15  23  16  79  17  68  18   8  19  13 
  0  75   1  80   2  84   3   1   4  23   5  98   6  76   7  30   8  89   9  79  10  15  11  81  12  64  13   8  14   8  15  55  16  97  17  44  18  57  19  25 
  0  67   1  72   2   9   3  34   4  25   5  55   6   4   7  66   8  91   9   8  10  60  11  83  12   2  13  47  14  40  15  64  16  57  17  50  18  24  19  63 
  0  22   1  66   2  71   3  26   4  29   5  23   6  97   7  53   8  69   9  11  10  18  11  72  12  22  13  60  14  78  15  92  16  47  17  45  18  97  19   2 
  0  51   1  14   2  65   3   9   4  28   5  58   6  29   7  91   8  11   9  43  10  25  11   3  12  71  13  91  14  53  15  96  16  99  17  33  18  52  19  94 
  0  76   1  64   2  16   3  38   4  31   5  36   6   9   7  65   8  12   9  91  10  77  11  86  12  58  13  75  14  98  15  16  16  64  17  16  18  96  19   2 
  0  16   1  77   2  92   3  65   4  50   5  15   6  58   7  78   8  32   9  31  10  77  11  35  12  96  13  79  14  23  15  80  16  21  17  81  18  29  19  70 
  0  10   1  56   2  62   3  38   4  55   5   5   6  85   7  21   8  74   9  35  10  23  11  43  12  73  13  30  14  60  15  17  16  41  17  43  18  68  19  78 
  0  19   1  70   2  85   3  19   4  13   5  24   6  52   7  77   8   9   9  69  10  35  11  50  12  18  13  34  14  80  15  82  16   9  17  45  18  66  19  51 
  0  95   1  67   2  10   3  50   4  60   5  37   6  20   7  52   8  92   9  44  10  56  11  30  12  55  13  25  14  31  15  96  16   9  17  12  18   9  19  89 
  0  25   1  72   2   2   3  45   4  85   5  69   6  78   7  82   8  82   9  17  10  29  11   5  12  65  13  13  14  25  15  99  16  72  17  30  18  53  19  86 
  0  59   1  39   2  31   3  22   4  12   5  58   6  50   7  92   8  94   9  45  10  98  11  25  12  52  13  93  14  97  15  13  16  97  17  93  18   4  19   3 
  0  39   1  26   2   8   3  68   4  43   5  87   6   8   7  21   8  27   9   6  10  54  11  33  12  60  13  85  14  91  15  15  16  51  17  87  18  29  19  79 
  0  79   1  29   2  47   3  54   4  92   5  19   6  86   7  61   8  94   9  82  10  86  11  34  12  76  13  90  14  90  15  10  16  42  17  30  18  76  19  32 
  0  51   1  10   2  69   3  75   4   9   5  90   6  94   7  87   8  62   9  85  10  90  11  29  12  13  13  22  14   8  15  59  16  38  17   7  18  98  19  38 
  0  49   1  38   2  31   3  60   4  87   5  50   6  14   7  31   8  34   9  25  10  69  11   1  12  54  13  22  14  17  15  11  16  72  17  44  18  56  19  98 
  0  55   1  61   2  95   3   9   4  86   5  42   6  63   7   2   8  93   9  44  10  36  11  15  12  80  13  97  14  59  15  58  16  17  17  91  18  50  19  54 
  0  85   1  54   2  32   3  87   4   7   5  74   6  32   7  39   8  32   9  64  10  53  11  77  12  30  13  80  14  40  15  27  16  76  17  86  18  42  19  18 
  0  24   1  20   2  37   3  11   4  80   5  60   6  67   7  67   8  55   9  19  10  95  11  65  12  57  13  88  14  20  15  83  16  59  17   8  18  70  19  91 
  0   8   1  20   2  82   3  97   4  71   5  78   6  67   7  86   8  67   9  54  10  47  11  20  12  37  13  93  14  64  15  50  16  37  17  73  18  50  19  31 

Taillard LB      : 26447
Proportionate LB : 17003
Lower bound: 26447

Random seed: 1004
