
500  20

  0  67   1  83   2  32   3  90   4  29   5   1   6   3   7  69   8  86   9   7  10  30  11  93  12  93  13  50  14  26  15  37  16  60  17  61  18  24  19   2 
  0  36   1   3   2  16   3  43   4  62   5  92   6  55   7  66   8  86   9  83  10  34  11  79  12  20  13  14  14  47  15  67  16  55  17  79  18  70  19  85 
  0  11   1  92   2  22   3  68   4  37   5  69   6  73   7  34   8  86   9  54  10  13  11  58  12  54  13  85  14  50  15  21  16  73  17  55  18  25  19  31 
  0  30   1  66   2  61   3   4   4  58   5  48   6  13   7  53   8  78   9  63  10  53  11  19  12  23  13  59  14  56  15  20  16  58  17  90  18  51  19  43 
  0  18   1  10   2  38   3  47   4  18   5   4   6  10   7  63   8  38   9  80  10  85  11  24  12   4  13  98  14  78  15  97  16  32  17  87  18  73  19  56 
  0  10   1  84   2  12   3  96   4  79   5  57   6   5   7  53   8   9   9  28  10  77  11  95  12  61  13  15  14   9  15  24  16  48  17  47  18  60  19  30 
  0  54   1  91   2  83   3   2   4  22   5  77   6   4   7  73   8  58   9  76  10  74  11   3  12  61  13  70  14  48  15  61  16  16  17  52  18  72  19  38 
  0  97   1  68   2   1   3  91   4  90   5  13   6  14   7  27   8  98   9  27  10  24  11  59  12  93  13  97  14  95  15  24  16   6  17  24  18  55  19  33 
  0  63   1  65   2  86   3  72   4  52   5  36   6  96   7  19   8  15   9  41  10  83  11  33  12  91  13  54  14  74  15  78  16  30  17  49  18  91  19  28 
  0  88   1   7   2  52   3  44   4  93   5  57   6  11   7   1   8  27   9  26  10  96  11  52  12   4  13  33  14  43  15  33  16  98  17  99  18  26  19   2 
  0  93   1  11   2  32   3  29   4  58   5  97   6  55   7  35   8  64   9  61  10  96  11  97  12  50  13  44  14  70  15  50  16   1  17   5  18  97  19  15 
  0  79   1  66   2  94   3  57   4  52   5  82   6  40   7  33   8  59   9  15  10  55  11  98  12  20  13  75  14  58  15  23  16   7  17  89  18  73  19  75 
  0  61   1  67   2  16   3  61   4   3   5  60   6  91   7  78   8  59   9  40  10  55  11  35  12  85  13  68  14  62  15  43  16  34  17  36  18   1  19  25 
  0  51   1  93   2   2   3  16   4  12   5  94   6  44   7   3   8  38   9  52  10   4  11  49  12  77  13  37  14  67  15  43  16  77  17  95  18  28  19   1 
  0  23   1  96   2  72   3  97   4  67   5  80   6  12   7  84   8  72   9   4  10   4  11  36  12  22  13   4  14  27  15  90  16  94  17  31  18  50  19  16 
  0  82   1  14   2   4   3  76   4  47   5  97   6  47   7  56   8   7   9  10  10  96  11  97  12  67  13  65  14  38  15  42  16  67  17  69  18  41  19  83 
  0  70   1  59   2  74   3  27   4  30   5   6   6  30   7  71   8  56   9   6  10  20  11  56  12  40  13  41  14  64  15  99  16  74  17  29  18   6  19  35 
  0  80   1   8   2  38   3  90   4  86   5  46   6  98   7  91   8  38   9  61  10  28  11  30  12  97  13   3  14  40  15  24  16  97  17  61  18  23  19  77 
  0  90   1  75   2   1   3  66   4  95   5  41   6  99   7  66   8  61   9  88  10  42  11  70  12  28  13  77  14  62  15  87  16   5  17  87  18  89  19  92 
  0  90   1   8   2  92   3  67   4  17   5  37   6  10   7  53   8  59   9  43  10  15  11  12  12  42  13  38  14  99  15  93  16  74  17  43  18  59  19  71 
  0  46   1  69   2  30   3  97   4  47   5  79   6  36   7  22   8  71   9  88  10  67  11   5  12  20  13  75  14  36  15  96  16  53  17  58  18  53  19  79 
  0  56   1  71   2  74   3  69   4   8   5   6   6  41   7  37   8  19   9   6  10  55  11  86  12   2  13  30  14  26  15  34  16  86  17  51  18  18  19  29 
  0  37   1  42   2  93   3  47   4  30   5  81   6  65   7  10   8   8   9  26  10  10  11   4  12  39  13   1  14  49  15  51  16  66  17  73  18  98  19  93 
  0   2   1  24   2  21   3  62   4   3   5  79   6  83   7  17   8  61   9  66  10  84  11  68  12  16  13  67  14  27  15   7  16  27  17  64  18  80  19   9 
  0  46   1  16   2   9   3  57   4   6   5  60   6  46   7  89   8  11   9  20  10  45  11  75  12  14  13  95  14  35  15  52  16  69  17  32  18  81  19  82 
  0   6   1  21   2   1   3  47   4  63   5  92   6  53   7  12   8  40   9  20  10  46  11  93  12  98  13  65  14  93  15  34  16  57  17  90  18  49  19  48 
  0  57   1  39   2   2   3  56   4  23   5  42   6  32   7   2   8  66   9  30  10   9  11   5  12  84  13  92  14  86  15  78  16   7  17  81  18  51  19   7 
  0  42   1  38   2  22   3  92   4  77   5  17   6  41   7  49   8  52   9  60  10  65  11   1  12  75  13  93  14  42  15  63  16  60  17  17  18  25  19  54 
  0  89   1   2   2  77   3  91   4  18   5  93   6  16   7  77   8  35   9  37  10  59  11  94  12  82  13  39  14  51  15  39  16  30  17  33  18  52  19  12 
  0  23   1  55   2   7   3   7   4  29   5  46   6  77   7  46   8  33   9  38  10  83  11  89  12  97  13  39  14  57  15  44  16  29  17  95  18  76  19  54 
  0  96   1  55   2  60   3  61   4  34   5  56   6  86   7  73   8  77   9  54  10  84  11  97  12  35  13  84  14   4  15  43  16  60  17  93  18  62  19  86 
  0  71   1  89   2  89   3  56   4  93   5  15   6   4   7  97   8  33   9  40  10   8  11  37  12   4  13  31  14  76  15  28  16  64  17  72  18  54  19  12 
  0  51   1  66   2  15   3  81   4  25   5  28   6  95   7  87   8  13   9   1  10  42  11  88  12  70  13   8  14  10  15  51  16  94  17  75  18  89  19  83 
  0  81   1  81   2  41   3  94   4  53   5  63   6  73   7  15   8  83   9  74  10  64  11  27  12  81  13  81  14  62  15  55  16  66  17  57  18  22  19  17 
  0  56   1  22   2  75   3  26   4  76   5  64   6  94   7  93   8  54   9   8  10  15  11  29  12  91  13  71  14  16  15  42  16  30  17  77  18  90  19  49 
  0  27   1  41   2   4   3  87   4  64   5  14   6  88   7  64   8  25   9  38  10  25  11  90  12  86  13  48  14  71  15  17  16  56  17  25  18  99  19  74 
  0  17   1  97   2  62   3  77   4  35   5  84   6  24   7  96   8  75   9  66  10  24  11  55  12  90  13  82  14  80  15  33  16   1  17  52  18  71  19  89 
  0   3   1  86   2  70   3  19   4  98   5  56   6  29   7   1   8  68   9  19  10  99  11  10  12   9  13   6  14  73  15  55  16  23  17   1  18   3  19  45 
  0  70   1  25   2  91   3  50   4  53   5  16   6  51   7   3   8  45   9  66  10  44  11   1  12  42  13  20  14  34  15  22  16  47  17  38  18  56  19  83 
  0  29   1  23   2  62   3  14   4  38   5   8   6  72   7  16   8  53   9  81  10  32  11  66  12  97  13  53  14  94  15  54  16   7  17  92  18  48  19  10 
  0  53   1  29   2  93   3  17   4  99   5  74   6  24   7  44   8  14   9  33  10  95  11  12  12  71  13  43  14  37  15  49  16  36  17  29  18  59  19  82 
  0  38   1  42   2  28   3  59   4  86   5  99   6  42   7  17   8  48   9  63  10  99  11  78  12  72  13  57  14  76  15  67  16  79  17  20  18  80  19  28 
  0  11   1  93   2  36   3  89   4  33   5  29   6  23   7  59   8  43   9  32  10  10  11  18  12  56  13  81  14  20  15  43  16  18  17  42  18  30  19  23 
  0  17   1  32   2  20   3  24   4  48   5   3   6   5   7   4   8  36   9  79  10  32  11  98  12  30  13  71  14  33  15  78  16  28  17  79  18  83  19  76 
  0  76   1  55   2  71   3  46   4  55   5  87   6   4   7  19   8  89   9  80  10  93  11  99  12  49  13  86  14  13  15  69  16  94  17  32  18  24  19  36 
  0  27   1  26   2   7   3  19   4  67   5   4   6  70   7  47   8  71   9  54  10  86  11  42  12  27  13  59  14   4  15  72  16  98  17  53  18  35  19  53 
  0  59   1  35   2  54   3  29   4  69   5   5   6  58   7  68   8  78   9  28  10  15  11  88  12  83  13  98  14  47  15  39  16  65  17  38  18  14  19  15 
  0  98   1  75   2  22   3  54   4  97   5  94   6  39   7  97   8  72   9  92  10  36  11  75  12  87  13  46  14  30  15  28  16  61  17  41  18  64  19  67 
  0  84   1   1   2  43   3  42   4  70   5  68   6  83   7  41   8  63   9  21  10  43  11  30  12   6  13  19  14  38  15  72  16  51  17  73  18  74  19  77 
  0  26   1  44   2  22   3  80   4  45   5  98   6  35   7  10   8  50   9  16  10  60  11  10  12  74  13  62  14  90  15  38  16   5  17  76  18  26  19  69 
  0  21   1  49   2  40   3  27   4  90   5  76   6  36   7  59   8  32   9  16  10  95  11  14  12  60  13  46  14  79  15  70  16   2  17  71  18  97  19  18 
  0   2   1  45   2   2   3  82   4  97   5  34   6  80   7  10   8  26   9  50  10  52  11  58  12   7  13  93  14  31  15   3  16  95  17  22  18   2  19  27 
  0  18   1  18   2  63   3   8   4  97   5  99   6  49   7  18   8   3   9  73  10  51  11  60  12  34  13  83  14  42  15  69  16  74  17  92  18  97  19  14 
  0  62   1  21   2   2   3   4   4  18   5  87   6  64   7  39   8  95   9  91  10  14  11  24  12  13  13  74  14  57  15  93  16  94  17  31  18  75  19   4 
  0  67   1  45   2  26   3  31   4  91   5  52   6  99   7  80   8  80   9   3  10  16  11  19  12  15  13  67  14  65  15  22  16  26  17  57  18  61  19  22 
  0   1   1   5   2  44   3  27   4  99   5   2   6  66   7  32   8  79   9  19  10   3  11  64  12  77  13  59  14   5  15  27  16  88  17  55  18  10  19  81 
  0  55   1  53   2   2   3  57   4  97   5  24   6  49   7  10   8   9   9  48  10  91  11  42  12  50  13  91  14  77  15  30  16  22  17  64  18  62  19  76 
  0  12   1  10   2   2   3   7   4  21   5  42   6  81   7  89   8  21   9  57  10  91  11  85  12  37  13   2  14  38  15  93  16  19  17  99  18  40  19   6 
  0  62   1  68   2  97   3  23   4  87   5  16   6  35   7  89   8  83   9  84  10  82  11  96  12  79  13  11  14  84  15   8  16  73  17  60  18  95  19  48 
  0  56   1  17   2  23   3  86   4  74   5  59   6  56   7  90   8  65   9   5  10   8  11  70  12   6  13  52  14  67  15  56  16  43  17  52  18  55  19  42 
  0   3   1   1   2  18   3  90   4  83   5  55   6   7   7  73   8  80   9   2  10  86  11  49  12  13  13  10  14  49  15  59  16  15  17  37  18  57  19  25 
  0  81   1  85   2  45   3  93   4  86   5  15   6  35   7  58   8  38   9  86  10  30  11  94  12  40  13  27  14  41  15  13  16  97  17  64  18  63  19  91 
  0  35   1   6   2  36   3  46   4  11   5  45   6   7   7   8   8  25   9  40  10  32  11  42  12  31  13  71  14  13  15  17  16  80  17  25  18  26  19  50 
  0  63   1   8   2  54   3  77   4  54   5  80   6  17   7  87   8  51   9   8  10  69  11  51  12  55  13  90  14  53  15  76  16  74  17  20  18  38  19  75 
  0  47   1  60   2  56   3  38   4  93   5  88   6  65   7   6   8  46   9   8  10  26  11  99  12  29  13  77  14  27  15  43  16  35  17  14  18  33  19  76 
  0  41   1  82   2  98   3  59   4  53   5  83   6  98   7  70   8  74   9  93  10  57  11  56  12  36  13  20  14  90  15  88  16  34  17   2  18  80  19   3 
  0  82   1  96   2  52   3  50   4  10   5  42   6  21   7  80   8  60   9  98  10  18  11   1  12  49  13  35  14   8  15  19  16  20  17  49  18  63  19  32 
  0  71   1  49   2  95   3  86   4  57   5  77   6  99   7  63   8  26   9  55  10  61  11   8  12  45  13  89  14  33  15  22  16  44  17  53  18  47  19  10 
  0  82   1  51   2  57   3  81   4  54   5  18   6  56   7  42   8  58   9  80  10  81  11  63  12  59  13   9  14  75  15  37  16  72  17   3  18   5  19  10 
  0  21   1  99   2  86   3  27   4  83   5  26   6  36   7  67   8  59   9  39  10  99  11  52  12   5  13  83  14  35  15  89  16  37  17  56  18  29  19  35 
  0  53   1  28   2  10   3  97   4  39   5  27   6  67   7  42   8  39   9  58  10  13  11  68  12  72  13  36  14  15  15  45  16  36  17  23  18  48  19  19 
  0  36   1  92   2  88   3  74   4  80   5  39   6  92   7  28   8  78   9  66  10  73  11  34  12  71  13  78  14  50  15  80  16  56  17  80  18  88  19  48 
  0  73   1  21   2  92   3  37   4  84   5  47   6  54   7  99   8  86   9  65  10   3  11  65  12  14  13  25  14  63  15  32  16  39  17  29  18  54  19  64 
  0  28   1   9   2  25   3  95   4   1   5   8   6  30   7   9   8  61   9  40  10  75  11   2  12  38  13  25  14  84  15  79  16  68  17  72  18  72  19  57 
  0  91   1  23   2  57   3  81   4   5   5  28   6  84   7  48   8  55   9  99  10  55  11  19  12  54  13  21  14  16  15  85  16  43  17  52  18  54  19  11 
  0  92   1  10   2   4   3  64   4  16   5  41   6  29   7  82   8   7   9  41  10  51  11  46  12  22  13  34  14  38  15  55  16  10  17  47  18  54  19  85 
  0  14   1  15   2  72   3  34   4  10   5   3   6  16   7  17   8  19   9  94  10  45  11  56  12  42  13  59  14  48  15  15  16  88  17  54  18   6  19  28 
  0  28   1  83   2  42   3  80   4   7   5   7   6  97   7   9   8  69   9  70  10  64  11  58  12  76  13   4  14  95  15  32  16  37  17  91  18  32  19  45 
  0  97   1  23   2  54   3  54   4  62   5  42   6  27   7   9   8  12   9  89  10  96  11  32  12  61  13  69  14  39  15  95  16  84  17  30  18  42  19  92 
  0  64   1  39   2  58   3  40   4  66   5  58   6  91   7   5   8  81   9  55  10   7  11  89  12  85  13  70  14  36  15  41  16  36  17   4  18  76  19  78 
  0  49   1  35   2  67   3   3   4  23   5  53   6  40   7  49   8  45   9  65  10  90  11  51  12  68  13  70  14  73  15  70  16  34  17  20  18  43  19  29 
  0  88   1  62   2  17   3  85   4  29   5  88   6  41   7  35   8  61   9  93  10  32  11  71  12  69  13  41  14  91  15  17  16  83  17  22  18  94  19  45 
  0  15   1   2   2  33   3  76   4  53   5  85   6  31   7  10   8  54   9  15  10  83  11  23  12  94  13  47  14  13  15  65  16  34  17   5  18  62  19  22 
  0  12   1  44   2  44   3  86   4  60   5  67   6  34   7  29   8  60   9   6  10  68  11  32  12  67  13  58  14   4  15  36  16  31  17  29  18  26  19  48 
  0  18   1  18   2  92   3  11   4  67   5  35   6  17   7   9   8  98   9  64  10  88  11  63  12  32  13  84  14  92  15  70  16  39  17  40  18  87  19  75 
  0  96   1  65   2   4   3  98   4  62   5  80   6  97   7   2   8  33   9  28  10  88  11  11  12  13  13  61  14   6  15  92  16   8  17  87  18  66  19  87 
  0  14   1  99   2  55   3  45   4   1   5   3   6  26   7   4   8  48   9  92  10  63  11  62  12  47  13  60  14  39  15  98  16  51  17  12  18  26  19  25 
  0  46   1  33   2  52   3  71   4  42   5  49   6  33   7  50   8  10   9  86  10  46  11  24  12  67  13  84  14  28  15  14  16  40  17  48  18   7  19  99 
  0  46   1  61   2  31   3  65   4  58   5  86   6  51   7  44   8  60   9  61  10  77  11  86  12  10  13  56  14   6  15  43  16  11  17  19  18  75  19  66 
  0  43   1  86   2  38   3  19   4  79   5  25   6  57   7  40   8  49   9  93  10  61  11  50  12  98  13  49  14  66  15  15  16  10  17  70  18  55  19  40 
  0  63   1  84   2  28   3  28   4  54   5  10   6  26   7  44   8  47   9  25  10  69  11  49  12  36  13  47  14  43  15  90  16  19  17  85  18  77  19  71 
  0  37   1  76   2  92   3   1   4  23   5  78   6  43   7  46   8  59   9   8  10  30  11  11  12  79  13  81  14  72  15  12  16  68  17  16  18  69  19  92 
  0  78   1  17   2   3   3  19   4  45   5  58   6  50   7  45   8  62   9  37  10  70  11  75  12  88  13  73  14  12  15  68  16  99  17  85  18   8  19  65 
  0  70   1  66   2  17   3  59   4  53   5  63   6  81   7  78   8  82   9  58  10  96  11  28  12  31  13   1  14  26  15  84  16  96  17  61  18  81  19  94 
  0  82   1  18   2  40   3  40   4  93   5  69   6  53   7  79   8  82   9  74  10  37  11  64  12  25  13  89  14  80  15   2  16  90  17  97  18  74  19  28 
  0  49   1  17   2  94   3  68   4  29   5  35   6  84   7  64   8  94   9  72  10  86  11  90  12  34  13  51  14  61  15  82  16  86  17  52  18  17  19  80 
  0  35   1  76   2  19   3  40   4  75   5  47   6  61   7  18   8  18   9  81  10  12  11  23  12  69  13  15  14  85  15  11  16  37  17  64  18  31  19   2 
  0  59   1  88   2  68   3  15   4  31   5  92   6  21   7  31   8  57   9  16  10  95  11   6  12  57  13  28  14  34  15  28  16  81  17  91  18   4  19  23 
  0  81   1  40   2  34   3  11   4  42   5  46   6  21   7  64   8  86   9  37  10  83  11  64  12  79  13  80  14  49  15  38  16  66  17  60  18  43  19  35 
  0  84   1  39   2  12   3  36   4  28   5  24   6  36   7  99   8  99   9  78  10  92  11  57  12  35  13  19  14   3  15  15  16  12  17  35  18  13  19  27 
  0  39   1  46   2  77   3  76   4  25   5  20   6  45   7  67   8  57   9  25  10  71  11  42  12  69  13  89  14  39  15  88  16  91  17   7  18  92  19  82 
  0  50   1  47   2  91   3  88   4  50   5  70   6  17   7  27   8   9   9  73  10  85  11  94  12  48  13  83  14   2  15  21  16  87  17  51  18  30  19  15 
  0  51   1  83   2  50   3  71   4  22   5  25   6  85   7  33   8  33   9  53  10  74  11  34  12  15  13  34  14  93  15  64  16   4  17  62  18  21  19  53 
  0  87   1  79   2  92   3  60   4  67   5   3   6  26   7  64   8  10   9  33  10  78  11  92  12  70  13   3  14  78  15  47  16  79  17  52  18  83  19  52 
  0  23   1  82   2  13   3  40   4  27   5  98   6  30   7   7   8  26   9  14  10  36  11  24  12  44  13  88  14  56  15  89  16  36  17  89  18  53  19  60 
  0  21   1   8   2   7   3  28   4  18   5  77   6  25   7  25   8  89   9  23  10   2  11  73  12  99  13  95  14  37  15  74  16  30  17  27  18  89  19  85 
  0   9   1  73   2  26   3  91   4  29   5  91   6  92   7  56   8  62   9  62  10  26  11  59  12  53  13  11  14  98  15  98  16  83  17  52  18  30  19  30 
  0  98   1  76   2  73   3  15   4  82   5  84   6  36   7  36   8   5   9  75  10  86  11  27  12  64  13  22  14  59  15  48  16  90  17  46  18  81  19   6 
  0  97   1   9   2  92   3  42   4  34   5  68   6  43   7  58   8  22   9   2  10  63  11  36  12   5  13  93  14  77  15  58  16  31  17  10  18  82  19  97 
  0  32   1  39   2  34   3  51   4  52   5  33   6  29   7  81   8  77   9  88  10  25  11  35  12  49  13  87  14  64  15  15  16  48  17  73  18   7  19  63 
  0   5   1  17   2  76   3   7   4  75   5  24   6  94   7  63   8  85   9   9  10  52  11  85  12  81  13  91  14  36  15  98  16  66  17  14  18  19  19  35 
  0  14   1  13   2  53   3  57   4  52   5  76   6  34   7  37   8  14   9  42  10  31  11   4  12  62  13  85  14  12  15  42  16  31  17  68  18  89  19  54 
  0  63   1   4   2  97   3  94   4  92   5  18   6  67   7  60   8  77   9  30  10  66  11  77  12  91  13  77  14  98  15  80  16  65  17  96  18  88  19  39 
  0  47   1  29   2  78   3  65   4  85   5  22   6  26   7  59   8  49   9  17  10  90  11  86  12  52  13  54  14  64  15  29  16  30  17  47  18   5  19  47 
  0  88   1  74   2  36   3  34   4  82   5  20   6  24   7  29   8  50   9  68  10  78  11  89  12  36  13  80  14  68  15  75  16  90  17  52  18  42  19  41 
  0  92   1  84   2  11   3  48   4  93   5  85   6  60   7  36   8  41   9  52  10  50  11  28  12  29  13  39  14  99  15  15  16  98  17  97  18  17  19  50 
  0  96   1  84   2  25   3  77   4  91   5   4   6   5   7  26   8  43   9  76  10  76  11  56  12  47  13  22  14  39  15  62  16  54  17  15  18  43  19  26 
  0  43   1  53   2  15   3  78   4  95   5  51   6  85   7  68   8  83   9  54  10  45  11  82  12  62  13  47  14  51  15  71  16  56  17  69  18  83  19  68 
  0  56   1  96   2  55   3   3   4  28   5  66   6  18   7  77   8  81   9  56  10  78  11   7  12  68  13  28  14  54  15  83  16  70  17  97  18  92  19  57 
  0   9   1   5   2  53   3  69   4  88   5  62   6  53   7  56   8  45   9  54  10  83  11  94  12  11  13  57  14  41  15  79  16  66  17  50  18  57  19   4 
  0  86   1  22   2  57   3  34   4  86   5   1   6  24   7  60   8  65   9  82  10   1  11  67  12  24  13   8  14  29  15  45  16  90  17  77  18  39  19  12 
  0   1   1  96   2  78   3  67   4  68   5  42   6   4   7  11   8  87   9  99  10  71  11  52  12  10  13  38  14   3  15  77  16   4  17  83  18  69  19  35 
  0  71   1  28   2  13   3   3   4  28   5  45   6  53   7  26   8  93   9  34  10  22  11  48  12  77  13  32  14  59  15  61  16  91  17   9  18  67  19  42 
  0  90   1  30   2  74   3   8   4  87   5  64   6  81   7  24   8  79   9  18  10  72  11  76  12  12  13  45  14  32  15  98  16  52  17  46  18  27  19  31 
  0  53   1  67   2   1   3  46   4  95   5  77   6  36   7  19   8  11   9  66  10  40  11  70  12  99  13  85  14  76  15   9  16  79  17  23  18  73  19  29 
  0  83   1  92   2  33   3  68   4  38   5  86   6  98   7  67   8  10   9  39  10  98  11  15  12   4  13   2  14  81  15  95  16  19  17  41  18  18  19  44 
  0  15   1  18   2  46   3  16   4  18   5  13   6  65   7  39   8  88   9  84  10  64  11   1  12  18  13   7  14  34  15  67  16  80  17  89  18  98  19  60 
  0   8   1  71   2  82   3  47   4  94   5  39   6  16   7  33   8  42   9  18  10  91  11  33  12  32  13  21  14  65  15   8  16  31  17  87  18  92  19  28 
  0  85   1  90   2  18   3  98   4  25   5  43   6  29   7  47   8  51   9  61  10  79  11  67  12  60  13  46  14  18  15  35  16  52  17  50  18  71  19  99 
  0  87   1  31   2  43   3   4   4  74   5   5   6   7   7  57   8  87   9  43  10  23  11  42  12  11  13  77  14  75  15  78  16  83  17   2  18  54  19  34 
  0  71   1   7   2  69   3  84   4  45   5  83   6  47   7   2   8   5   9  59  10  41  11  29  12  93  13  71  14  30  15  60  16  84  17  56  18  26  19  27 
  0  49   1   5   2  75   3  46   4   9   5  36   6   2   7  83   8  79   9  82  10  95  11  70  12  12  13  31  14  80  15  41  16  64  17  78  18  98  19  43 
  0   3   1  98   2  10   3  67   4  30   5  96   6  44   7   9   8  10   9  90  10  60  11  60  12   7  13  60  14  52  15  29  16  73  17  92  18  78  19  32 
  0  20   1  31   2  22   3  49   4  62   5  17   6  45   7  97   8  25   9  28  10  60  11  30  12  60  13   4  14   8  15  35  16  12  17  73  18  34  19  56 
  0  12   1  87   2  93   3  76   4  94   5  52   6  88   7  23   8  50   9  76  10  57  11  31  12  53  13  23  14  13  15  10  16  85  17  31  18  62  19  21 
  0  24   1  38   2  86   3   9   4  28   5  14   6  34   7  73   8  63   9  92  10  87  11  32  12  77  13  48  14  45  15  58  16  76  17  23  18  45  19  95 
  0  68   1  38   2  27   3  25   4  11   5  45   6  92   7  94   8  31   9  61  10  91  11  99  12  63  13  36  14  81  15  89  16  53  17  95  18  48  19  91 
  0  77   1  91   2  71   3  96   4  37   5  10   6  13   7  81   8  32   9  77  10  42  11   9  12  61  13  72  14   8  15  17  16  78  17  32  18  74  19  25 
  0  42   1  54   2  64   3  21   4  79   5  38   6  24   7  22   8  36   9   1  10  15  11  12  12  69  13  89  14  66  15  63  16  85  17  53  18  45  19  98 
  0  70   1  60   2  86   3  68   4  26   5  24   6  42   7  18   8  34   9  59  10  50  11  25  12   2  13  47  14  10  15  86  16  11  17  78  18  46  19  65 
  0  37   1  17   2  29   3  22   4  88   5  58   6  24   7  16   8  86   9  11  10  15  11  38  12  14  13  45  14  54  15  43  16  58  17  18  18  50  19   4 
  0  70   1  54   2  24   3  80   4  98   5  96   6  92   7  41   8  33   9  92  10  87  11  85  12  73  13   8  14  57  15  22  16  86  17  54  18  32  19   3 
  0  30   1  84   2  79   3  37   4  49   5  83   6  99   7  93   8   6   9  79  10  31  11  65  12  17  13  11  14  68  15  43  16  35  17  83  18  26  19  14 
  0  29   1  46   2  27   3  71   4  23   5  97   6  78   7  88   8  60   9  26  10  79  11  53  12  31  13  76  14  61  15  41  16  96  17  83  18  70  19  71 
  0  18   1  22   2  62   3  83   4  20   5  43   6  37   7  52   8  20   9  34  10  73  11  99  12  10  13  32  14   7  15  64  16  90  17  72  18  58  19  66 
  0  96   1   8   2  80   3  59   4  96   5  70   6  95   7  83   8  49   9  75  10  67  11   3  12   8  13  80  14  88  15  53  16  29  17   9  18  18  19  63 
  0  46   1  38   2  28   3  61   4  69   5  98   6  80   7  11   8  33   9  25  10  54  11   5  12  39  13  45  14  96  15  22  16  92  17  82  18  10  19  58 
  0  38   1  38   2  26   3  39   4   1   5   5   6  68   7  29   8  98   9  30  10  75  11   2  12  20  13  25  14  28  15  69  16  11  17  53  18  75  19  56 
  0   1   1  20   2  84   3   4   4  74   5  69   6  70   7  97   8  35   9  99  10  70  11  83  12  37  13   7  14  22  15  99  16  46  17  57  18  12  19  74 
  0  49   1  16   2  71   3  56   4  21   5   4   6  72   7  63   8  97   9  40  10  50  11  35  12  75  13  45  14  59  15  43  16  61  17  88  18  88  19  60 
  0   6   1  57   2  38   3  12   4   9   5  86   6  81   7  69   8  79   9  91  10  34  11  67  12  38  13  45  14  17  15   7  16  53  17  79  18  61  19  74 
  0  16   1  12   2  67   3   8   4  76   5  37   6  72   7  37   8  97   9  84  10  68  11  36  12  79  13  85  14  82  15  13  16  85  17  66  18  76  19  93 
  0  95   1  95   2  74   3  76   4  34   5  95   6  44   7  12   8  80   9  84  10  93  11  65  12  59  13  87  14  53  15   4  16  39  17  84  18  63  19  57 
  0  57   1  13   2  77   3  91   4  27   5   5   6  61   7  79   8  11   9  48  10  17  11  70  12  45  13  36  14  18  15  56  16  74  17  11  18  90  19  97 
  0  89   1  63   2   2   3  33   4  60   5  18   6  97   7  61   8  86   9  23  10  20  11  92  12  79  13  18  14  20  15  23  16   4  17  30  18   6  19  31 
  0  84   1  29   2  55   3   9   4  15   5  56   6  46   7  49   8  66   9  34  10  87  11  53  12   3  13   7  14  98  15  56  16  98  17  94  18  63  19  98 
  0  90   1  43   2  41   3  67   4  52   5  47   6  53   7  66   8  34   9  88  10  96  11  98  12  28  13   4  14  47  15  10  16  52  17  17  18  22  19  76 
  0  26   1   5   2  73   3   2   4  62   5  36   6  99   7   8   8  93   9  95  10  33  11  82  12  21  13  94  14   5  15  94  16  79  17  31  18  83  19  80 
  0  87   1  73   2  46   3  73   4  13   5  76   6  61   7  63   8  24   9  80  10  18  11  31  12  67  13  80  14  22  15  83  16  37  17  86  18  38  19  53 
  0   9   1  43   2  17   3  23   4  91   5  46   6  38   7  40   8  52   9  44  10  14  11  76  12  32  13  41  14  87  15  49  16  79  17  44  18  34  19   8 
  0  90   1  20   2   5   3  16   4  49   5  15   6  11   7  75   8  32   9   6  10  52  11  44  12  96  13  93  14  14  15  83  16  94  17   9  18  88  19  68 
  0  70   1  91   2  79   3   5   4  54   5  40   6  57   7  99   8  77   9  75  10  55  11  93  12  42  13  84  14  48  15  13  16  92  17  89  18  67  19  11 
  0  45   1  16   2  14   3  77   4  61   5  84   6  55   7  38   8  62   9  39  10   9  11   5  12  10  13  22  14  75  15  73  16  61  17  39  18  32  19  88 
  0  40   1  82   2  38   3  54   4  62   5  47   6  49   7  63   8  47   9   2  10  74  11  34  12  18  13  36  14  86  15   4  16  71  17  74  18  42  19  10 
  0  57   1  18   2  81   3  26   4  94   5  27   6  53   7  92   8  73   9   1  10  40  11  62  12   2  13  39  14  93  15  81  16   1  17  90  18  65  19  55 
  0  92   1  66   2  67   3  86   4  20   5  77   6  12   7  87   8  99   9  39  10  74  11  30  12  90  13  26  14  30  15   6  16  66  17  11  18  66  19  49 
  0  17   1  22   2  51   3  85   4   2   5  30   6  18   7  10   8  50   9   8  10  35  11  75  12  93  13  50  14  38  15  82  16  32  17  48  18  45  19  58 
  0  43   1  36   2  82   3  28   4  62   5   5   6  78   7  93   8  74   9  35  10  41  11  60  12  25  13  67  14  61  15  89  16  28  17   5  18  70  19  10 
  0  72   1  85   2   4   3  78   4  48   5  74   6   8   7  63   8  24   9   2  10   7  11  21  12  66  13  88  14  48  15  63  16  20  17  35  18  61  19  36 
  0  32   1   4   2  78   3  66   4  79   5  89   6  27   7  58   8  19   9  73  10   2  11  10  12  70  13   2  14  63  15  68  16  70  17  50  18  14  19  42 
  0  53   1  87   2  33   3  12   4   6   5  23   6  98   7  83   8  56   9  29  10  66  11  91  12  51  13  19  14  91  15  34  16  23  17  76  18  83  19  85 
  0  27   1  49   2  70   3  99   4  94   5  68   6  71   7  95   8  36   9  80  10  44  11  89  12  29  13  24  14  40  15  19  16  54  17  76  18  82  19  85 
  0  36   1  60   2  20   3  86   4   7   5  98   6  47   7  74   8  64   9  35  10  80  11  74  12  20  13  68  14   7  15  55  16  52  17  87  18  37  19  88 
  0  14   1  48   2  21   3  86   4  35   5  27   6  61   7  24   8  26   9  93  10  32  11  51  12  32  13  89  14  61  15  57  16  57  17  35  18  75  19  11 
  0  70   1  37   2  67   3  80   4  10   5  59   6  60   7  14   8   6   9  11  10  44  11  80  12  35  13  43  14  39  15  99  16  25  17   6  18   7  19  62 
  0  31   1  81   2  46   3  20   4  33   5  83   6  92   7  16   8  25   9  33  10  91  11  22  12  70  13  76  14  11  15  54  16  37  17  99  18  85  19  84 
  0  25   1  11   2  92   3  92   4  94   5  41   6  47   7   3   8  60   9   9  10  59  11   8  12  40  13  17  14  45  15  24  16  29  17  19  18  87  19  26 
  0  93   1  41   2   6   3  42   4   7   5  48   6  48   7  23   8  41   9  55  10  96  11  23  12  36  13  29  14  17  15  75  16  98  17  40  18   6  19  44 
  0  76   1  40   2   5   3  34   4  74   5  85   6  56   7  17   8  98   9  86  10  37  11  39  12  76  13  50  14  63  15   4  16  40  17  29  18  11  19  34 
  0  87   1  40   2   4   3  95   4  69   5  52   6  12   7  34   8  63   9  83  10  11  11  56  12  23  13  26  14  23  15  36  16  67  17  25  18  82  19  39 
  0  75   1  43   2  43   3  75   4  33   5  54   6  42   7  71   8   2   9   4  10  67  11  63  12   3  13  57  14  26  15  41  16  81  17  64  18  12  19  56 
  0  75   1  63   2  13   3  94   4  75   5   3   6  36   7  73   8  87   9  54  10  14  11  72  12   3  13  20  14  94  15  65  16  47  17  28  18  12  19  39 
  0  61   1  87   2  16   3  46   4  12   5  93   6   9   7  15   8  77   9  93  10  60  11  80  12  68  13   9  14  68  15  59  16  68  17  28  18  18  19  26 
  0  30   1  48   2   2   3  73   4  56   5  88   6  91   7  78   8  48   9  45  10  71  11   9  12   7  13  12  14  88  15  54  16  95  17  94  18  17  19  72 
  0  46   1   9   2  28   3  48   4  84   5  17   6  64   7  93   8  37   9  12  10  48  11  80  12  45  13  73  14  37  15  46  16  36  17  81  18  12  19  54 
  0  27   1  16   2   3   3  80   4  43   5  52   6  26   7  90   8  12   9  91  10  42  11  61  12  36  13  31  14  88  15  40  16  46  17  14  18  23  19  56 
  0  83   1  24   2  37   3   5   4  83   5  23   6  72   7  85   8  38   9  50  10   9  11  15  12  30  13  40  14  16  15  94  16  97  17  73  18  35  19  46 
  0  38   1  56   2  21   3  29   4  81   5  73   6  90   7  81   8  37   9  77  10   4  11   2  12  78  13   2  14  73  15  67  16   6  17  15  18  97  19  27 
  0  72   1  85   2  91   3  59   4   3   5  73   6  64   7  93   8  29   9  44  10  98  11  76  12  24  13  67  14  23  15  71  16  69  17  66  18  32  19  67 
  0  73   1  31   2  71   3  43   4  78   5  86   6  29   7  44   8  24   9  72  10  40  11  57  12  86  13  14  14  54  15  58  16  73  17  37  18  74  19  27 
  0  46   1  58   2  63   3  15   4  89   5  92   6   7   7  45   8  85   9  87  10  81  11  73  12  71  13  87  14  22  15   4  16  13  17  53  18  33  19  75 
  0  99   1  10   2  41   3  52   4  99   5  19   6  16   7  46   8  78   9  38  10  12  11   9  12  28  13  46  14  12  15   9  16  15  17  49  18  97  19  90 
  0  38   1  93   2   9   3  22   4  34   5  76   6   2   7  49   8  73   9  46  10   9  11  88  12  96  13  83  14  57  15  12  16  80  17   8  18  75  19  15 
  0  60   1  52   2  71   3  47   4  40   5  12   6  20   7  35   8  67   9  80  10  67  11  46  12  27  13  22  14  65  15  20  16   4  17  35  18  70  19  53 
  0  71   1  95   2  30   3  39   4  44   5  82   6  40   7   5   8  23   9   2  10  20  11  69  12  59  13  68  14  25  15  69  16  57  17  88  18  21  19   8 
  0  32   1  26   2  93   3   6   4   7   5  21   6  28   7  79   8  19   9  89  10  64  11  62  12  24  13  23  14  16  15  30  16  93  17  59  18  95  19  66 
  0  37   1  71   2  14   3  34   4  32   5  60   6  40   7  53   8  16   9  82  10  46  11  80  12   3  13  18  14  90  15  13  16  74  17  38  18  87  19  78 
  0  77   1  53   2  57   3  37   4  46   5   9   6  56   7  94   8  89   9  30  10   9  11  87  12  70  13  59  14  84  15   9  16  20  17  42  18  21  19  71 
  0  52   1  29   2  32   3  68   4  21   5   2   6   1   7  46   8  58   9  25  10  96  11  98  12  44  13  71  14  41  15  99  16  15  17  20  18  33  19  54 
  0  67   1  35   2  55   3  28   4  78   5  84   6   7   7  18   8  36   9  36  10  65  11  75  12  37  13  26  14  79  15   8  16  48  17  78  18  17  19  84 
  0  90   1  63   2  32   3  10   4  63   5  26   6  92   7  52   8  98   9  38  10  62  11   9  12  35  13  46  14  53  15  13  16  19  17   9  18  34  19   9 
  0  14   1  62   2  96   3  60   4  66   5  70   6  29   7  56   8  59   9  48  10  28  11  39  12  87  13  19  14  81  15  44  16  15  17  99  18   2  19  91 
  0  37   1  16   2  71   3  99   4  37   5  41   6  96   7  68   8  18   9  84  10   4  11  63  12  82  13  80  14  96  15   4  16  63  17  65  18  24  19  56 
  0  12   1  48   2  61   3  63   4   3   5  31   6  82   7  20   8  92   9  66  10  24  11   6  12  51  13  96  14   4  15  98  16  77  17  51  18  61  19  23 
  0  60   1  75   2  79   3  85   4  15   5  39   6  67   7  96   8  60   9  55  10   4  11  11  12  98  13  95  14  53  15  81  16  64  17  13  18  34  19  14 
  0  96   1  37   2  86   3  36   4  56   5  54   6  90   7  89   8  84   9  21  10  51  11  70  12  91  13  85  14   8  15   3  16  80  17  68  18  50  19  75 
  0  94   1  77   2  78   3  67   4   4   5  37   6  32   7  43   8  10   9  46  10  43  11  96  12  34  13  72  14  27  15  29  16  89  17  80  18  84  19  23 
  0  54   1  10   2  35   3  26   4  28   5  70   6  77   7  56   8  83   9  28  10  96  11  55  12  55  13  63  14  79  15  72  16  79  17  33  18  39  19  68 
  0  44   1  69   2  12   3  94   4  99   5  99   6  76   7  54   8  63   9  77  10  87  11  95  12  55  13  63  14  29  15  37  16   8  17  99  18  90  19  42 
  0  30   1  67   2  99   3  16   4  58   5  92   6  88   7  30   8  69   9  83  10  98  11  41  12  73  13  84  14  44  15  75  16  13  17   2  18   5  19  18 
  0  44   1  58   2  87   3  99   4  76   5  34   6  81   7  74   8  57   9  88  10  20  11  73  12   9  13  65  14  87  15  96  16  80  17  37  18  78  19  14 
  0  48   1  96   2  16   3  37   4  64   5  16   6  10   7  41   8  96   9  70  10  22  11  52  12  71  13  66  14  94  15  71  16  36  17  92  18  91  19  21 
  0  48   1  10   2  44   3  36   4  26   5  43   6  73   7  24   8  44   9   2  10  63  11  83  12  12  13  59  14  61  15  19  16  63  17  41  18  36  19  46 
  0  14   1  39   2  98   3  62   4   9   5  44   6  84   7  59   8  40   9  76  10   5  11  83  12  76  13  69  14  48  15  65  16  74  17  98  18  27  19   4 
  0  36   1  29   2  75   3  80   4  24   5  55   6   8   7  57   8  38   9   5  10  34  11  40  12  34  13  53  14  14  15  29  16  68  17  24  18  66  19  81 
  0  52   1  35   2  21   3  97   4  31   5  39   6  63   7  29   8  28   9  42  10  56  11   4  12  61  13  81  14  59  15  68  16  46  17  23  18  15  19  74 
  0  24   1  38   2  46   3  22   4  54   5  40   6  14   7   8   8   8   9  36  10  31  11  97  12  54  13  53  14  11  15  50  16  84  17  23  18  47  19  85 
  0  46   1  76   2  65   3  34   4  43   5  80   6  57   7  74   8  24   9  38  10  80  11   5  12  85  13  57  14  73  15  49  16  99  17   3  18   1  19  60 
  0  12   1  72   2  30   3  62   4  75   5  53   6  65   7  91   8   7   9   6  10  40  11  70  12  30  13  66  14  97  15  38  16  58  17  44  18  16  19  56 
  0  91   1  19   2  76   3  42   4  21   5  15   6  93   7  52   8  82   9  37  10  83  11  53  12  93  13  65  14  10  15  94  16  12  17  37  18  49  19  50 
  0  51   1  80   2  99   3  60   4  12   5  50   6  62   7   2   8  63   9  76  10  78  11   6  12   2  13  77  14   8  15  97  16  32  17  73  18  67  19  70 
  0  78   1  66   2  57   3  47   4  95   5  26   6  78   7  24   8  35   9  27  10  61  11  13  12  47  13  98  14  78  15  56  16  24  17  77  18  27  19  59 
  0  26   1  17   2  26   3  20   4  92   5  41   6  78   7  78   8  85   9  35  10  85  11  26  12  16  13  63  14  33  15  66  16  69  17  15  18  12  19  40 
  0  14   1  78   2  18   3  88   4  43   5  40   6  14   7  14   8  58   9  15  10  92  11  65  12  43  13  72  14  67  15  84  16  32  17  30  18  74  19  65 
  0  43   1  69   2  93   3  92   4  20   5  17   6  49   7  36   8  64   9  99  10  38  11  31  12   9  13  93  14  82  15  91  16  25  17  31  18  16  19  76 
  0  35   1  94   2  48   3  25   4  88   5  47   6  11   7  74   8  21   9  80  10  67  11  37  12  92  13  96  14  36  15  99  16  61  17  22  18  32  19  55 
  0  73   1  34   2   2   3  16   4  27   5  32   6  81   7  41   8  93   9  58  10  26  11  90  12  52  13  98  14  58  15  13  16  89  17  42  18  73  19  53 
  0  75   1  27   2  87   3  63   4  12   5  63   6  21   7  49   8  98   9  86  10  60  11  14  12  59  13  82  14  10  15  32  16   5  17   2  18  46  19   6 
  0  55   1  16   2  37   3  45   4  25   5   9   6  27   7  86   8   2   9  63  10  55  11   8  12  12  13   7  14  22  15  17  16  76  17  20  18  33  19  68 
  0  75   1  73   2  66   3  98   4  53   5  62   6  25   7  97   8  49   9  63  10  74  11  24  12  44  13  23  14  84  15  73  16  47  17  48  18  65  19  12 
  0  90   1  92   2   8   3  23   4  45   5   4   6  76   7  85   8  13   9  49  10  11  11  90  12  72  13  31  14  62  15  18  16  84  17  42  18  82  19  77 
  0  49   1  15   2  14   3  28   4  55   5  72   6  99   7  38   8  34   9  21  10  42  11  56  12  20  13  70  14  89  15  39  16  67  17  78  18  61  19  14 
  0  34   1  38   2  63   3  19   4  57   5  93   6   5   7  77   8  18   9  66  10  23  11  54  12  86  13  57  14  23  15   9  16  66  17  39  18  57  19  78 
  0  79   1   8   2  53   3   2   4  66   5  74   6  34   7  91   8  49   9  98  10  28  11  82  12  95  13  21  14  59  15  57  16  21  17  40  18  70  19  36 
  0  35   1   2   2   4   3  42   4   7   5  31   6  25   7  37   8  91   9  51  10  21  11  37  12  72  13  67  14  48  15  24  16  75  17  16  18  22  19  94 
  0  75   1  20   2  38   3  43   4  85   5   4   6  93   7   2   8  26   9  59  10  96  11  71  12  54  13  92  14  31  15   1  16  70  17   7  18   5  19  97 
  0  47   1  64   2   3   3  51   4  12   5  51   6  82   7  26   8  48   9  74  10  70  11  13  12  23  13  28  14  75  15  94  16  36  17  77  18  49  19  84 
  0   5   1  90   2   3   3  17   4  62   5  61   6  66   7  55   8  18   9   6  10  14  11  91  12  71  13  95  14  20  15  66  16  76  17  34  18  78  19  26 
  0  18   1   8   2  95   3  37   4  86   5  17   6  96   7  73   8  85   9  31  10  20  11  34  12  85  13  92  14  78  15  71  16  47  17  23  18  46  19  26 
  0  39   1  78   2  96   3  96   4  60   5  46   6  11   7  79   8  61   9  96  10  46  11  25  12  30  13  94  14  49  15   6  16  20  17  41  18  69  19  72 
  0  17   1  18   2  88   3  90   4  81   5  27   6  31   7  18   8  80   9  75  10  77  11  86  12  48  13  76  14   7  15  99  16  64  17  17  18  19  19  57 
  0  99   1  18   2  31   3  29   4  89   5  34   6  28   7  97   8  67   9  86  10  89  11  52  12  30  13  18  14  66  15  71  16  94  17  68  18  22  19   6 
  0  46   1  99   2  81   3  20   4  83   5  97   6  61   7  58   8  85   9   9  10  40  11  29  12  75  13  67  14  80  15  78  16  45  17  14  18  67  19  60 
  0  52   1  94   2  56   3  10   4  57   5  99   6  84   7  64   8  19   9  15  10  30  11  74  12  13  13  46  14  57  15  37  16  62  17  77  18  21  19  14 
  0  73   1  50   2  85   3  48   4  23   5  88   6  92   7  15   8  97   9  15  10  59  11  14  12  63  13  39  14  88  15  99  16  37  17  50  18  44  19  24 
  0  12   1  82   2  39   3  55   4  24   5   2   6  41   7  97   8  59   9  47  10  88  11  31  12  41  13  52  14  52  15  84  16  87  17  82  18  92  19  31 
  0  76   1  42   2  15   3  34   4  24   5  77   6  32   7  75   8  11   9  45  10  12  11  86  12  85  13  75  14  94  15  72  16  82  17  33  18  86  19  62 
  0  12   1  67   2   9   3  36   4   1   5  41   6  98   7  81   8  61   9  85  10  67  11  19  12  64  13  93  14  90  15  37  16  92  17  75  18  37  19  93 
  0  96   1  17   2  49   3  36   4  20   5   3   6  24   7  21   8  80   9  63  10   3  11  69  12  69  13  32  14  27  15   1  16  69  17  31  18  42  19   5 
  0  59   1  82   2  67   3  60   4  79   5  48   6  55   7  75   8   8   9  87  10  78  11  46  12  55  13  75  14  29  15  58  16  50  17  60  18   8  19  73 
  0  88   1  87   2  95   3  10   4  39   5  81   6  10   7  41   8  64   9  74  10  35  11  47  12  54  13  39  14  73  15  19  16  51  17  58  18  22  19  85 
  0  13   1  63   2  91   3   7   4  14   5  69   6  68   7  61   8  81   9  23  10  38  11   2  12  95  13  31  14  69  15  69  16  24  17  83  18   5  19  83 
  0   7   1  62   2  51   3  66   4  77   5  78   6  91   7  98   8  68   9  75  10  97  11  53  12  86  13   9  14  58  15  25  16  75  17  17  18  46  19  12 
  0  50   1  21   2  51   3  84   4  89   5  47   6  70   7  93   8  68   9  70  10  11  11  67  12  16  13  11  14  44  15  39  16   2  17  84  18  32  19  81 
  0  15   1  38   2  91   3  70   4  97   5  84   6  69   7  40   8  16   9  41  10  22  11  11  12   6  13  62  14  64  15  97  16  94  17  12  18  24  19  88 
  0  18   1  33   2  75   3  98   4  96   5  18   6  15   7   5   8  33   9  38  10  95  11  54  12  29  13  58  14  74  15  54  16  98  17   8  18  20  19   8 
  0  25   1   8   2  27   3  83   4  27   5  37   6   3   7  97   8  42   9  99  10  34  11  67  12  53  13  55  14  67  15  86  16  63  17  18  18  17  19  25 
  0  47   1  89   2  10   3  17   4  55   5  84   6  27   7  96   8  92   9  53  10  23  11   3  12  61  13  82  14  52  15  22  16  86  17  95  18  44  19  69 
  0  26   1  18   2  67   3  28   4  86   5  30   6  70   7  77   8  13   9  16  10  13  11  87  12  46  13  66  14  19  15  49  16  18  17  10  18  11  19  93 
  0  63   1  92   2  63   3  20   4  99   5  39   6  37   7  17   8  15   9  84  10  13  11  66  12  81  13  41  14  87  15  25  16   3  17  50  18   1  19  69 
  0  54   1  84   2  17   3  59   4  50   5  14   6   8   7  19   8  68   9  44  10  35  11  78  12  77  13  40  14  37  15  48  16   5  17   2  18  83  19  53 
  0  64   1  94   2  73   3  19   4  47   5  95   6  33   7  95   8   3   9  54  10  53  11  12  12  13  13  60  14  43  15  89  16  30  17  11  18  47  19  41 
  0  82   1  96   2  62   3  86   4  85   5  15   6  92   7  54   8  47   9  76  10  77  11  43  12  93  13  62  14  88  15  86  16  44  17  64  18  29  19  29 
  0  77   1  70   2  57   3   3   4   1   5  94   6  92   7  50   8  28   9  81  10  88  11  64  12  24  13  68  14  49  15  11  16  23  17  14  18  64  19  88 
  0  20   1  92   2  68   3  30   4  71   5  94   6  38   7  88   8  79   9  32  10  82  11  33  12  80  13  61  14   5  15   2  16  55  17  35  18  73  19  37 
  0   7   1  36   2  82   3  99   4  28   5  74   6  40   7  25   8  50   9   8  10  89  11  85  12   5  13  24  14  96  15   5  16  68  17   7  18  60  19  60 
  0  76   1  38   2  95   3  71   4  78   5  99   6  57   7  52   8  55   9  87  10  40  11  42  12  84  13  40  14  50  15  15  16  42  17  71  18  52  19  36 
  0  15   1  84   2  58   3  31   4  32   5  17   6  10   7  77   8  82   9  62  10   8  11  92  12  36  13  14  14  47  15   4  16  30  17  91  18   9  19  15 
  0  21   1   9   2  67   3  62   4  12   5  92   6  25   7  54   8  64   9  63  10  88  11  11  12  35  13  58  14  66  15  20  16  49  17  41  18  45  19  83 
  0  12   1  66   2  82   3  81   4  85   5  54   6  46   7  93   8  48   9  45  10  47  11  66  12  72  13  51  14  74  15  16  16  45  17  19  18   5  19  26 
  0  49   1  75   2  12   3  12   4  13   5  23   6  95   7  16   8  43   9   9  10   1  11  92  12  65  13   2  14  22  15  12  16  75  17   4  18  83  19  55 
  0  25   1  77   2  98   3  79   4  66   5  79   6   7   7  72   8  32   9   1  10  83  11  17  12  72  13  55  14  28  15  50  16  32  17  90  18  68  19  45 
  0  48   1  68   2  17   3  63   4   9   5  71   6  41   7  72   8  62   9  54  10  24  11  67  12  46  13  98  14   1  15  86  16  48  17  81  18  15  19  83 
  0  86   1  59   2  83   3  17   4  50   5  40   6  77   7  41   8  97   9   3  10  83  11  50  12  71  13  23  14  62  15  61  16  69  17  89  18  97  19  74 
  0  32   1  32   2  13   3   6   4  50   5  80   6  26   7  70   8   8   9  73  10   2  11  88  12  26  13   3  14  94  15  86  16  97  17  54  18  13  19  87 
  0  64   1  47   2  94   3  84   4  75   5  44   6  85   7  40   8  73   9  62  10  86  11  54  12  58  13  96  14  93  15  11  16  43  17   7  18  12  19  56 
  0  65   1  33   2  82   3  47   4  33   5  22   6   4   7  76   8   4   9  15  10  90  11  26  12  10  13  47  14  79  15  29  16  84  17  70  18  25  19  63 
  0  88   1  76   2  30   3  40   4  55   5  84   6  78   7   9   8  58   9  35  10  56  11  78  12  79  13  39  14  44  15   2  16  47  17  12  18  29  19   5 
  0  44   1  72   2  69   3  24   4  26   5  62   6  68   7  28   8  96   9  91  10  93  11  35  12  76  13  69  14  80  15  12  16  68  17  46  18  72  19  92 
  0  16   1  37   2  67   3  46   4  67   5  16   6  26   7  62   8  58   9  39  10  29  11  84  12  13  13  50  14  34  15  16  16  63  17  31  18   8  19   1 
  0  33   1  74   2  29   3  44   4  85   5  38   6  17   7  16   8  76   9  30  10  85  11  61  12  70  13  26  14  46  15  53  16  44  17  23  18  87  19  20 
  0   2   1  78   2  24   3  47   4  91   5  66   6  97   7   1   8  27   9  72  10  69  11  86  12  73  13   6  14  80  15  42  16  70  17  69  18  75  19  83 
  0  22   1  40   2  84   3   9   4  36   5  21   6  20   7  90   8   5   9  49  10  29  11  99  12  22  13  56  14  40  15   8  16  51  17  76  18  61  19  76 
  0  30   1  57   2   1   3  57   4  31   5   8   6  81   7  91   8  49   9  56  10  83  11  38  12  65  13  36  14  90  15  55  16  17  17  82  18  19  19  54 
  0  55   1  98   2  15   3  79   4  32   5  44   6  71   7  10   8   5   9   9  10  99  11  32  12  60  13  82  14  62  15  90  16  56  17  54  18  12  19  52 
  0  59   1  59   2  48   3  54   4  40   5  26   6  49   7  37   8  22   9  47  10  32  11  89  12  10  13  22  14  20  15  69  16  64  17  21  18  44  19  68 
  0  54   1  56   2   4   3  67   4  96   5  52   6  75   7  17   8  55   9  82  10  45  11  41  12   8  13  59  14  56  15  58  16  89  17  52  18  40  19  94 
  0  61   1  66   2  85   3  18   4  49   5  14   6  86   7  14   8  46   9  51  10  51  11  72  12  16  13  34  14  48  15  55  16  10  17  76  18  63  19  78 
  0   6   1  94   2   2   3  50   4  28   5   5   6  15   7  72   8  11   9  24  10  38  11  88  12  11  13  41  14  30  15  52  16  86  17  93  18  94  19  99 
  0  19   1  63   2  63   3   4   4  32   5  50   6  98   7  82   8  34   9  45  10  84  11  64  12  21  13  53  14  29  15  52  16  56  17  27  18  33  19  15 
  0  89   1  21   2  57   3  72   4   9   5  38   6  68   7  42   8   7   9  21  10   3  11  96  12  67  13  98  14  16  15  69  16  98  17  10  18  21  19  33 
  0  92   1  23   2  40   3  93   4  32   5  16   6  50   7  16   8  95   9  85  10  72  11  96  12  53  13  20  14  66  15  89  16  50  17  53  18  94  19  66 
  0  43   1  55   2  28   3  86   4  87   5  76   6  92   7  73   8  63   9  31  10  30  11  66  12  79  13  71  14   1  15   6  16  67  17  14  18  33  19  20 
  0  83   1  41   2  42   3  72   4  73   5  65   6  82   7  41   8  69   9  71  10  12  11  56  12  29  13  45  14  81  15  19  16  84  17  97  18   6  19   6 
  0  74   1  12   2  78   3  29   4  37   5  26   6  84   7  78   8   7   9  34  10  70  11  33  12  34  13  52  14  39  15  18  16  49  17  74  18  23  19  41 
  0  63   1  81   2  33   3   1   4  73   5  56   6  49   7  29   8  62   9  69  10  90  11  87  12  76  13  75  14   3  15  91  16  11  17  95  18  20  19  81 
  0  35   1  96   2  70   3  12   4  31   5  97   6  26   7  93   8  11   9  46  10  20  11  24  12  93  13   1  14  76  15  50  16  74  17  53  18  64  19  91 
  0  70   1   2   2  15   3  97   4  47   5   3   6  39   7  10   8  96   9  35  10  37  11  95  12  10  13   1  14   9  15  98  16  70  17   2  18  27  19  83 
  0  56   1  44   2  86   3  97   4  22   5  69   6  43   7   4   8  97   9  52  10  65  11   8  12   8  13  78  14  14  15  29  16  36  17  63  18  17  19  18 
  0  93   1   8   2  78   3  55   4  81   5  15   6  77   7  79   8  19   9  69  10  91  11  26  12   9  13  65  14  45  15  16  16  46  17  79  18  18  19   1 
  0  69   1  73   2  14   3  19   4  88   5  43   6  50   7  92   8  44   9  66  10  90  11  13  12  61  13  14  14   7  15  27  16   4  17  15  18   3  19  16 
  0  19   1  48   2  54   3  90   4  43   5   9   6  89   7  71   8  94   9  24  10  25  11  99  12  30  13  14  14  73  15  81  16  90  17  40  18  91  19  37 
  0   7   1  48   2  30   3  26   4  24   5  23   6  56   7  34   8  34   9  82  10  49  11  42  12  17  13  10  14  97  15  74  16  39  17  11  18  94  19  65 
  0  50   1  36   2  28   3  69   4  69   5  52   6  23   7  82   8  42   9  30  10  58  11  17  12  56  13  36  14  37  15  87  16  72  17  22  18  91  19  32 
  0  81   1  45   2  19   3  87   4  88   5  34   6  50   7  85   8  39   9  91  10  60  11  60  12  18  13  79  14  24  15  25  16  79  17  37  18  98  19  64 
  0  24   1  56   2  34   3  14   4  89   5  86   6  42   7  83   8  37   9  95  10  36  11  97  12   5  13  29  14  20  15  57  16  91  17  84  18  61  19  52 
  0  10   1  71   2  30   3  91   4  65   5  64   6  83   7  28   8  23   9  88  10  51  11  90  12   3  13  16  14  57  15  30  16  49  17  37  18  27  19  76 
  0  53   1  20   2  78   3  87   4  88   5  49   6  61   7  72   8  94   9  38  10  54  11  61  12  69  13  66  14  32  15   2  16  65  17  76  18  10  19  70 
  0  55   1  81   2  88   3  90   4  51   5  34   6  73   7  44   8   7   9  29  10  11  11  45  12  89  13  61  14   3  15  30  16  98  17  28  18  60  19  21 
  0  33   1  46   2  99   3  16   4  28   5  68   6  31   7  88   8  49   9   4  10  58  11  36  12  60  13  65  14  22  15  21  16  81  17  70  18  49  19  77 
  0  65   1  44   2  10   3  66   4   4   5  68   6  94   7  44   8  67   9  27  10  74  11  72  12   3  13  20  14  89  15  21  16  84  17  51  18  89  19  41 
  0  47   1  89   2  36   3  88   4  89   5  20   6   7   7  15   8  40   9  21  10  32  11  89  12  90  13   1  14  44  15  42  16  57  17  50  18  17  19  96 
  0  58   1  66   2  14   3  98   4  48   5  40   6  71   7  28   8  58   9  66  10  15  11  17  12   9  13  91  14  43  15  51  16  34  17   1  18  86  19  95 
  0  99   1  42   2  38   3  68   4  40   5   5   6  70   7  51   8  18   9  24  10  30  11  86  12  93  13  69  14   7  15  25  16  56  17  62  18   5  19   7 
  0  69   1  74   2  20   3  90   4  97   5  42   6  54   7  71   8  81   9  26  10  60  11  68  12  94  13  74  14  46  15  98  16  15  17  44  18  81  19  25 
  0  19   1  87   2  34   3  16   4  60   5  20   6  82   7  67   8  24   9  91  10  48  11  20  12  24  13  75  14  54  15  55  16  32  17  46  18  76  19  14 
  0  85   1  64   2  37   3  59   4  96   5  41   6  58   7  24   8  47   9  27  10  57  11  32  12  90  13  69  14  83  15  56  16   6  17  95  18  12  19  88 
  0  81   1   5   2  94   3  57   4  37   5   2   6  44   7  81   8   1   9  31  10  27  11  21  12  50  13  30  14  13  15  23  16  85  17  67  18  74  19  97 
  0   9   1  94   2  82   3  40   4  13   5   8   6   8   7   8   8  78   9  26  10  54  11  54  12  89  13  17  14  96  15  22  16   4  17  80  18  46  19  47 
  0   8   1  82   2  20   3  96   4  56   5  42   6  34   7  15   8  40   9  50  10  30  11  20  12  75  13  76  14  74  15  62  16  86  17  23  18  93  19  66 
  0  39   1  93   2  28   3  89   4  99   5  17   6  25   7  40   8  10   9  58  10  83  11  72  12  10  13  14  14  68  15  73  16   8  17  44  18   5  19  85 
  0  73   1  74   2  45   3  67   4  89   5  10   6  13   7  79   8  59   9  83  10   3  11  60  12  90  13  86  14  42  15  87  16  10  17  49  18  85  19  27 
  0  33   1  94   2  63   3  90   4  16   5  56   6   9   7  90   8  52   9  33  10  20  11  61  12  27  13  89  14  12  15  10  16  36  17  95  18  89  19  53 
  0  47   1  19   2  62   3  66   4   1   5  87   6  97   7  65   8  48   9  53  10  63  11  19  12  72  13  10  14  91  15  53  16  77  17  76  18  19  19  85 
  0   8   1  22   2  25   3   8   4  24   5  54   6  78   7  34   8  46   9  67  10  51  11  54  12   4  13  38  14  14  15  40  16  62  17  58  18  73  19  27 
  0   5   1  52   2  33   3  36   4  23   5  34   6  56   7   2   8  41   9   1  10  28  11  25  12  43  13  14  14  33  15   5  16  69  17  88  18  80  19  95 
  0  71   1  37   2  81   3  85   4  33   5  86   6  94   7  54   8  92   9  81  10  46  11  51  12  36  13  95  14  93  15  99  16  10  17   1  18  58  19  16 
  0  60   1  18   2  12   3  16   4   1   5  38   6  25   7  58   8   8   9  88  10  49  11  67  12  65  13  22  14  77  15  79  16  66  17  18  18  48  19  60 
  0  28   1  86   2  31   3  88   4  69   5  10   6  36   7  79   8  60   9  19  10  58  11  76  12  30  13  91  14  58  15  26  16  65  17  80  18  44  19   5 
  0  11   1   7   2  55   3  22   4  80   5  74   6  74   7  53   8   5   9  89  10  89  11  40  12  82  13  73  14  35  15  76  16  14  17  99  18   5  19  89 
  0  60   1  13   2  20   3  39   4  25   5  44   6  49   7  22   8  19   9   2  10  88  11  25  12  47  13  29  14  10  15  30  16  68  17  13  18  64  19  75 
  0  41   1  84   2  70   3  49   4   1   5  41   6   2   7  82   8  47   9  69  10  88  11   1  12   8  13  82  14  39  15  80  16  46  17  69  18   7  19  42 
  0  31   1  42   2  39   3  93   4  70   5  38   6  86   7  97   8   6   9  26  10  80  11  30  12   8  13  30  14  60  15  41  16  61  17  63  18  35  19   6 
  0  37   1  29   2  44   3  10   4  25   5  36   6  29   7  19   8  88   9  23  10  74  11  55  12  20  13  99  14  33  15  55  16  69  17  29  18  32  19   9 
  0  22   1  95   2  49   3  95   4  86   5  27   6  49   7  58   8  47   9  35  10  58  11  72  12  11  13  92  14  38  15  81  16  34  17  26  18  12  19  10 
  0  57   1  19   2  14   3  74   4  93   5  67   6  86   7  85   8  26   9  30  10  40  11  63  12  21  13  25  14   1  15  72  16  38  17  41  18  62  19  50 
  0  34   1  86   2  41   3  74   4  25   5  94   6  28   7  77   8  95   9  75  10   2  11  29  12  20  13  17  14  58  15  97  16  16  17  84  18  36  19  71 
  0  12   1   1   2  55   3  32   4  71   5  22   6  56   7  28   8   8   9   6  10  58  11   3  12  22  13  92  14  20  15  29  16  55  17  22  18  84  19  40 
  0  18   1  27   2  82   3  41   4  32   5  48   6  18   7  46   8  96   9  74  10   2  11  84  12  63  13  40  14  80  15   8  16   3  17  27  18  95  19  84 
  0  46   1  86   2  55   3   1   4  37   5  65   6  94   7   6   8  58   9  62  10   3  11  89  12  87  13  56  14   1  15  32  16   6  17  68  18  62  19  97 
  0  91   1  89   2  19   3  59   4  31   5  30   6  85   7  11   8   2   9  42  10  65  11  53  12  53  13  49  14  43  15  44  16  13  17  45  18  60  19  41 
  0  45   1  45   2  61   3  12   4  81   5  15   6  98   7  13   8  29   9   8  10  74  11  42  12  21  13  43  14  63  15   5  16  90  17  55  18  77  19  46 
  0  34   1  12   2   1   3  49   4  45   5  76   6   8   7  75   8  26   9  82  10  38  11  45  12  76  13  28  14  11  15  82  16  86  17  73  18  60  19  65 
  0  49   1  30   2  61   3  84   4  53   5  19   6   2   7  79   8  10   9  70  10  40  11  98  12  90  13   8  14   9  15   5  16  74  17   2  18  93  19  16 
  0  70   1  26   2  12   3  33   4  22   5   1   6  37   7  86   8  59   9  53  10  75  11  80  12  90  13  32  14  12  15  63  16  95  17  59  18  16  19  58 
  0  16   1  36   2  75   3  36   4  61   5  56   6   5   7  77   8  88   9   5  10  10  11  42  12  31  13  58  14  33  15  12  16  25  17  71  18  85  19  87 
  0  11   1  85   2  54   3  95   4  76   5  37   6  56   7  74   8   1   9  99  10  65  11  36  12  53  13  60  14  76  15  44  16  85  17  81  18  49  19  27 
  0  88   1  40   2  64   3  18   4  78   5  79   6  70   7  64   8  31   9  76  10  32  11  36  12  82  13  45  14  21  15  81  16  91  17  98  18  83  19  38 
  0  89   1  88   2  70   3  75   4  91   5  61   6  11   7  23   8  98   9  86  10  45  11  27  12  69  13  95  14  89  15  57  16  15  17  30  18  15  19  68 
  0  66   1  60   2  34   3  78   4  53   5  88   6   6   7  43   8  35   9  36  10  47  11  20  12  95  13  83  14  92  15  10  16  66  17   6  18  42  19  42 
  0   2   1  76   2  83   3  90   4  11   5  92   6  85   7  58   8  87   9  41  10  24  11  20  12  52  13  80  14   6  15  29  16  60  17  75  18  89  19  32 
  0  24   1   8   2  19   3  36   4  27   5  51   6  16   7  19   8  98   9   8  10   7  11  58  12  22  13  80  14  36  15  25  16  80  17  71  18  83  19   6 
  0  25   1   8   2  56   3  56   4  20   5  44   6  12   7  91   8  40   9   9  10  10  11  32  12  38  13  84  14  41  15  45  16  48  17  12  18  81  19  55 
  0  49   1  30   2  34   3   4   4   7   5  78   6  80   7  71   8  40   9  94  10  84  11  21  12  36  13  71  14  63  15  39  16  64  17  71  18  99  19   7 
  0  54   1  58   2  27   3  53   4  57   5  91   6  85   7  37   8  78   9   5  10  34  11  93  12  18  13  48  14  27  15  78  16  28  17  95  18  75  19  42 
  0  77   1  13   2   1   3  64   4   3   5  97   6  97   7  31   8  71   9  14  10  97  11  91  12  41  13  24  14  48  15  85  16  89  17  16  18  89  19  54 
  0  16   1  36   2  11   3  83   4  23   5  66   6  96   7  85   8  27   9  36  10  88  11  70  12  88  13  28  14   3  15  76  16  42  17  79  18  34  19   2 
  0  25   1  19   2  35   3  10   4  84   5  55   6  31   7  36   8   5   9  99  10  59  11  21  12  77  13  48  14  51  15  80  16  10  17  40  18  25  19  79 
  0  33   1  16   2   1   3  29   4   2   5  92   6  56   7  89   8   8   9  47  10  21  11  26  12  30  13  30  14  97  15  62  16  25  17  76  18  27  19  81 
  0   7   1  50   2  65   3  53   4  28   5  84   6  30   7   7   8  61   9  79  10  53  11  65  12  28  13  93  14  66  15  37  16  14  17   6  18  25  19  51 
  0  96   1  77   2  69   3  60   4  10   5  92   6  79   7  92   8  79   9  63  10  12  11  32  12  60  13  56  14  33  15  97  16  90  17  28  18  34  19  68 
  0  48   1  42   2  70   3   6   4  88   5  94   6  51   7  57   8  73   9  67  10  43  11  40  12  20  13  79  14  59  15  22  16  12  17  66  18  39  19  10 
  0  62   1  34   2  58   3  88   4  50   5  12   6  73   7  65   8  27   9  14  10  23  11  80  12  22  13  12  14  49  15  99  16  64  17  26  18  92  19  83 
  0  68   1  13   2  91   3  49   4  24   5  76   6  59   7  68   8  17   9  57  10   8  11  58  12   5  13  11  14  29  15  26  16  26  17  67  18  36  19  15 
  0  76   1  40   2  59   3  85   4  27   5  57   6  93   7  48   8  17   9  72  10  33  11  25  12  20  13   1  14  80  15  98  16  99  17  11  18  56  19  96 
  0  88   1  45   2  85   3  30   4  18   5  43   6  18   7   7   8  57   9  91  10   4  11  72  12  93  13  93  14  43  15  94  16  85  17  63  18  84  19  86 
  0   6   1  58   2  55   3  87   4  53   5  29   6  26   7  98   8  80   9  39  10  38  11  90  12  50  13  83  14  72  15  64  16  28  17  54  18   6  19   1 
  0  98   1  65   2  74   3  81   4  28   5  81   6  35   7  92   8  76   9  30  10  59  11  51  12  93  13  83  14   5  15   5  16  34  17  76  18  76  19  37 
  0  82   1  13   2  39   3  11   4  22   5  78   6  12   7  16   8  40   9  13  10  57  11  65  12   6  13  78  14  40  15  50  16  37  17  80  18  22  19  98 
  0  72   1  31   2  51   3   2   4   7   5   1   6  14   7   8   8   3   9  26  10  45  11  63  12  61  13  81  14  60  15  80  16  65  17  27  18  76  19  38 
  0  21   1  28   2  30   3  42   4  26   5  13   6  38   7  99   8  60   9  70  10  69  11  15  12  55  13  82  14  63  15  25  16  97  17  85  18  29  19  85 
  0  91   1  61   2  82   3  97   4   5   5  89   6  63   7  60   8  95   9  98  10  49  11  81  12  15  13  87  14  83  15  23  16  77  17  81  18  59  19  21 
  0  11   1  50   2  24   3  13   4  64   5  65   6  97   7  66   8  50   9  98  10  24  11  94  12  56  13  49  14  26  15  75  16  90  17  60  18  49  19  81 
  0  91   1  46   2  17   3  48   4  75   5  95   6  83   7  27   8  44   9  64  10  86  11  18  12  13  13  43  14  60  15  55  16  39  17  23  18  32  19  70 
  0  66   1  26   2   7   3  40   4  94   5  64   6  86   7  32   8  17   9  31  10  49  11  85  12  80  13  27  14  40  15   3  16   5  17  51  18  80  19  54 
  0  53   1  71   2  40   3  11   4  57   5  48   6   7   7  23   8  58   9  10  10  37  11   1  12   7  13  81  14   6  15  86  16  45  17  51  18  23  19  27 
  0   8   1  26   2  37   3  80   4  23   5  22   6  65   7  92   8  65   9  13  10  75  11  30  12  79  13  71  14  17  15  59  16  12  17  58  18  29  19  43 
  0   1   1  31   2  46   3  88   4  18   5   4   6   6   7  27   8  76   9   8  10  13  11  34  12  61  13  74  14  10  15  79  16  97  17  85  18  82  19  49 
  0  46   1  57   2  41   3  26   4  70   5  69   6  27   7   8   8  83   9  25  10  11  11  44  12  34  13  72  14  58  15  49  16  39  17  82  18  75  19  56 
  0  52   1  70   2  55   3  26   4  49   5  86   6  42   7  90   8  76   9  20  10   7  11  36  12  88  13  33  14   3  15  43  16  19  17  10  18  27  19  53 
  0  38   1  73   2  89   3  69   4  83   5  77   6  35   7  87   8  20   9  59  10  39  11  81  12  21  13  81  14  28  15   6  16   5  17  81  18  80  19  43 
  0  79   1  90   2  95   3  98   4   9   5  97   6  13   7  15   8  56   9  56  10  31  11  67  12  13  13  50  14  28  15  39  16  71  17  30  18  19  19  42 
  0  62   1  93   2  37   3  52   4  34   5  30   6  16   7  35   8  65   9  95  10  42  11  70  12  47  13  76  14   4  15  63  16  80  17  39  18   5  19  61 
  0  35   1  86   2  18   3  30   4  37   5  94   6  76   7  96   8   2   9  81  10  68  11  98  12  78  13  59  14  65  15  95  16  35  17  86  18  74  19  76 
  0  26   1  40   2  85   3  96   4  66   5  14   6  41   7  90   8  96   9  47  10  71  11  58  12  38  13  94  14  79  15  16  16  61  17  49  18  62  19  95 
  0  19   1  76   2  41   3  19   4  15   5  75   6  48   7  33   8  13   9  62  10  17  11  30  12  26  13  89  14  52  15  48  16  29  17  68  18  73  19  50 
  0  99   1  15   2  17   3  42   4  95   5  15   6  86   7  51   8  11   9  48  10  84  11  23  12  58  13  10  14  56  15  49  16  15  17  41  18  95  19  27 
  0  25   1  13   2  45   3  83   4   9   5  50   6  86   7  57   8   7   9  28  10   9  11  19  12  77  13  39  14   7  15  98  16  46  17  71  18  24  19  79 
  0  21   1  35   2   1   3  21   4  52   5  22   6  62   7   2   8  89   9   1  10   8  11  82  12  23  13  74  14  97  15  38  16  14  17  64  18  10  19  39 
  0  77   1  18   2  92   3   9   4  89   5  84   6  10   7  40   8  30   9  80  10  52  11  39  12  70  13  49  14  59  15  85  16  34  17  56  18  91  19  44 
  0  43   1  62   2  17   3  31   4  84   5  49   6   6   7  49   8  32   9  65  10   5  11  52  12  98  13  82  14  32  15  15  16  47  17  22  18  47  19  29 
  0  86   1  62   2   8   3  99   4  51   5  75   6   9   7  25   8  18   9  62  10  39  11  94  12  41  13  32  14  76  15  47  16  86  17  48  18  28  19  46 
  0  35   1  26   2  51   3  51   4  64   5  52   6   8   7  96   8   6   9  44  10  40  11  61  12  96  13  56  14  13  15  72  16  73  17  18  18   4  19  25 
  0  37   1  70   2  33   3  66   4  90   5  72   6  96   7  76   8  92   9  36  10  76  11  44  12  32  13  39  14  83  15  64  16  43  17  84  18  89  19  87 
  0  99   1  15   2  61   3   7   4  19   5  13   6  98   7  60   8  25   9   7  10  11  11  71  12  59  13  21  14  61  15  73  16  39  17  18  18  77  19  95 
  0  91   1  54   2  93   3  91   4  87   5  61   6  39   7  97   8  13   9  59  10  57  11  81  12  58  13  23  14  23  15  32  16  11  17  78  18  41  19  57 
  0  57   1  83   2  55   3  43   4  47   5  43   6  73   7  91   8  81   9  60  10  55  11  15  12  20  13  78  14  90  15  62  16  57  17  76  18  63  19  53 
  0  12   1  74   2   6   3   9   4  17   5   1   6  60   7  83   8  94   9   6  10  70  11  91  12  37  13  68  14  73  15  53  16  42  17   9  18  77  19  31 
  0   5   1   3   2  94   3  14   4  25   5  85   6  27   7  20   8   3   9  20  10  31  11  20  12  21  13  80  14  63  15  88  16  29  17   1  18   1  19  84 
  0  16   1  89   2  55   3  55   4  87   5  92   6  50   7  61   8  16   9  11  10  12  11  45  12  94  13  59  14  11  15  42  16  23  17  42  18  77  19  99 
  0  49   1  64   2  35   3  38   4  59   5  29   6  75   7  69   8   3   9  59  10  34  11  30  12   1  13  46  14  82  15  76  16  49  17  46  18  17  19  24 
  0  71   1  28   2  14   3  66   4  68   5  34   6  20   7  81   8  96   9  24  10  17  11  60  12  21  13  66  14  92  15  29  16   4  17  63  18  20  19  47 
  0   3   1   5   2  51   3  78   4  23   5  42   6  12   7  76   8  51   9  46  10  90  11  28  12  59  13  30  14  65  15  45  16  88  17  33  18  16  19  18 
  0  20   1  81   2  71   3  52   4  35   5  74   6  44   7  73   8  56   9  44  10  81  11  75  12  35  13  43  14  53  15  62  16  55  17  42  18  19  19  67 
  0  57   1  52   2  26   3  17   4  30   5  32   6   3   7  33   8  18   9  74  10  63  11  15  12  55  13  21  14  92  15  63  16  88  17  97  18  72  19  88 
  0  75   1  22   2   1   3  95   4  96   5  93   6  51   7  34   8  59   9  30  10  38  11  81  12  55  13   9  14  47  15  70  16  61  17  49  18  63  19  51 
  0  28   1   2   2  83   3  33   4  77   5  55   6  75   7  48   8  29   9  19  10  38  11  57  12  69  13   4  14  24  15   1  16  58  17  68  18  90  19  17 
  0  78   1  29   2  15   3  41   4  99   5  78   6  96   7  80   8  33   9  37  10  89  11  73  12  38  13  95  14  92  15  86  16  86  17  24  18  17  19  65 
  0  48   1  85   2  95   3  18   4  39   5  92   6  92   7  25   8  91   9   1  10  53  11  17  12  82  13  30  14  76  15  25  16  85  17  11  18  58  19  42 
  0  36   1  59   2   4   3  18   4  70   5  20   6  62   7  54   8  86   9  17  10  88  11   6  12  63  13  67  14  89  15  21  16  39  17   7  18   5  19   1 
  0  90   1  75   2  41   3  22   4  41   5  34   6  94   7  67   8  99   9  72  10  84  11  73  12  99  13  19  14  64  15  21  16  85  17  91  18  23  19  14 
  0  48   1  34   2  31   3  43   4  17   5  42   6  57   7  67   8  39   9  52  10  45  11  63  12  67  13  60  14   6  15  81  16  46  17  89  18  46  19  68 
  0  65   1   5   2   5   3  66   4  64   5  19   6  29   7  26   8  26   9  13  10  46  11  71  12  25  13  20  14  48  15  26  16  81  17  20  18  39  19  39 
  0  90   1  80   2  30   3  48   4  79   5  96   6  84   7  52   8  79   9  39  10  40  11  98  12  23  13  82  14  71  15  54  16  37  17  14  18  43  19  65 
  0  34   1  40   2  65   3  99   4  54   5  89   6  10   7  80   8  61   9  67  10  30  11  51  12  57  13  70  14   3  15  63  16  68  17   4  18  73  19  89 
  0  70   1  29   2  73   3  59   4  81   5   6   6  38   7  81   8  34   9  91  10  20  11  47  12  50  13   1  14  47  15  73  16  92  17  84  18  74  19  74 
  0  43   1  48   2  85   3  84   4  39   5  19   6  49   7  95   8   4   9  61  10  95  11  16  12  79  13  55  14   6  15  79  16  87  17  73  18  25  19  83 
  0  49   1  51   2  93   3  62   4  20   5   4   6  86   7  38   8  99   9   2  10  24  11  46  12  17  13  37  14  78  15  16  16   5  17  53  18  82  19  13 
  0  32   1  26   2  82   3  97   4  81   5  62   6  47   7  79   8  80   9  97  10  94  11  62  12  37  13   3  14  86  15  34  16   3  17  21  18  31  19  41 
  0  65   1  74   2  48   3  53   4  16   5  76   6  30   7  45   8   7   9  25  10  40  11  78  12  64  13  99  14  29  15  58  16   4  17  29  18  68  19  99 
  0  28   1  50   2  33   3  68   4  22   5   3   6  78   7  65   8  55   9  31  10  51  11  12  12  37  13  94  14  77  15  67  16  84  17  46  18  63  19  33 
  0  62   1  20   2  25   3  54   4  36   5  92   6  53   7   5   8  89   9  77  10   9  11   6  12  35  13  54  14  32  15  24  16  76  17  19  18  86  19  90 
  0  51   1   3   2  94   3  44   4  28   5  76   6  25   7  49   8   7   9  74  10  54  11  48  12  82  13  72  14  84  15  82  16  92  17  37  18  91  19  25 
  0  93   1  61   2  13   3  33   4  82   5  83   6  61   7  47   8  36   9  22  10  90  11  94  12  85  13   7  14  58  15  92  16  84  17  40  18  66  19  61 
  0  46   1  64   2  99   3  19   4  36   5  26   6  44   7  35   8  62   9  81  10  79  11  39  12  36  13  84  14  99  15  53  16   7  17  22  18  33  19  67 
  0  23   1  54   2  73   3  63   4  98   5   3   6  14   7  49   8  74   9  15  10  50  11  36  12  22  13  91  14  24  15  50  16  42  17  20  18  72  19  99 
  0  52   1  67   2  44   3  96   4  21   5  66   6  52   7  65   8   1   9  72  10   5  11  88  12  49  13  50  14   4  15  33  16  65  17  51  18  28  19  38 
  0  33   1  48   2  15   3  53   4  90   5  52   6  60   7  73   8  96   9  82  10  33  11  39  12  25  13  19  14   2  15  56  16  81  17  51  18  53  19  51 
  0  36   1  94   2  74   3  25   4  70   5  63   6  12   7  52   8  62   9   6  10   5  11  14  12  29  13  70  14  88  15  77  16   6  17  84  18  97  19  80 
  0  84   1  97   2  31   3  71   4  84   5  20   6  29   7  30   8  45   9  38  10  20  11  90  12  41  13  31  14   1  15  31  16   8  17  11  18  53  19  34 
  0  51   1  93   2  57   3  36   4  43   5  63   6  60   7  58   8  29   9  16  10  10  11  51  12  89  13  62  14  86  15  57  16  91  17  23  18  62  19  99 
  0  53   1  11   2  92   3  99   4  53   5  78   6  32   7  27   8  52   9  14  10  46  11   1  12  89  13  59  14  55  15  39  16  72  17  85  18  89  19  18 
  0  87   1  87   2  70   3  21   4  29   5  33   6  52   7  63   8  41   9  46  10  45  11  12  12  51  13  36  14  34  15  92  16   5  17  81  18  66  19  29 
  0  93   1  88   2  92   3  82   4  95   5  50   6  23   7  83   8  77   9  49  10  19  11  46  12  33  13  63  14  70  15  41  16   1  17  72  18  54  19  70 
  0  66   1  13   2  24   3  72   4  36   5  79   6  45   7  68   8  98   9  52  10  18  11  98  12  11  13  77  14  29  15  22  16  26  17  64  18  70  19  89 
  0   5   1  47   2  59   3  23   4   5   5  91   6  98   7  52   8  97   9  58  10  97  11  72  12  91  13  47  14  12  15  24  16  14  17  43  18  58  19  86 
  0  39   1  73   2  12   3  47   4  55   5  95   6  37   7  94   8  54   9  64  10  54  11   7  12  58  13   1  14  42  15  66  16  65  17  17  18  69  19  44 
  0  92   1  10   2  52   3  15   4   9   5  83   6  15   7  38   8  52   9   2  10  60  11  59  12  61  13  60  14  30  15  67  16  69  17  57  18  76  19  73 
  0  14   1  92   2   9   3  19   4  99   5  48   6  87   7  97   8  83   9  31  10  48  11  94  12  48  13  50  14  99  15  52  16  31  17  41  18  19  19  21 
  0  75   1  65   2  58   3  62   4  16   5  10   6  58   7  68   8  30   9  51  10  99  11  66  12  51  13  26  14  78  15  46  16  37  17  48  18   3  19   8 
  0  70   1  75   2  20   3   2   4  29   5  16   6  46   7  27   8  88   9  74  10  75  11  64  12  70  13  84  14  88  15  90  16   3  17   6  18  13  19  83 
  0   2   1  36   2  55   3  48   4  90   5  73   6  72   7  10   8  12   9  82  10  92  11  73  12  21  13  66  14   7  15  34  16  81  17  32  18  61  19  50 
  0  80   1  97   2  69   3  31   4  35   5   8   6  36   7  40   8  66   9   5  10  20  11   4  12  56  13  29  14  66  15  88  16  34  17  96  18   7  19   5 
  0  62   1  39   2  80   3  78   4  58   5  31   6  24   7  57   8  28   9  24  10  62  11   3  12  81  13  75  14  95  15  77  16  52  17  40  18  31  19  29 
  0  63   1  34   2  74   3  80   4  39   5  93   6  36   7  63   8  31   9  22  10  31  11  25  12  96  13   3  14  27  15  36  16  31  17  33  18  99  19  72 
  0  33   1  38   2  88   3  32   4  93   5  33   6  94   7  50   8  37   9  85  10  53  11  58  12  43  13  56  14   5  15  34  16  59  17  35  18  50  19  78 
  0  46   1  88   2   7   3  79   4  16   5  64   6  24   7  65   8   6   9  62  10  66  11  62  12  72  13  54  14  22  15  75  16  21  17  74  18  27  19  67 
  0  67   1   5   2   6   3  72   4  74   5  48   6  16   7  11   8  17   9  60  10  26  11   2  12  42  13   5  14  29  15  41  16  42  17  78  18  15  19  76 
  0  74   1   1   2  24   3  65   4  83   5  64   6  56   7  60   8  78   9  83  10  92  11  99  12  68  13  64  14  17  15  37  16  42  17   7  18  26  19  16 
  0  22   1  41   2  14   3  50   4  31   5   8   6  10   7  86   8  70   9   3  10  39  11  88  12  52  13   8  14  72  15  78  16  55  17  99  18  39  19  88 
  0   6   1  52   2  94   3  84   4  40   5  38   6  60   7  44   8  77   9  88  10  84  11  50  12  32  13  10  14  88  15  17  16  10  17  81  18  68  19  71 
  0  42   1  46   2  75   3  12   4  13   5  14   6  63   7   5   8  22   9  13  10   8  11  30  12  52  13  85  14  72  15  40  16  16  17  74  18  68  19  74 
  0  98   1  40   2  53   3   4   4  57   5  53   6   2   7  23   8  43   9  17  10  66  11  33  12  91  13  67  14  16  15  54  16  75  17  57  18  63  19  34 
  0  28   1  20   2  24   3  79   4  73   5  32   6  68   7  59   8   6   9  85  10  12  11   9  12  56  13  91  14  96  15  47  16   7  17  43  18  22  19  92 
  0  94   1  53   2  54   3  25   4  35   5  15   6  21   7  78   8  97   9   7  10  86  11  97  12  89  13  89  14  45  15  36  16  13  17  92  18  93  19  27 
  0  23   1  30   2  65   3  23   4  74   5  25   6  59   7  52   8  91   9   5  10  56  11   2  12  17  13   2  14  29  15  44  16  71  17  29  18   6  19  73 
  0  28   1  52   2  46   3  17   4  86   5  54   6  70   7  76   8  75   9  33  10  36  11  22  12  92  13  14  14   2  15  15  16  64  17   9  18  57  19  54 
  0  78   1   6   2  23   3  99   4  23   5  43   6  40   7  76   8  72   9  47  10  12  11  76  12  53  13  65  14  90  15  19  16  38  17   9  18  15  19  48 
  0  76   1   4   2   9   3  46   4  37   5  84   6  37   7  25   8  79   9  14  10  94  11  89  12   3  13   2  14  63  15   3  16  84  17  77  18  13  19  21 
  0  86   1  16   2  64   3  32   4   5   5  70   6  83   7  93   8   7   9  80  10  40  11  17  12  46  13  19  14  19  15  50  16  52  17  35  18  76  19  94 
  0  81   1  68   2  63   3   2   4  25   5  99   6  25   7  16   8  24   9  75  10  15  11  80  12  64  13   8  14   3  15  36  16  85  17  70  18  41  19  95 
  0  83   1  97   2  48   3  96   4  62   5   8   6  67   7  30   8  29   9   4  10  58  11  66  12  68  13   5  14  55  15  94  16  13  17  76  18   7  19  37 
  0  38   1  21   2  80   3  56   4  75   5  46   6  30   7  83   8  81   9  44  10  37  11  48  12  20  13  97  14  38  15  93  16   2  17  71  18  66  19  42 
  0  55   1  86   2  99   3  98   4  29   5  35   6  72   7  77   8  81   9  38  10  94  11  30  12  47  13  99  14   2  15  23  16  30  17  36  18   7  19  84 
  0  31   1  25   2   1   3  98   4  87   5  30   6  47   7  18   8   3   9  50  10   3  11  77  12  51  13  70  14  33  15  83  16  83  17   6  18  16  19  53 
  0  88   1   2   2  78   3  36   4  66   5  44   6  49   7  24   8  46   9  68  10  30  11   6  12  72  13  66  14  70  15  99  16  25  17  12  18  46  19  96 
  0  17   1  93   2  69   3  13   4  77   5  58   6  96   7  41   8  94   9  58  10  87  11  66  12  20  13  85  14  70  15  67  16  47  17  21  18  19  19  32 
  0  69   1  40   2   3   3  42   4  15   5  53   6  60   7  88   8   9   9   1  10  49  11  90  12  87  13   4  14  71  15  90  16  44  17  25  18  14  19  80 
  0  77   1  87   2  35   3  75   4  64   5  78   6  62   7  92   8  49   9  91  10  69  11  59  12  88  13  26  14  79  15  28  16  25  17   3  18  46  19  12 
  0  79   1  69   2  38   3  97   4  28   5  48   6  81   7   2   8  63   9  52  10  71  11  37  12  69  13  98  14  22  15  89  16  36  17  49  18  68  19  68 
  0  52   1  59   2  61   3  70   4  30   5  83   6  63   7  78   8  68   9  89  10  82  11  18  12  35  13  32  14  91  15   9  16  15  17  19  18  15  19  22 
  0   9   1   8   2  64   3  88   4  71   5  11   6  64   7  55   8  28   9  77  10  74  11  31  12  30  13  14  14  10  15  44  16  60  17  18  18  94  19  63 
  0  15   1  51   2  40   3  20   4  50   5  76   6  79   7  61   8  74   9  49  10   3  11   3  12  60  13  45  14  53  15  69  16  88  17  54  18  98  19   4 
  0  95   1   5   2  39   3  58   4  45   5  64   6  81   7  64   8  16   9  59  10   8  11  37  12  89  13  54  14  86  15  17  16  68  17  37  18   5  19  26 
  0  34   1  91   2  19   3  61   4  27   5  34   6  39   7  34   8  42   9  86  10   5  11  89  12  30  13  50  14   4  15  43  16  30  17  43  18  30  19  54 
  0  59   1  53   2  28   3  61   4  96   5  32   6   2   7  49   8  43   9  18  10  32  11  42  12  30  13  98  14  80  15  42  16  71  17  23  18   3  19  57 
  0  11   1  55   2  82   3  21   4  65   5  87   6  58   7   1   8  86   9  75  10  68  11  22  12  44  13  50  14  96  15  65  16  67  17  12  18  75  19  95 
  0  68   1  18   2   9   3  75   4  29   5  92   6  43   7  94   8  37   9  24  10  90  11  89  12  88  13  19  14  33  15  99  16  43  17  14  18  50  19  20 
  0   5   1  67   2  62   3  64   4  18   5  48   6  85   7  95   8  70   9  81  10  67  11   6  12  42  13  85  14  74  15  64  16   6  17  17  18   3  19   7 
  0  76   1  87   2  10   3  26   4  62   5  29   6  46   7   2   8  61   9  34  10  85  11   8  12  48  13  49  14  71  15  47  16  91  17  65  18  24  19  63 
  0  32   1  41   2  91   3  52   4  68   5  49   6  43   7  82   8   6   9  35  10  25  11  89  12  18  13  29  14  31  15  77  16  16  17  90  18  23  19  82 
  0  66   1  81   2   6   3  14   4  34   5  28   6  81   7  74   8  25   9  76  10   8  11  94  12  99  13  41  14  80  15  44  16  28  17   1  18  20  19  98 
  0  43   1  75   2  17   3  61   4   8   5   3   6   2   7  56   8  55   9  69  10  32  11   7  12  30  13  84  14  35  15  97  16  20  17  41  18  62  19  89 
  0  74   1   6   2  16   3  19   4  48   5  93   6  66   7  33   8  10   9  57  10  10  11  45  12  26  13  26  14  68  15  60  16  96  17  59  18  58  19  50 
  0  21   1  81   2  38   3  31   4  96   5  81   6  66   7  41   8  77   9  57  10  83  11  30  12  53  13  27  14  47  15  80  16  64  17  32  18  10  19  71 
  0  96   1  88   2  30   3  54   4  30   5  91   6  85   7  61   8  74   9  31  10  14  11  72  12   3  13  66  14  15  15  63  16   7  17  60  18  74  19  29 
  0  41   1  94   2  99   3  16   4  90   5  47   6  15   7  59   8  12   9  31  10  83  11  88  12  88  13   3  14  60  15  46  16  96  17  17  18  80  19  68 
  0   2   1  70   2  64   3  68   4   4   5  40   6  93   7  48   8  40   9  70  10  26  11   9  12  85  13  35  14  86  15  64  16  22  17  55  18  42  19  84 
  0  88   1  36   2  39   3  55   4  86   5  77   6  21   7  88   8  16   9  76  10  46  11  80  12  76  13  73  14  83  15  79  16   1  17  37  18  17  19  14 
  0  46   1  42   2  54   3  41   4  42   5  25   6   5   7  83   8  95   9  62  10  85  11  69  12  77  13  47  14  17  15  80  16  64  17  42  18  29  19  44 
  0   1   1  21   2  65   3  70   4  89   5  10   6  92   7  69   8  96   9  66  10  31  11  89  12   7  13  38  14  53  15  35  16  69  17  68  18  35  19   7 
  0  57   1  50   2  71   3  29   4  51   5  23   6  82   7  77   8  68   9  66  10  79  11  14  12  54  13  29  14  85  15  25  16  84  17  37  18  11  19  92 
  0  35   1  26   2  59   3  22   4  55   5  10   6  98   7  39   8  74   9  75  10   8  11  29  12  47  13  57  14  93  15  15  16  98  17  99  18  27  19   8 
  0  53   1  71   2  69   3  33   4  78   5  44   6  95   7  91   8  23   9  64  10  66  11  13  12  95  13   8  14  63  15  10  16  41  17  52  18  48  19   8 
  0  40   1  49   2  47   3  83   4  66   5  43   6  41   7   6   8  53   9  65  10  34  11  56  12  55  13  35  14  33  15  39  16  13  17  17  18  46  19  37 
  0  80   1  92   2  22   3  88   4   6   5  39   6  57   7   3   8  29   9  76  10  83  11  18  12  68  13  33  14  73  15  98  16  93  17  74  18  27  19  72 
  0  89   1  82   2  45   3  97   4  55   5  26   6  62   7  20   8  67   9   4  10  10  11  82  12  47  13  40  14  48  15  58  16  69  17  95  18  67  19  25 
  0  17   1  56   2  63   3  25   4  77   5  22   6  57   7   9   8  15   9  31  10  36  11  99  12  35  13  52  14  95  15  22  16  91  17  95  18  60  19  10 
  0  28   1  47   2  42   3   1   4   1   5  38   6  16   7  36   8  65   9  69  10  43  11  98  12  40  13  82  14  43  15  30  16  35  17  57  18  63  19  46 
  0  23   1  37   2  40   3  71   4  38   5  61   6  28   7  70   8  38   9   6  10  49  11  60  12  24  13  97  14  98  15  18  16  51  17   7  18  32  19   9 

Taillard LB      : 26462
Proportionate LB : 18355
Lower bound: 26462

Random seed: 1001
