
500  20

  0  20   1  32   2  70   3  24   4  55   5  36   6   7   7  83   8  16   9   3  10  81  11  85  12  77  13  90  14  63  15  71  16  50  17  83  18  45  19  29 
  0  38   1  92   2  66   3  66   4  72   5  57   6  83   7  48   8  32   9  76  10   3  11  53  12  14  13  92  14  37  15   7  16  64  17  35  18  57  19  45 
  0  94   1  86   2  21   3  10   4  45   5  95   6  96   7  88   8   7   9  97  10   6  11  95  12  83  13  25  14  19  15  18  16   4  17  46  18   7  19  27 
  0  43   1  28   2  16   3  68   4   8   5  11   6  56   7  47   8   2   9  24  10  31  11  70  12   9  13  12  14  37  15  60  16   5  17  64  18  90  19  56 
  0   6   1  75   2  16   3  76   4  39   5  25   6   1   7  96   8  88   9  17  10  36  11  55  12  82  13  28  14   3  15  45  16  71  17  13  18  95  19  18 
  0  28   1  82   2  77   3  48   4  21   5  80   6  58   7  20   8  13   9   6  10  43  11  85  12  51  13  62  14  81  15  43  16  39  17  67  18  49  19  29 
  0  26   1  56   2  18   3  58   4   9   5  35   6  99   7  18   8  24   9   1  10  50  11  29  12  47  13  78  14  88  15  82  16  29  17  21  18  12  19  57 
  0  69   1  87   2  42   3  32   4  39   5   3   6  22   7  99   8  47   9  80  10  40  11  15  12  18  13   1  14  96  15  84  16  40  17  60  18  38  19  36 
  0  37   1  31   2  36   3  87   4  32   5  24   6  41   7  26   8  76   9  85  10  75  11   1  12  90  13  38  14  52  15  35  16  49  17  86  18  51  19  15 
  0  42   1  57   2  87   3  78   4  33   5  61   6  77   7  56   8  71   9  42  10  52  11  43  12  49  13   2  14  34  15  60  16  38  17  20  18  88  19  38 
  0   2   1  90   2   1   3  60   4  21   5  98   6  83   7  58   8  38   9  79  10  74  11  20  12  33  13  31  14  90  15  71  16  74  17  18  18  97  19  42 
  0  12   1  60   2  51   3  75   4  59   5  31   6  17   7  33   8  81   9  98  10  91  11  17  12  57  13  26  14  63  15  42  16  53  17  73  18  12  19  72 
  0  74   1  15   2  64   3  58   4  29   5  85   6  18   7  38   8  74   9   8  10  71  11  81  12  48  13  89  14  55  15  65  16   7  17   9  18  31  19  46 
  0  73   1  59   2  68   3  31   4  90   5  39   6  62   7  17   8  13   9  96  10   6  11  46  12   3  13  37  14  17  15  98  16  56  17  63  18  36  19  68 
  0  35   1   4   2  19   3  98   4  43   5  57   6  45   7  45   8  40   9  68  10  13  11   7  12  22  13   7  14  18  15  25  16  68  17  86  18  84  19   6 
  0  51   1  51   2   5   3  52   4  70   5  95   6   6   7  22   8  56   9  12  10  47  11  73  12  95  13  81  14  64  15  16  16  27  17  39  18  54  19  86 
  0  73   1  48   2  45   3  90   4  14   5   4   6  88   7  66   8  65   9  35  10  31  11  83  12  43  13  32  14  26  15  75  16  28  17  71  18  65  19  51 
  0  33   1   7   2  89   3  21   4  81   5  53   6  11   7  89   8  17   9  97  10  93  11  38  12  61  13   8  14  42  15  16  16  88  17  63  18  97  19   2 
  0  18   1  96   2  82   3  67   4  61   5  73   6  47   7  91   8   2   9  23  10  35  11  70  12  98  13   8  14  10  15  56  16  56  17  80  18  96  19   2 
  0  57   1  84   2  22   3  56   4  48   5  46   6  99   7  77   8  84   9  66  10  46  11  79  12   1  13  64  14  53  15  71  16  52  17   8  18  13  19  10 
  0  21   1  77   2  43   3  38   4  52   5  89   6  97   7  54   8  49   9  81  10  32  11  54  12  62  13  72  14  31  15   5  16  94  17  77  18  93  19  89 
  0  92   1  80   2  15   3  96   4  84   5  28   6   6   7  84   8  92   9   6  10  56  11  43  12  16  13  55  14  43  15  47  16  50  17  36  18  89  19  22 
  0   9   1  68   2  36   3  30   4  52   5  68   6  83   7  82   8  27   9  98  10   1  11  80  12  82  13   1  14  21  15  45  16  14  17  38  18  91  19  68 
  0  40   1   1   2  69   3   2   4  76   5  63   6  72   7  88   8  52   9  25  10  35  11   5  12  50  13  93  14  45  15   7  16  43  17  70  18  22  19  31 
  0  56   1   7   2  73   3  24   4  31   5  26   6  89   7  85   8  92   9  67  10  97  11   1  12  96  13  68  14  34  15  84  16  95  17  52  18  92  19   6 
  0  43   1   8   2  31   3  42   4  89   5  54   6  44   7  18   8  92   9  24  10  94  11   3  12  18  13  61  14  96  15  50  16  93  17  87  18  32  19  98 
  0  19   1  70   2  26   3   3   4  53   5  28   6  59   7  89   8  35   9  64  10  38  11  34  12  90  13  38  14   1  15  31  16  33  17  38  18  91  19  48 
  0   8   1  16   2  19   3  10   4  72   5  63   6  14   7  84   8  58   9  37  10  84  11  11  12  78  13  69  14  21  15  32  16  89  17   9  18  35  19  47 
  0  69   1  99   2  89   3  76   4  10   5  28   6  82   7  13   8  44   9  76  10  53  11  73  12  60  13  53  14  39  15  63  16  64  17  20  18  81  19  76 
  0  87   1  37   2  83   3  21   4  73   5  84   6  51   7  78   8  96   9  73  10  90  11  57  12  23  13  89  14  87  15  74  16  45  17  82  18  17  19  56 
  0   1   1  24   2  30   3  49   4  38   5  30   6  40   7  21   8  75   9  49  10  59  11  92  12   8  13  54  14   4  15   8  16  22  17  86  18  95  19  16 
  0  76   1  38   2  26   3  96   4  71   5  47   6  16   7  75   8  16   9  34  10  61  11   9  12  73  13  48  14  18  15  13  16  33  17   9  18  15  19  27 
  0  70   1  42   2  73   3  83   4  15   5  55   6  74   7  60   8  62   9  43  10  32  11  83  12  15  13  20  14   7  15   8  16  53  17  22  18  89  19   2 
  0  76   1  67   2  38   3  70   4  71   5  84   6  88   7  48   8  44   9  75  10  67  11  23  12  25  13  41  14  28  15  13  16  34  17  46  18  93  19  48 
  0  87   1  23   2  13   3  23   4  11   5  51   6  93   7  73   8  97   9  30  10  13  11  19  12  95  13  78  14  29  15  13  16  96  17  14  18  47  19   8 
  0  80   1  69   2  17   3   1   4  24   5  23   6   5   7  61   8  25   9  51  10  52  11  28  12  24  13  41  14  25  15  80  16  93  17   7  18   3  19  26 
  0  20   1  47   2  39   3  97   4  25   5  42   6  56   7  68   8  17   9  60  10  39  11  74  12  73  13  10  14  70  15  22  16  32  17  55  18  65  19  19 
  0  99   1  96   2  65   3  71   4   9   5  30   6  14   7  78   8  84   9  93  10  58  11  45  12   6  13  73  14  81  15   6  16  13  17  28  18  28  19  52 
  0  17   1  88   2  19   3  90   4  91   5  46   6   9   7  30   8  89   9  90  10  26  11  76  12  61  13  11  14   6  15  73  16  62  17  49  18  87  19  26 
  0  28   1  30   2  21   3  82   4  73   5  26   6  58   7  37   8  64   9  55  10  64  11  89  12  32  13  51  14  71  15  89  16  36  17  61  18   1  19  86 
  0  46   1  71   2  67   3  40   4  13   5  38   6  16   7  20   8  66   9  56  10  99  11  56  12  15  13  56  14  18  15  32  16   1  17  14  18  45  19  93 
  0  28   1  78   2   4   3  62   4  50   5  20   6   6   7  26   8  98   9  47  10   1  11   7  12  73  13  27  14  15  15   3  16  10  17  16  18   2  19  52 
  0  13   1  41   2  18   3  51   4  36   5  33   6  57   7  46   8  28   9  85  10  40  11  22  12  91  13  17  14  68  15  30  16  99  17  81  18  13  19  38 
  0  77   1   1   2  13   3  65   4  51   5  48   6  33   7  81   8  34   9  49  10   3  11  76  12  35  13  85  14  15  15  75  16  72  17  93  18  53  19  55 
  0   5   1  86   2  80   3  50   4  19   5  48   6  89   7  89   8   6   9  14  10  72  11  97  12  32  13  72  14  11  15  74  16  32  17  19  18  82  19  63 
  0  79   1  12   2  85   3  12   4  53   5   4   6  56   7  64   8  43   9  36  10  42  11  11  12   8  13  16  14  86  15  61  16  79  17   2  18  13  19  71 
  0  13   1  66   2  52   3  28   4  35   5  81   6  95   7   3   8  74   9  28  10  68  11  18  12  26  13  38  14  99  15   1  16  99  17  20  18  82  19  76 
  0   8   1  25   2   3   3  59   4  75   5  88   6  95   7  60   8  67   9  80  10  52  11  85  12  63  13  13  14  94  15  20  16  30  17   2  18  60  19  71 
  0  59   1   4   2  34   3  91   4  84   5  69   6  93   7   7   8  68   9  24  10  84  11  36  12  58  13  17  14  19  15  64  16  92  17  65  18   9  19  38 
  0  33   1  78   2  72   3   1   4  22   5  59   6  34   7  75   8  54   9   2  10  90  11  44  12  89  13  39  14  21  15  23  16  47  17  41  18  99  19  28 
  0  12   1  29   2  25   3  25   4  59   5  72   6  57   7  13   8  60   9  65  10  98  11   2  12  89  13  67  14  70  15  28  16  55  17  49  18  23  19  98 
  0  96   1   1   2  44   3  79   4  97   5  35   6  79   7  21   8  69   9  22  10  58  11  77  12  21  13  22  14  23  15  54  16  45  17  67  18  61  19   8 
  0  28   1  91   2  50   3  15   4  76   5  10   6  65   7  76   8  22   9  64  10  85  11  51  12  53  13  16  14  88  15  66  16  51  17  41  18  69  19  33 
  0   7   1  63   2   5   3  75   4  15   5  87   6  19   7  70   8  79   9  35  10  11  11  79  12  88  13  62  14   8  15  99  16  99  17  22  18  43  19  25 
  0  34   1  89   2  39   3  87   4  20   5  13   6  98   7  61   8  54   9   5  10  44  11  39  12  14  13  70  14  35  15  93  16  39  17  57  18  57  19  85 
  0  95   1  21   2  64   3  12   4  16   5  12   6  43   7  49   8  99   9  52  10  89  11  50  12  25  13  17  14  37  15  54  16   7  17   6  18  20  19  23 
  0  15   1  35   2  85   3  98   4  30   5  42   6  70   7  63   8  71   9  62  10  17  11  31  12  91  13  49  14  64  15  70  16  22  17  80  18  70  19  75 
  0  75   1  70   2  58   3  79   4  82   5  65   6  53   7  44   8  95   9  12  10  50  11  24  12  12  13  31  14  77  15  74  16  79  17  47  18  93  19  38 
  0  86   1  64   2  27   3  68   4  21   5  76   6  38   7  59   8  26   9  14  10  43  11  48  12  73  13  46  14   9  15  42  16  37  17  91  18  19  19  42 
  0  18   1  50   2  78   3  87   4  44   5  21   6  83   7  43   8  39   9  43  10  75  11   4  12  30  13  16  14  16  15  24  16  36  17  79  18   9  19  85 
  0   5   1  68   2  69   3  63   4  60   5  68   6   9   7  65   8   1   9  73  10  73  11  47  12  78  13   5  14  39  15  90  16  87  17  91  18  10  19  99 
  0  87   1  74   2  75   3  53   4  59   5  90   6  28   7  21   8  61   9  50  10  85  11   6  12  34  13  73  14  57  15  31  16  33  17  25  18  69  19  26 
  0  63   1  22   2  36   3  62   4  34   5  67   6  78   7  29   8  54   9  32  10  61  11  58  12  90  13  25  14   4  15  28  16  31  17  12  18  13  19  47 
  0  57   1  49   2  17   3  29   4   7   5  96   6  54   7  82   8  34   9  76  10  57  11  43  12  96  13  61  14  29  15  19  16  88  17   6  18  86  19  11 
  0  45   1  47   2  58   3  28   4  51   5  35   6  67   7  52   8  89   9  87  10  29  11  93  12  68  13  64  14  32  15  18  16  15  17  25  18  25  19  75 
  0  48   1   3   2   9   3  77   4  60   5  21   6  46   7  57   8  43   9  52  10   3  11  42  12   4  13  45  14  63  15  82  16  99  17  99  18   9  19  20 
  0  19   1   8   2  98   3  82   4  93   5  26   6   2   7  57   8  10   9   3  10  47  11  80  12  31  13  87  14  70  15  50  16  94  17  38  18  97  19   1 
  0  50   1  17   2  57   3   9   4  52   5  56   6  88   7  31   8  55   9  91  10  52  11  60  12  79  13  61  14  23  15  26  16  98  17  69  18  31  19  25 
  0  12   1  96   2  25   3  57   4  30   5  81   6  32   7  88   8  46   9  66  10  19  11  64  12  65  13  39  14  35  15  92  16  89  17  40  18  19  19  88 
  0  21   1  96   2  97   3  17   4  88   5   5   6  74   7  22   8  89   9  45  10   8  11   3  12  56  13  81  14  98  15  72  16  19  17  89  18  61  19  51 
  0   7   1  13   2  64   3   4   4  85   5  60   6  36   7  32   8  38   9  42  10   2  11  95  12  67  13  36  14  60  15  32  16   3  17  29  18  20  19  92 
  0  47   1  98   2  45   3  23   4  81   5  19   6   1   7  51   8  13   9  68  10   5  11  15  12  73  13  29  14  52  15  58  16  88  17   3  18  21  19  98 
  0  39   1  73   2  25   3  50   4  34   5  54   6  75   7  66   8  19   9   5  10  10  11  90  12   8  13  99  14  14  15  46  16  24  17  83  18   9  19  44 
  0  40   1  41   2  22   3   3   4  67   5  10   6  55   7  42   8  35   9  96  10  98  11  97  12  28  13  35  14  64  15  30  16  61  17  26  18  81  19  93 
  0  77   1   7   2   7   3  32   4  30   5  77   6  47   7  66   8  42   9  13  10  86  11   3  12  37  13  51  14  56  15  73  16  28  17  94  18  35  19  20 
  0  68   1   4   2  94   3  52   4  28   5  16   6  41   7  86   8  34   9  55  10  91  11  45  12  48  13  39  14  35  15  69  16  30  17  80  18  90  19   2 
  0  34   1  33   2  32   3  12   4  26   5  19   6  14   7  30   8  22   9   8  10  93  11  25  12  45  13  76  14   1  15  34  16  90  17  38  18  45  19  25 
  0  32   1  80   2  23   3  71   4  53   5  74   6  14   7  70   8  50   9   6  10  76  11  12  12  27  13  91  14   3  15  31  16  51  17  59  18  14  19  69 
  0   6   1  25   2  93   3  93   4  55   5  60   6  45   7  28   8  46   9  83  10  13  11  18  12   6  13   2  14  77  15  89  16  16  17  63  18  37  19   2 
  0  95   1  45   2  67   3  98   4  19   5  79   6  14   7  14   8  45   9  91  10  73  11  41  12  51  13  60  14   3  15  20  16  53  17   3  18  80  19  13 
  0  99   1   2   2   9   3  23   4  43   5  93   6  85   7  66   8   6   9  47  10  29  11  66  12  15  13  91  14  22  15  26  16  30  17  23  18  67  19  37 
  0  94   1  32   2  91   3  20   4  34   5  71   6  90   7  53   8  98   9  46  10  31  11  54  12   7  13  97  14  46  15  72  16  65  17  13  18  96  19  38 
  0  89   1  76   2  77   3  87   4  35   5  18   6  65   7  97   8  96   9  23  10  95  11  10  12  36  13  31  14  57  15  91  16  55  17  42  18  94  19  25 
  0  59   1  30   2  56   3  94   4  65   5  42   6  95   7  83   8  36   9  44  10  12  11  88  12  86  13  41  14   7  15  38  16  89  17  38  18  66  19  88 
  0  69   1  71   2  80   3  94   4  55   5  91   6  64   7  82   8   7   9  88  10  28  11  20  12  47  13  50  14  30  15  77  16  85  17   7  18  87  19  94 
  0  90   1  83   2  69   3  20   4  53   5  24   6  92   7  11   8  48   9  30  10  37  11  75  12  69  13  90  14  90  15  31  16   3  17  61  18  26  19  10 
  0   4   1  77   2  87   3  98   4  82   5  29   6  70   7  18   8  32   9  38  10  51  11  13  12  88  13  41  14  83  15  15  16  89  17   5  18  74  19  29 
  0  46   1   2   2  92   3  99   4  21   5  73   6  42   7  41   8  26   9   4  10  36  11   5  12  39  13  92  14  11  15  37  16  76  17  36  18  89  19  30 
  0   2   1   4   2  94   3  63   4  11   5  40   6  56   7  57   8  59   9  10  10  90  11  63  12  79  13  58  14  91  15   7  16  21  17  40  18  88  19  93 
  0  36   1  13   2  55   3  27   4  32   5  34   6  88   7  75   8   5   9  20  10  37  11  93  12  85  13  85  14  94  15  22  16  15  17  64  18  95  19  12 
  0  85   1  23   2  95   3  27   4  28   5  77   6  74   7  83   8  22   9  48  10  20  11  55  12  17  13  92  14  52  15   1  16  19  17  20  18  90  19  53 
  0  77   1  93   2  81   3  75   4  19   5  29   6  90   7  20   8  88   9   6  10  18  11  40  12  53  13  25  14  61  15  41  16  56  17   3  18  50  19  97 
  0  84   1  21   2  71   3  18   4  66   5  55   6  87   7  31   8  78   9  20  10  18  11  27  12  37  13  69  14  78  15  38  16  40  17  40  18  89  19  33 
  0   7   1  96   2  79   3  37   4  28   5  25   6   3   7  69   8  84   9  75  10  47  11  15  12  73  13  71  14  69  15  85  16  52  17  26  18  34  19   1 
  0  21   1  51   2  94   3  16   4  73   5  38   6  17   7   3   8  11   9  36  10  53  11  95  12  85  13  94  14  98  15   9  16  89  17  87  18  78  19  14 
  0  14   1   8   2  26   3  33   4  68   5  81   6  76   7  49   8  41   9  96  10   4  11  71  12  67  13  61  14  75  15  38  16  60  17  57  18  43  19  27 
  0  72   1   9   2  56   3   9   4  71   5  43   6  64   7  27   8  35   9  92  10  53  11  53  12   7  13  28  14  62  15  44  16  75  17  33  18  93  19  38 
  0  66   1  10   2  43   3  41   4  51   5  33   6   4   7  74   8  34   9  45  10  82  11  11  12  73  13  76  14  61  15  59  16   6  17  47  18  40  19  38 
  0  47   1  92   2  14   3  24   4  14   5  19   6  60   7  43   8  44   9  65  10  89  11  87  12  62  13  60  14  26  15  71  16  81  17  97  18  31  19  50 
  0  99   1  57   2  45   3  29   4   8   5  10   6   6   7  64   8  75   9  54  10  92  11  19  12  75  13  13  14  52  15  72  16  99  17   4  18  80  19   9 
  0  26   1  63   2  94   3  41   4  18   5  45   6  44   7  93   8  28   9  32  10  71  11  24  12  67  13  31  14  15  15  14  16  54  17  96  18  61  19  26 
  0  65   1   9   2  31   3  70   4  59   5   3   6  82   7  32   8  18   9   1  10  72  11  31  12  95  13  93  14  72  15  40  16  33  17  46  18  97  19  50 
  0  22   1  90   2  63   3  31   4  33   5  70   6  24   7  50   8  71   9  12  10  19  11  76  12   2  13  84  14  21  15   9  16  88  17  79  18  17  19  45 
  0  49   1   4   2  98   3  28   4  16   5  90   6  35   7  70   8  10   9  61  10  46  11  70  12  24  13  39  14  29  15  82  16  38  17  79  18  13  19  71 
  0  51   1  90   2  81   3   1   4  63   5  69   6  23   7  31   8  46   9  72  10  53  11  57  12  46  13  63  14  90  15  61  16  47  17  83  18  21  19  54 
  0  42   1  79   2  20   3  12   4   2   5   4   6  47   7  42   8  61   9  45  10   1  11  75  12  89  13   4  14  88  15   6  16  90  17  80  18  43  19  85 
  0  22   1  62   2  55   3  11   4  98   5  96   6  12   7  70   8  28   9   6  10  43  11   4  12  11  13  39  14  59  15  94  16  66  17  58  18   9  19  22 
  0  13   1  58   2  73   3  64   4  57   5  46   6  61   7   4   8  13   9  70  10  89  11  32  12   4  13  29  14  85  15  98  16   9  17  91  18  93  19  31 
  0  97   1  44   2  92   3  47   4  72   5  93   6  78   7  93   8  32   9  92  10  28  11  96  12  72  13  78  14  38  15  94  16  32  17  92  18  43  19  91 
  0  14   1  19   2  83   3  73   4  94   5  52   6  51   7  98   8   9   9  79  10  82  11  53  12  72  13  95  14  27  15  67  16  98  17  14  18  78  19  83 
  0   4   1  99   2  42   3   2   4   4   5  16   6  74   7  84   8  26   9  38  10  47  11  81  12  90  13  43  14  13  15   5  16  36  17  20  18  38  19  86 
  0  36   1  11   2  24   3  21   4  22   5  73   6  93   7  55   8  86   9  54  10  76  11  85  12  61  13  67  14  29  15  93  16  43  17  83  18  21  19  10 
  0  19   1   9   2   7   3  29   4  14   5  97   6  39   7  67   8  42   9  17  10   5  11  43  12  84  13  37  14  42  15  50  16  63  17  88  18  92  19  36 
  0  97   1  13   2  63   3  74   4  24   5  68   6  79   7  10   8  39   9  16  10  48  11  31  12  71  13   3  14  10  15  68  16  17  17  17  18  44  19  65 
  0  25   1  26   2  10   3  15   4  38   5  45   6  22   7  81   8   2   9  55  10  16  11  32  12  66  13  39  14  77  15  33  16  30  17  38  18  40  19  28 
  0  57   1  65   2  25   3  90   4  63   5  81   6   1   7  56   8   3   9  74  10  44  11  27  12  16  13  63  14   4  15  15  16  13  17  50  18  95  19  86 
  0  81   1  77   2  96   3  44   4  34   5   5   6  49   7  57   8  54   9  99  10  85  11  26  12  41  13  31  14  25  15  38  16   6  17  58  18  74  19  20 
  0  29   1  28   2  57   3  87   4  24   5  31   6  16   7  49   8  47   9   2  10  58  11   8  12  30  13  69  14  46  15  30  16  48  17  77  18  62  19  57 
  0   8   1  84   2  62   3  30   4  36   5  94   6  20   7  18   8  77   9  57  10  65  11  79  12  98  13  73  14  58  15  30  16  97  17  25  18  21  19  93 
  0  45   1  49   2  46   3  21   4  78   5  30   6   3   7  12   8  31   9  39  10  35  11   9  12  28  13  47  14  50  15  96  16  24  17  82  18  60  19  29 
  0  96   1  13   2  74   3  51   4  96   5   1   6  95   7  14   8  49   9  11  10  86  11  79  12   2  13  61  14  87  15  29  16  50  17  18  18  92  19  39 
  0   2   1  74   2  81   3  55   4  63   5  83   6  47   7  58   8  18   9   9  10  14  11  79  12  14  13  13  14  52  15  32  16  74  17  55  18  41  19  99 
  0  37   1  42   2  98   3   2   4  67   5  34   6  30   7  28   8   1   9  14  10  39  11  16  12  29  13  33  14  88  15  91  16  69  17  29  18  71  19  12 
  0   2   1  39   2  87   3  25   4  19   5  34   6  51   7  87   8  78   9  49  10   9  11  99  12  73  13  33  14  68  15  16  16  82  17   4  18  84  19  18 
  0  37   1  79   2  53   3  49   4   9   5  16   6  56   7  30   8  37   9  12  10  65  11  69  12  95  13   6  14  67  15  83  16  50  17   9  18  87  19  98 
  0  59   1  94   2  17   3  49   4  43   5  53   6  68   7  78   8  31   9  72  10  75  11  45  12  11  13  81  14  77  15  89  16  32  17  54  18  42  19  64 
  0  11   1  55   2  17   3  78   4  37   5  39   6  53   7  47   8  30   9  57  10   3  11  28  12  98  13  75  14  56  15   7  16  40  17  36  18  16  19  73 
  0  80   1   1   2  88   3  45   4  37   5  52   6  82   7  38   8   7   9  22  10  84  11  65  12  79  13  74  14  63  15  71  16  30  17   6  18  89  19  40 
  0  13   1  23   2  64   3  79   4  32   5  65   6   9   7  18   8  91   9   5  10  20  11  15  12  59  13  19  14  45  15  48  16  93  17  62  18  92  19  17 
  0  43   1  24   2  73   3  88   4  92   5  50   6  16   7  43   8  65   9  15  10  24  11  58  12  54  13   5  14   1  15  18  16  70  17  75  18  33  19  87 
  0  32   1  21   2  12   3  48   4  95   5  74   6  61   7  43   8  29   9  33  10  38  11   7  12  32  13   8  14  62  15  60  16  63  17  61  18  37  19  84 
  0   9   1  77   2  39   3   9   4  20   5  97   6   5   7  87   8  38   9  73  10  75  11  94  12   5  13  48  14  21  15   1  16  59  17  59  18  98  19  86 
  0  75   1  60   2  89   3  77   4  55   5   4   6  87   7  87   8  89   9  98  10  29  11  36  12  47  13  63  14  62  15   2  16  76  17  70  18  62  19  11 
  0  74   1  26   2  68   3  86   4  92   5   5   6  97   7   5   8   6   9  95  10  53  11  63  12  50  13  20  14  12  15  66  16  43  17   9  18  34  19  39 
  0  66   1  74   2  10   3  97   4  23   5  33   6   5   7  21   8  65   9  12  10   2  11  53  12  68  13  97  14  19  15  45  16  83  17  83  18  18  19  71 
  0  24   1  78   2  65   3  84   4  88   5  66   6  81   7   7   8   2   9  90  10  32  11  21  12   7  13  78  14  41  15  27  16  41  17  64  18  52  19  10 
  0  27   1  85   2  34   3   7   4  36   5   4   6  76   7  35   8  63   9  66  10  25  11  54  12   4  13  57  14  77  15  91  16   6  17  39  18  36  19  93 
  0  13   1  17   2  71   3   8   4  31   5   5   6  13   7  97   8  30   9  64  10  73  11   6  12  38  13  17  14  48  15  52  16  87  17  31  18  68  19  32 
  0  80   1  14   2  11   3  81   4  74   5  73   6  26   7  75   8  60   9  65  10   4  11  87  12  84  13  17  14   4  15  12  16  92  17   1  18  73  19  61 
  0   6   1  59   2  44   3  76   4  99   5  20   6  45   7  19   8  29   9  13  10  69  11  50  12  66  13  79  14  11  15   1  16  68  17  73  18  42  19  22 
  0  19   1  72   2  90   3  12   4  40   5  30   6  29   7  70   8  44   9  69  10  43  11  88  12  31  13  43  14  34  15  44  16  92  17  62  18  73  19  45 
  0  92   1  42   2  62   3   3   4  99   5  73   6  36   7   1   8  72   9  61  10   9  11  94  12  12  13  73  14  75  15   6  16  72  17  34  18  20  19  36 
  0  89   1  57   2  33   3   1   4  76   5  68   6   6   7  80   8  27   9  52  10  52  11  74  12  73  13  59  14  90  15  56  16  93  17  96  18  30  19  93 
  0  22   1  23   2  13   3  37   4  24   5   6   6  90   7  24   8  90   9  17  10   5  11  28  12   1  13  85  14  94  15  46  16  11  17  44  18  49  19  47 
  0  81   1  48   2  94   3   2   4  62   5  24   6  11   7  48   8  86   9  23  10  61  11  25  12  83  13  80  14  82  15  15  16  42  17  60  18  79  19   8 
  0  53   1  24   2  87   3  64   4  25   5  78   6  70   7  77   8  55   9  77  10   2  11  98  12  50  13  38  14  50  15  84  16  27  17  94  18  49  19  50 
  0  72   1  67   2  94   3   2   4  23   5  40   6  55   7  67   8  16   9  51  10  46  11  26  12  43  13  53  14  20  15  24  16  31  17  35  18  21  19  11 
  0  39   1   2   2  40   3   8   4  85   5  96   6  39   7   6   8  95   9  73  10   7  11  84  12  34  13  47  14  39  15  29  16  57  17  12  18   8  19  82 
  0  95   1  97   2  42   3  48   4  21   5  23   6  82   7  25   8  73   9  89  10  35  11  44  12  95  13  73  14  14  15  20  16  16  17  46  18   7  19  26 
  0  35   1  44   2  63   3  74   4  17   5  78   6  45   7  89   8  39   9   3  10  24  11  10  12  85  13   3  14   2  15  23  16  26  17  46  18  40  19  27 
  0  90   1  19   2  71   3  40   4  60   5  74   6  79   7  14   8  28   9  18  10  97  11  40  12  71  13  14  14  31  15  45  16  66  17  61  18  86  19  95 
  0  66   1  28   2  19   3  30   4  12   5  48   6   2   7  15   8  95   9  70  10  18  11   3  12  14  13  65  14   1  15  70  16  24  17   6  18  71  19  68 
  0  75   1  33   2  26   3  30   4  84   5  51   6  76   7  75   8  10   9  51  10  50  11  89  12  52  13  60  14  97  15  62  16  23  17  53  18  95  19  26 
  0  84   1  57   2  15   3  83   4  64   5  32   6  12   7  88   8  14   9  49  10  89  11  98  12  33  13  93  14  22  15   6  16  53  17  49  18  14  19  50 
  0  42   1   3   2  78   3  88   4  81   5  90   6  75   7  90   8  45   9  52  10  17  11  41  12   5  13   1  14   7  15  82  16  64  17  96  18  20  19  48 
  0  35   1  37   2   1   3  71   4  70   5  43   6  61   7  47   8  25   9  68  10  59  11  92  12   2  13  10  14  48  15  51  16  16  17  19  18   5  19  48 
  0  51   1  52   2  82   3  90   4  12   5  35   6  37   7  68   8  16   9  71  10   7  11  73  12   8  13  93  14  35  15  10  16  54  17  73  18  29  19  62 
  0  74   1  29   2   6   3  78   4  81   5  49   6  72   7  46   8  25   9  45  10  48  11  72  12  12  13   9  14   2  15  17  16  26  17  63  18  72  19  54 
  0   9   1  16   2  75   3  52   4  38   5  79   6  64   7  34   8  90   9  66  10  77  11  97  12  57  13   1  14  63  15  36  16   3  17  87  18  55  19  98 
  0   9   1  49   2  28   3  58   4  84   5   6   6  99   7   9   8  55   9  60  10  44  11  68  12  39  13  72  14  87  15  28  16  25  17  63  18  49  19  15 
  0  81   1  89   2  42   3  20   4  85   5  14   6  43   7  90   8  50   9  50  10  23  11  20  12  22  13   2  14  62  15  83  16  25  17  79  18  89  19  34 
  0  26   1  86   2  76   3  18   4  39   5   3   6  64   7  45   8   6   9  11  10  21  11  21  12  76  13  39  14  22  15   3  16  91  17   5  18  98  19  58 
  0  27   1  95   2  40   3  32   4  93   5  63   6   2   7   6   8  44   9  27  10  54  11  30  12  83  13   6  14  58  15  13  16  66  17  32  18  68  19  51 
  0  52   1  91   2  94   3  52   4   9   5  94   6  48   7  53   8   8   9  46  10  93  11   1  12  22  13  88  14  34  15  96  16  88  17  70  18  52  19  51 
  0  19   1  94   2  55   3  52   4  95   5  89   6   2   7  71   8  78   9  55  10  42  11  97  12  19  13  16  14  43  15  82  16  23  17  77  18  84  19  81 
  0  63   1  35   2   8   3   8   4  10   5  12   6  59   7  98   8  33   9  23  10  42  11  52  12  72  13  94  14  77  15  45  16   8  17  89  18  41  19  64 
  0  73   1  60   2  90   3  92   4  65   5  55   6  87   7   6   8  45   9  78  10   2  11  78  12  19  13  32  14  34  15  89  16   3  17  56  18  47  19  75 
  0  23   1  62   2  95   3  75   4  11   5  15   6  71   7  71   8  87   9  15  10  66  11  98  12  14  13  86  14  60  15  92  16  46  17  98  18  50  19  96 
  0  37   1  41   2  71   3  43   4  34   5  22   6  46   7  84   8  20   9  20  10   1  11  68  12  32  13  65  14  70  15  50  16  94  17  95  18  47  19  16 
  0  84   1  72   2  29   3   8   4  94   5  24   6  56   7  96   8  46   9   9  10  95  11  63  12  71  13  52  14  37  15   6  16  95  17  58  18   7  19  97 
  0   8   1  76   2  30   3  35   4  34   5  63   6  81   7  28   8  72   9  35  10  68  11  62  12  92  13  37  14  26  15  92  16  70  17  71  18  79  19  89 
  0  63   1   2   2  33   3   7   4  11   5  50   6  75   7  32   8  80   9  77  10  29  11  33  12  76  13  54  14  24  15  56  16  20  17  62  18  77  19  34 
  0   1   1  94   2  30   3  63   4  80   5  42   6   3   7   9   8  63   9  50  10  21  11  57  12   9  13  55  14  20  15  74  16  60  17  83  18  79  19  87 
  0  42   1  15   2  22   3  52   4  51   5  25   6  39   7  79   8  77   9  99  10  11  11  40  12  36  13  76  14  57  15  37  16   3  17  35  18  83  19  65 
  0  17   1  47   2  12   3  40   4   5   5  18   6   5   7   1   8  11   9   9  10  71  11  52  12  27  13  86  14  72  15  56  16  38  17  22  18  53  19  24 
  0  32   1  58   2  87   3  31   4   6   5  91   6  87   7  36   8  72   9  68  10  20  11  52  12  56  13  83  14  42  15  82  16  50  17  48  18  40  19   5 
  0  78   1  16   2  18   3  22   4  72   5  49   6  26   7  94   8  58   9  72  10  66  11  39  12  57  13  43  14  49  15  30  16  81  17  47  18  78  19  92 
  0   7   1  27   2  49   3  30   4  67   5  79   6  78   7  59   8   4   9   3  10  16  11  98  12  57  13  37  14  34  15  48  16  29  17  33  18  89  19   1 
  0  58   1  71   2  55   3  85   4  12   5  31   6  38   7  16   8  23   9  80  10  12  11  52  12  96  13  16  14  75  15  51  16  17  17  16  18  58  19  92 
  0  27   1  76   2  53   3  35   4  78   5  73   6  80   7  65   8  16   9  18  10  42  11  18  12  59  13  17  14  73  15  36  16  28  17  58  18  40  19  65 
  0  56   1  13   2  96   3  72   4  60   5  36   6  88   7  40   8  55   9  92  10  50  11  56  12   4  13  42  14  55  15  70  16  85  17  11  18  66  19  38 
  0  98   1  35   2  18   3  48   4  84   5   7   6  36   7  65   8  60   9  80  10  27  11  96  12  75  13  83  14  61  15  18  16  70  17  97  18  31  19  11 
  0  33   1  60   2  66   3  33   4   5   5  37   6  14   7  75   8  57   9  27  10   7  11  29  12  36  13  73  14  46  15  25  16  54  17   7  18  70  19  32 
  0  90   1  50   2  83   3  48   4  48   5  78   6  29   7  49   8  37   9  79  10  76  11  76  12  82  13  74  14  85  15  57  16  62  17  69  18  44  19  91 
  0  33   1  41   2  28   3  89   4  49   5  79   6   4   7  71   8  10   9  20  10  15  11  74  12   4  13  44  14  53  15  22  16   2  17  20  18  66  19  59 
  0  99   1  83   2  31   3  77   4  32   5  54   6  12   7  41   8   1   9  71  10  52  11  74  12  94  13  79  14  83  15  58  16   5  17  94  18  89  19  30 
  0  47   1  64   2  21   3  61   4  55   5   3   6  49   7  15   8  30   9  56  10  62  11  96  12  81  13  79  14  92  15  21  16  70  17  30  18  46  19  84 
  0  38   1  46   2   6   3  69   4   6   5  69   6  76   7  69   8  26   9  20  10  13  11  58  12  77  13  49  14  25  15  84  16   4  17  81  18  58  19  73 
  0  17   1  93   2  85   3  35   4  17   5  34   6  52   7  55   8  22   9  49  10  77  11  91  12  19  13  59  14  82  15  72  16  41  17   6  18  19  19  89 
  0  62   1  27   2  51   3  64   4  93   5  33   6  88   7  54   8  33   9  62  10  83  11  28  12  52  13  45  14  21  15  39  16  81  17  92  18  49  19  26 
  0  49   1  23   2  37   3   8   4  50   5  39   6  77   7  57   8   7   9  58  10  48  11  11  12  35  13  13  14  98  15  96  16  34  17  25  18  85  19  44 
  0  40   1  99   2  73   3  72   4  54   5  24   6  77   7  24   8   1   9  31  10  37  11  19  12  46  13  59  14  96  15  83  16  86  17  52  18  52  19  54 
  0  65   1  23   2  51   3  52   4   7   5  82   6  26   7  63   8  35   9  93  10  20  11  15  12  72  13  45  14  87  15   1  16  26  17  55  18  16  19  43 
  0  62   1  62   2  33   3  68   4  36   5  77   6  59   7  10   8  96   9  49  10  78  11  85  12  24  13  23  14  56  15  35  16  60  17  23  18  41  19  35 
  0  56   1   9   2  77   3  96   4  47   5  14   6  38   7  99   8  83   9  29  10  91  11   6  12   6  13  25  14  83  15  95  16  82  17  56  18  26  19  29 
  0  13   1   6   2  17   3   8   4  20   5  34   6  32   7  10   8  56   9  58  10  82  11  94  12  13  13  99  14  17  15  93  16  53  17  18  18  47  19   9 
  0  90   1  39   2  91   3  34   4  41   5  93   6  66   7  80   8  68   9  34  10  13  11  65  12   1  13   2  14  19  15  96  16  86  17  22  18  45  19  27 
  0  53   1  92   2  75   3  29   4  58   5  39   6  39   7  31   8  25   9   5  10   2  11  21  12  24  13  50  14  18  15  65  16  51  17  51  18  10  19  99 
  0  82   1  48   2  56   3   2   4  15   5  73   6   7   7  46   8  55   9  11  10  70  11  33  12   2  13  27  14  63  15  52  16   6  17   6  18  86  19  42 
  0  43   1  79   2  87   3  15   4  52   5  59   6  12   7  47   8  97   9  13  10  85  11  34  12  29  13  78  14  64  15  63  16  20  17  20  18  11  19  23 
  0  72   1  31   2  88   3  79   4  51   5  74   6  70   7  70   8   9   9  29  10   5  11  53  12  95  13  94  14  44  15  54  16  16  17  58  18  78  19   7 
  0   9   1  60   2  18   3  15   4   1   5  14   6  88   7  63   8   5   9  93  10  83  11  85  12  40  13  87  14  45  15  80  16  37  17  27  18  35  19  67 
  0  19   1  44   2  62   3  49   4  91   5   8   6  18   7  47   8  31   9  94  10  68  11  35  12  33  13  17  14  80  15  45  16  75  17  96  18   8  19  67 
  0  53   1  83   2  21   3  68   4  41   5  37   6  31   7  97   8  74   9  97  10  18  11  88  12  74  13  21  14  52  15  61  16  65  17  73  18  57  19   3 
  0  76   1  52   2  19   3  51   4  63   5  80   6  33   7  68   8  99   9  40  10  77  11   9  12  37  13  48  14  50  15  41  16  46  17  18  18  17  19   5 
  0  12   1  97   2  48   3  78   4  59   5   8   6   2   7  23   8  98   9   3  10  45  11  21  12  95  13  39  14  70  15  80  16  35  17  78  18  24  19  17 
  0   1   1  78   2  99   3  65   4  80   5  91   6  84   7  88   8  93   9  77  10  47  11  96  12  79  13  63  14  98  15  36  16   5  17  88  18  76  19  41 
  0  95   1   3   2  30   3  83   4  53   5  25   6  90   7  93   8  22   9  53  10  30  11   1  12  59  13  62  14  96  15  59  16  56  17  92  18  78  19  62 
  0  10   1  81   2  37   3  12   4  89   5  57   6  67   7  63   8  61   9  74  10  62  11  61  12  34  13  34  14  96  15  96  16  11  17  15  18   3  19  35 
  0  60   1  87   2  65   3   2   4  62   5  74   6  14   7  80   8  45   9  83  10  53  11   6  12  14  13  93  14  26  15  85  16  42  17  73  18  93  19  45 
  0  94   1  67   2  99   3  99   4   4   5  84   6  23   7  42   8  21   9  40  10   6  11  79  12  97  13  62  14  98  15  26  16  34  17  32  18  35  19  32 
  0  24   1  25   2  59   3  50   4  52   5  63   6  26   7  89   8  99   9  71  10  94  11  83  12  33  13  87  14  62  15  20  16  54  17  44  18  99  19  68 
  0  40   1  24   2  34   3  56   4  43   5  89   6  13   7  39   8  24   9  85  10  22  11  62  12   2  13  94  14   1  15  34  16  22  17  51  18  64  19  68 
  0  61   1  37   2  46   3  49   4  85   5  48   6  64   7  84   8  59   9  87  10  40  11  32  12  65  13   7  14  56  15  82  16  97  17  63  18  51  19  36 
  0  22   1  71   2  44   3  86   4  97   5  99   6  92   7  40   8  14   9  10  10  57  11  65  12  33  13  24  14  85  15  37  16  74  17  60  18  55  19  12 
  0  72   1  88   2  54   3  91   4  88   5  49   6  45   7  36   8  98   9  83  10  67  11  79  12  77  13  22  14  69  15  72  16  91  17   6  18  97  19  22 
  0   7   1  59   2  41   3  63   4  12   5  51   6  57   7  61   8  88   9  80  10  75  11  35  12  83  13   1  14  55  15  75  16  66  17  85  18  92  19   4 
  0  43   1  16   2  52   3  77   4  41   5  64   6  65   7  34   8  52   9  49  10  17  11  39  12  28  13  51  14  39  15  22  16   2  17  80  18  82  19  52 
  0  19   1  17   2  65   3  27   4  87   5   1   6  13   7  53   8  20   9  81  10  49  11  30  12   2  13  66  14  79  15  15  16  85  17  41  18  86  19  40 
  0  46   1  92   2  65   3  51   4  76   5  88   6  33   7  55   8  24   9   5  10  15  11  89  12  69  13  90  14  15  15  48  16  58  17  67  18  62  19  79 
  0  61   1  89   2  90   3  27   4  53   5  69   6  64   7  39   8  54   9   6  10  42  11  93  12  53  13  76  14  58  15  64  16  79  17  31  18  51  19   6 
  0  64   1  71   2  58   3  31   4  69   5  11   6  21   7  68   8  90   9  73  10  11  11   8  12  58  13  61  14  88  15  94  16  57  17  60  18  37  19  55 
  0  52   1  12   2   6   3  48   4  69   5  59   6  19   7  45   8  59   9  75  10  65  11  79  12  79  13  39  14  56  15  38  16  36  17  36  18  72  19  72 
  0  98   1  38   2  81   3  87   4  76   5  32   6  17   7  36   8  71   9  61  10  77  11   1  12  31  13  63  14  93  15   9  16  86  17  57  18  74  19  52 
  0  39   1  48   2  67   3  53   4  38   5  47   6  99   7  55   8  98   9  34  10  17  11  79  12  96  13  33  14   5  15  94  16  84  17  14  18  83  19  95 
  0   2   1  57   2  57   3  60   4  32   5  29   6  73   7  89   8  10   9  55  10  51  11  84  12  37  13  92  14  90  15  75  16  77  17  84  18  17  19  90 
  0  46   1  29   2   7   3  39   4  25   5   7   6  79   7  39   8  75   9  35  10  97  11  89  12  71  13  43  14  88  15  28  16  70  17  50  18  61  19  93 
  0  55   1  18   2  39   3  27   4  30   5  32   6  77   7  32   8  48   9  90  10  31  11  81  12  31  13  60  14  69  15  77  16  69  17  41  18  87  19  42 
  0  22   1   1   2  81   3  62   4  53   5  18   6  30   7  90   8  23   9  89  10  85  11  54  12  31  13  42  14  33  15  35  16  97  17  93  18  52  19  81 
  0  21   1  87   2  84   3  17   4   7   5  84   6  64   7  92   8  84   9  94  10  55  11  19  12  32  13  19  14  45  15  11  16  72  17  33  18  98  19  13 
  0  47   1   3   2  52   3  75   4  85   5  23   6  70   7   6   8   6   9  25  10  92  11  60  12  35  13  34  14  89  15  74  16  50  17  31  18  92  19  13 
  0  67   1  57   2  46   3  57   4   2   5   6   6  17   7  79   8  26   9   9  10  17  11  31  12  11  13   6  14  98  15  13  16  99  17  65  18  66  19  32 
  0  89   1  50   2  13   3   7   4  72   5   4   6  62   7  18   8  70   9  57  10  20  11   9  12  97  13  78  14  73  15  31  16  71  17  89  18  18  19  90 
  0  60   1  88   2  15   3  74   4  34   5  66   6  35   7  87   8  77   9  95  10  37  11  20  12  12  13  67  14  40  15  72  16  64  17  22  18  14  19  75 
  0  31   1  15   2  61   3  25   4  35   5  37   6  22   7  22   8  54   9  58  10  88  11  67  12  49  13  67  14  31  15  84  16  76  17  52  18  49  19   5 
  0  61   1  94   2  42   3  68   4  84   5  92   6  55   7   9   8  43   9  58  10  28  11  24  12  64  13  30  14   9  15  10  16  50  17   8  18  42  19  26 
  0  26   1  58   2  13   3  83   4  76   5  45   6   1   7   2   8  46   9  47  10  11  11   3  12  34  13  18  14  37  15  77  16  71  17  57  18  95  19  22 
  0  31   1  56   2  97   3  34   4  80   5  94   6  16   7  89   8  36   9   4  10   6  11  61  12  68  13  11  14  32  15  89  16  84  17  96  18  58  19  33 
  0  24   1  46   2  79   3  59   4  60   5  31   6  83   7  53   8   8   9  94  10  71  11  27  12  36  13  84  14  75  15  35  16  19  17  51  18  41  19  36 
  0  91   1  91   2  54   3  87   4  66   5   2   6  55   7  46   8  14   9  94  10  54  11  20  12   4  13  69  14  19  15  12  16   1  17  34  18  74  19   3 
  0  92   1  85   2  13   3  84   4  98   5  38   6  59   7  79   8  69   9  40  10  25  11  69  12  93  13  32  14   2  15  89  16  51  17  87  18  82  19  23 
  0  87   1  89   2  81   3  62   4  14   5  80   6  83   7  77   8  31   9  31  10  65  11  42  12   9  13  39  14  91  15  10  16  38  17  65  18  33  19  27 
  0  68   1  29   2  30   3  53   4   7   5  41   6  49   7  19   8  49   9  11  10  73  11  55  12  25  13  88  14  56  15  86  16  69  17  50  18  44  19  14 
  0  98   1   5   2  35   3  18   4  88   5  44   6  64   7  63   8  32   9  87  10  59  11  14  12  27  13  85  14  43  15  57  16  77  17   8  18  78  19  69 
  0  58   1  42   2  41   3  80   4  52   5  80   6   3   7  94   8  96   9  13  10  21  11  73  12  82  13  27  14  60  15  32  16  21  17   3  18  27  19  90 
  0  12   1  40   2  73   3  78   4  64   5  60   6  90   7  34   8  42   9   7  10  68  11  36  12  29  13  65  14  42  15  60  16  33  17  14  18  61  19  43 
  0  37   1   2   2  32   3   7   4  48   5  11   6  24   7  65   8  32   9  23  10  64  11  82  12  90  13  83  14  34  15  82  16  20  17  65  18   5  19  65 
  0  64   1  68   2   2   3  74   4  77   5  79   6  81   7  84   8  17   9  32  10  58  11  93  12  51  13  41  14  98  15  63  16  90  17   9  18  69  19  52 
  0  43   1  77   2   4   3  18   4  97   5  98   6  88   7  28   8  70   9  93  10  42  11   2  12  40  13  56  14  93  15  54  16   3  17  49  18  96  19  95 
  0  60   1  84   2   1   3  41   4  53   5   3   6  84   7  71   8  28   9  90  10  30  11  62  12  48  13  37  14  84  15  76  16  92  17  53  18   6  19  31 
  0  88   1  61   2  41   3  75   4  46   5   7   6  35   7  30   8  14   9   1  10  94  11  26  12  36  13  86  14  77  15  83  16  21  17  17  18  22  19  12 
  0  22   1  73   2  32   3  19   4  43   5   9   6   5   7  31   8  43   9  20  10  19  11  57  12  17  13  78  14  77  15  53  16  85  17  63  18  53  19  90 
  0  97   1   6   2  71   3  45   4  94   5  19   6   2   7  32   8  89   9  92  10  73  11  60  12  76  13  65  14  39  15  36  16  29  17  14  18  33  19  24 
  0  77   1  32   2  87   3   2   4  83   5  11   6  30   7  93   8  70   9  51  10  56  11  78  12  59  13  88  14  19  15  51  16  54  17   5  18  73  19  69 
  0  81   1  20   2  57   3  19   4  43   5  62   6   4   7  20   8  75   9  83  10  21  11  25  12  96  13  72  14  17  15  66  16  42  17   6  18  93  19  18 
  0  90   1  36   2   7   3  15   4  99   5  27   6  91   7  72   8  96   9   1  10  94  11  18  12  87  13  25  14  65  15  58  16  79  17  59  18  83  19  92 
  0  96   1  56   2  15   3  20   4  20   5  30   6  96   7  32   8  37   9   2  10  96  11  72  12  80  13   4  14  11  15   1  16  51  17  29  18   1  19   4 
  0  29   1  56   2  35   3  80   4  65   5  91   6  23   7  87   8  42   9  44  10  49  11  51  12  78  13  87  14  90  15  88  16  41  17  26  18  58  19  88 
  0  60   1  98   2  86   3  26   4  44   5  12   6  79   7  13   8  91   9  38  10  75  11  47  12  84  13  96  14  56  15  17  16  32  17  29  18  44  19  42 
  0  47   1  67   2  99   3  25   4  51   5  12   6  21   7  85   8   1   9  40  10  62  11  69  12  16  13  63  14  41  15   5  16  45  17  57  18  27  19  24 
  0  85   1  28   2  96   3  65   4  27   5  41   6   5   7  61   8  29   9  70  10  92  11  40  12  56  13  46  14  89  15  32  16  52  17  28  18  72  19   5 
  0   3   1   1   2  31   3  75   4  61   5  96   6   8   7  48   8  64   9  32  10  93  11  86  12  87  13  74  14  71  15  37  16  89  17  87  18  83  19  78 
  0  15   1  37   2  40   3  33   4  54   5   8   6  63   7  28   8  97   9  57  10  24  11  67  12  30  13  19  14  46  15  12  16  30  17  10  18  24  19  14 
  0  82   1  47   2  83   3  36   4  78   5  95   6  58   7  71   8  42   9  40  10  92  11  79  12  72  13  28  14  12  15  56  16  99  17  41  18  44  19  92 
  0  72   1  30   2  55   3  68   4  43   5   6   6  75   7  88   8  38   9  28  10  57  11  93  12  31  13  49  14  95  15  82  16  95  17  78  18   7  19  76 
  0  92   1  55   2  60   3  11   4  85   5  16   6  54   7   6   8  45   9  34  10  56  11  71  12  10  13  52  14  72  15  38  16  48  17  34  18  31  19  71 
  0  61   1  41   2  56   3  66   4  37   5  45   6   3   7  95   8  50   9  82  10  13  11  67  12  16  13  98  14  22  15  15  16  17  17  65  18  87  19  31 
  0  47   1  21   2  31   3  13   4  80   5  48   6  66   7   5   8   4   9  93  10  90  11  30  12  61  13  62  14  68  15  48  16  69  17  17  18  80  19  76 
  0  76   1  41   2  54   3  91   4  89   5   4   6  98   7  49   8   4   9  87  10  73  11   6  12  98  13  24  14   7  15   8  16  35  17  13  18  86  19   2 
  0  92   1  88   2  34   3  92   4  88   5  99   6  11   7   7   8  56   9   4  10  84  11  16  12  17  13  88  14  75  15  21  16  57  17  10  18  63  19  18 
  0  28   1   5   2  19   3  86   4  33   5   4   6  11   7  26   8  15   9  49  10  56  11  91  12  94  13  68  14  95  15  59  16   5  17  56  18  27  19  97 
  0  80   1  71   2  89   3  16   4  14   5  76   6  53   7  36   8  23   9  63  10  53  11  73  12  62  13   9  14  96  15  62  16  95  17  69  18  78  19  36 
  0  56   1  49   2  76   3  14   4  38   5  69   6  41   7  12   8  83   9  36  10  90  11   7  12  69  13  44  14  59  15  33  16  14  17  69  18  76  19  79 
  0  63   1   5   2  77   3  24   4  81   5  87   6  58   7  93   8  95   9  91  10  21  11  98  12  31  13  19  14  10  15  65  16  59  17  39  18  50  19  98 
  0  46   1  22   2  68   3  64   4  78   5  54   6  90   7  79   8  17   9  31  10  32  11  23  12  71  13  50  14  74  15  34  16  10  17  88  18  24  19  86 
  0  75   1  93   2  77   3  19   4  17   5  73   6  54   7  90   8  22   9  29  10   6  11  60  12  95  13   1  14   7  15  43  16  80  17  68  18  92  19  50 
  0  78   1  30   2  58   3  16   4  66   5  99   6  12   7  71   8  60   9  63  10  59  11  29  12   2  13  47  14  93  15  44  16  24  17  12  18  72  19  43 
  0  57   1  23   2  41   3  61   4  77   5   1   6  23   7  68   8  96   9  63  10  53  11  65  12  86  13   5  14  47  15  82  16  18  17  66  18  18  19  31 
  0  57   1  93   2  33   3  15   4  69   5  70   6  61   7  58   8  43   9   2  10  59  11  37  12  31  13  80  14  72  15  90  16  76  17  26  18  80  19  66 
  0  93   1   2   2  63   3  23   4  34   5  98   6  56   7  81   8  17   9  58  10  95  11  58  12  28  13  89  14   3  15  21  16  10  17  70  18  68  19  26 
  0  37   1  38   2  41   3  69   4  83   5  98   6  66   7  63   8  33   9  85  10  13  11  28  12  56  13  86  14  21  15  59  16  32  17  81  18  86  19  31 
  0  78   1   2   2  45   3  67   4  22   5  49   6   5   7  60   8  83   9  62  10  68  11   4  12   4  13  89  14   6  15  33  16   8  17  76  18  90  19  74 
  0  16   1  99   2  61   3  27   4  99   5  67   6  82   7  21   8  81   9  59  10   7  11  74  12  15  13  39  14  67  15  33  16  77  17  28  18  24  19  42 
  0  28   1  44   2  26   3  92   4  33   5  52   6  51   7   5   8  88   9  82  10  72  11  52  12  90  13  88  14  33  15  59  16  76  17  76  18  30  19  36 
  0  82   1  51   2  25   3  69   4  34   5  19   6  64   7  35   8  55   9   3  10  55  11  58  12  77  13   6  14  32  15  39  16  94  17  42  18  70  19  10 
  0  14   1  13   2  35   3  14   4  99   5  52   6  65   7  90   8  85   9  60  10  54  11  38  12  64  13  63  14  57  15  43  16  25  17  17  18  28  19  23 
  0  14   1  26   2  67   3  39   4  66   5  20   6  10   7  80   8  26   9  37  10  21  11  48  12  21  13  41  14  26  15  31  16  39  17  33  18  94  19  88 
  0   2   1  31   2  99   3  22   4  31   5  93   6  28   7  12   8  58   9  68  10  60  11  68  12  88  13  95  14  98  15  59  16   1  17  25  18  49  19  56 
  0  76   1  55   2  90   3  35   4  35   5  19   6  35   7  75   8  46   9  43  10  61  11  46  12  17  13  21  14  64  15  52  16  49  17   7  18  40  19  81 
  0  50   1  87   2  94   3   4   4  94   5   3   6  99   7  67   8  53   9  76  10  54  11  22  12  11  13  42  14  44  15  44  16  56  17  25  18   9  19  39 
  0  52   1  44   2  11   3  36   4  90   5   7   6  29   7   6   8  12   9  67  10  65  11  79  12  20  13  63  14  71  15  62  16  97  17  25  18  96  19  80 
  0  87   1  49   2  59   3  30   4  14   5  25   6  73   7  19   8   8   9  34  10  60  11  31  12   6  13  33  14  56  15  52  16  88  17  39  18  70  19   4 
  0  45   1  15   2  28   3  12   4  71   5  90   6  37   7   2   8  11   9  63  10  59  11  42  12  34  13  73  14  99  15  50  16  75  17  59  18  86  19  89 
  0  76   1   9   2  93   3  44   4  66   5  80   6  12   7  85   8  55   9  18  10  73  11   5  12  73  13  27  14  40  15  19  16  50  17  58  18  70  19  84 
  0  15   1  72   2  17   3  96   4   7   5  44   6  56   7  69   8  56   9   1  10  59  11  93  12  11  13  60  14  36  15  19  16  89  17  77  18  18  19  55 
  0  51   1  89   2  22   3  99   4  47   5  49   6  93   7  53   8  93   9  97  10  27  11  32  12  22  13  32  14  64  15   4  16  33  17  36  18  61  19  29 
  0  89   1  65   2  67   3  73   4  37   5  98   6  96   7  33   8  36   9  93  10  35  11  42  12  90  13  32  14  39  15  73  16  78  17  60  18  69  19  88 
  0  49   1  31   2  27   3  89   4  10   5  58   6  58   7  26   8  63   9  96  10  25  11  49  12   7  13  81  14  65  15  42  16  48  17  25  18  75  19  59 
  0  74   1  56   2  15   3   9   4  60   5  82   6  83   7  47   8  32   9  43  10  96  11  13  12  66  13   5  14  96  15  96  16   1  17   2  18  32  19  76 
  0  72   1  29   2  22   3  68   4  42   5  58   6  71   7  70   8  55   9  49  10  12  11   3  12  12  13  51  14  53  15  93  16  31  17  50  18  53  19  49 
  0  70   1  82   2  69   3  21   4  85   5  89   6  40   7  56   8  32   9  46  10  58  11  96  12  17  13  70  14  47  15  32  16  20  17  85  18  55  19  82 
  0  86   1  93   2  14   3  25   4  35   5  87   6  79   7  68   8  83   9  63  10  35  11  44  12  93  13   6  14  22  15  75  16  13  17  54  18  28  19   6 
  0  60   1  58   2  84   3  49   4  62   5  83   6  83   7  72   8  28   9  68  10  59  11  49  12  70  13  35  14  30  15  66  16  59  17  98  18  19  19  76 
  0  72   1  84   2  67   3  40   4  22   5  16   6  28   7  32   8   4   9  58  10   4  11   7  12  57  13  47  14  39  15  27  16  70  17  50  18  21  19  92 
  0  21   1  79   2  42   3  73   4  73   5  78   6  82   7  34   8  58   9   2  10  10  11  82  12  86  13  25  14  27  15  30  16  19  17  99  18  58  19  42 
  0  15   1  12   2  17   3  27   4  21   5   7   6  72   7  27   8  92   9  97  10  61  11  81  12  26  13  53  14  76  15   4  16  33  17  63  18  72  19   7 
  0  37   1  95   2  36   3  93   4   5   5  17   6  35   7  53   8  89   9  93  10  67  11  25  12  30  13   3  14  27  15  13  16  49  17  29  18  45  19  42 
  0  34   1  30   2  95   3   3   4  41   5  87   6  57   7  54   8  54   9  95  10  44  11  36  12  74  13  29  14  69  15  88  16  47  17  46  18  83  19  78 
  0   3   1  57   2  73   3  85   4  93   5  16   6  28   7   2   8  10   9  53  10  61  11  32  12  87  13  66  14  58  15  20  16  88  17  52  18  45  19  25 
  0  38   1  14   2  99   3  34   4  42   5  44   6   9   7  50   8  65   9  52  10  67  11  92  12  44  13  26  14  60  15  17  16  97  17  38  18  38  19  60 
  0  75   1  76   2   9   3  56   4  21   5  60   6  72   7  64   8  51   9  70  10   3  11  76  12  91  13  75  14  94  15  27  16  17  17   1  18  46  19  77 
  0  68   1  89   2  33   3  52   4   2   5  42   6  80   7  35   8  29   9  89  10  31  11  95  12  32  13   8  14  93  15  49  16  19  17  88  18  41  19  95 
  0  92   1  19   2  53   3  67   4   1   5  96   6  95   7  99   8  80   9  98  10  49  11  82  12  51  13   7  14  64  15  43  16  29  17  84  18  75  19  85 
  0  32   1  77   2  57   3  25   4  80   5  63   6  15   7  83   8  95   9  62  10  76  11  48  12  41  13   9  14  90  15  19  16  87  17   1  18   6  19  70 
  0  50   1  50   2  99   3  90   4  54   5  85   6  90   7  14   8  76   9  96  10  82  11  74  12  19  13  78  14  16  15  68  16  38  17   7  18  24  19  53 
  0  76   1  84   2  74   3  17   4  57   5  72   6  29   7  21   8  85   9  15  10  89  11  87  12  55  13  26  14  56  15   7  16  91  17  12  18  95  19  68 
  0  50   1  51   2  54   3  33   4  35   5  29   6  12   7  62   8  45   9   8  10  89  11  99  12  64  13   7  14   7  15  79  16  31  17  29  18  36  19  56 
  0  75   1  56   2  95   3  45   4  46   5  42   6  64   7  10   8  28   9  97  10   3  11  85  12  47  13  35  14  53  15  44  16  51  17  48  18  19  19  43 
  0  53   1  24   2  62   3  29   4  61   5  61   6  34   7  30   8  90   9  77  10   5  11  24  12  35  13  27  14  60  15  75  16  78  17  89  18  34  19   6 
  0  33   1  66   2  50   3  79   4  38   5  93   6  55   7  23   8  62   9  19  10  84  11  90  12  22  13   4  14  94  15  91  16   7  17   9  18  96  19  90 
  0  62   1  46   2  33   3  92   4  84   5  68   6  43   7  95   8  82   9  49  10  72  11  17  12  57  13  48  14  82  15  43  16  54  17  95  18  17  19  44 
  0  69   1  18   2  44   3  26   4  25   5  80   6  47   7  76   8  77   9   3  10  55  11  15  12  23  13  38  14  55  15   9  16  13  17  35  18  45  19   7 
  0  59   1  30   2   6   3  24   4  47   5  13   6  65   7  74   8  15   9   7  10  24  11  66  12  18  13  12  14  15  15  69  16  98  17  83  18  52  19  36 
  0   1   1  83   2  58   3  50   4  73   5  99   6  60   7  70   8  50   9  98  10  32  11  97  12  35  13  51  14   9  15  46  16  60  17  42  18  47  19  10 
  0  19   1  88   2  44   3  96   4  58   5  96   6  65   7  68   8  10   9   2  10  89  11  73  12  70  13  97  14   4  15  88  16  37  17  60  18  71  19  19 
  0  29   1  91   2  55   3   3   4  58   5   8   6  87   7  34   8  54   9  96  10   7  11   3  12   7  13  50  14  23  15  10  16  69  17  19  18  96  19  19 
  0   6   1   7   2  41   3  45   4  31   5   3   6  19   7  56   8  91   9  99  10  83  11  61  12  62  13  13  14  94  15  96  16  10  17  40  18  50  19  53 
  0  67   1  43   2  54   3  21   4  31   5  78   6  35   7  41   8  49   9  77  10  87  11  23  12  70  13  78  14  65  15  50  16  10  17  91  18  71  19  68 
  0   1   1  12   2  40   3  47   4  95   5   4   6  79   7  59   8  47   9  96  10   9  11  12  12  50  13  31  14  24  15  56  16  61  17  51  18  46  19   3 
  0  14   1  58   2  53   3  31   4  89   5  97   6  66   7  56   8  54   9  20  10  26  11  13  12   5  13  76  14   7  15  83  16  57  17  21  18  76  19  83 
  0   8   1  21   2  49   3  47   4  75   5  11   6  38   7  73   8  38   9  84  10  53  11   5  12  44  13  55  14  57  15  11  16  45  17  23  18  48  19   5 
  0  98   1  38   2   4   3  59   4   4   5  60   6  24   7  33   8  38   9  92  10  63  11  63  12  14  13  67  14  17  15  74  16  43  17   2  18  19  19  90 
  0  10   1   1   2  11   3  75   4  65   5  65   6  40   7  64   8  20   9  39  10  50  11  73  12  66  13  20  14  37  15  53  16  68  17  64  18  59  19  78 
  0  28   1  80   2  71   3  76   4  49   5   1   6  54   7  79   8  27   9  94  10  92  11  99  12  23  13  51  14   5  15  54  16  38  17  47  18  20  19  12 
  0  77   1  90   2  86   3  50   4  79   5  21   6  54   7  30   8  65   9  18  10  27  11  44  12   8  13  88  14  33  15  37  16  36  17  69  18  87  19   8 
  0  69   1  63   2  64   3  33   4   3   5  92   6  40   7  68   8  22   9  86  10   3  11  80  12  51  13   1  14  33  15  61  16  61  17  20  18  82  19   7 
  0  65   1  37   2  73   3  71   4  78   5  67   6  16   7  95   8  95   9  63  10  11  11  33  12  81  13  61  14   4  15  88  16  25  17  38  18  49  19   5 
  0  59   1  53   2  13   3  64   4  88   5  19   6  46   7  35   8  64   9  53  10   9  11  94  12  23  13  30  14  85  15  36  16  92  17  71  18  41  19  47 
  0  19   1   2   2  79   3  50   4  88   5   5   6  84   7  27   8  94   9  30  10  24  11  60  12  85  13   5  14  74  15  96  16  97  17  29  18  42  19   4 
  0  15   1  35   2  20   3  13   4  68   5  76   6  93   7  57   8  21   9  70  10   9  11  64  12  37  13  16  14  50  15  14  16  72  17  91  18  85  19  65 
  0  62   1  21   2  79   3  31   4  93   5  92   6  27   7  55   8  82   9  88  10  90  11  14  12  80  13  21  14  24  15  43  16  97  17  55  18  39  19  38 
  0  51   1   2   2  95   3  60   4  95   5  88   6  96   7  11   8  47   9  38  10  13  11   8  12  60  13  35  14  68  15  81  16  47  17  79  18  80  19  60 
  0  25   1   3   2  23   3  64   4  85   5  68   6  83   7  83   8  22   9  45  10  73  11  26  12  61  13  37  14  55  15  44  16  42  17  22  18   4  19  90 
  0  37   1  13   2  59   3  81   4  21   5   7   6  72   7  49   8   4   9  17  10  98  11  27  12  42  13  50  14  61  15  87  16  63  17  72  18  62  19  46 
  0  48   1  21   2  57   3  64   4  73   5  99   6  49   7   1   8  64   9  82  10  60  11  53  12  78  13  14  14  75  15  99  16  23  17  29  18  51  19  53 
  0   1   1  92   2  45   3   6   4  92   5  80   6  52   7   1   8  88   9  41  10  89  11  96  12  79  13  61  14   4  15   3  16  30  17  59  18  61  19  11 
  0  86   1  76   2  99   3  32   4  44   5  25   6  66   7  83   8  74   9  94  10  54  11  54  12  21  13  96  14  72  15  56  16  30  17  16  18  36  19  36 
  0  17   1  91   2  66   3  71   4  20   5  94   6   2   7  62   8  53   9  34  10  69  11  89  12  40  13  41  14  83  15  26  16  24  17  80  18  60  19  47 
  0  73   1  60   2  86   3  53   4  84   5  22   6  30   7  79   8  24   9  17  10  78  11  27  12  33  13  23  14  90  15  21  16  19  17  29  18  75  19  17 
  0  73   1  24   2  81   3  50   4  36   5  72   6  89   7  24   8  67   9  14  10  27  11  43  12  61  13  53  14  37  15  89  16  65  17  70  18  36  19  68 
  0  66   1  22   2  21   3  69   4  49   5  82   6  12   7  87   8  23   9  58  10  70  11  60  12  10  13  61  14  85  15  47  16  93  17  29  18  91  19  40 
  0  84   1  51   2  29   3  55   4  66   5  78   6  86   7  56   8  49   9  38  10  40  11  24  12  83  13  19  14  85  15  52  16   4  17  57  18   4  19  76 
  0  67   1  25   2  25   3   7   4  68   5  81   6  37   7  93   8  85   9  46  10  58  11  84  12  57  13   3  14  49  15  99  16  51  17  36  18  33  19  10 
  0  44   1   2   2  77   3   3   4  80   5  26   6  29   7  71   8   1   9  12  10  83  11  41  12  16  13  23  14  16  15  34  16  92  17  12  18  16  19   3 
  0  15   1  87   2  96   3  84   4   6   5  94   6  16   7  81   8   9   9  22  10  94  11  49  12  97  13  90  14  45  15  57  16  64  17  64  18  63  19  95 
  0  45   1  13   2  28   3  81   4  61   5  48   6  13   7  37   8  91   9  58  10  59  11  83  12  65  13  90  14  19  15  79  16  19  17  58  18  50  19  84 
  0  54   1  29   2   3   3  74   4  76   5  11   6   4   7  49   8  10   9  10  10  16  11  84  12  17  13  58  14  27  15  25  16  99  17  85  18   6  19  49 
  0  42   1  98   2  84   3  47   4  48   5  34   6  89   7  23   8  36   9  39  10  97  11  12  12  93  13  24  14  45  15  80  16   5  17  90  18   8  19  18 
  0  42   1  16   2  47   3  73   4  70   5  68   6  87   7  34   8  77   9  17  10  25  11  54  12   6  13   6  14  31  15  12  16  36  17  71  18  14  19  70 
  0  39   1  46   2  16   3  71   4  97   5  82   6  22   7  59   8  18   9   1  10  45  11  66  12  76  13  20  14  15  15  19  16  56  17  80  18  95  19  86 
  0   3   1  51   2   4   3  43   4  13   5  95   6  36   7  82   8  26   9  34  10  79  11  74  12  44  13  87  14  14  15   4  16  72  17  37  18  30  19   1 
  0  58   1  62   2   4   3  35   4  77   5   3   6  82   7   9   8  77   9  29  10  83  11  84  12  39  13  98  14  59  15  78  16  64  17  28  18  27  19  54 
  0  20   1  92   2  26   3  36   4  77   5  90   6  40   7  57   8  70   9  99  10  81  11  83  12  10  13  64  14  35  15  31  16  89  17  79  18  39  19  65 
  0  86   1  57   2  36   3  53   4  36   5  19   6  17   7  74   8  51   9  81  10   5  11  83  12  94  13  38  14  46  15  79  16  64  17  53  18  78  19  40 
  0  44   1  72   2  88   3  85   4   2   5  69   6  98   7  54   8  49   9  96  10  59  11  99  12   7  13  58  14  79  15  13  16  44  17  42  18   3  19  94 
  0  94   1  34   2  59   3  29   4  12   5  69   6  66   7  78   8  73   9  79  10  26  11  73  12  95  13  25  14  63  15   9  16  59  17  44  18  65  19  71 
  0  93   1  22   2  80   3  54   4  15   5   9   6  30   7  39   8  61   9  54  10   3  11  34  12  74  13  53  14  97  15   8  16  67  17  59  18  10  19  80 
  0  96   1  60   2  23   3  66   4  81   5  27   6   1   7   4   8  55   9  25  10  58  11  95  12  89  13  62  14  42  15  75  16  17  17  11  18  66  19  99 
  0  20   1  97   2  52   3  72   4  61   5  39   6  93   7   8   8  86   9  60  10  91  11  35  12  84  13  23  14  67  15  96  16  88  17  84  18  44  19  13 
  0  49   1  64   2  41   3  45   4   1   5  41   6  68   7  43   8  61   9  99  10  81  11  32  12  77  13  91  14  49  15  20  16  49  17  26  18  71  19  18 
  0   4   1   7   2  54   3  86   4  65   5  57   6  50   7  34   8  93   9  60  10  10  11  67  12   6  13  37  14  87  15  42  16  27  17  49  18  89  19  97 
  0  19   1  13   2  72   3  36   4  18   5  92   6  82   7  35   8  41   9  27  10  52  11  60  12  62  13  43  14  64  15  29  16  71  17  91  18  16  19  41 
  0  20   1  29   2  68   3  94   4   2   5  96   6  78   7  87   8  22   9  48  10  53  11   7  12  99  13  77  14  22  15  74  16  30  17  87  18  36  19  86 
  0  55   1  81   2  14   3   3   4  89   5  85   6  44   7  23   8  55   9  81  10  79  11  91  12   3  13  35  14  81  15  34  16  99  17  98  18  65  19  77 
  0  48   1  56   2  26   3  70   4  61   5  72   6   8   7   6   8  52   9  85  10  23  11  55  12  61  13  84  14  41  15  90  16   8  17  83  18  93  19  97 
  0  37   1  47   2  20   3  70   4  23   5  89   6  12   7  17   8  95   9  19  10  78  11  38  12  70  13   8  14  19  15  23  16  72  17  74  18  40  19  88 
  0  82   1  60   2  87   3  66   4  95   5  77   6  29   7  35   8  84   9   3  10  72  11  53  12   4  13   3  14  89  15  75  16  68  17  36  18  53  19  62 
  0  33   1   5   2  36   3  15   4  25   5  60   6  14   7  61   8  68   9  70  10  41  11  67  12  35  13  16  14   8  15  56  16  40  17  54  18  63  19  66 
  0  47   1   5   2  64   3  92   4  68   5  27   6  91   7  44   8  12   9  16  10  62  11  23  12  26  13  73  14  55  15  86  16  51  17  74  18  85  19  43 
  0  49   1  23   2  33   3  53   4  12   5  87   6  79   7  89   8   1   9  57  10  35  11  79  12  74  13   7  14  11  15  28  16  24  17  84  18  24  19  82 
  0  16   1  14   2  57   3  59   4   4   5  24   6  17   7  56   8  11   9  36  10  47  11  37  12  82  13  71  14  50  15  91  16  49  17  14  18  53  19  76 
  0  91   1  62   2  71   3  81   4  65   5  92   6  82   7  32   8  29   9   8  10  94  11  75  12  17  13  13  14  32  15  46  16  73  17  92  18  31  19  59 
  0  63   1  53   2  80   3  18   4  69   5  67   6   9   7  27   8  42   9  82  10  77  11  54  12  74  13  55  14  54  15  40  16  26  17  17  18  35  19  10 
  0   4   1  55   2  17   3  67   4  74   5  94   6  35   7  10   8  88   9  82  10   9  11  90  12  24  13  62  14  77  15  28  16  69  17  15  18  64  19  82 
  0  28   1  38   2   5   3  38   4  90   5  58   6  57   7  78   8  73   9   4  10  14  11  81  12  83  13  27  14  90  15  22  16  97  17  29  18  54  19  62 
  0  17   1  56   2  90   3  85   4  86   5  55   6  15   7  75   8   8   9  84  10  56  11  99  12  27  13  69  14  21  15  50  16  44  17  99  18   4  19  82 
  0  32   1  75   2  56   3  37   4   3   5  22   6  35   7  41   8   3   9  57  10  72  11  28  12  99  13  46  14  79  15  42  16  91  17  24  18  50  19  46 
  0  89   1  52   2  21   3  79   4  39   5  87   6   5   7  71   8   9   9  94  10  75  11  26  12  71  13  44  14  21  15  55  16  97  17   9  18  97  19  47 
  0  81   1  62   2  67   3  23   4  16   5  17   6  81   7  30   8  59   9  92  10  89  11  59  12  61  13   2  14  34  15   8  16  63  17  76  18  16  19  62 
  0  90   1  35   2  55   3  59   4  10   5  86   6   4   7  81   8  44   9  32  10  60  11  81  12  83  13  57  14  67  15  79  16  31  17  76  18  83  19  17 
  0  41   1  12   2   6   3  83   4  38   5  52   6  79   7  54   8  63   9  62  10  31  11  32  12  59  13  77  14  33  15  64  16  66  17  83  18  37  19  32 
  0  61   1  65   2  90   3  58   4  53   5  80   6   4   7  65   8  50   9   4  10  53  11   2  12  50  13  78  14  14  15   5  16  32  17  72  18  75  19  43 
  0  37   1  18   2  15   3  22   4  42   5  19   6   8   7   3   8  50   9  95  10  77  11  15  12  74  13  74  14  81  15   6  16  84  17  89  18  78  19  11 
  0  71   1  26   2  88   3  97   4  42   5  20   6   1   7  52   8  95   9  34  10  54  11  86  12  38  13  39  14  88  15  85  16  23  17  22  18  40  19  28 
  0   8   1  73   2  75   3   2   4  42   5  34   6  38   7  76   8  63   9   1  10  33  11  72  12  79  13  47  14  62  15  74  16  89  17  27  18  73  19  63 
  0  19   1  13   2  83   3  71   4  17   5  91   6  86   7  22   8  17   9   8  10  77  11  94  12  97  13  27  14   1  15  56  16  57  17  92  18  50  19  97 
  0  74   1   3   2  94   3  15   4  28   5  34   6   3   7  48   8  39   9  28  10  59  11  82  12  73  13  30  14  48  15  57  16  62  17  18  18  20  19  60 
  0  68   1  25   2  47   3  13   4  60   5   3   6  34   7  11   8  83   9  81  10  79  11  11  12  14  13  91  14   8  15  27  16  33  17  55  18  38  19   7 
  0  90   1  46   2  20   3  72   4  31   5  62   6  11   7  16   8  86   9  29  10  38  11  75  12  36  13  25  14  31  15  22  16  56  17  63  18  11  19  91 
  0  70   1  45   2  25   3  37   4  95   5  40   6  16   7  33   8  43   9  37  10  99  11  50  12  56  13  42  14  18  15  38  16  43  17  41  18  56  19  27 
  0  99   1  97   2  14   3  77   4   7   5   5   6  36   7  68   8  91   9  27  10  45  11  20  12  11  13  82  14  66  15  28  16  92  17  63  18  44  19  10 
  0  35   1   6   2   1   3  42   4  22   5  45   6  65   7  89   8  11   9  38  10   8  11  71  12  71  13  40  14  17  15  46  16  87  17  32  18  80  19  22 
  0  86   1  62   2  64   3   8   4  43   5  50   6  34   7   4   8  92   9  65  10   3  11  33  12   2  13  64  14  22  15  47  16  33  17   2  18  52  19  59 
  0  36   1  98   2  55   3   5   4  84   5  46   6  32   7  59   8  22   9  61  10  86  11   9  12   3  13  52  14  38  15  96  16  97  17  64  18  60  19  92 
  0  69   1  19   2  97   3  97   4  49   5   1   6  33   7  35   8  12   9  20  10  63  11  95  12  35  13  72  14  58  15  24  16  35  17  66  18  19  19  43 
  0   2   1  64   2  47   3  82   4  62   5  91   6  60   7  45   8  53   9  28  10   1  11  85  12  37  13  67  14  55  15  38  16  84  17   3  18  49  19   7 
  0  77   1  27   2  62   3  26   4  94   5  49   6  62   7   1   8  10   9  54  10  75  11  96  12  59  13  56  14  38  15  60  16  73  17  75  18  68  19  32 
  0  53   1  86   2  69   3  55   4  38   5  34   6  48   7  57   8  69   9  51  10  99  11  49  12  81  13  92  14  96  15  19  16  47  17  26  18  50  19  10 
  0  72   1  26   2  99   3   1   4  51   5  61   6  49   7  17   8  41   9  57  10  38  11  37  12  44  13  94  14  54  15  45  16  71  17  89  18  85  19  83 
  0  40   1  61   2  30   3   4   4   8   5  96   6  46   7  31   8  76   9  67  10   8  11  78  12  18  13  19  14  46  15  71  16  63  17  31  18  25  19  73 
  0  32   1  43   2  11   3  18   4  31   5  75   6  23   7  36   8  11   9  97  10  13  11  23  12  15  13  96  14  32  15  19  16  37  17  22  18  88  19  78 
  0  56   1  86   2  20   3  21   4  68   5  78   6  99   7  31   8  49   9  39  10  30  11  60  12  46  13   4  14   6  15  55  16  86  17  71  18  65  19  54 
  0  76   1  12   2  78   3  52   4  68   5  90   6  40   7  54   8  93   9  10  10  30  11  54  12  91  13  69  14  86  15  10  16  72  17  28  18   7  19  25 
  0  79   1  18   2  56   3  56   4  84   5  68   6  99   7  15   8   2   9  95  10  86  11  11  12  96  13  12  14  40  15  67  16  35  17  69  18  60  19  24 
  0  55   1  45   2  33   3  36   4  73   5  74   6  58   7  62   8  18   9  31  10  25  11  49  12  22  13  35  14  36  15  74  16  80  17  10  18  80  19  25 
  0  98   1  46   2  48   3  63   4  95   5  30   6  11   7  24   8  13   9  53  10  14  11   4  12  98  13  23  14  64  15  53  16  80  17  34  18  71  19  82 
  0   8   1  81   2  54   3  72   4  83   5  72   6  65   7  28   8  19   9  45  10  90  11  14  12  60  13  20  14  98  15   1  16  94  17   5  18  34  19  41 
  0  38   1   2   2  59   3  30   4  24   5  59   6  84   7  58   8   9   9  76  10  47  11  65  12  58  13  46  14  67  15  32  16  60  17  17  18  60  19  58 
  0  51   1  79   2  83   3   6   4  40   5  65   6  41   7  37   8   9   9  92  10   8  11  53  12  42  13  64  14  15  15   6  16  51  17  46  18  56  19  16 
  0  85   1  94   2  19   3  24   4   8   5  66   6  41   7  70   8  61   9   8  10  52  11  28  12  84  13  60  14   1  15  99  16  38  17  76  18  92  19  30 
  0  20   1  34   2   5   3   3   4  50   5  71   6   6   7  25   8  69   9  81  10  58  11  59  12  62  13  12  14   2  15  34  16  54  17  14  18  66  19   6 
  0  45   1  70   2   5   3  74   4  98   5  49   6  61   7  98   8  67   9  60  10  98  11  53  12  36  13   2  14   9  15  48  16  83  17  89  18  71  19  12 
  0  59   1  65   2  61   3  92   4   3   5   3   6  93   7  31   8  95   9  59  10  35  11  80  12  99  13  79  14  29  15  52  16  37  17  26  18  56  19  43 
  0  72   1  63   2  82   3  86   4   6   5  11   6  54   7  91   8  96   9  71  10  37  11  10  12  85  13  68  14  31  15  91  16  33  17  49  18  26  19  89 
  0   7   1  31   2   7   3   3   4  27   5  98   6  35   7  55   8  85   9   3  10  39  11  70  12  54  13  76  14  97  15  61  16  35  17  35  18  83  19   4 
  0  37   1  59   2   3   3   7   4  64   5  88   6  79   7   9   8  18   9  25  10  24  11  57  12  97  13  29  14  65  15  80  16  90  17  86  18  11  19  21 
  0  85   1  85   2  30   3  86   4  85   5   8   6  77   7   6   8  83   9   3  10   1  11  92  12  56  13  42  14  74  15  11  16  37  17  56  18  41  19  74 
  0  12   1  72   2  43   3  60   4  70   5  98   6  39   7  78   8  68   9  43  10  80  11  61  12  81  13  58  14  44  15  68  16  10  17  50  18  48  19  15 
  0  66   1  10   2  12   3  90   4  50   5  53   6  57   7  50   8  69   9  23  10  65  11  53  12  14  13  35  14  91  15  18  16  84  17  30  18  45  19  56 
  0  57   1  64   2  79   3  86   4  29   5   9   6  96   7  54   8  93   9  43  10  99  11  18  12   1  13  15  14  58  15  68  16  76  17  18  18  49  19  90 
  0  83   1  22   2  35   3  77   4  76   5  56   6  25   7  99   8  15   9  81  10  34  11  99  12  75  13  50  14  35  15   6  16  41  17  80  18  68  19  11 
  0  76   1  17   2  51   3  56   4  68   5  39   6  45   7  27   8  74   9  55  10  70  11  86  12  13  13  95  14  93  15  36  16  22  17   8  18  45  19  81 
  0  81   1  75   2  31   3  95   4  79   5  39   6   4   7  77   8  40   9  60  10  40  11  76  12  70  13  94  14  96  15  31  16  90  17  53  18  48  19  17 
  0  11   1  26   2  69   3  94   4  70   5  23   6  22   7  60   8  19   9  36  10  57  11  29  12  83  13   8  14   9  15  98  16  82  17  13  18   1  19  26 
  0  66   1   6   2  76   3  69   4  29   5  71   6  77   7  38   8  83   9   6  10  96  11  82  12  17  13  30  14  54  15  49  16  92  17  60  18  99  19  36 
  0  47   1  33   2  23   3  55   4  43   5  87   6   6   7  90   8  48   9  63  10  68  11   4  12  95  13  30  14  83  15  43  16  55  17  78  18  48  19  34 
  0  50   1  23   2  93   3   1   4  98   5  65   6  63   7  94   8  77   9  24  10  62  11   7  12  82  13  82  14  75  15  26  16   3  17   3  18  73  19  30 
  0  44   1  30   2  20   3  65   4  25   5  11   6  17   7  31   8   1   9  45  10  33  11  49  12   5  13  61  14  58  15  26  16  69  17  64  18  90  19  85 
  0  10   1  22   2  16   3  36   4  47   5  16   6  99   7  96   8  58   9   2  10  88  11  35  12  74  13  12  14  91  15   8  16   3  17  44  18  96  19  14 
  0   6   1  46   2  24   3  69   4   8   5  24   6  59   7  79   8  69   9  71  10  60  11  89  12  21  13  78  14  58  15  88  16  42  17  37  18  80  19  59 
  0  65   1   2   2  63   3  34   4  10   5  94   6  56   7  11   8  27   9  63  10  66  11  13  12  90  13  15  14  77  15  72  16  94  17   4  18   4  19  65 
  0  73   1  68   2  99   3  53   4  57   5  94   6  87   7  49   8   3   9  19  10   9  11   5  12  95  13  91  14  14  15  75  16  89  17  73  18  18  19  86 
  0  94   1  66   2  93   3  51   4  11   5  20   6  87   7  96   8  60   9  60  10  69  11  20  12  19  13   3  14  72  15  92  16  49  17  89  18  87  19  39 
  0  76   1  74   2  66   3  52   4  75   5   7   6  48   7  81   8  89   9  19  10  45  11  26  12  15  13  56  14  88  15  67  16  69  17  67  18  26  19  59 
  0  12   1  51   2  72   3  68   4  44   5  71   6  61   7  69   8  91   9  31  10  14  11  90  12  91  13  76  14  46  15  15  16  87  17  70  18  62  19  59 
  0  23   1  11   2  98   3  67   4  84   5  45   6  18   7  62   8  77   9   7  10  91  11  78  12  30  13  12  14  46  15  43  16  70  17  40  18  88  19  34 
  0  22   1  32   2  19   3  15   4  21   5  22   6  88   7  44   8  28   9  16  10  11  11  43  12  33  13  80  14  94  15  31  16  41  17  97  18  98  19  18 
  0   8   1  78   2  60   3  19   4  28   5  69   6  33   7  46   8   5   9  12  10  26  11  63  12  22  13  73  14  63  15  14  16  38  17  93  18  29  19  15 
  0  20   1  37   2  78   3   7   4  77   5  56   6  23   7   5   8  61   9  68  10  86  11  39  12  98  13  89  14  58  15  58  16  11  17  85  18  69  19  75 
  0  65   1  88   2  79   3  64   4  17   5  41   6  11   7  59   8  51   9  81  10  53  11  25  12  97  13  30  14  37  15  20  16   2  17  85  18  42  19  71 
  0  56   1  38   2  14   3  95   4  14   5  33   6   4   7  62   8  34   9  65  10  71  11  77  12  38  13  13  14  83  15  52  16  66  17  83  18  46  19  30 
  0  63   1  96   2  44   3  38   4  38   5   9   6  43   7  92   8  78   9  66  10  58  11   4  12  46  13  96  14  31  15  28  16  55  17  85  18  14  19  32 
  0  80   1  18   2  48   3  84   4   8   5  59   6   6   7  48   8  18   9   3  10  78  11  68  12  48  13  65  14  32  15  60  16  97  17  47  18  61  19  31 
  0  71   1  81   2  49   3  38   4  30   5  10   6  97   7  47   8  18   9  30  10  18  11  59  12  96  13  72  14  53  15  98  16  14  17  51  18  95  19  40 
  0  29   1  73   2  29   3  73   4  57   5  27   6  71   7  64   8  82   9  98  10  82  11  63  12  56  13  85  14  19  15  16  16   2  17  25  18  27  19  65 
  0  13   1   8   2  97   3  88   4   3   5  88   6  30   7  11   8  57   9  90  10  18  11  26  12  32  13  28  14  53  15  62  16   8  17  47  18  65  19  35 
  0  31   1  90   2  65   3  89   4  61   5  17   6  50   7  70   8  10   9  89  10  53  11  90  12  79  13  30  14  73  15  56  16  96  17   3  18  22  19  87 
  0  78   1   6   2  12   3  22   4  96   5  10   6  31   7  67   8   2   9  53  10  32  11  10  12  21  13  18  14  32  15  71  16  59  17  32  18  75  19  49 
  0  46   1  49   2  11   3  58   4  91   5  28   6  10   7  72   8  32   9  66  10  54  11  80  12  82  13  59  14  54  15  99  16  62  17  27  18  84  19  63 
  0  12   1  68   2  97   3  72   4  49   5  70   6  95   7  96   8  65   9  71  10  55  11  83  12  85  13   5  14  80  15  71  16  73  17  59  18  36  19  13 
  0  40   1  11   2  32   3  91   4  53   5  11   6  44   7  23   8  66   9  10  10  71  11  53  12  81  13  42  14  51  15  97  16  79  17  94  18  16  19  56 
  0  81   1  63   2  53   3  85   4  78   5  19   6  19   7  92   8  92   9  61  10  89  11  57  12  36  13   7  14  60  15   2  16  41  17  66  18  41  19  63 
  0  42   1  54   2  33   3  50   4  46   5  24   6  16   7  26   8  11   9  23  10  51  11  77  12  41  13  97  14  73  15  94  16  89  17  44  18  81  19  45 
  0  33   1  19   2  31   3  55   4  15   5  46   6  81   7  29   8  52   9  96  10  97  11  26  12  79  13  23  14  54  15  87  16  42  17  51  18  55  19  76 
  0  11   1  88   2  87   3  93   4  53   5  91   6   1   7  86   8  56   9   6  10  92  11  63  12  30  13  47  14  56  15  61  16  88  17  89  18  61  19  98 
  0  93   1  94   2  80   3  57   4  54   5   5   6  53   7  56   8  96   9  75  10  87  11  88  12  30  13   4  14  36  15  50  16  80  17  94  18  15  19  57 
  0  83   1   2   2  89   3  41   4  72   5  95   6  12   7  33   8  12   9  21  10  82  11  75  12  25  13  94  14  73  15  58  16  88  17  74  18  91  19  30 
  0  16   1   8   2  84   3   3   4  79   5  10   6  99   7  91   8  65   9  38  10  13  11  93  12  94  13  37  14  46  15  37  16  25  17  21  18  58  19  56 
  0  61   1  65   2  90   3  23   4  22   5  12   6  44   7  88   8  71   9  38  10  34  11  67  12  35  13  17  14  13  15  20  16  36  17  86  18  55  19  54 
  0  25   1  56   2  75   3  38   4  91   5  14   6  55   7  61   8  41   9  11  10  84  11  75  12  32  13  55  14   7  15   1  16  28  17  84  18  49  19  24 
  0  71   1  69   2  61   3  85   4   6   5  25   6  48   7  61   8  17   9  86  10  46  11  20  12  29  13  58  14  47  15  40  16  14  17  87  18  82  19  54 
  0  11   1  19   2  58   3  90   4  99   5  93   6   1   7  87   8  60   9  28  10  55  11  18  12  59  13  55  14  68  15  54  16  11  17  26  18  63  19  47 
  0  85   1  39   2  75   3  15   4  61   5  56   6  61   7  58   8  25   9   1  10   3  11  54  12  97  13  31  14  93  15  83  16  45  17  65  18  72  19  35 
  0  36   1  41   2   8   3  49   4  22   5  89   6  10   7  39   8  79   9  84  10  76  11  33  12   2  13  96  14  53  15  38  16  73  17  14  18  73  19  84 
  0   7   1  27   2   3   3   3   4   4   5  30   6  61   7  43   8  69   9  96  10   3  11  25  12  85  13  28  14  32  15  88  16   9  17  45  18  27  19   7 
  0  91   1  86   2  90   3  53   4  95   5  84   6  68   7   5   8  74   9  21  10   7  11  72  12  26  13  56  14  22  15  24  16  26  17  81  18  52  19  79 
  0  85   1  19   2  93   3  86   4  18   5  67   6  24   7   6   8   8   9  83  10  22  11  70  12  18  13  98  14  34  15  34  16  79  17  50  18  93  19  82 
  0  19   1  10   2  19   3  28   4  28   5  30   6  72   7  53   8  63   9  37  10  46  11  39  12  85  13  60  14  16  15   9  16  54  17  75  18   8  19  93 
  0  39   1  24   2  99   3  88   4  54   5  12   6  83   7  53   8  91   9  11  10  96  11  46  12  72  13   8  14  49  15   1  16  51  17  85  18   5  19  54 
  0  26   1  28   2  70   3  97   4  16   5  29   6  80   7  74   8   8   9  59  10  91  11  21  12  40  13  12  14  43  15  76  16  42  17  77  18  47  19  71 
  0  22   1  55   2   5   3  13   4  15   5  10   6  98   7  24   8  63   9   5  10  98  11  11  12  77  13  55  14  93  15  71  16  35  17  94  18  69  19  89 
  0  78   1  47   2  12   3  29   4  85   5  23   6  42   7  48   8  11   9  80  10  50  11  10  12  19  13  63  14  17  15  26  16  87  17  25  18  70  19  66 
  0  75   1   5   2  40   3  24   4  97   5  73   6  38   7   3   8  70   9  54  10  69  11  75  12  25  13  67  14  74  15  86  16  36  17  52  18  12  19  54 
  0  71   1  53   2  89   3  28   4  23   5  99   6  41   7  92   8  56   9  29  10  54  11  48  12  53  13  38  14  15  15  69  16  63  17  74  18  76  19  19 
  0  29   1  58   2  41   3  67   4   6   5  51   6  49   7  75   8  56   9  38  10  39  11  26  12  11  13  13  14  22  15  68  16  11  17  99  18  33  19   2 
  0  70   1  56   2  77   3  32   4  31   5  17   6  49   7  66   8  24   9  77  10  32  11  57  12  77  13  13  14  26  15  33  16  83  17  67  18  38  19  26 
  0  41   1   6   2  57   3  48   4  37   5  70   6  40   7  51   8  72   9  64  10  75  11  18  12  66  13   5  14  43  15  91  16  95  17  69  18  45  19  71 
  0  46   1  51   2  95   3  95   4   6   5  59   6  50   7  78   8  86   9  89  10  88  11  88  12  70  13  28  14  52  15  67  16  14  17  72  18  44  19  77 
  0  96   1  82   2   1   3  40   4  55   5  72   6  95   7  74   8  40   9   1  10  31  11  73  12  65  13  21  14  79  15  50  16  12  17  47  18  83  19  64 
  0  46   1   9   2  28   3  53   4  99   5  41   6  25   7  41   8  25   9  70  10  47  11  17  12  80  13  18  14  68  15   2  16  56  17  35  18   3  19  71 
  0  99   1  56   2  48   3   3   4  51   5  23   6   7   7  53   8  11   9   1  10  94  11  11  12  51  13   5  14  82  15  54  16   7  17  17  18  92  19  14 
  0  27   1  35   2  84   3  85   4  66   5  36   6  72   7  31   8  37   9  37  10  71  11  29  12  51  13  15  14  68  15  75  16  69  17  45  18   2  19  40 
  0   8   1  59   2  24   3  83   4   5   5  47   6  44   7  82   8  12   9  50  10  69  11  68  12  64  13  61  14  91  15  81  16   2  17  51  18  62  19  37 
  0  55   1  81   2  40   3  60   4  31   5  10   6  18   7  84   8  51   9  23  10  60  11  41  12  37  13  85  14  33  15  43  16  10  17  23  18  85  19  40 
  0  55   1  63   2  11   3   7   4  56   5   7   6  46   7  81   8  66   9  25  10   9  11  53  12  65  13  51  14  99  15  33  16  47  17  37  18  49  19  71 
  0  72   1  20   2  34   3  18   4  81   5  54   6  32   7   7   8   3   9  74  10  64  11  62  12  17  13  18  14  31  15  48  16  98  17  34  18  66  19  73 
  0  77   1  54   2  13   3  45   4  63   5  14   6  97   7  29   8   2   9  90  10  45  11  92  12  91  13  17  14  63  15  58  16  66  17  57  18  44  19  96 
  0  42   1  21   2  88   3   9   4  83   5  26   6  56   7  16   8   4   9   8  10  91  11   4  12  62  13  24  14  21  15  95  16  38  17  17  18  37  19  86 
  0  88   1  45   2  36   3  15   4   7   5   2   6  50   7  77   8  84   9  68  10  13  11  54  12  95  13  57  14  45  15   2  16  67  17  25  18  39  19  40 
  0  69   1  14   2  96   3  73   4  49   5  84   6  47   7  25   8  11   9  70  10  47  11  72  12  74  13  58  14  86  15  94  16  99  17  61  18  56  19   5 

Taillard LB      : 27260
Proportionate LB : 17499
Lower bound: 27260

Random seed: 1005
