
500  20

  0  93   1  58   2  51   3  57   4  42   5  19   6   5   7  76   8   2   9   5  10   6  11  89  12  85  13  20  14  45  15   5  16  55  17  72  18  34  19  16 
  0  87   1  48   2  41   3   5   4  18   5  25   6  69   7  57   8  59   9  79  10  68  11  66  12  66  13  53  14  92  15  37  16  10  17   7  18  64  19  65 
  0   3   1  39   2  71   3  39   4  90   5  82   6  85   7  12   8  47   9  75  10  59  11  77  12  68  13   5  14  34  15  20  16  38  17  51  18  65  19  78 
  0  37   1  97   2  39   3  36   4  33   5  30   6  34   7  50   8  89   9  43  10  42  11  45  12  66  13  85  14  46  15  40  16  81  17  27  18  21  19  99 
  0  61   1  43   2  76   3  12   4  78   5  64   6   5   7  79   8  63   9  98  10  60  11  39  12  93  13  63  14  90  15  71  16  52  17   1  18  35  19  87 
  0  19   1  34   2  45   3  72   4  50   5  68   6  81   7  86   8  11   9  17  10  60  11  90  12  56  13  39  14  95  15  34  16  93  17  57  18  55  19  79 
  0  90   1  24   2  50   3  30   4  16   5   7   6  52   7  95   8  41   9  38  10  12  11  66  12  54  13  25  14  68  15  22  16  72  17  37  18  92  19  97 
  0  34   1  78   2  22   3  12   4  15   5   8   6  18   7  63   8  72   9  54  10  82  11  37  12  55  13  98  14  46  15   4  16  23  17  92  18  96  19  84 
  0  50   1  97   2  12   3  79   4  91   5  80   6  68   7  72   8  45   9  14  10  29  11  67  12  91  13  46  14  13  15  56  16  89  17  18  18  21  19  22 
  0  65   1  32   2  20   3  11   4  63   5  59   6  94   7  78   8  49   9  84  10  74  11  48  12  27  13  17  14  39  15  96  16  18  17  10  18   7  19  20 
  0  97   1   1   2  66   3  45   4  89   5  48   6  19   7  46   8  51   9  70  10  35  11   9  12  91  13  87  14  80  15  11  16  87  17  61  18  97  19  78 
  0  46   1  63   2  73   3  66   4  56   5   7   6  28   7  82   8  20   9  57  10  23  11   8  12  38  13  50  14  61  15  32  16  79  17  81  18  43  19  74 
  0  67   1  90   2  89   3  59   4  16   5  72   6  55   7  58   8  17   9  73  10  13  11   9  12  67  13  29  14  59  15   5  16  21  17  72  18  16  19  36 
  0  62   1  76   2  35   3  73   4  51   5  17   6  53   7  60   8  75   9  25  10   5  11  97  12  90  13  87  14  91  15  21  16  66  17  29  18  81  19  84 
  0  29   1  99   2  95   3  48   4   6   5  19   6  78   7  65   8   6   9  85  10   8  11  22  12  22  13   6  14  23  15  58  16  81  17   9  18  18  19  11 
  0  17   1  33   2   4   3  64   4   9   5  96   6  26   7  88   8  81   9  11  10  71  11  35  12  81  13  24  14  51  15  29  16  96  17  54  18  97  19  35 
  0  72   1   4   2  10   3  59   4  22   5   5   6  59   7  19   8  61   9  70  10  75  11  20  12  42  13  36  14  45  15  87  16   2  17  99  18  85  19  93 
  0  57   1   8   2  64   3  55   4  34   5  99   6   5   7  41   8  77   9  30  10  11  11  84  12  79  13  55  14  41  15  20  16  43  17  12  18  10  19  39 
  0   5   1  85   2  91   3  67   4  28   5  57   6  73   7  29   8  81   9   6  10  39  11  20  12  13  13  42  14  36  15  71  16  30  17  83  18  43  19  47 
  0  74   1  95   2   7   3  61   4  82   5  91   6  54   7  16   8  22   9   5  10  80  11  95  12  22  13   1  14  76  15  33  16  63  17  26  18  85  19  90 
  0  83   1  73   2  37   3  18   4  50   5  84   6  66   7  88   8  10   9  85  10  99  11  79  12  41  13  24  14  83  15  51  16  24  17  68  18  73  19  84 
  0  74   1  26   2  45   3  33   4  96   5  66   6  23   7  60   8  55   9   6  10  56  11  64  12   9  13  42  14  84  15  40  16  68  17  93  18   4  19  75 
  0  23   1  55   2  65   3  38   4  91   5  75   6  74   7  95   8  18   9  62  10  55  11  42  12  11  13   1  14  35  15  48  16  40  17   6  18  95  19  31 
  0  70   1  12   2  95   3  32   4  89   5  71   6  28   7   3   8  56   9  95  10  10  11  86  12  82  13  80  14  36  15   7  16  85  17  67  18   2  19  69 
  0  51   1  12   2  41   3  90   4  18   5  43   6  68   7  38   8  52   9  93  10  71  11  87  12   5  13  32  14  35  15  19  16  33  17  91  18  86  19  44 
  0  24   1  15   2  16   3  45   4  76   5  24   6  98   7  64   8  66   9  22  10  70  11  97  12   8  13  14  14  94  15  42  16  26  17  39  18  90  19  73 
  0  88   1   5   2  14   3  79   4  38   5  84   6  45   7  45   8   1   9  47  10  73  11  19  12  87  13  65  14  93  15  54  16  70  17  59  18  21  19  77 
  0  25   1  27   2  70   3   2   4  75   5  90   6  77   7  17   8   6   9  49  10  75  11   6  12  77  13  32  14  81  15  48  16  25  17  13  18  30  19   1 
  0  30   1  50   2  33   3  84   4  64   5  61   6  99   7  94   8  89   9   7  10   7  11  83  12  71  13  46  14  45  15  51  16  47  17  27  18  17  19  44 
  0   6   1  95   2  95   3  64   4  51   5  65   6  15   7  62   8  15   9   6  10  87  11  23  12  11  13  15  14  22  15  59  16  37  17  39  18  47  19   6 
  0  48   1  89   2  94   3   6   4  36   5  93   6  14   7  47   8  27   9   2  10  22  11  45  12  21  13  69  14  53  15  75  16  91  17  90  18  29  19   1 
  0  24   1  64   2   8   3  76   4  82   5  31   6  59   7  37   8  74   9  86  10  35  11  72  12  88  13  40  14  47  15  21  16  98  17  90  18  84  19  69 
  0  61   1  54   2  93   3  33   4  20   5  91   6  35   7  24   8  87   9  71  10  86  11  36  12  92  13  14  14   8  15  79  16  74  17  48  18  40  19  42 
  0  29   1  74   2  40   3  82   4  62   5  74   6  80   7  32   8  14   9  75  10  16  11  25  12   4  13  61  14  45  15  84  16   1  17  52  18  58  19  82 
  0  22   1  72   2  94   3  74   4  93   5  57   6  44   7  83   8  26   9  19  10  14  11  73  12  93  13  25  14  72  15  27  16  63  17  95  18  68  19  78 
  0  54   1  55   2  11   3  44   4  93   5  68   6  96   7  62   8  25   9  94  10  39  11  59  12   5  13  44  14  48  15  98  16  75  17  66  18  51  19  50 
  0  68   1  22   2   1   3  87   4  80   5  63   6  90   7  33   8  96   9  14  10  32  11  64  12  32  13  46  14  26  15  27  16  17  17   4  18  68  19  54 
  0   2   1  91   2  67   3  94   4   4   5  43   6  21   7  40   8  26   9  56  10  29  11  77  12  57  13  39  14  28  15  31  16  67  17  14  18  65  19  48 
  0  44   1  56   2   5   3  21   4  23   5  81   6  79   7  17   8  67   9  28  10  35  11  38  12   2  13  15  14  20  15  48  16  55  17  93  18  71  19   5 
  0  78   1  26   2  41   3  48   4  56   5  66   6  65   7  76   8  59   9  19  10  98  11  77  12  65  13   3  14  33  15  22  16  71  17  27  18  24  19  98 
  0  50   1  50   2  80   3  29   4   6   5  56   6  70   7  32   8  89   9  45  10  97  11  83  12  43  13  50  14  27  15  40  16  68  17  22  18  52  19  88 
  0  83   1  10   2  66   3  11   4  68   5  59   6  24   7  71   8  24   9   6  10  50  11  92  12  23  13  92  14  46  15  35  16  45  17  18  18  90  19  90 
  0  61   1  67   2  77   3  70   4  84   5  31   6  90   7  53   8  85   9  58  10  25  11  20  12  24  13  49  14  44  15  36  16   9  17  12  18  22  19  31 
  0  47   1  17   2  17   3  94   4  49   5  26   6  19   7  92   8  35   9  64  10  67  11  87  12  82  13  28  14  74  15  27  16  50  17  36  18  19  19  66 
  0  90   1  21   2  26   3  97   4  37   5  18   6  96   7   4   8  48   9  97  10  33  11  49  12  40  13  30  14  61  15  71  16  14  17  26  18  53  19  99 
  0  53   1  69   2  96   3  65   4  60   5  54   6  63   7   6   8  57   9  45  10  64  11  76  12  67  13  37  14  45  15  17  16  89  17  28  18  24  19  12 
  0  36   1  51   2   4   3  29   4   3   5  93   6  77   7  35   8  26   9  78  10  91  11   4  12   5  13  68  14  24  15  69  16  82  17  29  18  97  19  45 
  0  53   1  50   2  13   3   7   4  37   5  91   6  67   7  29   8  20   9  37  10  44  11  80  12  75  13  30  14  13  15  73  16  46  17  71  18  62  19  20 
  0  72   1  52   2  38   3  17   4  77   5  68   6  88   7  24   8  66   9  72  10  14  11  83  12  32  13  67  14  78  15  18  16  72  17  20  18  91  19   8 
  0  79   1  11   2  47   3  40   4  83   5  78   6  34   7  43   8  52   9  59  10  25  11  27  12  81  13  50  14   6  15  80  16  76  17   9  18  13  19  98 
  0  17   1  89   2  32   3  76   4  25   5  74   6  46   7  85   8  46   9  41  10  47  11  58  12  25  13   7  14  74  15  98  16  28  17  10  18  60  19   9 
  0  49   1  23   2  72   3  81   4  48   5  35   6  30   7  65   8  47   9  86  10  55  11  18  12  63  13  58  14  76  15  78  16  20  17  45  18  81  19  17 
  0  73   1   5   2   7   3  61   4  87   5  55   6   7   7  47   8  12   9  69  10  68  11   6  12  93  13  99  14  15  15  67  16  13  17  17  18  34  19  23 
  0  34   1  42   2   3   3  89   4  66   5  87   6  41   7   5   8  87   9  13  10  12  11   2  12   1  13  18  14  32  15  96  16  96  17  27  18  59  19  14 
  0   1   1  17   2  82   3  59   4  55   5  33   6  99   7  71   8  67   9  54  10  30  11  79  12  64  13  68  14   1  15   8  16  33  17   8  18  59  19   4 
  0  97   1  13   2  54   3  20   4  57   5   7   6  54   7  40   8  40   9  36  10  46  11  57  12   1  13  87  14  71  15  41  16  97  17  80  18  15  19  52 
  0  35   1  44   2  93   3  77   4  64   5  33   6  10   7  86   8  90   9   5  10  54  11  36  12  21  13  70  14  21  15  50  16  22  17  72  18  16  19  26 
  0  93   1  89   2  30   3  43   4  52   5  54   6  67   7  17   8   9   9  84  10  71  11  55  12  24  13  17  14   8  15  83  16  49  17  23  18  66  19  71 
  0  74   1  17   2  12   3  95   4  54   5  95   6  36   7  74   8  55   9  99  10  13  11  72  12  76  13  28  14  47  15  75  16   6  17  75  18  57  19  95 
  0  37   1  34   2  50   3  86   4  59   5  89   6  20   7  67   8   2   9  74  10  91  11  37  12  18  13  34  14  91  15  90  16  39  17  16  18  32  19  14 
  0   4   1  84   2  43   3  77   4  71   5  62   6  58   7  20   8  41   9  38  10  30  11  48  12  95  13   8  14  94  15  74  16  51  17  15  18  83  19  62 
  0  84   1  79   2  10   3  73   4  72   5   3   6  32   7  89   8  99   9  18  10  57  11  99  12  86  13   1  14  98  15  72  16  65  17  44  18  16  19  59 
  0  99   1  63   2  36   3   4   4  23   5   6   6  92   7  18   8  89   9  85  10  96  11   1  12  11  13  97  14   8  15  72  16  55  17  68  18  19  19  98 
  0  60   1  29   2  85   3   3   4  30   5  38   6  35   7  84   8  92   9  42  10  63  11  47  12  75  13  76  14  41  15  47  16  81  17  13  18  13  19  92 
  0  46   1   4   2  57   3  33   4  22   5  62   6  66   7  78   8  67   9  97  10  27  11  96  12  49  13  21  14  79  15  30  16  25  17  69  18  29  19  75 
  0  94   1  43   2   4   3  68   4  56   5   3   6  72   7  64   8  58   9  73  10  30  11  99  12  70  13  33  14  77  15  85  16  17  17  50  18  94  19  12 
  0   1   1   3   2  75   3  16   4  51   5  34   6  12   7  19   8  35   9  50  10  82  11  90  12  90  13  11  14  39  15  34  16   8  17  93  18  30  19  16 
  0  61   1  82   2  76   3  97   4   5   5  66   6  94   7  96   8  40   9  73  10  57  11  34  12  12  13  26  14  28  15  74  16  22  17  12  18  39  19  67 
  0  97   1  24   2  91   3  19   4  91   5  49   6  44   7  16   8   2   9  23  10  50  11  14  12  62  13  73  14   6  15  15  16  81  17  71  18  12  19  49 
  0  21   1  48   2  42   3  22   4  86   5  16   6   5   7  44   8  24   9  42  10  54  11  77  12  80  13  82  14  66  15  31  16  78  17  73  18  95  19  43 
  0  30   1  70   2  86   3  50   4  12   5  43   6   2   7  86   8  88   9  99  10  57  11  82  12  20  13  36  14  37  15  38  16  69  17  26  18  83  19  55 
  0  91   1  45   2  67   3  49   4  80   5  29   6  96   7  89   8  45   9  67  10  88  11  24  12  72  13   4  14  51  15  19  16  23  17  42  18   5  19  24 
  0  56   1  97   2  59   3  44   4  10   5  51   6  65   7  83   8  53   9  35  10  56  11  78  12  11  13  13  14  38  15  89  16  31  17  56  18  81  19   4 
  0  34   1  25   2  73   3  99   4  83   5   9   6  92   7  25   8  98   9  68  10  87  11  99  12  33  13  30  14  24  15  55  16  15  17  49  18  27  19  75 
  0  84   1  15   2  81   3  56   4  67   5   3   6  66   7  57   8  98   9   7  10  21  11  61  12  45  13  86  14  86  15  30  16  85  17  73  18  44  19  15 
  0  80   1  56   2  49   3  58   4  22   5  78   6  85   7  35   8  70   9  48  10  71  11  95  12  35  13  86  14  36  15  62  16  20  17  14  18  72  19  44 
  0  24   1  74   2   2   3  72   4  18   5  11   6  15   7  73   8  21   9  51  10  69  11  41  12  93  13  67  14  74  15  24  16  89  17  46  18  75  19  76 
  0  80   1  81   2  82   3  26   4  30   5  90   6   6   7  89   8  10   9  38  10  21  11  35  12  51  13  48  14  49  15  81  16  44  17  25  18  23  19   7 
  0  52   1  24   2  24   3  74   4   9   5  51   6  85   7  68   8  29   9  37  10  55  11  25  12  34  13  35  14   8  15  92  16   1  17  96  18  39  19  97 
  0  30   1  91   2  62   3  20   4  92   5  19   6   3   7  59   8  63   9  73  10  89  11  16  12  68  13  65  14  69  15  31  16  45  17  53  18  78  19  95 
  0  74   1  68   2  88   3  13   4  33   5  73   6  13   7   8   8  26   9   6  10  10  11  58  12  91  13  81  14  48  15  98  16  32  17  21  18  55  19  83 
  0  91   1  47   2  54   3   3   4  32   5  79   6  16   7  44   8  79   9  20  10  32  11  13  12  38  13  19  14  69  15  45  16  24  17  17  18  45  19  42 
  0  52   1  39   2   5   3  32   4  94   5   2   6  97   7  53   8  75   9  19  10  39  11  66  12  15  13  89  14  35  15  29  16  44  17  23  18  78  19  24 
  0  85   1  37   2  99   3  40   4  63   5   5   6  65   7   7   8  48   9  25  10  40  11  60  12  27  13  99  14   6  15  87  16  60  17  33  18  46  19  18 
  0  43   1  44   2  36   3  52   4  11   5  63   6  90   7  95   8   3   9  76  10   8  11  91  12  40  13  67  14  11  15  24  16  12  17  73  18  87  19  85 
  0  43   1  25   2  36   3  10   4  57   5   2   6  95   7  56   8  90   9  78  10  62  11  93  12  41  13  76  14  97  15  62  16  55  17  25  18  46  19  98 
  0  59   1  88   2  71   3  22   4  41   5  66   6  48   7  11   8  40   9  15  10  57  11  87  12  68  13  51  14  61  15   7  16  20  17   8  18  99  19  76 
  0  46   1  67   2  23   3  85   4  31   5  61   6  87   7  95   8  67   9  45  10  41  11  15  12  53  13  88  14  20  15  75  16  58  17  42  18  48  19  15 
  0  24   1  82   2  62   3  64   4  35   5  14   6  54   7  51   8  60   9  36  10  34  11  25  12  44  13  57  14  98  15  25  16  66  17  29  18  82  19  30 
  0  89   1  99   2  96   3  72   4   6   5  29   6  73   7   8   8  77   9   7  10  99  11  22  12  92  13  67  14  31  15  68  16  62  17  67  18  75  19  26 
  0  24   1  53   2  62   3  27   4  91   5  43   6  99   7  63   8  35   9  86  10  94  11  52  12  26  13  70  14  47  15  95  16  19  17   3  18  84  19  62 
  0   7   1  35   2  37   3  38   4  21   5  53   6  66   7  82   8  74   9   7  10  74  11  26  12  17  13   4  14  17  15  76  16  62  17  59  18  10  19  95 
  0  81   1  19   2  37   3  68   4   6   5   7   6  68   7  38   8  21   9  78  10  93  11   2  12  62  13  22  14  95  15  53  16  20  17  13  18  49  19  99 
  0  88   1  32   2  97   3  48   4  90   5  94   6  42   7  73   8  83   9  66  10  71  11  71  12  52  13  85  14  97  15  85  16  74  17  93  18   8  19  47 
  0  52   1  84   2  17   3  77   4  34   5   4   6  35   7  90   8  96   9   6  10  45  11  30  12   6  13  42  14  89  15  55  16  40  17  42  18  76  19  70 
  0  32   1  62   2  10   3  51   4  98   5  58   6  80   7   7   8  67   9  84  10  95  11  80  12  50  13   7  14  18  15  60  16  23  17   5  18  80  19  54 
  0   4   1  42   2  87   3  74   4  73   5  94   6  13   7  72   8  76   9  37  10  32  11  38  12  87  13  21  14  24  15  27  16  56  17  98  18  62  19  70 
  0  13   1  49   2  55   3  78   4  91   5  13   6  62   7  53   8  46   9  80  10  88  11   9  12  15  13   2  14  48  15  44  16  93  17  69  18  72  19  80 
  0  64   1  66   2  74   3  67   4  77   5  33   6  90   7  53   8  65   9   1  10  36  11  75  12  71  13  70  14  87  15   5  16  24  17  29  18  87  19  42 
  0  91   1  48   2  78   3  32   4  18   5  66   6  70   7  81   8  87   9  17  10  42  11  38  12   6  13  66  14  28  15  93  16  56  17  69  18  46  19  68 
  0  32   1  54   2  36   3  58   4  71   5  33   6  45   7  80   8  92   9  78  10  21  11  33  12  68  13  60  14  27  15  51  16  23  17   2  18  27  19   4 
  0   8   1  77   2  61   3  29   4  54   5  86   6  50   7  79   8  13   9  87  10  79  11  63  12  72  13  38  14  86  15  80  16  11  17  48  18  14  19  32 
  0  86   1  37   2   7   3  51   4  27   5  97   6  55   7  91   8   3   9  32  10  96  11   5  12   9  13  59  14   7  15  86  16  46  17  21  18  19  19  99 
  0  18   1  91   2  46   3  94   4  42   5  96   6  80   7  18   8  10   9  97  10  62  11  32  12  96  13  21  14  53  15  64  16  59  17  16  18  98  19  61 
  0  37   1  86   2  47   3  20   4  95   5  34   6  76   7  19   8  36   9  43  10  94  11  90  12  45  13  75  14  73  15  75  16  91  17  86  18  37  19  57 
  0  81   1  93   2  14   3  69   4  10   5  41   6  36   7  83   8  75   9  84  10  51  11  74  12  45  13  99  14  13  15  40  16  60  17   4  18  16  19  85 
  0  16   1  18   2  40   3   2   4  63   5  44   6   3   7  63   8  95   9  83  10  34  11  31  12  32  13  75  14  29  15  96  16  74  17   5  18  20  19  75 
  0   6   1  18   2  73   3  89   4  20   5  65   6  98   7  70   8  59   9  73  10  88  11  30  12  83  13  26  14  22  15  24  16  99  17  19  18  38  19  68 
  0  97   1  26   2  42   3  94   4  53   5  80   6  61   7  26   8  76   9  96  10  46  11  66  12  38  13  86  14   8  15  76  16  31  17  51  18  62  19  45 
  0  23   1  79   2  59   3  13   4  24   5  43   6  40   7  40   8  43   9  84  10   4  11  94  12  11  13  41  14  95  15  41  16  23  17  43  18  42  19  23 
  0  54   1  58   2  10   3  54   4  40   5  20   6  35   7  73   8  56   9  73  10  50  11  83  12  36  13  17  14  74  15  51  16  51  17  17  18  78  19  11 
  0  25   1  12   2  38   3  88   4  37   5  74   6  14   7  96   8  50   9  98  10  53  11  94  12  12  13  76  14  70  15  18  16  37  17  26  18   6  19  32 
  0  41   1  56   2  52   3  61   4   3   5  58   6  53   7  14   8  10   9  24  10  36  11  11  12  38  13  57  14  20  15  65  16  14  17  92  18  40  19  37 
  0  72   1  70   2  21   3  70   4  55   5  45   6  53   7  34   8  44   9  17  10  69  11   9  12  61  13  29  14  37  15  48  16  73  17  81  18  74  19  56 
  0  57   1  50   2  23   3  24   4  11   5  82   6  23   7   5   8  75   9  62  10  96  11  11  12   1  13  60  14  72  15   4  16  11  17  45  18  90  19  34 
  0  25   1  25   2  18   3  69   4  78   5  83   6  80   7  95   8  71   9  63  10  97  11  77  12  22  13  51  14  51  15  64  16  56  17  24  18  56  19  19 
  0  39   1  31   2  11   3  11   4  63   5   5   6  77   7  91   8  98   9  88  10  31  11  91  12  44  13  76  14  32  15  50  16  79  17  37  18  58  19  23 
  0  85   1  41   2  36   3  83   4  60   5  91   6   1   7  58   8  16   9  28  10   2  11  94  12  46  13   8  14  48  15   1  16  52  17  23  18  72  19  63 
  0  82   1  90   2   9   3  66   4  32   5  80   6  69   7  97   8  79   9  56  10  22  11  43  12  34  13   1  14   7  15   7  16  34  17  11  18  56  19  26 
  0  27   1  77   2  49   3  45   4  83   5  46   6  28   7  34   8  38   9  96  10  59  11   2  12  19  13  52  14  95  15  38  16  45  17  17  18  59  19  66 
  0  41   1  17   2  16   3  42   4  41   5   1   6  60   7  37   8  57   9  96  10  93  11  24  12  13  13  84  14  58  15  87  16  70  17  47  18  66  19  25 
  0   1   1  85   2  30   3  61   4  16   5  63   6  25   7  84   8  53   9   4  10  43  11  16  12  12  13  75  14  77  15  55  16  89  17  20  18   5  19  67 
  0  54   1  35   2  56   3  52   4  47   5  40   6  41   7  27   8  97   9  74  10  30  11  81  12   4  13  82  14  74  15  76  16  80  17  19  18  69  19  76 
  0  95   1  34   2  31   3  66   4  53   5  49   6  66   7   6   8  79   9  33  10  40  11  88  12  42  13  88  14  50  15  57  16  67  17  25  18  56  19  24 
  0  94   1  73   2  77   3  97   4  52   5  96   6  46   7  74   8  73   9  88  10   3  11  70  12  97  13  95  14  22  15  46  16  15  17  65  18  80  19  14 
  0  71   1  43   2  75   3  59   4  40   5  69   6  83   7  23   8  20   9   6  10  37  11  80  12   8  13  42  14  30  15  43  16  75  17  97  18  79  19  54 
  0  63   1  36   2  32   3  97   4  77   5  75   6  10   7  92   8  59   9  70  10  83  11  14  12  58  13  90  14  95  15  37  16  60  17  13  18   8  19  17 
  0  44   1  36   2  36   3  95   4  16   5  45   6  49   7  85   8  74   9  69  10  38  11  49  12  56  13  47  14  64  15  39  16  31  17  46  18  41  19  83 
  0  49   1  57   2  41   3  39   4  28   5   5   6  69   7  82   8  22   9  33  10  49  11  91  12  60  13  82  14  81  15  91  16  72  17   7  18  32  19   9 
  0  65   1  77   2  58   3  46   4  83   5  28   6  12   7  50   8  26   9  29  10  23  11   1  12  32  13  91  14  87  15  98  16  77  17  88  18  43  19  11 
  0   2   1  14   2  40   3  16   4  70   5  29   6   5   7  72   8  17   9  46  10  40  11  68  12  13  13  89  14  46  15  60  16  74  17   9  18  31  19   6 
  0  78   1  91   2  57   3  27   4  14   5  17   6  53   7  36   8   9   9  28  10  36  11  33  12   8  13  89  14  51  15  21  16  62  17  69  18  49  19  65 
  0  39   1  79   2  49   3  23   4  92   5  50   6  16   7  48   8  99   9  94  10  45  11  98  12  27  13  12  14  57  15  65  16  75  17  81  18  70  19  22 
  0  97   1  29   2  45   3  18   4  77   5  11   6  71   7  51   8  15   9  12  10   7  11  96  12   6  13  62  14  10  15  50  16  28  17  91  18  84  19  97 
  0  88   1  81   2  51   3  37   4  58   5  92   6  47   7  22   8  58   9  44  10  30  11  92  12  11  13  11  14  65  15  77  16  84  17   7  18  90  19  46 
  0  24   1   9   2  26   3  47   4  58   5  90   6  58   7  40   8  82   9  91  10  10  11  76  12  91  13  63  14  43  15  92  16   9  17  93  18  48  19  53 
  0  97   1  12   2  31   3  16   4  73   5  74   6  84   7  15   8  47   9  63  10   9  11  77  12  83  13  46  14  79  15  40  16  30  17  67  18  91  19  92 
  0  94   1  54   2  22   3  52   4  83   5   7   6  62   7  89   8  31   9  71  10   8  11  57  12  99  13  94  14  28  15  84  16  82  17  81  18  71  19  29 
  0  12   1  83   2  87   3   2   4  27   5  55   6  25   7  48   8  97   9  33  10   9  11  99  12  27  13  53  14  35  15  87  16  88  17  76  18  59  19  80 
  0  88   1  59   2  65   3  72   4  63   5  72   6  43   7  18   8  31   9  36  10  60  11  87  12  83  13  14  14  10  15  44  16  89  17  76  18  44  19  93 
  0  28   1  44   2  59   3  17   4  15   5  44   6  27   7  92   8  65   9  40  10  29  11  63  12  72  13  44  14  44  15  44  16  25  17  89  18  62  19  74 
  0  81   1  48   2  92   3  91   4  49   5  35   6  15   7  21   8  52   9  76  10  98  11  40  12  92  13  90  14  16  15  14  16  79  17  93  18  26  19  20 
  0  60   1  71   2  56   3  19   4  13   5  26   6   3   7  37   8  66   9  16  10  91  11  69  12  45  13  85  14  29  15  99  16  15  17  90  18  78  19  53 
  0  26   1  84   2  69   3   5   4  23   5  52   6  35   7  56   8  75   9  71  10  92  11  40  12  66  13  31  14  28  15  44  16   4  17  14  18  60  19  10 
  0  99   1  85   2  29   3  43   4  41   5  34   6  24   7  50   8   3   9  78  10  17  11  13  12  96  13   6  14  44  15  40  16  66  17  17  18  68  19  86 
  0  25   1  16   2  84   3  61   4  11   5  74   6  33   7  80   8   2   9  27  10  34  11   1  12  79  13  10  14  69  15  19  16  28  17   2  18  83  19  56 
  0  59   1  52   2  12   3  81   4  46   5  69   6  68   7  39   8  74   9  88  10   1  11  65  12  41  13  49  14   9  15  72  16  12  17  59  18  65  19  35 
  0  88   1  69   2  82   3  23   4  43   5   1   6  54   7  17   8  47   9   2  10  91  11  43  12  27  13  85  14  83  15  49  16  34  17  33  18  91  19  20 
  0  98   1   9   2  63   3  26   4  97   5  95   6  27   7  61   8   4   9  94  10  52  11  14  12  66  13  90  14  67  15  60  16  80  17  51  18  59  19   1 
  0  42   1  79   2  18   3  65   4  68   5  41   6  59   7  76   8  18   9  71  10  87  11  22  12  31  13  24  14  30  15  83  16  43  17  17  18  64  19  43 
  0  97   1  88   2   5   3  26   4  84   5  30   6  80   7  41   8   4   9   5  10  66  11   4  12  55  13  79  14  74  15  75  16  10  17  70  18  73  19  84 
  0  41   1  20   2  43   3  19   4  94   5  92   6  87   7  26   8  47   9  77  10  92  11  20  12  46  13  75  14  41  15  41  16  54  17  85  18  24  19  31 
  0  36   1  64   2  99   3  53   4  10   5  24   6  60   7  93   8  94   9  18  10  72  11  28  12  56  13  73  14  25  15  33  16  80  17  69  18  30  19  91 
  0  21   1  35   2  46   3  87   4  45   5  19   6  86   7  34   8  62   9  48  10  53  11  84  12  39  13  65  14  20  15  31  16  63  17  30  18   3  19  74 
  0  16   1  82   2  89   3  11   4  21   5  54   6  86   7  26   8  65   9  37  10  68  11  67  12  92  13  59  14  63  15  52  16  34  17  63  18  13  19  39 
  0  10   1  33   2  28   3  89   4  92   5  99   6  53   7  48   8  95   9   2  10  73  11  72  12  52  13  58  14  73  15  53  16  57  17   7  18  34  19  23 
  0  21   1  47   2  12   3  78   4  81   5  90   6  94   7  67   8  25   9  30  10  52  11  36  12  18  13  49  14  91  15  10  16  53  17  95  18  75  19  69 
  0  50   1  17   2  89   3  90   4  22   5  92   6  85   7  27   8   9   9  20  10  41  11  77  12  17  13  52  14  53  15   6  16   3  17  97  18  78  19  18 
  0  48   1  45   2  61   3  13   4  26   5  28   6  62   7  98   8   8   9  73  10  47  11  15  12  12  13  41  14  43  15  10  16  70  17  37  18  46  19  26 
  0  58   1  46   2  72   3  41   4  88   5  26   6  19   7  25   8   4   9  52  10  29  11  23  12  85  13   7  14  87  15  88  16  52  17  54  18  41  19  61 
  0  86   1  55   2  73   3  18   4  67   5  15   6  27   7  82   8  90   9  78  10  38  11  81  12  10  13  47  14  87  15  83  16  59  17  44  18  39  19  51 
  0  48   1  39   2  77   3  61   4  47   5  71   6  11   7  72   8  41   9  43  10  38  11  57  12  59  13  62  14  84  15  57  16  92  17  47  18  83  19  84 
  0  86   1  56   2  77   3  54   4  28   5  24   6  29   7  71   8   4   9  33  10  32  11  67  12  46  13  14  14  66  15  92  16  64  17  85  18  50  19  20 
  0  46   1  86   2  66   3   4   4  35   5  71   6  98   7   8   8  27   9  73  10  84  11  18  12  20  13  12  14  60  15   1  16  80  17  72  18  96  19  31 
  0  38   1  56   2  68   3  39   4  45   5  58   6  28   7  32   8  26   9  77  10  41  11  30  12  60  13  77  14  18  15  32  16  12  17  34  18  74  19  18 
  0  77   1   1   2  37   3  97   4  15   5  44   6  85   7  92   8  16   9  80  10  58  11  90  12  81  13  60  14   4  15  25  16  87  17  50  18  53  19  56 
  0  45   1  91   2  21   3  39   4  33   5  43   6  53   7   8   8  48   9  93  10  68  11  76  12   7  13  41  14  85  15  36  16  67  17  52  18  96  19  17 
  0  33   1  49   2  39   3  51   4  36   5  60   6  75   7  82   8  80   9  25  10  53  11  79  12  69  13  77  14  11  15  41  16  37  17   2  18  60  19   4 
  0  54   1  14   2  87   3  11   4  90   5  97   6  27   7  24   8  22   9  11  10   4  11  94  12  49  13  27  14  59  15   7  16  57  17  65  18  54  19  75 
  0  58   1  88   2   4   3  37   4  87   5   7   6  42   7  77   8  82   9  41  10  49  11  86  12  21  13  77  14  99  15  86  16  83  17   4  18  60  19  70 
  0  31   1  32   2  81   3  73   4  20   5  93   6  90   7  55   8  64   9  32  10  17  11  27  12  22  13  28  14  58  15  63  16  46  17  73  18  81  19  37 
  0  45   1  26   2   2   3  53   4  53   5  59   6  23   7  14   8  58   9  29  10  37  11  11  12  53  13  39  14  82  15  38  16  86  17  69  18  30  19  60 
  0  68   1  77   2  74   3  25   4  44   5  70   6  25   7  91   8  14   9  92  10   1  11  66  12  64  13  12  14  14  15  15  16  56  17  85  18  58  19  38 
  0  28   1  81   2  71   3  69   4  43   5  26   6   1   7   2   8  52   9  47  10  22  11  95  12  34  13  82  14   9  15  47  16  30  17  35  18  79  19  87 
  0  44   1  42   2  89   3  10   4  57   5  88   6  82   7   7   8   9   9  59  10  57  11  66  12  31  13  15  14   6  15  78  16  81  17  14  18  30  19  43 
  0  81   1  20   2  17   3  26   4  69   5  37   6  89   7  76   8  98   9  50  10  56  11  86  12  63  13  79  14  76  15  68  16  93  17  73  18  62  19  94 
  0  51   1  63   2  55   3   8   4  34   5  45   6  86   7  98   8   9   9  41  10  62  11  73  12  49  13  30  14  47  15  27  16   6  17  33  18  82  19  59 
  0  50   1  83   2  27   3  36   4  37   5  64   6  63   7  41   8  22   9  29  10  56  11  11  12  47  13  82  14  75  15  62  16  63  17  86  18  48  19  72 
  0  67   1  56   2  30   3  10   4  43   5  58   6  47   7  17   8  61   9  83  10  24  11  95  12  36  13  83  14  20  15  77  16  78  17  72  18  84  19  63 
  0  57   1  58   2  78   3  16   4  24   5  13   6  46   7  99   8  39   9   1  10  76  11  87  12  90  13  71  14  97  15  85  16  47  17  91  18  11  19  52 
  0  66   1  28   2  69   3  73   4  96   5  45   6  15   7   6   8  78   9  48  10   9  11  10  12   4  13  50  14  90  15   6  16  83  17  87  18  39  19  96 
  0  37   1  49   2  65   3  22   4  79   5   5   6  36   7  20   8  24   9  67  10  21  11  35  12  88  13  51  14  77  15  91  16  59  17  63  18  22  19  25 
  0  47   1  73   2  41   3  89   4   9   5  65   6  61   7  95   8  17   9  60  10  83  11   5  12  52  13  41  14   8  15  91  16  61  17  67  18  94  19  78 
  0  60   1  49   2  43   3  60   4   3   5  34   6  60   7  14   8  43   9  12  10  73  11  42  12  45  13  43  14  37  15  55  16  79  17  32  18  80  19  32 
  0  89   1  75   2  77   3  19   4  17   5  97   6  84   7  82   8  24   9  16  10  31  11  28  12  74  13  59  14  45  15  34  16  19  17  51  18  39  19  56 
  0  63   1  99   2  17   3  78   4  87   5   3   6  19   7  16   8  56   9  32  10  47  11  18  12  65  13  55  14  36  15  98  16  26  17   5  18   6  19  93 
  0  65   1  44   2  29   3  82   4  69   5  13   6  11   7  99   8  34   9  53  10  85  11   6  12   6  13  10  14  54  15   8  16  84  17   2  18  41  19  65 
  0  87   1   1   2  14   3  98   4  93   5  21   6  83   7  75   8  81   9  48  10   9  11  80  12  77  13  75  14  98  15  76  16   5  17  97  18  28  19  50 
  0  44   1  89   2  38   3  47   4  59   5  54   6   9   7  24   8  26   9  96  10  88  11  34  12  71  13  13  14   3  15  22  16   5  17  85  18  75  19  29 
  0  67   1  29   2  11   3   4   4  36   5  10   6  58   7  49   8  29   9  18  10  12  11  92  12  19  13  79  14  37  15  49  16  28  17  15  18  62  19  76 
  0  47   1  90   2  99   3  12   4  20   5  66   6  42   7   2   8  96   9  23  10  64  11  42  12  53  13  99  14  11  15   1  16  24  17  89  18  10  19  10 
  0  20   1   5   2  57   3  13   4  76   5  21   6  96   7  84   8  89   9  84  10  74  11  14  12  87  13   3  14  54  15  46  16  50  17  50  18  25  19  23 
  0   2   1   9   2  80   3  37   4  70   5  79   6  63   7  56   8   4   9  70  10  14  11  51  12  34  13  14  14  72  15   6  16  53  17  81  18  95  19  29 
  0  11   1   8   2   3   3  58   4  88   5  94   6  89   7  22   8  81   9  65  10  23  11  16  12  75  13  72  14  11  15  28  16  32  17  78  18   6  19  44 
  0  63   1   3   2  54   3  67   4  95   5  48   6  88   7  52   8  53   9  65  10  56  11  87  12  82  13  47  14  54  15  32  16  70  17  72  18  73  19  18 
  0  22   1  65   2  55   3   7   4  13   5  77   6  30   7  45   8  37   9  24  10  73  11  78  12  68  13  61  14  16  15  61  16  24  17  38  18  21  19  37 
  0  64   1   5   2   3   3  34   4  37   5  77   6  53   7  66   8  92   9  58  10  30  11  73  12   2  13  59  14   5  15  54  16  31  17  79  18  66  19   3 
  0  65   1  72   2  66   3  83   4   2   5  74   6  47   7  13   8  57   9  18  10   5  11  54  12  96  13   5  14   1  15  37  16  85  17  96  18  16  19  36 
  0  17   1  38   2  44   3  84   4  18   5  87   6  54   7  46   8  56   9  68  10  83  11  16  12  72  13  98  14   2  15  76  16  11  17  13  18  59  19  48 
  0   5   1  57   2  21   3  71   4  65   5  72   6   9   7  33   8  66   9  74  10  25  11   5  12  82  13   2  14  22  15  36  16  83  17  98  18  63  19  54 
  0  32   1  96   2  60   3  45   4  57   5  99   6  81   7  61   8   4   9  83  10  83  11  31  12  16  13  70  14  98  15  83  16  67  17  83  18  56  19  58 
  0  11   1  61   2  57   3  38   4  83   5  92   6   9   7  59   8  32   9  71  10  56  11  13  12  64  13  53  14  63  15  62  16  26  17  63  18  18  19  79 
  0  28   1  30   2  17   3  74   4  14   5  25   6   8   7  58   8  74   9  89  10  86  11  99  12  58  13  49  14  39  15  25  16  19  17  81  18  16  19  12 
  0  82   1  65   2  41   3  16   4  72   5  34   6  56   7   9   8  34   9  81  10  70  11  97  12  62  13   9  14  77  15  80  16  22  17  62  18  10  19  63 
  0  19   1  64   2  99   3  18   4  89   5  10   6  50   7  32   8  80   9  48  10  40  11  10  12  18  13  22  14  51  15  61  16  55  17  16  18  25  19   9 
  0   4   1  67   2  18   3   8   4  58   5  80   6  95   7   7   8  41   9  62  10  97  11  45  12  43  13  62  14  39  15  42  16  58  17  73  18  87  19  46 
  0  97   1  78   2  88   3  17   4  42   5  64   6  58   7  65   8  52   9  61  10  95  11  96  12  57  13  18  14  13  15  33  16  47  17  84  18  80  19  32 
  0  74   1  56   2  32   3   5   4  90   5  97   6  83   7  74   8  52   9  90  10  14  11  28  12   8  13  13  14  88  15  16  16  18  17  63  18   9  19  65 
  0  27   1  75   2  74   3  53   4  45   5  28   6  71   7  59   8  12   9  75  10  75  11  29  12  45  13  49  14  13  15  66  16  59  17   8  18  96  19  88 
  0  45   1  77   2  82   3   9   4  60   5  34   6   1   7   6   8  57   9  33  10  26  11  73  12  93  13  88  14  35  15  31  16  28  17  87  18  49  19  81 
  0  20   1  63   2  93   3  50   4  40   5  59   6  52   7   9   8  89   9  64  10  62  11  76  12  53  13  64  14  93  15  12  16  57  17  34  18   7  19  72 
  0  36   1  60   2  37   3  93   4   8   5  89   6  18   7  15   8  97   9  70  10  58  11  18  12  52  13  27  14  78  15  46  16  45  17  18  18  95  19  94 
  0  93   1  17   2  39   3  46   4  35   5  16   6  43   7  31   8  34   9  43  10  92  11  73  12   7  13  77  14  80  15  76  16  43  17  46  18  50  19   7 
  0  87   1  87   2  72   3   6   4  47   5  96   6  74   7  72   8  49   9  82  10  22  11   8  12  70  13  87  14  52  15  24  16  85  17  81  18  88  19  70 
  0  79   1  50   2  10   3  83   4  61   5  77   6  99   7  98   8  26   9   7  10  46  11   3  12  33  13  39  14  50  15  33  16  71  17  92  18  11  19  47 
  0  13   1  12   2  87   3  94   4  60   5  44   6  54   7  32   8  63   9  62  10  61  11  42  12  20  13   2  14  15  15  21  16  68  17  64  18   7  19  48 
  0  65   1  49   2  93   3  92   4  33   5  46   6  85   7  84   8  48   9   8  10   4  11  66  12  68  13  76  14  82  15  63  16  75  17  54  18  20  19  45 
  0  94   1  96   2   9   3   6   4  42   5  72   6  61   7  54   8  88   9  43  10  98  11  22  12   7  13   4  14   6  15  35  16  50  17  91  18  41  19   7 
  0  15   1  94   2  48   3  45   4  32   5  27   6  39   7  72   8  13   9  93  10  94  11  99  12  16  13  66  14  88  15  27  16  22  17  43  18   1  19  48 
  0  69   1   6   2  21   3  46   4  49   5   2   6  63   7  53   8   4   9  70  10  98  11  21  12  31  13  28  14  13  15  71  16  84  17  52  18  55  19  65 
  0  56   1  35   2  45   3  44   4  82   5  60   6  63   7  70   8   9   9  41  10  10  11  99  12  77  13  27  14  83  15  31  16  55  17   3  18  59  19  87 
  0  71   1  69   2  58   3  39   4  33   5  19   6  99   7  46   8  62   9   1  10  36  11  11  12  53  13  79  14  33  15  75  16  40  17  68  18  32  19   8 
  0  39   1  14   2  16   3  34   4  31   5  99   6  49   7  62   8  72   9   6  10  26  11   3  12  97  13  51  14  44  15   3  16  53  17  25  18  92  19   6 
  0  56   1   8   2  99   3  87   4  60   5  86   6  16   7  25   8  65   9  88  10  35  11  83  12  37  13  18  14  30  15  96  16  59  17  93  18  25  19   9 
  0  41   1   9   2  80   3  72   4  29   5  32   6  74   7  45   8  81   9  17  10  27  11  55  12   3  13  14  14  93  15  92  16  55  17  22  18  50  19  36 
  0  68   1  76   2  53   3  42   4  60   5  38   6  42   7  32   8  15   9  68  10   9  11  60  12  15  13  45  14  63  15  37  16  20  17   4  18  74  19  72 
  0  10   1  31   2   4   3  77   4  75   5  69   6  31   7  40   8  84   9  96  10  62  11  40  12  62  13  71  14  73  15  20  16  79  17  46  18  67  19  73 
  0  16   1  22   2  63   3  45   4  70   5  97   6  49   7  90   8  23   9  88  10  95  11  97  12  95  13  21  14  40  15  55  16  37  17  71  18  17  19  73 
  0  38   1  58   2   9   3  54   4  39   5  63   6  78   7  38   8  62   9  76  10  70  11  80  12  71  13  74  14  28  15  26  16  87  17  57  18  43  19  75 
  0  48   1  80   2  26   3   8   4  30   5  73   6  44   7  94   8  66   9  29  10  65  11  71  12  87  13  71  14  15  15  91  16  59  17  40  18  32  19  13 
  0  69   1  48   2  30   3  49   4  15   5  13   6  73   7  45   8  10   9  87  10  52  11  26  12   4  13  33  14  75  15  95  16  67  17  86  18  87  19  95 
  0  58   1  36   2  80   3  42   4  28   5  39   6   9   7  58   8  30   9  15  10  79  11  44  12  16  13  87  14  93  15  75  16  83  17  22  18  64  19  72 
  0  61   1  94   2  87   3  13   4  15   5  98   6  33   7  48   8  94   9  61  10  22  11  31  12  42  13  18  14  97  15  20  16  19  17  64  18  37  19  84 
  0  70   1  48   2  83   3  38   4  50   5  70   6  84   7  39   8  14   9  47  10  82  11   2  12  54  13  44  14  99  15  65  16  92  17  31  18  42  19   6 
  0  33   1   9   2  32   3  83   4  70   5  84   6  23   7  79   8  72   9  55  10  55  11  52  12  11  13  18  14  40  15   5  16  76  17  84  18  35  19  99 
  0  18   1   7   2  89   3  55   4  35   5  98   6  74   7  55   8  84   9  58  10  13  11  47  12  59  13  61  14  20  15  55  16  60  17  57  18  23  19  61 
  0  36   1  11   2   8   3  18   4  44   5  48   6  41   7  14   8  47   9  11  10  40  11  58  12  29  13  23  14  56  15  85  16  53  17  67  18  23  19  53 
  0  68   1  73   2   1   3  75   4  22   5  28   6  41   7  72   8  27   9   5  10  10  11  76  12  69  13   3  14  26  15  77  16  80  17  65  18  68  19  79 
  0  21   1  27   2  37   3  98   4  73   5  73   6  90   7  63   8  96   9  62  10  95  11  80  12  60  13  38  14  76  15   4  16  82  17  37  18  43  19  31 
  0  15   1  35   2  25   3  91   4  63   5  74   6  33   7  62   8  38   9  46  10  50  11  23  12  66  13  81  14  34  15   9  16  60  17  87  18  22  19  87 
  0   5   1   2   2   1   3  87   4  40   5  33   6  45   7  49   8  25   9  57  10  51  11  78  12  21  13  54  14   4  15  94  16   8  17   3  18  51  19  40 
  0  93   1  54   2   7   3  46   4  51   5   7   6  55   7  87   8  99   9  59  10  77  11  97  12  20  13  78  14  79  15  90  16  17  17  66  18  27  19  16 
  0   7   1  64   2   6   3  86   4  45   5  69   6   6   7  88   8  67   9  59  10  57  11  42  12  50  13  77  14  68  15  82  16  57  17  81  18  55  19  87 
  0  26   1  99   2  45   3  14   4  72   5  72   6  74   7  14   8  75   9   2  10  44  11  94  12  20  13  65  14  99  15  47  16  70  17  42  18  49  19  42 
  0  16   1  96   2  13   3  64   4  87   5  34   6  47   7   5   8  96   9  14  10  89  11  43  12  23  13  33  14  74  15  65  16  79  17  26  18  85  19   8 
  0  12   1  12   2  56   3  17   4  44   5  31   6  16   7  66   8  51   9  76  10  28  11  83  12  35  13  58  14  96  15  23  16  11  17  98  18  76  19  37 
  0   7   1  22   2  23   3  70   4  36   5  44   6  77   7  20   8  21   9  34  10  38  11  84  12  88  13  79  14  64  15  77  16  51  17  99  18  45  19  14 
  0  38   1  18   2   6   3  55   4  39   5  10   6  40   7  82   8  89   9  59  10  63  11  56  12   8  13  18  14  94  15  50  16  42  17  42  18   4  19  23 
  0  20   1  47   2  26   3  76   4  59   5  51   6   7   7  74   8  26   9  78  10  22  11  36  12  54  13  93  14  11  15  77  16  86  17  90  18  20  19   1 
  0  60   1  83   2  84   3   1   4  66   5  75   6  20   7  23   8  68   9  88  10  54  11   5  12  52  13   7  14   7  15  18  16  21  17   7  18  56  19  52 
  0  88   1  74   2  68   3  43   4  42   5  44   6  72   7  36   8  39   9  37  10  65  11  86  12  95  13  62  14  26  15  51  16  85  17  87  18  72  19  98 
  0  67   1  18   2  12   3  63   4  78   5  39   6  36   7  95   8  12   9  22  10  29  11  79  12  56  13   5  14  73  15  11  16  54  17  23  18  79  19  86 
  0  52   1  34   2  11   3   6   4  85   5  98   6  96   7  65   8  29   9  83  10  36  11   7  12  81  13  37  14  98  15  80  16  52  17  16  18  39  19  18 
  0  14   1  76   2  20   3  43   4  86   5  29   6  50   7  93   8  19   9  61  10  34  11  23  12  87  13  50  14  81  15  45  16  78  17  45  18   3  19  75 
  0  97   1  29   2  74   3  44   4  20   5  24   6  86   7  30   8  46   9  62  10  71  11  18  12   1  13  67  14  90  15  32  16  18  17  58  18   9  19   3 
  0  54   1  34   2  41   3  57   4  98   5  22   6   3   7  88   8  15   9  69  10  45  11  36  12   9  13  41  14  20  15  56  16  39  17  83  18  52  19  50 
  0  60   1  32   2  21   3   2   4  24   5  83   6  49   7  15   8  39   9  51  10  16  11  69  12  17  13  29  14  88  15  93  16  57  17  23  18  59  19  15 
  0  87   1  72   2  72   3  49   4  60   5  88   6  75   7  91   8  17   9  98  10  36  11  27  12  70  13  35  14  21  15   6  16  14  17  61  18  51  19  29 
  0  92   1  58   2  27   3  76   4  15   5  70   6  25   7  95   8   2   9  27  10  94  11  67  12  65  13  31  14  37  15  33  16  25  17  69  18  77  19  68 
  0   5   1  80   2  32   3  72   4  25   5  75   6  29   7  51   8  58   9  12  10  38  11  68  12  49  13   2  14  64  15  65  16  73  17  53  18  64  19  96 
  0  20   1   7   2   7   3  62   4  88   5  27   6  56   7  40   8  49   9   8  10  14  11   9  12  17  13  43  14  14  15  40  16  28  17  64  18  77  19  29 
  0  83   1  47   2   3   3  96   4   5   5  96   6  70   7  22   8  83   9  43  10  23  11  49  12   1  13  17  14   8  15  63  16  59  17  49  18  16  19  59 
  0  98   1  17   2   1   3  59   4  20   5  12   6  78   7  90   8  23   9  67  10   1  11   5  12  61  13  40  14  17  15  98  16  87  17  87  18  27  19  71 
  0  30   1  59   2  21   3  69   4  89   5  94   6  75   7  11   8  84   9  61  10  41  11  71  12  48  13  97  14  31  15  33  16  11  17  77  18   5  19  90 
  0  46   1  61   2  61   3  49   4  57   5   1   6   7   7  38   8  59   9  30  10  70  11  14  12   6  13   5  14  99  15  42  16  75  17  56  18  90  19   7 
  0  49   1  95   2  22   3  55   4  56   5  45   6  47   7  65   8  97   9  71  10  23  11  78  12   7  13  88  14  84  15  71  16   8  17  21  18  45  19  66 
  0  19   1  89   2  76   3  69   4  58   5  72   6  80   7  24   8  52   9  35  10  27  11  55  12   1  13  69  14  36  15  64  16  29  17  68  18  70  19  34 
  0  31   1  52   2  44   3  22   4   7   5  82   6  87   7  41   8  43   9  28  10  49  11  12  12  48  13  38  14   8  15  75  16  99  17  54  18  94  19  46 
  0  98   1  75   2  61   3  27   4  50   5  48   6  61   7   2   8  83   9  75  10  80  11   8  12  17  13  91  14  37  15  14  16  92  17  27  18  16  19  92 
  0   2   1  77   2  58   3  37   4  37   5  76   6  29   7  50   8   3   9  24  10  66  11  41  12  45  13  69  14  75  15  68  16   1  17  15  18  84  19  22 
  0  39   1  90   2  15   3  49   4  73   5  13   6  53   7  70   8  79   9  29  10  29  11  42  12  79  13  35  14  58  15  35  16  40  17  30  18  55  19  27 
  0   3   1  74   2  44   3  47   4  40   5  78   6  80   7   4   8  77   9  81  10  68  11  94  12  67  13  32  14  62  15  56  16  14  17  79  18  73  19  90 
  0   3   1   9   2  96   3  88   4  73   5  70   6  91   7  42   8  23   9  94  10   7  11  87  12   8  13  71  14  30  15  60  16  31  17  26  18  45  19  81 
  0  25   1  81   2  80   3  70   4  16   5  14   6  18   7  67   8  96   9  47  10   2  11  74  12   1  13  21  14  36  15  63  16  64  17  64  18  24  19  86 
  0  88   1  27   2  41   3  84   4  64   5  67   6  58   7  74   8  62   9  52  10  17  11  55  12  98  13  76  14  84  15  10  16  53  17  71  18  18  19  37 
  0  20   1  21   2  85   3   2   4  95   5   9   6  70   7  65   8  97   9  45  10  96  11   8  12  76  13  98  14  50  15  27  16  12  17  38  18   2  19  53 
  0  22   1  32   2  20   3  31   4  49   5  11   6   8   7  74   8  81   9  89  10  25  11  77  12   6  13  96  14  86  15  86  16  54  17  41  18  98  19  53 
  0  72   1  50   2  85   3   1   4  16   5  92   6   1   7  39   8  77   9  49  10   5  11  71  12  33  13  72  14  95  15  42  16  82  17  39  18  23  19  18 
  0   1   1  33   2  51   3  20   4  47   5  16   6  64   7  93   8  69   9  47  10  76  11  36  12   4  13  25  14  26  15  51  16  72  17  36  18  27  19  30 
  0  55   1  69   2  15   3  84   4  50   5  57   6  90   7  22   8  87   9  49  10  62  11  21  12  20  13  20  14  68  15  19  16  37  17   1  18  88  19  63 
  0  35   1   6   2  35   3   7   4  35   5  68   6  41   7  89   8   5   9  58  10  49  11  45  12  63  13  56  14  83  15  56  16  88  17  52  18  86  19  75 
  0  40   1  89   2  84   3  57   4  57   5  58   6   2   7  30   8  55   9  67  10  19  11  94  12  38  13  47  14  43  15  87  16  39  17  73  18  83  19  79 
  0  19   1  70   2  23   3  68   4  67   5  94   6   2   7   6   8  92   9  54  10  67  11  87  12  19  13  97  14   4  15  21  16  15  17   3  18  43  19  59 
  0  78   1  51   2  63   3  74   4  32   5  30   6  66   7  48   8  19   9  69  10  78  11  94  12  28  13  13  14  12  15  57  16  47  17  29  18  74  19  94 
  0  19   1  75   2  69   3  74   4  33   5  32   6  67   7  72   8  30   9  56  10  28  11  94  12  68  13  93  14  96  15  15  16  75  17  97  18  90  19  80 
  0  86   1  36   2  91   3  34   4  20   5  89   6   8   7  63   8   4   9   4  10  43  11  63  12  86  13  43  14  88  15   7  16  44  17  68  18  85  19  95 
  0  34   1  41   2  85   3  53   4  32   5  36   6  42   7  98   8  41   9  59  10  82  11  94  12  64  13   1  14  90  15  94  16  64  17  92  18  67  19  91 
  0  81   1  48   2  43   3  70   4  40   5   4   6  57   7  62   8   2   9  60  10  55  11  70  12  52  13  64  14  73  15  57  16   5  17  51  18  56  19  67 
  0  41   1  25   2  46   3  43   4  81   5  12   6  25   7  24   8  28   9  34  10  49  11  67  12  64  13  80  14  47  15  52  16  18  17   1  18  67  19  41 
  0  84   1  25   2  79   3   4   4  13   5  26   6  99   7  75   8  44   9  11  10  20  11  43  12  16  13  97  14  86  15  98  16  56  17  75  18  21  19  77 
  0  21   1  32   2  83   3   4   4  99   5  72   6  48   7  73   8  59   9  94  10  84  11  88  12  93  13  31  14  44  15  16  16  48  17  67  18  58  19  57 
  0  90   1  86   2  99   3  12   4  23   5  70   6  62   7  18   8   2   9  59  10  66  11  64  12  30  13  27  14  11  15  21  16  19  17  95  18  82  19  84 
  0  94   1  35   2  28   3  99   4  79   5  34   6  15   7  87   8  86   9  47  10  94  11  54  12   7  13  72  14  50  15  28  16  71  17  86  18  60  19  55 
  0  30   1  25   2  68   3   8   4  69   5  23   6  47   7  13   8  13   9  44  10  92  11  80  12  51  13  36  14  11  15  19  16  67  17  78  18  38  19  45 
  0  94   1  92   2  47   3  62   4  71   5  35   6  70   7  73   8  31   9  67  10  15  11  13  12  72  13   7  14  37  15  18  16  19  17  75  18  70  19  48 
  0   7   1  36   2  27   3  50   4  10   5   3   6  21   7  91   8  28   9  34  10  59  11  10  12  99  13   4  14  34  15  47  16  22  17  16  18  90  19  55 
  0  62   1  31   2  68   3  42   4  34   5  97   6  12   7  63   8  23   9  70  10  28  11  33  12  92  13  66  14  58  15  62  16  76  17   7  18  17  19  40 
  0  10   1  16   2  21   3  93   4  28   5  31   6  98   7  18   8  30   9  66  10  81  11  23  12   8  13  91  14  37  15  70  16  59  17  14  18  51  19  71 
  0  16   1  50   2  50   3  53   4  41   5  75   6  63   7  75   8  65   9  97  10  80  11  11  12  37  13  91  14   5  15  13  16  68  17  82  18  74  19  47 
  0  33   1  68   2  50   3  12   4  61   5  37   6  74   7  25   8  37   9  59  10  52  11  14  12  60  13  58  14  49  15   5  16  88  17  15  18  85  19  75 
  0  20   1  78   2  42   3  20   4  37   5  66   6  45   7  74   8  88   9   6  10  74  11   5  12  88  13  42  14  27  15  29  16  62  17  50  18  78  19  99 
  0  53   1  21   2  34   3   8   4  39   5  48   6  84   7  69   8  39   9  44  10  30  11  71  12  61  13  10  14  48  15  78  16  51  17  47  18  60  19  71 
  0  33   1   3   2   8   3  38   4  92   5  53   6  69   7  53   8  81   9  26  10  54  11  45  12  93  13  72  14  14  15  70  16  49  17   5  18  56  19  21 
  0  61   1  11   2  97   3  55   4  46   5  83   6  26   7   7   8  73   9  94  10  80  11  61  12  57  13  41  14  87  15  57  16  22  17  86  18   7  19  13 
  0   2   1  62   2  31   3  31   4  81   5  56   6  66   7  59   8  98   9  46  10  85  11  21  12   3  13  52  14  75  15  27  16  98  17  19  18  78  19   4 
  0  69   1  34   2  25   3  70   4  55   5  96   6   7   7   5   8  65   9  96  10  48  11  89  12  65  13  41  14  97  15  31  16  62  17  24  18  17  19  79 
  0  73   1  33   2  83   3  42   4  84   5  40   6  59   7  41   8  56   9  41  10  59  11   8  12  66  13   9  14  92  15  21  16  98  17  83  18  36  19  59 
  0  93   1  25   2  37   3  45   4  15   5  68   6   9   7  13   8  25   9  67  10  99  11  98  12  22  13  47  14  51  15  95  16   6  17  61  18  96  19  74 
  0  79   1  69   2  80   3  38   4  72   5  25   6   1   7  73   8  58   9  91  10  85  11  38  12  39  13  14  14  30  15  74  16  43  17  40  18   3  19  23 
  0  85   1  30   2  99   3  74   4  85   5   7   6  20   7  69   8   7   9  77  10  62  11  15  12   2  13  45  14  41  15  19  16  40  17   5  18  93  19  69 
  0  70   1  60   2   9   3  61   4  62   5  15   6  34   7   4   8  10   9  48  10  88  11  74  12  47  13  48  14  92  15  24  16  50  17  75  18  18  19  59 
  0  57   1  39   2  84   3  70   4  46   5  81   6  93   7  74   8  84   9   6  10  31  11  43  12  12  13  54  14  19  15  95  16  38  17  20  18  29  19  96 
  0  75   1  43   2  83   3  83   4  24   5  68   6  83   7  63   8  69   9  82  10  82  11  50  12  79  13  49  14   4  15  47  16  31  17  42  18  81  19  90 
  0  65   1  10   2  97   3  46   4  11   5  84   6  92   7  18   8  56   9  93  10   4  11  17  12  67  13  88  14  49  15  22  16  22  17  31  18  55  19  38 
  0  10   1  12   2  60   3  41   4  26   5  63   6  72   7  92   8  29   9  61  10  21  11  71  12  56  13  26  14  81  15  83  16  26  17  75  18   3  19  39 
  0  47   1  36   2  54   3  66   4   9   5  46   6  55   7  44   8  54   9  53  10  19  11   4  12  89  13  50  14   6  15  81  16  12  17  29  18  85  19  90 
  0  18   1   8   2  45   3  96   4  16   5  35   6  35   7  43   8  46   9  67  10  23  11  66  12  77  13  38  14  95  15  18  16  68  17  12  18  74  19  72 
  0  78   1  80   2  45   3  51   4  42   5  22   6   4   7  95   8  14   9  64  10  65  11  53  12  98  13  82  14  33  15  83  16  68  17   8  18  47  19  70 
  0  80   1   9   2  22   3  35   4  37   5  34   6  70   7  19   8  35   9   2  10  79  11  89  12  62  13  22  14  78  15  49  16  41  17  35  18  40  19  26 
  0  70   1  25   2  35   3  38   4  96   5  68   6  44   7  19   8  51   9  35  10  57  11  55  12  49  13  40  14  35  15  76  16  96  17  66  18  45  19  29 
  0  51   1  70   2  30   3  91   4  42   5  42   6  83   7  18   8  96   9  53  10  28  11  44  12  83  13  80  14  26  15   9  16  31  17  20  18  11  19  15 
  0  22   1  46   2  94   3  46   4   8   5  94   6  30   7  28   8  18   9  43  10  29  11  38  12   7  13  13  14  98  15  48  16  11  17  92  18  15  19  66 
  0  95   1  13   2  84   3  57   4  32   5  35   6  37   7  33   8  34   9  20  10  72  11  14  12  22  13   1  14  63  15  89  16  67  17  89  18  70  19  94 
  0  74   1  51   2  60   3  58   4  87   5  93   6  79   7  68   8  49   9  76  10  97  11  58  12   4  13  31  14  50  15  49  16  68  17  10  18  33  19  48 
  0  14   1   5   2  84   3   3   4  41   5  75   6  22   7  51   8  28   9  84  10  20  11  63  12  87  13  18  14  59  15  15  16  50  17   9  18  72  19  23 
  0  67   1  72   2  44   3  19   4  40   5  71   6  72   7  68   8  97   9  98  10  17  11  64  12  74  13  32  14  28  15   7  16  19  17   4  18  88  19   8 
  0  88   1  71   2  12   3  15   4  32   5  94   6  56   7   6   8  91   9  90  10  65  11  56  12  99  13   4  14  44  15  97  16  59  17  21  18  54  19  84 
  0  64   1  30   2  33   3  68   4  16   5  58   6  80   7  50   8  29   9  33  10  68  11  45  12  18  13  50  14  71  15  15  16  88  17  55  18  59  19  14 
  0  14   1  49   2  36   3  68   4  82   5  57   6  57   7  69   8  54   9   8  10  83  11  93  12  40  13  61  14  90  15  41  16  63  17  16  18  94  19   4 
  0  62   1  82   2   4   3  76   4  35   5  36   6  21   7  55   8  30   9  55  10  57  11  27  12  44  13  75  14  21  15  79  16  36  17  10  18  90  19  86 
  0  34   1  67   2  34   3  93   4  99   5  77   6  43   7  97   8  78   9  93  10  21  11  64  12  95  13  91  14  34  15  21  16  57  17  18  18  56  19  40 
  0  20   1  11   2  37   3   5   4  52   5   1   6  13   7   8   8  92   9  80  10  76  11  32  12  60  13  25  14  77  15  77  16  44  17  35  18  13  19  16 
  0  21   1  22   2  74   3  84   4  18   5  52   6  63   7  81   8  13   9  82  10  65  11  51  12  37  13  25  14  48  15  96  16  64  17  14  18  47  19  91 
  0  33   1   5   2  57   3  92   4  86   5  68   6  42   7  99   8   8   9   9  10  83  11  77  12  21  13  26  14  69  15  55  16   4  17  88  18  76  19  60 
  0  99   1  93   2  18   3  23   4  83   5  24   6   2   7  44   8   6   9  76  10  42  11   8  12  59  13  90  14  35  15  59  16  85  17  48  18  49  19  58 
  0  13   1  41   2  89   3   4   4  48   5  30   6  13   7  76   8  24   9  58  10  21  11  71  12  85  13  13  14  17  15  67  16  99  17  80  18  23  19  78 
  0  50   1  62   2   7   3  23   4  52   5  31   6  71   7  86   8  45   9  19  10  56  11  81  12  50  13  39  14  80  15  43  16  21  17  61  18  42  19  87 
  0  85   1  76   2  83   3  98   4  79   5  20   6   1   7  81   8  36   9  30  10  34  11  49  12  22  13  12  14  53  15  82  16  24  17  96  18  13  19  93 
  0  68   1  64   2  31   3  95   4  60   5  76   6   2   7  36   8  46   9  52  10  13  11  72  12  25  13  72  14  77  15  52  16  50  17  78  18  19  19  44 
  0  80   1  11   2  87   3  56   4  52   5  70   6  93   7  32   8  89   9  16  10  55  11  27  12  62  13  86  14  26  15  23  16  89  17  80  18  73  19  31 
  0  27   1   6   2  99   3  94   4  62   5  11   6   7   7  33   8  42   9  65  10  78  11  33  12  17  13  35  14  83  15  44  16  55  17  50  18  49  19  89 
  0  48   1  73   2  78   3  36   4  88   5   2   6  47   7  12   8  38   9  73  10  43  11  25  12  90  13  39  14  66  15  92  16  19  17  67  18  29  19  53 
  0  79   1   8   2  12   3   7   4  16   5  22   6  95   7  30   8  24   9  63  10  55  11  35  12  69  13  82  14  82  15  13  16  64  17  47  18  81  19  28 
  0  93   1  71   2  60   3  83   4  37   5  13   6  86   7  14   8  56   9  43  10  69  11  13  12  66  13  29  14  84  15  95  16  68  17  86  18  28  19  81 
  0  59   1  73   2  35   3  49   4  97   5  50   6  93   7  43   8  61   9  67  10  67  11  17  12  84  13  23  14  44  15  32  16  10  17  44  18  83  19   6 
  0   8   1  14   2  60   3  21   4  77   5  18   6  28   7  39   8  88   9  23  10  99  11  19  12  55  13  60  14  68  15   8  16  27  17  65  18  73  19  49 
  0  98   1  81   2  77   3  64   4  11   5  81   6  11   7  79   8  87   9  47  10  60  11  45  12  37  13  78  14  24  15  50  16  58  17  98  18  92  19  81 
  0  52   1  65   2  16   3  44   4  49   5  37   6  36   7  14   8  42   9   6  10  51  11  62  12  61  13  43  14   3  15   4  16  57  17  40  18  22  19  92 
  0  81   1  24   2  78   3  64   4  87   5  91   6  21   7  51   8  61   9   2  10  62  11  77  12  51  13  59  14  90  15  39  16  17  17  79  18  95  19  92 
  0  69   1  42   2  58   3  64   4  44   5  30   6  97   7  83   8  51   9  25  10  86  11  31  12  29  13  68  14  64  15  50  16  16  17  88  18  39  19  55 
  0  34   1  49   2  52   3  80   4  30   5  38   6  49   7  73   8   5   9  49  10  96  11  89  12  31  13  21  14  95  15  38  16  77  17  52  18  90  19  36 
  0   4   1  79   2  24   3  95   4  47   5  15   6  51   7  87   8  73   9  23  10  73  11  41  12   3  13  99  14  11  15  38  16  42  17  14  18  44  19  91 
  0  46   1  66   2  90   3  31   4  44   5  63   6  25   7  92   8  63   9  77  10  83  11   9  12  97  13  43  14  95  15  23  16  99  17  74  18   7  19  82 
  0  46   1  16   2  55   3  53   4  93   5  52   6   5   7  21   8  70   9   3  10  83  11  31  12  26  13  47  14  39  15  86  16  78  17  91  18   8  19  55 
  0  84   1  73   2  12   3  19   4  81   5  93   6   1   7  59   8  43   9  13  10  64  11  71  12   8  13  69  14  36  15  67  16  46  17  80  18  19  19  19 
  0  11   1  13   2  15   3  73   4  82   5  73   6   6   7  34   8  81   9  36  10  78  11  37  12  53  13  57  14  33  15  82  16  54  17  87  18  70  19  69 
  0  85   1  33   2  56   3  29   4  49   5  38   6  50   7  67   8  68   9  23  10  52  11  77  12  52  13  43  14  15  15   1  16  21  17  82  18  69  19  26 
  0  34   1   9   2  10   3  28   4  17   5  94   6  60   7  79   8  70   9  20  10  78  11  66  12  85  13  36  14  97  15  80  16  57  17  16  18  17  19  49 
  0  38   1  16   2  74   3   2   4  85   5  31   6  72   7  62   8  42   9  32  10  23  11  40  12  18  13  67  14  14  15  86  16  80  17  74  18  21  19  26 
  0  72   1  98   2  41   3  62   4  62   5  83   6  26   7  33   8  40   9  40  10  49  11  16  12   3  13  56  14  41  15  77  16  35  17  93  18  60  19  68 
  0  99   1  64   2  86   3  52   4  61   5  44   6   8   7  87   8  52   9  49  10  45  11   3  12   3  13  71  14  24  15  51  16  32  17  82  18  82  19  84 
  0   4   1   3   2  86   3  70   4  83   5  98   6  66   7  82   8  26   9  48  10  13  11  62  12  29  13  89  14  59  15   1  16  38  17  47  18  33  19  32 
  0  90   1  63   2  42   3  62   4  64   5   2   6  56   7  11   8  48   9  57  10   2  11  32  12  16  13  38  14  42  15  15  16  27  17  53  18  66  19  24 
  0  77   1  35   2  14   3  51   4  80   5  97   6  88   7  71   8  84   9  69  10   6  11  21  12  99  13  25  14  38  15  52  16  45  17  60  18  57  19  77 
  0  60   1  56   2  24   3  36   4  64   5  13   6  46   7  51   8  33   9  84  10  95  11  13  12  14  13  79  14  79  15   6  16  71  17  76  18  79  19  46 
  0  41   1  39   2  22   3  30   4  65   5  56   6  91   7  43   8  15   9  85  10  15  11  73  12  45  13  59  14   4  15  52  16  72  17   4  18  25  19  79 
  0  99   1  40   2  67   3  71   4  84   5  69   6  28   7  19   8  21   9  46  10  20  11  62  12  62  13  68  14  84  15  36  16  97  17   7  18   8  19  90 
  0  47   1  13   2  49   3  24   4  54   5   4   6  18   7  98   8  65   9  28  10  59  11  23  12  42  13  23  14  24  15  40  16  75  17  93  18  71  19  19 
  0  51   1   5   2  46   3  91   4  41   5  58   6   3   7  61   8  13   9  86  10  25  11   1  12  95  13  50  14   4  15  23  16  62  17  82  18  83  19   6 
  0  11   1  97   2  46   3  23   4   4   5  71   6  41   7  75   8  32   9  13  10  63  11  97  12  19  13  86  14  54  15  50  16   7  17  27  18  73  19  28 
  0  12   1  67   2  42   3  15   4  46   5  35   6  94   7  17   8  76   9  65  10  89  11  41  12  30  13  60  14  26  15  34  16  12  17  67  18  59  19  91 
  0  55   1  87   2  77   3  17   4  12   5  91   6  23   7  48   8  18   9  62  10   1  11  21  12  88  13  15  14  73  15  76  16  74  17  36  18  37  19  31 
  0  15   1  89   2  46   3  54   4  33   5  31   6  87   7  77   8  36   9  23  10  88  11   1  12  28  13  13  14  24  15  75  16  60  17  74  18  92  19  84 
  0  23   1  14   2  16   3  25   4  32   5  40   6  14   7  25   8  99   9  23  10  83  11  55  12   8  13  88  14  70  15  45  16  69  17  11  18  98  19  24 
  0   8   1  41   2  17   3   5   4  77   5  68   6  97   7  68   8  34   9  58  10  85  11  21  12  70  13  56  14  41  15  96  16   7  17  18  18  87  19  26 
  0  95   1  59   2  80   3  90   4  40   5  19   6  59   7  20   8  27   9  15  10  58  11  69  12  39  13  94  14  62  15   5  16   9  17  13  18  32  19  57 
  0  94   1  43   2  62   3  73   4   9   5  99   6  47   7  64   8  25   9   8  10  24  11  41  12  42  13  87  14   4  15  17  16  90  17  96  18  90  19  53 
  0  17   1  18   2  41   3  52   4  71   5  32   6  59   7  44   8  72   9  39  10  76  11  51  12  48  13  45  14  59  15  18  16  69  17  20  18  73  19  58 
  0  96   1  31   2  52   3   9   4  20   5  98   6  10   7  76   8  97   9  70  10  37  11  33  12  30  13  23  14   7  15  67  16  45  17  29  18  31  19  99 
  0  51   1  46   2  44   3  89   4  30   5  87   6  60   7  90   8  88   9  38  10  70  11  58  12  31  13  20  14   7  15  85  16  71  17  97  18  26  19  67 
  0  76   1  93   2  73   3  14   4  43   5  50   6  26   7  22   8  16   9  97  10  93  11  59  12  51  13  27  14  89  15  49  16  76  17  97  18  66  19  59 
  0  35   1  76   2  83   3  90   4  37   5  45   6  97   7  73   8  43   9  32  10  63  11  21  12  64  13  81  14  30  15  42  16  72  17  61  18  75  19   1 
  0  13   1  24   2   9   3  35   4  52   5  48   6  62   7  31   8   4   9  39  10  60  11  62  12  11  13  16  14  29  15   2  16  53  17  77  18  20  19  85 
  0  69   1  21   2  17   3  48   4  56   5  44   6   6   7   3   8  94   9  82  10  88  11  94  12   1  13  60  14  21  15  61  16  52  17  50  18  69  19  29 
  0  27   1  39   2  95   3  17   4  28   5  86   6  98   7  84   8  35   9  75  10  92  11  69  12  11  13  61  14  85  15  19  16  29  17  39  18  58  19  79 
  0  18   1  16   2  66   3  52   4  50   5  65   6  81   7   5   8  60   9  73  10  86  11  64  12  76  13  29  14  37  15  98  16  36  17  83  18  39  19  16 
  0  16   1  94   2  86   3  39   4  99   5  19   6  11   7  95   8  56   9   3  10  78  11  25  12  29  13  28  14  67  15  46  16   4  17  82  18  23  19  86 
  0  57   1  82   2  83   3  32   4  74   5  68   6  45   7  64   8   8   9  12  10  42  11  72  12  74  13  91  14  64  15  77  16  22  17  89  18  11  19  63 
  0   2   1  98   2  34   3  22   4  84   5  20   6  72   7  65   8  74   9  47  10  98  11  21  12  42  13  38  14  65  15  73  16  38  17  21  18  13  19   1 
  0  34   1  76   2  24   3  34   4  99   5  35   6   7   7  11   8  86   9   6  10  56  11  60  12  27  13  53  14  13  15  32  16  82  17  17  18  87  19  31 
  0  91   1  37   2  12   3  57   4  61   5  51   6  43   7   2   8  47   9  14  10  18  11  42  12  78  13  30  14  82  15  89  16  56  17  52  18  42  19  80 
  0  73   1  64   2  98   3  78   4   3   5  28   6  56   7  94   8  83   9  83  10  46  11  97  12  95  13   5  14  95  15  26  16  59  17  11  18  51  19  45 
  0  36   1  22   2  82   3  86   4   4   5  85   6  58   7  49   8  28   9  70  10  58  11  38  12  36  13  65  14  47  15  88  16  29  17   4  18  90  19  18 
  0  54   1  97   2  60   3  32   4  16   5  46   6  98   7  15   8  44   9  35  10  65  11  65  12  35  13  39  14  86  15  75  16  33  17   4  18  64  19   8 
  0   4   1  44   2  19   3  54   4  30   5  23   6  19   7  68   8  93   9  54  10  22  11  22  12  69  13  34  14  61  15  73  16  64  17  23  18  75  19  79 
  0   5   1  83   2  88   3  81   4   3   5  27   6  13   7  10   8  15   9  33  10  17  11  87  12  78  13  74  14  12  15  94  16  34  17  85  18  95  19  77 
  0  65   1  43   2  75   3  78   4  87   5  38   6  38   7  70   8  60   9  44  10   7  11  98  12  46  13   5  14  20  15  10  16  60  17  47  18  91  19  56 
  0  90   1  50   2  76   3  60   4  38   5   2   6  96   7  47   8  39   9  93  10  74  11  51  12  75  13  79  14  41  15  40  16  37  17  81  18  58  19  68 
  0  47   1  74   2   8   3  43   4  77   5  24   6  68   7  18   8  44   9  24  10  84  11  97  12  78  13  52  14  47  15   5  16  42  17  82  18   6  19  38 
  0  92   1  67   2  40   3  96   4  41   5  17   6  83   7  47   8  79   9  24  10  55  11  97  12  75  13   1  14  64  15  89  16  33  17  42  18  67  19  14 
  0  74   1  31   2  24   3  58   4  82   5  66   6  55   7  19   8  47   9  92  10  89  11  25  12   6  13  15  14  24  15   2  16  71  17  55  18  30  19  66 
  0   4   1  67   2   7   3   4   4  45   5  39   6  43   7  85   8   4   9  31  10  13  11  16  12  95  13  53  14  55  15  87  16  95  17  97  18  50  19  35 
  0  45   1  33   2   8   3  93   4  33   5  96   6  72   7  90   8  71   9   6  10  96  11  31  12  30  13  47  14  93  15  46  16  60  17  67  18  84  19  39 
  0  28   1  40   2  63   3  29   4  59   5  11   6  87   7  16   8  88   9   3  10  34  11  91  12  19  13  48  14  46  15  29  16  76  17  53  18  89  19  30 
  0  13   1  85   2  12   3  57   4  39   5  16   6  67   7  84   8  64   9  47  10  63  11   5  12  94  13  96  14  75  15  43  16  62  17  32  18  45  19  66 
  0  38   1  92   2  74   3  39   4  30   5  92   6   6   7  89   8  56   9  78  10  19  11  83  12  96  13  38  14   2  15  54  16  23  17  26  18   6  19  79 
  0   3   1  64   2  23   3  79   4  36   5   2   6  68   7  74   8  20   9  36  10  57  11  27  12  64  13  30  14  81  15  80  16  16  17  22  18  29  19  74 
  0  16   1  57   2  92   3  97   4  68   5   6   6  23   7  19   8  51   9  93  10  94  11  12  12  59  13  93  14  45  15  53  16  17  17  74  18  83  19  87 
  0  10   1   6   2  47   3   9   4  95   5  76   6  21   7  21   8  66   9  79  10  95  11  27  12  14  13  62  14  65  15  85  16  78  17  50  18  72  19  62 
  0  38   1  60   2  67   3  61   4  39   5  58   6   4   7  42   8  81   9  42  10  48  11  91  12  90  13  43  14  68  15  96  16   1  17  68  18  15  19  37 
  0  11   1  59   2  75   3  70   4  85   5  55   6  59   7   2   8   6   9  35  10  98  11  98  12   8  13   8  14  97  15  69  16  12  17  57  18  55  19  95 
  0  52   1  10   2  75   3  81   4  43   5  10   6  29   7  49   8  44   9  95  10  87  11  12  12  57  13  81  14   6  15  68  16  17  17  80  18  56  19  12 
  0  21   1   9   2  42   3  10   4  66   5   5   6  84   7  90   8  10   9  11  10  87  11  13  12  58  13  94  14  67  15  68  16  27  17  73  18  23  19  81 
  0  35   1  49   2  92   3  52   4  32   5  32   6  42   7  34   8  40   9  18  10  13  11  54  12  10  13  47  14  56  15  61  16  86  17  91  18  51  19  94 
  0  45   1  92   2  98   3  68   4  14   5  81   6  84   7  22   8  39   9  99  10  27  11  50  12  39  13  52  14  69  15  19  16  25  17   7  18  77  19   7 
  0  84   1  87   2  11   3  11   4  39   5  67   6  74   7   3   8  73   9  22  10  66  11  25  12  74  13  12  14  56  15  14  16  86  17   9  18  23  19  78 
  0  75   1  15   2  70   3  28   4  61   5  46   6   7   7  12   8  12   9  53  10  43  11  64  12  20  13  87  14   2  15  40  16  41  17  88  18  29  19  12 
  0  93   1  76   2  26   3  46   4  22   5  81   6  36   7  97   8  54   9  89  10  85  11   6  12  38  13  91  14  23  15  74  16  82  17  85  18  71  19  35 
  0  91   1  52   2  83   3  51   4  11   5  14   6  93   7   8   8  94   9  94  10   2  11  58  12  89  13  83  14   1  15  69  16  76  17  83  18  43  19  29 
  0  75   1  84   2  83   3  88   4  12   5  71   6  85   7  57   8  34   9  66  10  96  11  53  12  24  13  79  14  65  15  29  16  21  17  52  18  80  19  65 
  0  24   1  42   2  68   3  35   4  85   5  86   6  92   7  45   8  62   9  56  10  54  11  36  12  99  13   3  14  40  15   1  16  20  17  30  18  15  19  69 
  0  53   1  94   2  65   3  64   4  17   5  21   6   8   7  52   8  78   9  68  10  53  11  30  12  35  13  77  14  20  15  36  16  30  17  54  18  78  19  51 
  0  55   1  34   2  28   3  68   4  65   5  89   6   9   7  40   8  51   9  17  10  45  11  14  12  90  13  26  14  57  15  17  16  64  17  31  18  24  19  34 
  0  83   1  13   2  48   3  59   4  44   5  96   6  57   7  20   8  66   9  96  10  64  11  52  12  85  13  87  14  94  15  92  16  59  17  94  18  95  19  25 
  0  76   1  97   2   4   3  11   4  81   5  13   6  39   7  94   8  73   9  42  10  59  11   5  12  95  13  80  14  98  15   7  16  21  17  78  18   9  19  35 
  0  80   1  56   2  38   3  85   4  31   5  95   6  96   7  79   8  96   9  20  10  37  11  96  12  60  13  60  14  94  15  65  16  16  17  53  18  91  19  11 
  0  19   1  27   2  37   3  41   4  53   5  86   6  15   7  35   8  91   9  87  10   3  11  90  12   3  13  95  14  39  15  22  16  51  17  53  18  35  19  56 
  0  72   1  60   2  78   3  57   4  31   5  75   6  99   7  26   8  82   9  62  10  57  11   1  12   4  13  38  14  73  15  12  16  95  17  50  18  50  19  33 
  0  51   1  52   2  92   3   8   4  10   5  58   6  84   7  51   8  16   9  14  10  35  11  83  12  71  13   3  14  40  15  97  16  94  17   8  18  71  19  18 
  0  21   1  80   2   5   3  79   4   7   5  15   6  13   7  91   8  19   9  90  10  10  11  54  12  71  13  23  14  29  15  99  16  91  17  15  18   1  19  12 
  0  17   1  57   2  46   3  56   4  59   5  10   6  43   7  78   8  71   9  98  10  22  11  25  12  32  13   6  14  11  15  81  16  66  17   2  18  16  19   6 
  0  65   1  14   2  22   3  28   4  60   5   9   6  38   7  27   8  63   9  34  10  58  11  93  12   2  13  77  14  25  15  38  16  47  17  96  18  67  19  99 
  0  84   1  31   2   1   3   8   4  54   5  36   6  77   7  21   8  90   9   4  10  92  11  44  12  61  13  65  14  65  15  62  16  47  17  18  18  57  19  72 
  0   3   1  57   2  80   3  88   4  33   5  36   6  23   7  22   8  97   9  92  10  38  11  37  12   8  13  36  14  40  15  70  16  41  17  42  18  77  19  98 
  0  66   1  59   2  99   3  21   4  82   5  75   6  12   7   4   8  41   9  79  10  57  11  41  12  14  13   4  14  91  15  36  16  10  17  62  18  85  19  13 
  0  76   1  40   2  91   3  89   4  74   5  89   6  52   7  22   8  72   9  11  10  83  11  38  12  93  13  88  14  97  15  33  16  35  17  60  18   3  19  10 
  0  44   1  48   2  52   3  74   4  27   5  80   6  50   7  44   8  16   9  93  10  58  11  57  12  21  13  41  14  58  15  95  16  84  17  59  18  71  19  87 
  0  68   1  20   2  85   3  89   4  66   5  47   6  16   7  34   8  27   9  23  10  47  11   5  12  33  13  60  14  44  15  96  16  69  17  11  18  34  19  29 
  0  12   1   8   2  13   3  28   4  73   5  82   6  43   7  47   8  21   9  16  10  18  11  64  12  61  13  31  14  46  15  30  16  67  17  42  18  57  19  18 
  0  90   1   6   2  91   3  16   4  12   5  17   6  58   7  24   8  99   9  61  10  30  11  78  12  85  13  52  14  68  15  18  16  40  17  92  18  91  19  83 
  0  18   1  88   2  41   3  18   4  69   5  55   6  51   7  19   8   8   9  19  10  70  11  88  12  30  13  99  14  82  15  31  16  48  17   5  18  58  19  25 
  0  37   1   2   2  28   3   1   4  24   5  34   6  30   7  29   8   7   9   1  10   1  11  88  12   8  13  29  14  60  15  55  16  85  17  52  18  39  19  18 
  0  87   1  82   2  81   3  41   4  72   5  63   6  61   7  68   8  63   9  82  10  94  11  12  12  87  13  16  14  69  15  90  16  91  17  92  18  47  19  22 
  0  69   1   7   2  73   3  15   4  67   5  19   6  85   7  69   8   9   9  22  10  54  11  64  12  98  13  16  14  42  15  72  16  60  17   4  18  28  19  94 
  0  87   1  92   2  23   3  74   4  91   5  33   6  49   7  66   8  61   9  76  10  72  11   8  12  94  13  89  14  86  15  26  16   9  17  51  18  31  19  16 
  0  28   1  74   2  93   3  99   4  39   5  39   6  56   7  56   8   8   9  96  10  72  11  19  12  86  13  34  14  75  15  88  16  15  17  87  18  69  19   7 
  0  84   1  60   2  13   3  47   4  18   5  93   6   6   7  55   8  17   9  39  10  39  11   3  12   3  13  67  14  58  15   3  16  31  17  86  18  13  19  92 
  0  37   1  91   2  83   3  46   4  51   5   9   6  24   7  29   8  11   9  85  10  75  11  33  12  32  13  88  14  95  15  27  16  90  17  36  18  72  19  45 
  0  96   1  19   2   2   3  36   4  31   5  10   6  89   7  82   8  70   9  26  10  89  11  69  12  33  13  77  14  87  15  48  16  76  17  46  18  97  19  95 
  0  43   1  15   2  96   3   8   4  74   5  74   6  11   7  73   8  60   9  92  10  46  11  57  12  74  13  19  14   5  15  99  16  78  17  92  18  90  19  30 
  0  31   1  45   2   5   3  40   4  76   5  36   6  32   7  53   8   6   9  27  10  77  11  14  12  84  13  61  14  85  15  35  16  38  17  33  18  57  19   1 
  0  52   1  71   2  10   3  74   4  25   5  11   6  53   7  48   8  50   9  39  10  33  11  66  12  49  13  90  14   2  15  34  16  85  17  30  18  91  19   4 
  0  89   1  29   2  51   3  44   4  33   5   7   6   4   7  85   8  31   9  60  10  23  11   1  12  20  13  66  14  73  15  57  16  36  17   3  18  12  19  33 
  0  99   1   1   2  86   3  58   4   2   5  21   6  33   7   3   8  12   9  58  10  64  11  83  12  27  13  32  14  25  15  23  16  11  17  97  18  59  19  66 
  0  61   1  63   2  42   3  98   4  46   5  21   6  46   7  22   8  89   9  53  10  35  11  31  12  23  13  37  14  81  15  26  16  57  17  59  18  60  19  95 
  0  18   1  19   2  81   3   6   4  88   5  56   6  45   7  32   8  25   9  47  10  87  11  14  12  25  13  64  14  90  15   3  16  89  17  88  18  35  19   5 
  0  79   1  71   2  55   3  53   4  74   5  85   6  60   7  73   8  42   9  61  10  94  11   6  12  36  13  22  14  38  15  36  16  80  17   6  18  89  19  21 
  0  28   1  56   2  17   3  11   4  10   5  76   6  36   7  72   8  37   9  99  10  71  11  92  12  87  13  42  14  61  15  45  16  48  17  70  18  45  19  98 
  0  61   1  76   2  60   3  52   4  15   5   6   6  23   7  98   8  56   9  40  10  74  11  84  12  43  13  80  14  58  15  51  16  23  17   3  18  98  19  42 
  0  49   1  42   2  31   3   3   4  77   5  20   6  89   7  94   8  36   9  76  10  47  11  50  12  16  13  12  14  50  15  61  16  63  17  47  18  56  19  53 
  0  61   1  89   2  97   3  47   4  88   5  55   6  35   7  69   8  94   9  43  10  92  11  67  12  23  13  25  14  77  15  17  16  32  17  82  18  78  19  26 
  0  32   1  31   2  50   3  90   4  70   5  13   6  93   7  12   8  60   9  33  10  24  11  62  12  52  13   6  14  57  15  97  16  27  17  21  18  24  19  50 
  0  90   1  87   2  57   3   4   4  11   5  35   6  73   7  54   8  95   9  34  10  93  11  62  12  31  13  48  14  55  15  44  16  46  17   8  18  74  19  44 
  0  94   1   3   2  65   3  27   4  22   5  41   6  27   7   4   8  17   9  67  10  95  11  28  12  63  13  11  14  28  15  55  16  86  17  93  18  31  19  30 
  0  21   1  57   2  93   3  46   4  20   5  60   6  74   7  52   8  79   9  28  10  97  11  21  12  40  13   9  14  94  15  72  16  36  17  47  18  38  19  26 
  0  41   1  97   2  79   3  96   4  10   5  74   6   1   7  90   8  21   9  22  10   9  11  96  12   1  13  35  14   4  15  75  16   3  17  53  18  80  19  77 
  0  50   1  97   2  30   3  76   4  74   5  77   6  54   7  87   8   3   9  39  10  35  11  71  12  22  13  89  14  22  15  63  16  68  17  97  18   5  19  31 
  0  92   1  24   2  93   3  22   4  47   5  81   6  30   7  89   8  86   9  69  10  31  11  42  12  91  13  70  14  58  15  63  16  34  17  23  18  85  19  68 
  0  19   1  27   2  13   3  49   4  92   5  45   6  53   7  90   8  60   9  64  10  52  11  63  12  12  13  22  14  95  15  24  16  80  17  94  18  50  19  33 
  0   2   1  63   2   7   3  18   4  59   5  31   6  19   7  81   8  52   9  81  10  78  11   7  12   1  13  27  14  15  15  94  16  32  17  17  18  58  19  95 
  0  61   1  64   2  11   3  77   4  18   5   4   6   6   7  20   8  42   9  87  10  15  11  68  12  82  13  95  14  20  15  74  16  64  17  53  18  49  19  88 
  0  10   1  63   2  12   3  40   4  85   5  52   6  32   7  21   8  94   9   3  10  65  11  74  12  45  13  35  14  39  15  98  16  36  17  22  18  29  19   5 
  0  50   1  95   2   8   3  18   4   6   5  17   6  70   7  60   8  49   9  25  10   3  11  29  12  29  13  87  14  73  15  26  16  66  17  60  18  36  19  20 
  0  16   1  23   2  23   3  54   4  83   5  76   6  95   7   2   8  97   9  22  10  42  11  35  12  46  13  75  14  20  15  28  16  71  17  26  18  89  19   5 
  0  21   1  59   2  60   3  32   4  15   5  32   6  99   7  88   8   6   9  91  10  54  11  57  12  58  13  89  14  67  15  16  16  69  17  93  18  28  19  80 
  0  75   1  20   2  10   3   8   4  95   5   9   6  84   7  27   8   9   9  20  10  19  11   7  12  28  13  27  14   1  15  83  16  98  17  52  18  28  19  18 
  0  48   1  86   2  88   3  54   4  91   5  28   6  90   7  53   8  96   9  29  10  45  11  46  12  80  13  74  14  65  15  50  16  73  17  81  18  84  19  39 
  0  44   1  64   2  14   3  51   4  28   5  61   6  57   7  73   8   1   9  31  10  68  11  15  12  86  13  40  14  74  15  54  16  49  17  94  18  29  19  57 
  0  71   1  95   2  81   3  26   4  85   5  30   6  84   7  74   8  80   9  46  10  32  11  26  12   7  13  46  14  12  15  82  16  78  17  51  18  54  19  31 
  0   1   1  58   2  89   3  62   4  39   5  79   6  63   7  38   8  35   9  96  10  88  11  64  12  93  13  80  14   8  15  12  16  17  17  21  18  85  19  67 
  0  27   1  48   2  48   3  82   4  41   5  30   6  21   7   3   8  84   9  20  10  62  11  50  12  47  13  92  14  62  15  74  16  25  17  42  18  46  19  36 
  0  72   1  14   2  58   3  71   4  59   5  75   6  12   7  12   8  67   9  78  10  78  11  52  12  10  13  52  14  98  15  84  16   8  17  63  18  45  19  82 
  0  59   1  40   2  78   3  43   4  52   5  38   6  69   7  30   8  13   9  62  10  51  11  91  12  77  13  26  14   5  15  42  16  78  17  47  18  37  19  72 
  0  73   1  79   2  52   3  24   4  36   5  46   6  54   7  13   8  82   9  92  10  82  11  96  12  89  13  81  14  42  15  15  16  30  17  17  18  18  19  84 
  0  74   1  70   2  89   3  49   4  51   5  66   6   8   7   9   8  66   9  47  10  12  11  78  12  32  13  69  14  84  15  24  16  87  17  65  18  71  19  86 
  0  83   1  72   2  53   3  43   4  31   5  54   6  67   7  63   8  98   9   5  10  23  11  15  12  40  13  39  14  70  15  98  16  45  17  63  18  56  19  77 
  0  90   1  50   2  28   3  82   4  64   5  58   6  77   7   6   8  92   9  97  10  79  11  53  12  27  13  54  14   2  15  68  16  46  17  93  18  13  19  70 
  0  73   1  61   2  30   3  81   4   5   5  49   6  22   7  63   8  63   9  80  10  57  11  98  12  77  13  31  14  69  15  66  16  68  17  14  18  92  19  80 
  0  42   1  59   2  69   3  97   4  70   5  74   6   9   7  81   8  77   9  38  10  38  11  27  12  70  13  47  14  81  15  15  16   7  17  42  18  50  19  39 
  0  46   1  26   2  90   3  47   4  21   5  33   6  15   7  62   8  60   9  17  10  66  11  43  12  29  13  32  14  92  15  90  16  60  17  88  18  16  19   8 
  0  50   1  88   2  56   3  86   4  20   5  16   6  50   7  11   8  54   9  33  10  63  11  99  12  78  13  21  14  68  15  44  16  38  17  43  18  14  19  60 
  0  91   1  42   2  78   3  57   4  58   5  79   6  28   7  54   8  52   9  52  10  25  11  22  12  53  13  72  14  27  15  50  16  27  17  41  18   6  19  66 
  0  71   1  92   2  91   3  52   4  80   5  28   6  71   7  60   8  43   9  62  10  39  11  98  12  55  13  10  14  92  15  48  16  99  17  25  18  94  19  22 
  0   5   1  76   2  55   3  47   4  55   5  27   6  56   7  38   8  37   9  43  10  14  11  27  12  16  13  96  14  48  15  76  16  75  17  38  18  66  19  24 
  0  48   1  56   2  29   3  45   4  61   5  74   6  43   7  93   8  59   9  45  10  71  11   5  12  60  13  92  14  17  15  86  16  30  17  77  18  47  19   5 
  0  27   1  56   2  28   3   3   4  93   5  46   6  94   7  55   8  65   9  75  10  74  11  40  12  92  13  25  14   2  15  73  16  46  17  54  18  46  19  23 
  0  33   1  68   2  78   3  71   4  10   5  69   6  30   7  74   8  84   9  97  10  27  11  38  12  69  13  78  14  55  15  58  16  67  17  26  18  56  19  11 
  0  29   1  88   2  75   3  66   4  31   5  24   6   7   7  62   8  59   9  20  10  14  11  51  12  98  13  38  14  58  15  59  16  15  17  56  18  48  19  48 
  0  58   1  95   2  39   3   8   4  54   5  20   6  83   7  56   8  25   9  69  10  78  11  76  12  18  13  20  14  93  15  65  16  51  17  91  18   1  19  43 
  0  46   1  26   2  68   3  22   4  93   5  72   6  87   7  48   8  25   9  38  10  48  11  66  12  98  13  28  14  43  15   6  16  75  17  84  18  44  19  56 

Taillard LB      : 26538
Proportionate LB : 18787
Lower bound: 26538

Random seed: 1003
