
500  20

  0  33   1  69   2  31   3  57   4  62   5  45   6   8   7  37   8  73   9   2  10  69  11  33  12  72  13  25  14  23  15  55  16  47  17  39  18   1  19  85 
  0  14   1  15   2  79   3  97   4  99   5  23   6  89   7  93   8  68   9  24  10  70  11  46  12  86  13  62  14  59  15  41  16  41  17  98  18  53  19  36 
  0  40   1  10   2  46   3  45   4  22   5  52   6   3   7  27   8  36   9   8  10  29  11  55  12  90  13  84  14  11  15  67  16  36  17  93  18  27  19  51 
  0  96   1  93   2   5   3  84   4  45   5   2   6  67   7  46   8   7   9  14  10  26  11  82  12  30  13  74  14  82  15  70  16  16  17  82  18  25  19  34 
  0  28   1  92   2  36   3   9   4  69   5  55   6  97   7   5   8   2   9  75  10  73  11  13  12  77  13  10  14  59  15  32  16  32  17  68  18  76  19  83 
  0  33   1  57   2  93   3  86   4  56   5  86   6  96   7  37   8  14   9  51  10  85  11  33  12  48  13  74  14  25  15  97  16  11  17  73  18  96  19   4 
  0  93   1  71   2   2   3  23   4   6   5  49   6  24   7  29   8  64   9  81  10  68  11  61  12  43  13  55  14  48  15  13  16   7  17  14  18  71  19  37 
  0  37   1  92   2   2   3  92   4   2   5  50   6  24   7  18   8  83   9  93  10  69  11   4  12  98  13  51  14  22  15  25  16  98  17  44  18   9  19  11 
  0  30   1  96   2  98   3  90   4   2   5  95   6  77   7  52   8  91   9  71  10  97  11  68  12  40  13  34  14  71  15  73  16  29  17  21  18  16  19  12 
  0  80   1  69   2  71   3  12   4  67   5  62   6  20   7  44   8  82   9  71  10  41  11  40  12  61  13  44  14  32  15  92  16  48  17  74  18  78  19  97 
  0  53   1  85   2  68   3  68   4  36   5  73   6  65   7  14   8  81   9  34  10  43  11  25  12   4  13  53  14  95  15   2  16  67  17  46  18  97  19  73 
  0  95   1   9   2  90   3  29   4  11   5  93   6  11   7   8   8  61   9  20  10  75  11  22  12  16  13  13  14  64  15  96  16  40  17  19  18  96  19  71 
  0  78   1  77   2  51   3   7   4  85   5  92   6  49   7  28   8   3   9  75  10  50  11  68  12  39  13  69  14   4  15  46  16  99  17  77  18  88  19   2 
  0  78   1  51   2  35   3  60   4  60   5   1   6  17   7  45   8  81   9  83  10   6  11  70  12   9  13  62  14  30  15  38  16   2  17  30  18  13  19  11 
  0  87   1   6   2  30   3  24   4  12   5  26   6  78   7  35   8  56   9  59  10  65  11  49  12  22  13  58  14  15  15  58  16  62  17  75  18  68  19  53 
  0  18   1  11   2   5   3  95   4  51   5  45   6  94   7  38   8  44   9  12  10  84  11  42  12  53  13  60  14  22  15  10  16  92  17  32  18  33  19  12 
  0  74   1  21   2  13   3  57   4  59   5   4   6  53   7  90   8  18   9  18  10  58  11  65  12  94  13  79  14  66  15  69  16  91  17  56  18   5  19  80 
  0  71   1  56   2  53   3  53   4  55   5  30   6  64   7  64   8  37   9  81  10  85  11  15  12  52  13  83  14  42  15  14  16  61  17  88  18  91  19  82 
  0  25   1   2   2  28   3  67   4  77   5  32   6  84   7  72   8  12   9  32  10  34  11  45  12  91  13  41  14  96  15  48  16  69  17  78  18  73  19  79 
  0  99   1  28   2  79   3  53   4  80   5  23   6  23   7  59   8  16   9  47  10  79  11  22  12  90  13  95  14  42  15  90  16  96  17  49  18  75  19  19 
  0  89   1  29   2  46   3  48   4  54   5  91   6  13   7  38   8  68   9  30  10  48  11  41  12  72  13  95  14  54  15  31  16  30  17  82  18   4  19  42 
  0  51   1  58   2  50   3  29   4  28   5  58   6  97   7  96   8  12   9   6  10   7  11  82  12  19  13  61  14  72  15  50  16  41  17   7  18  32  19  46 
  0   2   1  75   2  22   3  25   4  33   5  15   6  88   7  25   8  32   9  17  10  73  11  99  12  69  13   1  14  14  15  44  16   1  17  54  18  90  19  37 
  0  25   1  45   2   7   3  37   4  69   5  60   6  94   7  81   8   1   9  89  10  98  11  14  12  34  13   1  14  49  15   7  16  23  17  22  18  82  19  11 
  0   9   1   5   2  39   3  40   4  87   5  67   6  50   7  59   8  62   9  54  10  60  11  57  12  91  13  37  14  34  15  18  16  28  17  32  18  95  19  36 
  0  52   1  55   2  88   3  40   4  46   5  70   6  66   7  94   8   6   9  75  10   6  11   6  12  72  13  85  14  47  15   4  16  28  17  11  18   3  19  11 
  0  84   1   4   2  32   3  14   4  11   5  49   6  16   7  11   8  53   9  72  10  20  11  90  12  92  13  24  14   5  15  68  16  65  17  27  18  76  19  33 
  0  50   1  60   2  93   3  14   4  71   5   1   6  32   7  18   8  35   9  80  10  40  11  63  12  79  13  87  14  40  15  73  16  22  17   7  18  87  19  70 
  0  40   1  73   2  17   3  72   4  82   5  12   6  25   7  71   8  22   9  61  10  27  11  68  12  54  13   7  14  36  15  19  16  23  17  17  18  64  19  92 
  0  78   1  57   2  28   3  99   4  84   5  43   6  69   7  37   8  38   9   7  10  92  11  73  12  30  13  27  14  69  15  82  16  48  17   5  18   3  19  81 
  0  77   1  41   2  48   3  71   4  89   5  49   6   4   7   8   8  50   9  23  10  77  11  66  12  50  13  46  14  28  15  25  16  87  17  35  18  29  19  73 
  0   3   1  75   2  35   3   7   4  16   5   5   6  93   7  95   8  36   9  57  10  75  11  76  12  16  13   3  14  53  15   9  16  50  17  68  18  79  19  56 
  0  75   1  37   2  63   3   9   4  62   5  37   6  44   7  29   8  99   9  29  10  54  11  57  12  76  13  73  14  55  15  72  16  42  17   9  18  65  19  31 
  0  50   1  64   2  38   3  14   4  26   5  89   6  92   7   7   8   9   9  75  10  43  11  72  12  36  13  31  14  69  15  77  16  51  17  93  18  12  19  31 
  0  21   1  49   2  72   3  47   4  69   5  97   6  18   7  18   8  33   9  36  10  62  11  41  12  47  13   6  14   8  15  55  16  64  17  73  18  36  19  22 
  0  44   1  75   2  20   3  29   4  39   5  99   6  58   7  61   8  25   9  79  10  10  11  12  12  33  13  39  14  14  15  21  16  53  17  77  18  28  19  14 
  0  94   1  59   2   8   3  52   4  97   5  81   6  40   7  86   8  27   9  34  10  93  11  78  12  94  13  91  14  93  15  19  16  39  17  80  18  63  19  51 
  0  98   1  50   2  14   3  59   4  61   5  73   6  60   7  48   8  14   9  62  10  23  11  78  12  79  13  90  14   9  15  44  16  35  17  34  18   9  19   4 
  0  53   1   5   2  75   3  76   4  26   5  79   6  73   7  87   8   1   9  71  10  22  11  45  12  41  13  58  14  48  15  86  16  17  17  28  18  45  19  36 
  0  52   1  81   2  10   3  49   4  32   5  56   6  55   7  17   8  17   9  74  10  47  11  95  12  66  13  76  14  41  15  23  16  18  17  28  18  88  19  81 
  0  45   1  81   2  11   3  95   4  16   5  30   6  89   7  63   8   5   9  12  10  50  11  42  12   1  13  10  14  62  15  77  16  17  17  60  18  42  19  47 
  0  99   1  62   2  72   3  38   4  41   5  50   6  96   7  53   8  36   9  18  10  26  11  14  12  48  13  44  14  99  15  86  16  43  17  15  18  57  19  33 
  0  87   1  77   2  38   3  41   4  12   5  84   6  90   7  92   8  49   9  98  10  48  11  72  12  25  13  51  14  80  15  77  16  94  17  16  18  59  19  91 
  0  43   1  43   2  61   3  50   4   2   5  10   6  89   7  25   8  33   9  91  10  21  11  70  12  12  13  63  14  36  15  50  16  83  17  22  18  21  19  99 
  0  13   1  19   2   8   3  26   4  60   5  63   6  86   7  32   8  35   9  72  10  92  11  72  12  28  13  94  14  35  15  26  16  90  17  65  18  46  19  94 
  0  43   1  82   2  80   3  36   4  98   5  29   6  52   7  44   8  85   9  32  10  81  11  78  12  28  13  54  14   7  15  34  16  74  17  88  18  57  19  51 
  0   2   1  24   2  76   3  28   4  51   5  76   6  55   7  36   8  98   9  52  10  56  11  26  12  36  13  23  14  88  15  17  16   9  17  65  18  24  19  42 
  0  35   1  12   2  98   3  85   4  44   5  87   6  59   7  76   8  41   9  52  10  56  11  38  12  56  13  54  14  85  15  92  16  23  17  18  18  59  19  48 
  0   3   1  79   2  81   3  29   4  87   5  20   6  96   7  98   8  20   9  99  10  70  11  13  12  21  13  41  14  88  15  37  16  52  17  39  18  18  19   4 
  0  10   1  62   2  85   3  30   4  91   5  49   6  83   7  42   8  56   9  72  10  72  11   3  12  44  13  33  14  29  15  44  16  82  17   8  18  43  19  42 
  0  60   1  98   2  21   3  99   4  76   5  22   6  13   7  26   8  66   9  78  10  74  11  73  12  22  13  48  14  18  15  91  16  68  17  18  18  54  19  44 
  0  20   1  40   2  30   3  78   4  23   5  35   6  54   7  98   8  30   9  89  10  60  11   7  12  49  13  54  14  46  15  42  16  57  17  29  18  51  19   3 
  0  56   1  85   2  71   3  91   4  71   5  37   6  94   7  90   8  76   9  61  10  94  11  24  12  82  13  24  14  75  15  65  16  21  17   4  18  37  19  87 
  0  42   1  24   2   5   3  18   4  89   5  87   6  57   7   3   8  25   9  95  10  59  11  18  12  32  13  84  14  45  15  51  16   1  17  20  18  84  19  30 
  0  51   1  26   2  17   3  51   4   2   5   4   6  48   7  57   8  48   9  80  10  51  11  68  12  88  13  21  14   3  15  86  16  92  17  82  18  56  19  26 
  0  44   1  74   2  69   3  58   4  44   5  15   6  86   7   3   8  30   9  60  10  62  11  97  12  87  13  31  14  21  15  11  16  61  17  18  18  73  19   8 
  0   5   1  80   2  81   3   9   4  63   5  47   6   1   7   2   8  61   9  41  10  48  11  28  12  76  13  39  14  36  15  31  16  22  17  84  18  47  19  49 
  0  66   1  11   2  23   3  97   4  48   5  71   6  46   7  57   8  40   9  26  10  40  11   9  12  55  13  88  14  12  15  20  16  45  17  10  18   8  19  70 
  0  92   1  88   2  84   3  54   4   5   5  66   6  38   7  51   8  12   9  21  10  58  11  36  12  23  13   5  14  39  15  26  16  53  17  49  18  50  19  15 
  0   9   1  58   2  91   3  38   4  86   5  36   6  16   7  80   8  57   9  77  10  67  11  86  12  37  13  57  14  77  15  90  16  34  17  61  18  47  19  22 
  0  55   1  11   2  81   3  56   4   4   5  22   6  83   7  38   8  31   9  42  10  94  11  47  12  70  13   4  14  61  15  98  16   6  17  80  18  73  19  68 
  0  39   1  22   2  57   3  42   4   2   5  84   6  27   7  37   8  42   9  16  10  99  11  58  12  58  13  60  14  85  15  61  16  66  17  15  18  95  19  10 
  0  94   1  51   2  86   3  91   4  40   5  97   6  21   7  84   8  36   9  55  10  44  11  87  12  80  13  88  14   2  15   6  16  68  17  83  18  60  19  71 
  0  56   1  60   2  82   3  91   4  45   5  26   6  63   7  80   8  54   9  93  10   5  11  41  12   7  13  54  14  23  15   4  16  41  17  53  18  74  19  69 
  0  94   1  68   2   9   3  25   4  16   5  72   6  68   7  38   8  50   9  33  10  30  11  43  12  28  13  36  14   9  15  61  16  59  17  53  18  72  19  26 
  0  74   1  83   2  61   3  32   4  12   5  30   6  33   7  53   8  84   9  42  10  89  11  14  12  70  13  51  14  56  15  31  16  91  17  74  18  16  19  24 
  0  28   1  60   2  11   3  65   4  14   5  23   6  47   7  76   8  46   9  79  10  79  11  25  12   2  13  26  14  36  15  57  16  38  17  11  18  81  19  42 
  0  45   1  83   2  47   3  14   4  26   5   1   6  36   7  48   8  62   9  50  10  50  11  24  12  13  13  30  14  70  15  52  16  87  17  98  18  27  19  54 
  0  19   1  82   2  91   3  76   4  98   5  47   6  76   7  75   8  68   9  87  10   3  11  40  12  17  13  71  14  50  15  81  16  44  17  24  18  72  19   9 
  0  71   1  22   2  25   3  15   4  40   5  49   6   9   7  60   8  22   9  95  10  85  11  16  12  93  13  80  14  65  15  43  16  39  17  98  18  94  19  55 
  0  45   1  83   2   3   3  80   4  22   5  19   6   4   7  54   8  13   9  13  10  24  11   3  12  41  13  85  14  71  15  29  16  69  17  80  18  87  19  61 
  0  74   1  25   2  84   3  10   4  31   5  14   6   3   7  32   8  46   9  69  10  62  11  59  12  23  13  42  14  53  15  78  16  22  17  83  18  78  19  37 
  0  30   1  12   2   9   3  53   4  47   5   6   6  30   7  58   8   2   9  39  10  86  11  97  12  56  13  44  14  51  15  75  16  20  17  47  18  22  19  14 
  0  92   1  49   2  46   3  55   4   9   5  60   6  86   7  51   8  54   9  61  10  54  11  46  12  75  13  87  14  83  15  67  16  35  17  64  18  59  19   3 
  0  24   1  52   2  19   3  69   4  12   5  14   6  88   7  21   8  14   9  17  10  70  11  74  12  33  13  34  14  90  15  45  16  98  17  55  18  30  19  71 
  0  62   1  27   2  67   3  49   4  30   5  84   6  20   7  13   8  16   9  58  10   2  11  70  12  54  13  65  14  83  15  24  16  84  17  64  18  49  19  31 
  0  39   1  13   2  96   3  31   4  80   5  72   6  63   7  57   8  23   9  85  10  55  11  66  12  70  13  31  14  13  15  88  16  91  17  33  18  79  19  99 
  0   9   1  29   2  42   3  94   4  64   5  17   6  67   7  60   8  21   9  89  10   5  11  51  12  64  13  63  14  78  15   6  16  54  17  76  18   9  19   1 
  0  82   1  25   2  78   3  53   4  29   5  64   6  74   7   7   8  55   9  57  10  42  11  15  12  91  13  84  14  12  15  38  16  24  17  46  18  36  19  54 
  0  78   1  71   2  69   3  88   4  82   5  60   6  69   7  42   8  36   9  50  10  15  11   4  12  43  13   8  14  69  15  65  16  57  17  27  18  32  19  21 
  0  12   1  68   2  20   3  77   4  98   5   4   6  71   7  95   8  95   9  67  10  39  11  21  12  26  13  96  14  10  15  40  16  29  17  74  18  24  19  64 
  0  96   1  74   2  11   3  28   4  84   5  67   6  28   7  58   8  58   9   9  10  31  11  74  12  41  13  86  14  84  15  36  16  35  17  61  18  22  19  86 
  0  59   1  94   2  14   3  64   4   6   5  75   6  98   7  19   8  56   9  74  10  73  11  80  12  95  13   3  14  19  15  72  16  11  17  51  18  53  19  76 
  0  46   1  26   2  34   3  71   4  17   5  10   6  11   7  22   8  80   9  54  10  47  11  53  12  17  13  12  14  58  15  63  16  54  17  40  18  27  19  74 
  0  32   1  84   2  52   3  65   4  28   5  55   6  50   7  75   8   9   9  44  10  87  11  83  12  51  13  92  14  39  15  53  16  22  17  24  18  88  19  99 
  0  64   1  63   2  36   3  25   4  50   5  35   6  91   7  87   8  27   9  55  10  73  11  17  12  83  13  98  14  86  15  16  16  26  17  30  18  65  19  65 
  0  76   1  72   2  46   3  86   4  53   5  11   6  81   7  21   8  78   9  49  10  97  11  25  12  49  13  86  14  94  15  18  16  74  17   3  18  11  19  54 
  0  46   1  19   2  28   3   7   4  16   5  79   6  70   7  64   8  55   9  83  10  83  11  50  12  33  13  95  14   7  15  67  16  84  17  32  18  60  19  87 
  0  90   1  64   2  10   3  63   4  49   5   4   6  58   7  11   8  10   9  97  10  68  11  33  12  47  13  59  14  88  15  97  16  98  17  45  18  42  19  26 
  0  59   1  19   2  84   3  54   4  94   5  86   6  47   7  10   8  69   9  26  10  56  11  29  12  82  13  94  14  27  15  49  16  90  17  13  18   6  19  55 
  0  16   1  58   2  13   3  77   4  46   5  93   6  61   7  43   8  15   9  78  10  82  11  56  12  61  13  54  14   4  15  53  16  68  17  29  18  44  19  98 
  0  13   1  23   2   4   3  44   4  67   5  66   6  53   7  87   8  46   9  55  10  40  11  97  12  22  13  36  14  33  15  72  16   4  17  25  18  70  19  49 
  0  35   1  71   2  38   3  92   4  96   5  30   6  96   7  77   8  58   9  40  10  79  11  90  12  24  13  92  14  70  15  81  16   1  17   4  18  59  19  50 
  0  66   1  79   2  20   3  32   4  96   5  90   6  83   7  17   8  35   9  79  10  85  11  86  12  83  13  14  14   6  15  86  16  41  17  42  18  97  19  27 
  0   6   1  35   2  83   3  84   4  44   5   5   6   8   7  58   8  18   9   2  10  57  11  28  12  26  13  21  14   3  15  85  16  64  17  60  18  78  19  84 
  0  55   1  80   2  84   3  25   4  53   5  92   6  73   7  70   8  77   9   3  10  58  11  17  12  26  13  39  14   4  15  27  16  78  17  34  18  25  19  14 
  0  56   1  41   2  89   3  26   4  20   5  17   6  40   7   5   8  64   9  21  10  13  11  12  12  16  13  80  14  81  15  52  16  85  17  50  18  59  19  72 
  0  93   1  89   2  86   3  23   4  32   5  92   6  25   7  36   8  78   9  77  10  29  11  61  12   2  13  63  14  68  15  67  16  12  17  36  18  25  19  17 
  0  88   1  55   2  83   3  52   4  32   5  12   6  46   7  87   8  33   9  47  10  66  11  43  12  58  13   5  14  45  15  55  16  11  17  32  18   3  19   4 
  0  53   1  61   2  29   3  77   4  53   5  31   6  23   7  55   8  69   9  73  10  17  11  10  12  11  13  36  14  65  15  12  16  71  17  21  18  97  19  79 
  0  72   1  67   2  73   3  32   4  42   5  51   6  43   7  50   8  94   9  10  10  96  11  70  12  67  13  16  14  59  15  95  16  69  17  45  18  78  19  36 
  0  93   1  24   2  17   3  40   4  61   5  60   6  49   7  58   8  21   9  57  10  20  11  65  12  58  13  70  14  65  15  21  16  44  17  45  18  89  19  59 
  0  40   1  67   2  91   3  70   4  85   5   6   6  59   7  79   8   7   9  51  10  30  11  12  12  98  13  46  14  27  15  70  16  10  17  58  18  17  19  19 
  0  64   1  11   2  25   3  45   4   4   5  86   6  13   7  47   8  10   9  92  10  38  11  89  12  87  13  98  14  17  15  91  16  77  17  11  18  20  19  26 
  0   9   1  42   2  98   3  90   4  96   5  86   6  45   7  37   8   1   9  37  10  81  11  40  12  96  13  57  14  99  15  54  16  74  17  82  18  13  19  53 
  0  22   1  72   2  73   3  33   4  47   5  84   6   3   7  21   8  54   9  75  10  75  11  27  12  62  13   6  14  26  15  87  16  55  17  68  18   6  19  36 
  0  25   1  84   2  62   3  65   4  66   5  24   6  67   7  24   8  45   9  17  10  47  11  89  12   1  13  71  14  74  15  93  16  12  17  84  18  53  19  94 
  0  65   1  79   2  73   3   2   4  76   5  37   6  92   7  21   8  90   9  19  10  40  11  83  12  14  13  80  14  66  15  86  16  14  17  77  18  21  19  13 
  0  47   1  53   2  67   3  73   4  32   5  50   6  87   7  77   8   9   9  41  10  69  11  62  12  89  13  25  14   3  15   4  16  82  17  64  18  82  19  15 
  0  10   1  89   2  95   3  54   4  31   5  57   6   7   7  77   8  41   9  28  10  22  11  83  12  53  13  72  14  92  15  80  16  36  17  98  18  96  19  14 
  0  78   1  70   2  59   3  25   4  86   5  63   6  94   7  39   8  61   9  20  10  95  11  30  12  67  13  56  14  81  15  31  16  28  17  71  18  67  19  25 
  0  91   1  60   2  66   3  86   4  64   5  72   6  33   7  35   8  54   9  33  10  37  11  31  12  36  13  14  14   9  15  81  16  95  17  12  18  78  19  49 
  0   9   1  35   2  84   3  62   4  19   5  67   6  32   7  94   8  58   9  14  10  89  11  60  12  57  13  27  14  53  15  92  16  87  17  87  18  68  19  85 
  0  60   1  84   2  85   3  27   4   9   5  80   6  92   7  97   8  86   9  16  10  37  11  92  12  75  13  90  14  96  15  28  16  88  17  83  18  78  19  70 
  0  10   1  64   2  53   3  60   4  52   5  26   6  71   7  70   8  64   9   3  10  75  11  42  12  48  13  29  14  79  15  97  16  90  17  84  18  14  19  74 
  0  72   1  84   2  28   3  51   4  55   5  30   6  10   7  86   8  18   9  30  10  18  11  52  12  13  13  19  14  79  15  39  16  91  17  63  18  65  19  70 
  0   3   1   1   2  89   3  11   4  20   5   5   6  85   7  40   8  82   9   6  10  13  11  93  12  89  13   9  14  71  15  32  16  19  17  20  18  32  19  19 
  0  99   1  71   2  68   3  89   4   6   5  50   6  73   7  94   8  13   9  88  10  36  11  64  12  72  13  99  14  45  15  45  16  46  17  54  18  57  19  55 
  0  21   1  32   2  88   3  12   4  39   5   2   6  95   7  78   8  77   9  57  10  87  11  47  12  31  13  60  14  84  15  91  16  78  17  32  18   4  19  28 
  0  54   1  36   2  94   3  58   4  75   5  71   6  40   7   1   8  77   9  60  10  72  11  13  12  32  13  93  14  27  15  76  16  63  17  66  18  61  19  10 
  0  24   1  11   2  54   3   5   4  24   5   1   6  64   7   2   8  46   9  67  10  82  11   8  12  96  13  99  14  52  15   1  16  89  17   3  18   7  19  46 
  0   2   1  19   2   7   3  52   4  37   5  94   6  58   7  45   8  50   9  61  10  50  11  61  12  65  13  81  14  39  15  71  16  67  17  23  18  59  19  65 
  0  78   1  45   2  20   3  76   4  77   5  31   6  74   7  79   8  52   9  83  10  43  11  33  12  42  13  58  14  95  15  98  16  63  17  84  18  72  19  29 
  0   4   1  91   2  16   3   5   4   3   5  76   6  44   7  78   8  29   9  57  10  43  11  56  12  38  13  54  14  77  15  95  16  41  17  93  18  98  19  64 
  0   8   1  83   2  91   3  25   4  86   5  75   6  12   7  57   8  18   9  23  10  47  11  20  12  95  13  61  14  90  15   3  16  19  17  79  18  41  19  91 
  0  52   1  69   2  37   3  94   4  44   5  44   6  61   7  56   8  85   9   6  10  44  11  77  12  62  13  52  14   2  15  63  16  11  17  32  18  23  19  20 
  0  35   1  14   2  10   3  19   4  17   5  70   6  26   7  24   8  16   9   1  10  62  11  35  12  19  13  67  14  87  15  91  16  79  17  98  18  21  19  51 
  0  98   1  83   2  65   3  69   4  97   5  55   6  49   7  15   8  72   9  47  10  58  11  24  12  41  13  38  14  13  15  37  16  30  17  36  18  14  19  18 
  0  45   1  56   2  26   3  49   4  33   5  45   6  79   7  35   8  27   9  40  10   5  11  27  12   9  13  37  14  77  15  26  16  54  17  90  18  72  19  21 
  0  31   1  47   2  31   3  11   4  47   5  12   6  19   7  39   8  35   9  57  10  73  11  86  12  64  13  61  14   7  15  78  16  67  17  19  18  77  19  26 
  0  97   1  74   2  47   3  15   4  58   5  97   6  40   7  78   8  35   9  26  10  87  11  76  12  42  13  16  14  21  15  10  16  57  17  87  18  89  19  24 
  0  24   1  21   2  30   3  49   4  23   5  38   6  31   7  14   8  53   9  46  10  46  11  76  12  53  13  77  14   7  15  41  16  58  17  54  18  74  19  47 
  0  43   1   1   2   9   3   6   4  86   5  30   6  73   7  58   8  34   9  99  10  22  11   5  12   7  13  39  14  65  15  70  16  77  17  15  18  58  19   6 
  0  13   1  25   2  79   3  21   4  50   5  52   6  11   7  82   8  50   9  38  10  27  11  46  12  23  13  98  14  62  15  24  16   2  17  18  18  10  19  10 
  0   6   1  71   2  88   3  27   4  54   5  53   6  83   7  20   8  20   9  95  10  38  11  84  12  46  13  91  14  45  15  29  16  83  17  71  18  32  19  83 
  0  74   1  63   2  35   3  53   4  53   5   4   6  93   7  90   8  61   9  89  10  43  11  93  12  14  13  85  14  90  15  93  16   7  17  49  18  54  19  39 
  0  42   1  72   2  36   3   2   4  18   5  67   6  23   7  95   8  21   9  67  10  83  11  93  12  14  13  62  14  26  15  67  16  44  17  25  18   8  19  94 
  0  71   1  48   2  46   3  85   4   5   5   3   6  87   7  52   8  80   9  61  10   7  11  30  12   7  13  28  14  58  15  85  16  89  17   5  18  67  19  34 
  0  65   1  28   2  22   3  72   4  48   5  32   6  76   7  88   8  90   9  81  10   1  11  81  12  13  13  98  14  87  15  73  16  45  17  62  18  30  19   3 
  0  65   1  58   2  34   3  78   4  68   5  44   6  45   7  68   8  28   9  52  10  74  11  31  12   7  13  13  14  11  15  30  16   7  17  71  18  41  19  36 
  0  14   1  36   2  56   3   9   4  53   5  72   6  80   7   9   8  84   9  83  10  50  11  50  12  60  13  92  14  29  15  94  16  26  17  97  18  79  19  80 
  0  48   1  88   2  96   3   8   4  75   5  42   6  96   7  41   8  32   9   3  10  15  11  22  12  22  13  14  14  54  15   2  16  19  17  53  18  67  19  94 
  0   5   1  51   2  71   3  42   4   8   5  90   6   8   7   2   8  57   9  21  10  82  11  27  12  87  13  96  14  71  15  83  16  33  17  49  18   7  19  64 
  0  21   1  91   2  34   3  53   4  24   5  33   6  19   7  58   8  98   9  40  10  61  11  22  12  19  13  62  14  28  15  48  16  15  17  10  18  94  19  66 
  0  22   1  30   2  28   3  81   4  72   5  20   6  54   7  46   8  28   9  95  10  83  11  31  12  27  13  68  14   1  15   3  16  30  17  82  18  84  19  18 
  0  67   1  78   2  89   3  65   4  81   5  81   6  88   7  76   8  31   9  53  10  35  11  98  12  36  13  53  14  90  15  67  16  26  17  40  18  32  19  97 
  0  29   1  25   2  85   3  62   4  12   5  75   6  49   7  80   8  87   9  82  10  69  11  56  12  93  13  55  14  26  15  49  16  41  17  73  18  49  19  48 
  0  64   1  17   2  19   3  99   4   7   5  45   6  32   7  50   8  69   9  10  10  65  11   6  12  87  13  77  14  17  15  19  16  69  17   2  18  66  19  15 
  0  45   1  92   2  81   3  59   4  82   5  36   6  60   7   8   8  57   9  87  10  26  11   9  12  10  13  16  14  36  15   1  16  33  17  43  18  80  19  39 
  0  81   1  26   2  36   3  29   4  41   5  47   6  88   7  46   8  99   9  68  10  91  11  54  12  63  13  42  14  86  15  92  16  67  17  11  18  78  19  68 
  0  86   1  35   2  54   3  48   4  48   5  96   6  29   7  99   8  89   9  24  10  14  11   8  12  29  13  31  14  59  15  30  16  44  17   8  18  92  19  51 
  0  78   1  32   2   7   3  85   4  21   5  76   6   9   7   9   8  69   9  66  10  30  11  44  12  47  13  11  14  30  15  84  16  58  17  65  18  95  19  86 
  0  95   1  67   2  39   3  68   4  23   5  64   6  84   7  66   8  67   9  19  10  89  11  70  12  50  13  54  14  83  15  28  16  44  17  94  18  79  19  92 
  0  17   1  68   2  49   3  32   4  23   5  88   6  74   7  16   8  40   9  49  10  57  11   6  12  30  13  58  14  72  15  43  16  97  17  59  18  20  19  38 
  0   5   1  12   2  72   3  28   4  62   5  59   6  69   7  24   8  84   9  10  10  91  11  29  12  61  13  22  14  78  15  96  16  29  17  62  18  24  19  52 
  0  47   1  88   2  37   3  13   4  10   5  15   6  65   7  47   8  39   9   2  10  52  11  52  12  27  13  36  14  36  15  99  16  45  17  74  18  39  19  60 
  0  16   1  54   2  18   3  46   4  76   5   7   6   8   7  69   8  11   9  91  10  35  11  91  12  52  13  66  14  57  15  10  16  54  17  13  18   6  19   9 
  0  37   1  85   2  14   3  72   4  61   5  28   6  15   7  56   8  82   9  58  10   2  11  20  12  60  13  37  14  75  15  72  16  87  17  96  18  20  19  72 
  0  89   1   2   2  32   3  23   4  45   5   6   6  16   7  51   8  33   9  63  10  42  11  40  12  79  13  31  14  24  15  49  16  20  17  63  18  59  19  35 
  0  33   1   1   2   6   3  18   4  82   5  45   6  39   7   1   8  80   9  15  10   2  11  42  12  65  13   5  14  86  15  97  16  12  17  19  18   3  19  91 
  0  29   1  57   2  27   3  21   4  45   5  14   6  50   7  94   8  29   9  36  10  65  11  88  12  78  13  78  14  99  15  83  16   8  17  96  18  65  19  75 
  0  65   1  60   2  26   3  46   4  35   5  18   6  91   7  31   8  87   9  45  10  62  11   3  12  84  13  77  14  41  15  25  16  42  17  83  18  57  19  95 
  0  47   1  65   2  22   3  71   4  27   5  83   6  39   7  72   8  65   9  73  10  66  11  61  12   2  13  52  14  54  15  23  16  68  17   6  18  77  19  67 
  0  54   1  93   2  59   3  27   4  94   5   7   6  72   7  25   8  48   9  32  10  48  11  92  12  23  13  76  14  21  15  44  16  43  17  20  18  79  19  62 
  0   9   1  14   2  98   3   9   4  20   5   6   6  39   7  41   8   5   9  43  10  43  11  32  12  98  13  35  14  55  15  57  16  29  17  49  18  39  19  62 
  0   6   1   2   2  43   3  63   4  56   5  94   6  46   7   2   8  41   9  44  10  34  11  82  12  67  13  12  14  65  15   6  16  68  17  59  18  34  19  18 
  0  87   1  94   2  25   3  20   4  80   5  61   6   5   7   5   8  94   9  21  10  19  11  78  12  25  13  28  14  58  15  67  16  70  17   9  18  23  19   5 
  0  17   1  69   2  24   3  86   4  97   5  43   6  20   7  16   8  90   9   9  10  22  11   8  12  85  13  90  14  35  15  68  16  50  17  97  18  44  19  43 
  0  77   1  55   2  63   3  59   4   6   5  83   6  55   7  16   8  19   9  24  10  99  11  55  12  73  13  34  14  26  15  72  16  13  17  60  18  43  19  85 
  0  97   1  64   2  91   3  43   4  98   5  82   6  64   7   7   8  28   9  92  10  20  11  52  12  47  13  40  14   6  15  15  16   3  17  84  18  79  19  62 
  0  96   1  98   2   5   3  16   4  41   5  98   6  76   7  14   8  26   9  86  10  43  11  30  12  77  13  91  14  10  15   8  16  32  17  70  18  29  19  65 
  0  72   1  40   2  49   3  33   4  89   5  45   6   2   7  41   8  91   9  51  10  26  11  94  12  38  13  12  14  94  15  16  16  86  17  10  18   1  19  71 
  0  18   1  53   2   8   3  82   4  99   5  78   6  41   7  17   8  38   9  28  10  30  11  53  12  31  13  77  14  24  15   5  16  12  17  82  18  40  19  62 
  0  49   1  32   2  47   3  93   4  55   5  73   6  59   7  68   8  90   9  76  10  55  11  62  12  37  13  73  14  81  15  82  16  88  17  35  18  85  19  53 
  0  53   1  50   2  73   3   5   4  29   5  32   6  66   7  47   8  62   9  33  10  77  11  44  12  25  13  73  14  56  15  46  16  66  17  27  18  15  19  14 
  0  57   1  28   2  73   3  84   4  74   5  18   6  86   7  65   8  10   9  27  10  52  11  34  12  52  13  35  14  75  15  39  16  78  17  84  18  29  19  10 
  0  92   1  91   2  50   3  29   4  91   5   2   6  46   7  91   8  82   9  88  10  67  11  71  12  12  13  98  14   1  15  81  16  69  17  54  18  76  19  59 
  0  85   1  97   2  10   3  76   4  33   5  37   6  36   7  69   8  93   9  89  10  46  11  43  12  13  13  63  14  63  15  41  16  12  17   7  18  10  19  64 
  0   4   1  79   2  68   3  23   4  46   5  17   6  83   7  65   8   4   9  78  10   6  11  81  12  26  13  32  14   4  15  88  16  36  17  38  18  94  19   7 
  0  62   1  35   2  90   3  45   4   6   5   5   6  97   7  98   8  54   9  27  10  74  11  83  12  92  13  40  14  61  15  61  16  18  17  91  18   4  19  72 
  0   2   1   6   2  10   3  22   4  91   5  31   6  25   7   8   8  92   9  16  10  21  11  29  12  54  13  87  14  37  15   3  16  86  17  23  18  30  19   8 
  0  80   1  28   2  43   3  61   4  86   5   9   6  36   7  38   8  77   9  37  10  31  11  28  12  68  13  98  14  53  15  31  16  76  17  16  18  35  19  53 
  0  27   1   3   2  78   3  54   4   3   5  23   6  89   7  16   8  77   9  61  10  18  11  90  12  28  13  89  14  65  15  41  16  50  17  76  18   8  19   8 
  0  56   1   1   2   4   3  92   4  71   5   2   6  63   7  67   8  34   9  13  10  77  11  93  12  52  13  41  14   9  15   8  16  54  17  88  18  76  19  72 
  0  54   1  25   2   3   3  25   4  15   5  70   6  14   7  65   8   3   9  72  10  56  11  47  12  18  13  37  14   8  15  17  16  43  17   5  18  79  19  11 
  0  67   1  75   2  38   3  77   4  54   5  79   6  58   7   4   8  73   9  42  10   5  11  52  12   9  13  41  14  57  15  87  16  45  17  90  18  31  19  48 
  0  38   1  25   2  67   3  50   4  48   5  97   6  19   7  22   8  28   9   8  10  51  11  91  12  20  13  64  14  12  15  77  16  14  17  44  18  99  19  94 
  0  63   1  18   2   3   3   4   4  12   5  93   6  72   7  66   8  98   9  55  10  65  11  97  12  77  13  36  14  37  15  88  16   3  17  73  18  73  19  36 
  0   3   1  45   2   9   3  78   4  95   5  25   6  74   7  70   8  70   9  25  10  71  11  21  12  93  13  32  14  23  15  47  16  59  17  65  18  90  19  70 
  0   9   1  76   2  70   3  44   4  22   5  44   6  53   7   8   8  85   9  84  10  20  11  95  12  19  13  78  14  13  15  84  16  59  17  81  18  42  19  50 
  0  99   1  39   2   5   3   7   4  15   5  76   6  94   7  35   8  62   9  75  10  89  11  95  12  27  13  68  14  43  15  95  16  89  17  92  18  24  19  12 
  0  99   1  97   2  81   3   3   4  92   5  75   6  68   7  44   8  56   9  53  10  68  11  71  12  26  13  37  14  67  15   3  16   4  17   3  18  66  19  70 
  0  47   1  80   2  36   3  10   4  25   5  84   6   7   7  16   8   1   9  56  10  23  11  95  12  90  13  11  14  45  15  97  16  12  17  42  18  26  19  99 
  0  38   1  89   2  48   3  24   4  11   5  18   6  44   7   3   8   4   9  42  10   6  11  70  12  98  13  98  14  29  15  38  16  74  17  45  18   9  19  31 
  0   2   1  61   2  89   3  11   4  73   5  46   6  62   7  24   8  98   9  11  10  10  11  64  12  67  13  64  14  97  15  76  16  88  17  97  18   2  19  34 
  0   8   1  75   2  97   3  58   4  73   5  61   6  33   7  92   8  65   9  75  10  37  11  52  12  84  13  69  14  66  15  59  16  18  17   7  18  59  19  44 
  0  53   1   6   2  85   3  83   4  44   5  52   6  24   7  86   8  56   9  23  10  55  11  12  12  51  13  72  14  75  15  67  16  64  17  43  18  84  19  88 
  0  96   1   2   2  79   3   2   4  86   5  22   6  84   7  41   8   9   9  97  10  99  11  55  12  37  13  22  14  75  15  79  16  83  17  78  18   7  19  81 
  0  64   1   3   2  62   3  10   4  62   5  66   6  33   7  96   8  54   9  82  10  64  11  92  12  65  13  90  14  43  15  40  16  53  17   3  18  49  19  39 
  0  12   1  40   2  70   3  37   4  46   5  53   6  63   7   4   8  63   9  32  10  65  11  98  12  52  13  16  14  36  15  76  16  37  17  79  18  84  19   8 
  0  42   1  97   2   3   3  96   4  47   5  61   6  16   7  74   8  61   9   2  10  15  11  64  12  85  13  56  14  17  15  89  16  90  17  45  18  40  19  80 
  0   7   1  10   2  97   3  53   4  59   5  25   6  78   7  15   8  41   9  55  10  48  11  72  12  28  13   6  14  36  15  39  16  92  17   9  18  93  19  12 
  0  14   1   2   2  85   3  87   4  79   5  99   6  24   7  92   8   9   9  47  10  10  11   4  12  21  13   1  14   2  15   6  16  53  17   4  18  54  19  45 
  0  38   1  42   2  61   3  95   4  75   5  88   6  67   7  42   8  44   9   5  10  42  11  84  12  79  13  27  14  89  15   2  16  38  17  78  18  81  19  72 
  0   6   1  96   2  79   3  67   4  50   5  66   6  24   7  85   8  10   9  36  10  95  11   9  12  96  13  12  14  98  15  80  16  41  17  69  18  13  19   2 
  0  65   1  13   2  14   3  64   4  59   5  21   6  54   7  32   8  77   9  72  10  69  11   8  12  71  13  77  14  36  15  99  16  73  17  30  18  92  19  52 
  0  52   1  29   2   5   3  90   4  99   5   5   6  48   7  49   8  15   9  85  10  24  11  96  12  90  13  85  14  42  15  88  16  83  17  41  18  74  19  95 
  0   6   1  75   2  28   3  72   4  84   5  88   6  93   7  53   8   7   9  83  10  88  11  37  12  85  13  37  14  51  15  81  16  75  17   8  18  13  19  11 
  0  51   1  84   2  18   3  90   4  13   5  71   6  64   7  16   8  86   9  24  10  56  11  78  12  29  13  76  14  38  15  61  16  36  17  18  18  55  19   9 
  0  18   1  92   2   7   3  98   4  14   5  45   6  21   7  19   8  39   9  58  10  66  11  72  12  74  13  95  14  22  15  63  16  50  17  16  18  16  19  77 
  0  82   1  20   2   3   3  25   4  85   5  47   6  58   7   9   8  37   9  29  10  27  11  80  12  21  13  12  14  52  15  34  16  23  17  31  18  48  19  61 
  0  68   1  57   2  70   3  78   4  74   5  51   6  80   7  27   8   1   9  21  10  12  11  17  12  74  13  67  14  55  15   7  16   9  17   7  18   2  19   6 
  0  13   1  27   2  32   3  12   4  97   5  76   6  97   7  92   8  18   9  56  10  86  11  57  12  99  13  53  14  60  15  63  16  62  17  54  18  71  19  48 
  0  48   1  61   2  32   3  21   4   5   5  74   6   9   7  90   8  14   9  40  10  49  11  44  12  12  13  65  14   8  15  61  16   4  17   5  18  82  19  20 
  0  93   1  82   2  11   3  38   4  16   5  60   6  88   7  11   8   8   9  60  10  63  11  47  12  32  13  67  14   4  15  88  16  26  17  94  18  77  19  94 
  0  52   1  27   2  38   3  40   4  53   5  51   6  90   7  87   8  16   9  93  10  20  11  48  12  56  13  32  14  47  15  48  16   3  17  26  18  43  19  59 
  0  77   1  14   2  65   3  98   4   1   5   4   6  42   7  50   8  59   9  17  10  61  11  20  12  41  13  62  14  41  15  82  16  61  17  51  18  29  19  33 
  0  17   1  75   2  24   3  63   4  90   5  60   6  67   7  24   8  34   9  51  10  76  11  97  12  88  13  75  14   5  15  15  16  77  17  75  18  52  19  26 
  0  21   1  77   2  25   3  68   4  16   5  37   6  99   7  44   8  23   9  74  10  27  11  94  12  95  13  66  14  75  15  59  16  66  17  41  18  29  19  85 
  0  35   1  86   2  87   3  53   4  90   5  81   6  17   7   6   8  35   9  71  10  72  11  74  12  38  13  22  14  16  15  37  16  94  17  25  18  65  19  86 
  0  14   1  66   2  13   3  18   4  88   5  25   6  65   7  73   8  27   9  87  10   8  11  91  12  91  13   2  14  45  15  81  16  90  17  95  18  97  19  14 
  0  11   1  23   2  58   3  27   4  87   5   7   6  31   7  79   8   5   9  60  10  98  11   7  12  12  13  51  14  66  15  55  16  16  17   6  18  90  19  79 
  0  58   1  60   2  50   3   5   4  39   5  88   6  54   7  37   8   3   9  61  10  35  11  67  12  70  13  82  14  61  15  56  16  77  17  41  18  62  19   5 
  0  70   1   3   2  23   3  87   4  84   5   5   6  18   7  42   8  74   9  48  10  49  11  59  12  28  13  36  14  74  15  65  16  50  17  40  18  50  19  24 
  0  87   1  18   2  60   3  92   4  42   5   5   6  62   7  10   8   8   9  92  10  12  11  41  12  44  13  92  14  60  15  45  16  49  17   9  18   1  19  74 
  0  68   1  98   2  60   3  19   4  68   5  75   6  39   7  18   8  57   9  49  10  71  11  46  12  98  13  17  14  54  15  94  16   7  17  26  18  87  19  49 
  0  15   1  77   2  58   3  20   4  49   5  26   6  54   7  39   8  71   9   4  10  65  11  15  12  76  13  29  14  46  15  31  16  16  17  52  18  58  19  54 
  0  75   1  66   2  76   3  67   4  59   5  49   6  41   7  52   8  10   9  42  10  98  11  23  12  99  13  79  14  34  15  39  16  86  17  26  18  72  19  27 
  0  14   1  71   2  67   3  67   4  11   5  94   6  55   7  66   8   3   9  46  10  92  11  90  12  61  13  75  14  86  15  39  16  53  17  12  18   8  19  84 
  0   8   1  40   2  63   3  71   4  45   5  41   6  24   7  91   8  92   9  77  10   1  11  92  12  54  13  43  14  10  15  70  16  79  17  29  18  32  19  14 
  0  36   1  31   2  13   3  88   4  21   5  77   6  19   7  35   8   5   9  94  10  63  11  77  12  51  13  84  14  46  15  14  16  92  17  53  18  94  19  22 
  0  21   1  17   2  79   3  15   4  88   5  39   6  21   7  39   8  24   9   6  10  85  11  25  12  59  13  14  14   1  15  81  16   8  17  87  18  18  19  12 
  0   3   1  78   2  75   3   4   4   2   5   7   6  76   7   4   8   8   9   5  10  20  11  47  12  75  13  58  14  11  15  86  16  97  17  52  18   9  19  93 
  0   5   1  59   2  79   3  42   4  26   5  15   6  11   7  12   8  10   9  20  10  65  11  29  12  40  13  29  14  11  15  76  16  50  17  17  18  99  19  10 
  0  30   1  67   2  26   3  45   4  67   5  13   6  70   7  43   8  45   9  59  10   6  11  25  12  19  13  92  14  77  15  74  16  76  17  37  18  55  19   7 
  0  82   1  88   2  67   3  25   4  59   5  89   6  45   7  85   8  22   9   9  10  36  11  61  12  66  13  15  14   3  15  86  16  95  17  83  18   1  19   9 
  0  70   1  81   2  16   3  67   4  43   5  93   6  30   7  95   8  45   9  65  10  95  11  25  12  37  13  65  14  28  15  73  16  79  17  52  18  32  19   6 
  0  63   1  97   2  96   3  63   4  59   5  77   6   3   7  98   8  41   9  53  10  54  11  54  12  68  13  15  14  34  15  95  16  36  17  62  18   4  19  59 
  0  74   1   7   2  99   3  89   4  53   5   9   6  80   7  48   8  63   9  10  10  10  11  50  12  74  13   7  14  25  15   2  16  86  17   8  18  89  19  38 
  0  79   1  70   2  18   3  85   4  18   5  15   6  66   7  37   8   2   9  69  10   6  11  19  12  22  13  14  14  61  15  63  16  21  17  57  18   1  19  11 
  0  37   1  77   2  68   3  83   4  78   5  41   6  17   7  95   8  91   9  80  10  12  11  64  12  30  13  20  14  99  15  86  16  23  17  31  18  97  19  14 
  0  34   1  58   2  20   3  21   4  94   5  17   6  96   7  22   8  46   9  66  10  59  11  65  12   4  13  20  14  98  15  20  16  98  17  64  18  35  19  82 
  0  49   1  11   2  42   3  86   4  37   5  27   6  21   7  84   8  90   9  36  10  82  11  12  12  13  13  93  14  50  15  39  16  25  17  34  18  38  19  77 
  0  35   1  58   2  80   3  70   4  46   5  80   6  10   7  88   8  60   9  81  10  66  11  24  12  30  13  45  14  64  15  13  16  81  17  89  18  92  19  83 
  0  79   1  65   2  54   3  89   4  84   5  53   6  79   7  40   8  95   9  62  10  86  11  87  12  62  13  24  14  53  15  65  16  41  17  90  18  47  19  32 
  0  12   1  55   2  32   3  59   4  74   5  26   6  77   7  19   8  87   9  71  10  38  11  62  12  75  13  69  14  14  15  79  16  94  17  72  18  53  19  96 
  0  53   1  91   2  85   3  74   4  54   5  44   6  97   7  38   8  37   9  18  10  77  11  31  12  42  13  36  14  19  15  84  16   4  17  98  18  34  19  41 
  0  27   1  93   2  50   3  33   4  46   5  14   6  52   7  35   8  80   9  69  10  56  11  12  12  23  13   3  14   1  15  70  16  15  17  42  18  52  19  66 
  0   5   1  42   2  92   3  38   4  18   5  23   6  30   7  55   8  93   9  51  10  52  11  84  12  82  13  37  14  84  15  92  16  61  17  29  18  85  19  93 
  0  60   1  84   2   9   3  60   4  96   5  16   6  66   7  94   8  58   9  42  10  68  11  91  12  96  13  53  14  24  15   7  16  28  17  76  18  80  19  70 
  0  88   1  55   2  77   3  92   4  97   5  87   6  17   7  77   8   2   9  82  10  59  11  95  12  56  13  48  14   4  15  49  16  87  17  81  18  96  19  68 
  0  99   1   1   2  41   3  47   4  75   5  43   6  89   7  97   8  58   9  19  10  14  11  46  12  47  13  65  14  79  15  74  16   1  17  83  18  90  19  42 
  0  70   1  91   2   1   3  65   4  48   5  29   6  53   7  15   8  69   9  47  10  43  11  37  12  24  13  80  14   9  15  63  16  17  17  14  18  29  19  76 
  0  10   1  60   2  72   3  81   4  81   5   2   6  70   7  93   8  95   9  46  10  18  11  56  12  45  13  58  14  38  15  54  16  92  17  35  18  59  19  17 
  0  23   1  15   2  48   3   6   4   4   5  82   6  62   7  15   8  90   9  94  10  96  11  28  12  45  13  75  14  30  15  83  16   5  17  29  18  85  19  25 
  0  59   1  86   2  89   3  93   4   1   5  79   6  36   7  14   8  38   9  66  10  19  11  58  12  27  13  17  14  87  15   9  16  50  17  96  18  99  19  63 
  0  64   1  69   2  12   3  29   4  18   5  53   6  70   7  91   8  85   9  28  10  38  11  24  12  62  13  90  14  22  15   5  16  49  17  32  18  22  19  98 
  0  49   1  97   2  16   3  96   4  19   5  43   6  96   7  35   8  54   9  67  10  55  11  13  12  33  13  14  14  25  15  31  16   5  17   9  18  62  19  19 
  0  44   1  68   2  66   3  51   4   9   5  32   6   7   7  71   8  86   9  44  10  66  11  87  12  94  13  79  14  65  15   9  16  35  17   9  18  27  19  79 
  0  18   1  11   2  83   3   1   4  14   5  30   6  17   7  52   8  23   9   4  10  75  11  70  12  50  13  43  14  79  15  25  16  31  17  58  18   9  19  38 
  0  68   1  39   2  41   3  18   4  45   5  47   6  78   7  72   8  69   9  52  10  82  11   6  12  76  13  47  14  28  15  28  16  14  17  59  18  69  19  42 
  0  12   1  77   2  94   3  15   4  90   5  47   6  76   7  12   8   5   9  76  10  78  11  55  12  81  13  52  14   4  15  74  16   5  17  57  18  67  19  37 
  0  23   1  47   2   9   3  20   4  71   5   6   6   6   7  96   8  35   9  53  10  85  11  48  12  64  13  57  14  10  15  67  16   2  17  21  18  73  19  85 
  0  59   1  91   2  65   3  69   4  23   5  46   6  99   7   2   8  71   9  30  10  68  11  34  12  85  13  92  14   3  15  17  16  44  17  73  18  64  19  44 
  0  35   1  64   2   2   3  28   4  36   5  58   6  60   7  63   8  77   9  77  10   2  11  34  12  43  13  71  14  43  15   3  16  56  17  39  18  16  19  61 
  0  14   1  84   2  79   3  89   4  99   5  51   6  58   7  75   8  19   9  66  10  73  11  18  12  60  13  83  14  66  15  21  16  68  17  90  18  24  19  74 
  0  82   1  17   2  96   3  65   4  77   5  81   6  14   7  82   8  98   9  56  10   7  11  73  12  24  13  14  14  15  15  89  16  60  17  63  18  47  19  80 
  0  55   1  54   2  24   3   8   4  68   5  80   6  55   7  36   8  83   9  77  10  61  11  39  12  18  13  74  14  98  15  34  16   4  17  48  18  74  19  42 
  0  16   1  74   2   2   3  73   4  10   5  31   6  67   7  23   8  63   9  44  10  19  11  54  12  40  13  40  14  42  15  55  16   7  17   6  18  72  19   6 
  0  87   1  94   2  71   3  70   4  64   5  60   6  52   7  35   8  83   9  92  10  94  11   3  12   4  13  48  14  26  15  97  16  85  17  57  18  52  19  65 
  0  23   1  62   2  70   3  55   4  14   5  49   6  40   7  53   8  33   9  10  10  70  11  16  12  51  13  35  14  64  15  21  16  37  17  70  18  13  19  83 
  0  20   1  20   2  13   3   1   4   1   5  76   6  40   7   2   8  95   9   5  10  46  11  62  12  60  13  46  14  63  15  65  16  86  17  63  18  80  19   8 
  0  83   1  69   2  66   3  76   4  21   5  19   6  66   7  47   8  64   9  56  10  81  11  67  12   1  13  31  14  24  15  69  16  55  17  41  18  91  19  78 
  0  32   1  16   2  76   3   1   4  14   5  75   6  28   7  57   8  45   9  15  10  79  11  60  12  45  13  17  14  46  15  65  16  56  17  26  18  14  19  55 
  0  74   1  20   2  81   3   4   4  36   5  47   6  56   7  81   8  93   9  71  10  40  11  56  12  58  13  86  14  69  15  95  16  37  17  47  18  26  19  62 
  0  53   1  79   2  23   3  77   4  76   5  55   6  96   7   3   8  34   9  70  10  11  11  87  12   5  13   2  14  35  15  52  16  64  17  84  18  37  19  98 
  0  57   1  79   2  27   3  57   4  74   5  44   6  13   7  20   8  99   9  51  10  27  11  55  12  99  13  71  14  97  15  73  16  59  17  97  18  10  19  38 
  0  99   1  60   2  69   3  41   4  58   5   5   6  84   7  33   8   7   9  21  10  77  11  61  12  63  13  71  14  73  15  52  16  36  17  79  18  64  19  38 
  0  85   1  74   2  73   3  62   4  80   5  96   6  10   7  90   8  80   9  79  10  50  11  87  12  44  13  58  14  94  15  60  16  29  17  71  18  58  19  35 
  0  13   1  18   2  37   3  91   4  75   5  70   6  88   7  11   8  32   9  14  10  13  11  27  12  81  13  25  14  69  15  72  16  96  17   5  18   9  19   7 
  0  39   1  54   2  44   3  50   4  58   5  14   6  79   7  99   8  47   9  50  10  94  11  69  12  52  13   2  14  89  15  60  16   4  17  96  18  86  19  58 
  0  97   1   7   2  75   3  23   4  54   5  45   6  56   7  75   8  97   9  11  10  43  11   8  12  85  13  60  14  37  15   6  16  42  17  78  18  94  19  22 
  0  14   1  15   2  80   3  56   4  65   5  54   6  23   7  77   8  75   9  12  10  75  11  18  12  63  13  10  14  49  15  89  16  59  17  41  18  15  19  83 
  0  52   1  91   2   7   3  51   4  83   5  14   6  94   7  83   8  74   9  88  10  69  11  80  12  22  13  77  14  44  15  60  16  91  17  99  18   8  19   6 
  0  64   1  89   2  52   3  17   4  84   5  13   6  12   7  17   8  17   9  76  10  69  11  40  12  32  13  12  14  49  15   2  16  54  17  14  18  59  19  74 
  0  28   1   1   2   7   3   4   4  89   5  34   6  45   7  53   8  27   9  39  10  10  11  25  12  53  13  24  14  41  15  12  16  65  17  90  18  98  19  37 
  0  53   1  68   2   8   3  81   4  84   5  12   6  43   7  22   8  19   9  75  10  90  11  25  12  49  13  62  14  43  15  49  16  75  17  53  18   9  19  86 
  0  62   1  72   2  78   3  48   4  76   5  88   6  14   7  85   8  36   9  73  10  12  11  67  12  56  13  60  14  11  15  11  16  98  17  62  18  45  19   1 
  0  94   1  21   2  63   3  81   4  61   5  22   6  40   7   1   8  54   9  98  10  67  11  85  12  43  13  90  14  23  15  52  16  65  17  10  18  76  19  52 
  0  33   1  18   2  52   3   4   4  36   5  41   6  99   7  14   8   8   9  59  10  71  11  11  12  59  13  14  14  73  15  67  16   6  17  49  18  52  19  21 
  0  68   1  50   2  73   3   2   4  36   5  24   6  68   7  71   8  88   9  54  10  56  11  26  12  82  13  79  14  85  15  85  16  73  17  54  18  65  19  92 
  0  86   1  30   2  39   3  39   4   9   5  52   6  29   7  69   8  61   9  21  10  56  11  64  12  94  13  86  14  29  15  17  16  23  17  10  18  64  19  62 
  0  71   1   5   2  28   3  68   4  67   5  19   6  97   7   9   8  72   9  22  10  41  11  36  12  97  13  24  14  74  15  11  16  28  17  94  18   1  19  56 
  0   1   1   1   2  56   3  12   4  15   5  10   6  93   7  71   8  27   9  54  10  15  11  66  12  35  13  23  14  54  15  69  16  41  17  98  18  86  19   4 
  0  25   1  62   2  51   3  63   4  24   5  97   6  98   7  17   8  69   9  17  10  32  11  34  12  30  13  87  14  35  15  19  16  24  17  28  18  41  19   9 
  0  72   1  67   2  69   3  73   4  16   5  72   6  29   7  84   8  77   9  79  10  12  11  43  12  82  13  46  14  79  15  32  16  38  17  46  18  96  19  65 
  0  53   1  82   2  16   3  38   4  88   5  98   6  40   7  18   8  92   9  56  10  89  11  96  12  40  13  15  14  79  15  29  16  29  17  37  18  45  19  63 
  0  19   1  87   2  79   3  88   4   1   5  72   6  38   7  79   8  79   9  62  10  47  11  12  12  55  13  27  14  29  15  77  16  93  17  31  18  38  19   3 
  0  54   1  59   2  46   3  37   4  20   5  85   6  92   7  82   8  65   9  15  10   5  11  64  12  31  13  11  14  92  15  39  16  17  17  12  18  60  19  91 
  0  42   1   9   2   8   3  47   4  81   5  69   6  20   7  93   8  15   9  94  10  42  11  96  12  86  13  98  14  55  15  38  16  52  17  68  18  87  19  36 
  0  46   1  35   2  83   3  22   4  60   5  50   6  87   7  97   8  54   9  66  10  99  11  42  12  80  13  84  14  57  15  33  16  49  17   3  18  43  19  24 
  0  54   1  79   2  54   3  34   4  33   5   8   6  27   7  67   8   6   9  73  10  87  11  30  12  10  13  54  14   9  15  73  16  93  17   8  18  62  19  23 
  0  23   1  86   2  24   3  55   4  96   5  98   6  40   7  32   8  52   9  40  10  13  11  51  12   9  13  66  14  88  15  64  16  64  17  95  18  50  19   5 
  0  78   1  71   2  51   3  33   4  60   5  32   6  29   7  94   8  20   9  40  10  64  11  29  12   8  13  50  14  14  15  11  16  45  17  32  18  78  19  83 
  0  80   1  38   2  47   3  94   4  70   5  40   6  90   7  22   8  38   9  79  10  23  11  62  12  78  13  12  14   3  15  31  16  78  17  90  18  98  19  62 
  0  37   1  51   2  62   3   5   4   4   5  61   6   6   7  38   8  57   9  48  10  67  11  28  12   6  13  58  14  65  15  90  16  68  17  33  18  51  19  20 
  0  69   1  76   2  13   3  19   4  15   5  55   6  73   7  59   8  56   9  20  10  71  11  83  12  62  13  49  14  44  15   9  16  73  17  51  18  99  19  84 
  0   4   1  82   2  25   3  31   4  54   5  47   6  81   7  25   8  20   9  60  10  67  11  54  12  50  13  19  14  79  15  85  16  17  17  88  18  76  19  80 
  0  15   1  51   2  69   3  59   4   4   5  60   6  91   7  16   8  85   9  84  10  48  11  28  12  61  13  43  14  22  15  42  16  12  17   8  18  16  19  75 
  0  15   1  56   2  99   3  63   4  21   5  14   6   3   7  90   8  44   9  39  10  69  11  32  12  65  13  16  14  70  15  16  16  27  17  55  18  60  19   6 
  0  28   1  34   2   9   3   3   4   1   5  33   6  91   7  44   8  72   9  31  10  10  11  77  12  14  13  39  14  46  15  79  16  49  17  62  18  11  19  86 
  0  24   1  64   2   7   3  43   4  79   5  73   6  24   7  15   8   2   9  81  10  80  11  23  12  42  13  34  14  81  15  75  16  10  17  73  18  47  19  46 
  0  52   1   7   2  88   3  60   4  38   5  11   6   2   7  17   8  85   9   7  10  32  11  98  12  36  13  85  14  44  15  41  16  27  17  55  18  23  19  82 
  0  64   1  12   2  37   3  14   4  16   5  53   6  75   7  16   8  15   9  96  10  14  11  13  12  28  13  18  14  61  15  68  16  20  17  84  18  31  19  36 
  0  21   1  68   2  20   3  16   4  67   5  95   6  50   7  74   8   1   9  64  10  13  11  26  12  50  13   5  14  34  15  60  16  93  17  23  18  84  19  11 
  0  90   1  58   2  34   3  92   4  81   5  35   6  16   7   9   8  51   9  46  10  26  11  30  12  88  13  13  14  81  15  69  16  81  17  53  18  50  19  57 
  0  66   1  24   2   9   3   2   4  45   5  25   6   1   7  72   8  94   9  77  10  72  11  17  12  57  13  91  14  13  15  11  16  12  17  87  18  18  19  49 
  0  24   1  44   2  21   3  91   4  49   5   2   6  44   7  66   8  34   9  15  10  22  11   2  12  71  13  61  14  63  15  25  16  92  17  18  18  55  19  30 
  0  39   1  31   2  82   3  76   4  73   5  74   6  15   7  36   8  69   9  65  10  17  11  90  12  72  13  30  14  52  15  89  16  47  17  17  18  31  19  46 
  0  15   1  38   2   8   3   1   4   8   5  57   6  60   7  75   8  67   9  11  10  98  11   8  12  58  13  36  14  25  15  48  16  61  17  80  18  23  19  22 
  0  18   1  34   2  84   3  43   4  56   5  80   6  22   7  85   8  26   9  47  10  94  11  53  12  44  13  32  14  61  15  60  16  15  17  83  18  70  19  59 
  0  43   1  54   2  19   3  16   4  34   5  73   6  56   7  51   8  57   9  32  10  18  11   4  12  80  13   2  14  33  15  88  16  14  17   7  18  10  19  26 
  0  90   1  39   2  67   3   8   4   6   5   3   6  80   7  46   8   6   9  99  10   1  11  43  12  65  13  67  14  40  15  10  16  64  17  31  18  92  19   6 
  0  15   1  99   2  57   3  46   4  66   5   3   6   1   7  22   8   1   9  60  10  99  11  17  12  51  13  12  14  88  15  44  16  55  17   8  18  54  19  90 
  0  72   1  30   2  24   3  94   4  18   5  57   6  86   7  76   8   1   9  11  10  24  11  77  12  13  13  87  14  76  15  75  16  80  17  36  18  70  19  66 
  0  60   1   1   2  11   3  94   4  18   5  76   6  95   7  18   8  82   9  46  10  51  11  22  12  22  13  10  14  21  15  11  16  44  17  26  18  50  19  25 
  0  65   1  74   2  55   3  59   4  31   5   7   6  49   7  32   8  91   9   5  10  43  11  14  12  94  13  17  14  70  15  45  16  34  17   1  18  98  19  37 
  0  20   1  98   2  65   3  47   4  89   5  38   6  13   7  87   8  60   9  99  10  97  11  61  12  46  13  92  14  61  15  18  16  21  17  11  18  27  19  45 
  0  43   1  92   2  92   3  86   4   2   5  27   6  40   7  54   8  93   9  41  10  22  11  70  12  55  13  17  14  90  15  15  16  10  17  68  18  21  19  52 
  0  40   1  46   2  78   3   8   4  17   5  77   6  89   7   8   8  67   9   3  10  59  11   6  12  85  13  76  14  49  15  84  16  68  17  26  18  69  19  81 
  0  45   1  97   2   6   3  24   4  13   5  28   6  35   7  11   8  18   9  80  10  19  11  25  12  18  13  86  14  69  15  56  16  89  17  76  18  94  19  37 
  0  38   1   2   2  37   3  37   4  30   5  90   6  79   7  46   8  61   9  48  10   7  11  78  12  40  13  39  14  85  15  72  16  92  17  84  18  22  19  27 
  0  55   1  90   2  78   3  21   4  89   5  72   6  29   7   7   8  23   9  67  10  92  11  84  12  31  13  67  14  31  15  31  16  69  17  89  18  16  19  21 
  0  75   1  68   2  78   3  19   4  30   5  16   6  11   7  70   8  86   9  86  10  47  11  11  12  74  13  15  14  23  15  54  16  55  17  27  18  42  19  37 
  0  16   1  39   2  71   3  14   4  78   5  69   6  30   7  72   8  94   9  39  10  68  11  61  12  32  13  38  14  32  15  75  16  12  17  80  18   7  19  32 
  0  96   1  75   2  52   3  97   4  31   5  73   6   4   7  63   8  70   9   1  10  43  11  84  12  33  13  45  14  42  15  58  16  91  17  89  18  13  19  21 
  0  73   1  75   2   7   3  45   4  91   5  36   6  38   7   1   8  70   9  84  10  88  11  10  12  97  13  72  14  64  15  12  16  28  17  76  18   2  19  13 
  0  96   1  91   2  28   3  47   4  93   5  67   6  68   7  62   8  78   9  16  10  96  11  18  12  72  13  89  14   3  15  13  16  77  17  58  18  55  19  24 
  0  45   1  70   2  54   3  77   4  52   5  19   6  26   7  71   8  69   9  20  10  30  11  54  12  16  13  20  14  73  15  19  16  21  17  55  18   4  19  34 
  0  81   1  47   2  86   3  90   4  26   5  30   6  44   7  70   8  87   9  47  10  35  11  33  12  24  13  31  14  13  15  10  16  15  17  97  18  90  19  32 
  0  30   1  28   2  20   3  49   4  58   5  83   6  37   7  66   8  53   9  50  10  47  11   5  12  62  13  63  14  94  15  93  16  19  17  58  18  83  19  13 
  0   2   1  17   2  54   3  71   4  49   5  32   6  70   7  60   8   2   9  71  10  47  11  49  12  94  13  83  14  70  15  75  16  61  17  85  18   7  19  63 
  0  98   1  51   2  78   3  43   4  21   5  91   6  27   7  61   8  70   9  85  10  82  11  21  12   8  13  64  14  41  15  59  16  31  17  59  18  15  19  22 
  0  10   1  84   2   9   3  80   4  13   5  54   6  64   7  66   8  27   9   3  10  63  11  83  12  30  13  11  14  49  15  33  16  61  17  15  18  80  19  78 
  0  42   1  45   2  19   3  72   4  62   5  25   6  28   7  79   8  15   9  90  10   7  11  22  12  75  13  10  14  91  15  84  16  30  17  70  18  84  19  76 
  0  46   1  31   2  38   3  48   4   1   5  61   6  64   7  81   8  38   9  50  10  35  11  35  12  41  13  62  14  71  15  99  16  31  17   6  18   5  19  41 
  0  80   1  73   2  61   3  17   4  61   5  47   6  44   7  35   8  18   9  68  10  51  11  59  12  13  13   6  14  95  15  59  16  66  17  74  18  57  19  63 
  0  49   1  54   2  92   3  35   4   5   5  24   6  84   7  86   8  10   9  48  10  78  11  52  12  79  13  90  14  74  15  38  16   8  17   2  18  79  19  74 
  0  20   1  29   2  90   3  48   4  33   5  87   6  35   7  44   8  55   9  74  10  87  11  52  12  24  13   6  14  91  15  61  16  70  17  53  18  65  19  29 
  0  25   1  15   2  44   3  93   4  31   5  92   6  85   7  44   8  75   9   8  10  47  11  48  12  77  13  46  14  72  15  60  16  89  17  61  18  84  19  25 
  0  33   1  57   2  55   3  64   4  58   5   6   6  93   7  45   8  31   9  62  10  57  11  95  12  98  13  81  14  80  15   3  16  52  17  18  18  42  19  42 
  0  25   1  37   2  31   3  35   4  26   5  10   6   5   7  90   8  86   9  46  10  23  11  65  12  74  13  28  14  23  15  59  16  84  17  78  18  34  19  20 
  0  28   1   5   2  42   3  44   4  81   5  90   6  92   7  93   8  47   9  81  10  95  11  72  12  37  13  82  14  27  15  88  16  27  17  18  18  46  19  24 
  0  42   1  45   2  39   3  27   4  24   5  63   6  41   7  46   8  16   9  17  10  33  11  96  12  11  13  11  14   4  15   8  16  99  17  72  18  70  19  76 
  0  30   1  95   2  39   3  68   4  18   5  95   6  23   7  43   8  90   9  76  10  60  11  38  12  43  13  51  14  99  15  52  16  73  17  57  18  85  19  83 
  0  12   1  62   2  84   3  85   4   1   5  36   6  67   7  88   8  96   9  20  10  99  11   7  12  72  13  57  14  12  15  77  16   2  17  94  18  90  19  92 
  0  88   1  77   2  75   3  97   4  89   5  96   6  30   7  40   8  30   9   3  10  48  11  88  12  98  13  66  14  82  15  86  16  88  17  87  18  73  19  61 
  0  96   1  44   2  22   3  56   4  15   5  54   6   5   7  94   8  68   9  49  10   8  11  34  12  48  13  67  14  19  15  31  16  77  17  78  18   4  19  52 
  0  94   1  65   2  83   3  60   4  12   5  38   6  46   7  20   8  44   9   9  10  75  11  12  12  49  13  24  14  39  15  73  16  64  17  21  18  11  19  92 
  0  22   1  21   2  53   3  75   4  64   5  32   6  19   7  22   8   7   9  81  10  92  11  91  12  63  13  51  14   2  15  88  16  17  17  24  18  14  19  95 
  0   4   1  44   2  13   3  38   4  39   5  21   6  99   7  30   8  62   9  27  10  46  11  10  12  65  13  95  14  59  15  80  16  92  17  64  18   4  19   9 
  0  85   1  92   2  61   3  18   4  25   5  54   6  90   7  22   8  53   9  69  10  68  11  46  12  44  13  53  14   9  15  68  16  27  17  69  18  73  19  15 
  0  83   1   8   2  67   3  23   4  35   5  85   6  31   7  30   8  81   9  71  10  21  11   9  12   7  13  27  14  32  15  88  16  21  17  93  18  26  19  36 
  0  41   1  68   2  47   3   5   4  15   5  30   6  32   7  76   8  85   9  87  10  54  11  64  12  91  13  94  14   1  15  42  16  24  17  49  18  39  19  22 
  0  36   1  80   2  22   3  60   4  20   5  97   6  75   7  56   8  57   9   3  10  40  11  43  12   4  13  48  14  78  15  66  16  80  17  74  18  64  19  69 
  0  22   1  31   2  28   3  29   4  35   5  26   6  53   7  96   8   2   9  27  10  81  11  24  12  71  13  58  14  93  15  37  16  52  17  64  18  85  19  68 
  0  90   1  63   2  37   3  96   4  31   5  29   6  81   7  49   8  32   9  58  10  93  11  70  12  31  13  46  14   4  15  44  16   3  17  85  18  60  19  26 
  0  22   1  84   2  11   3  87   4  44   5  38   6  42   7  56   8  49   9  74  10  58  11  81  12  63  13  81  14  51  15  93  16  87  17  20  18  64  19  40 
  0   4   1  93   2   6   3  13   4  22   5  29   6  89   7  31   8  23   9  96  10  25  11  52  12  78  13  10  14  98  15  33  16  51  17  36  18  75  19  17 
  0  19   1  48   2  39   3  56   4  49   5  26   6  81   7  76   8  76   9  93  10  41  11  99  12   6  13  94  14  96  15   5  16  70  17  26  18  21  19  13 
  0  49   1  27   2  60   3  23   4  74   5  19   6  28   7  43   8   2   9  58  10  70  11  79  12  44  13  76  14  68  15  96  16  34  17  89  18   5  19   1 
  0   1   1  26   2  20   3  46   4  21   5  93   6  62   7  29   8   3   9  58  10  77  11  79  12  49  13   7  14  59  15  55  16  70  17  69  18   5  19  47 
  0  22   1  49   2  79   3  15   4  36   5  79   6  74   7  92   8  15   9  10  10  85  11  60  12  85  13  59  14  71  15  25  16  64  17  44  18   8  19  38 
  0  71   1  16   2  14   3  41   4  67   5   8   6  59   7  71   8  83   9  60  10  28  11  11  12  50  13  57  14  36  15  78  16  64  17  91  18  99  19  54 
  0  19   1  14   2  81   3  52   4  53   5  74   6  63   7  24   8  61   9  49  10  41  11  73  12   7  13  98  14  41  15  38  16   9  17  67  18  96  19  84 
  0   8   1  91   2  89   3  60   4  63   5  75   6  38   7  65   8  30   9  71  10  39  11  23  12  86  13  64  14  97  15  82  16   5  17   6  18  44  19  53 
  0  26   1  19   2   1   3  63   4  88   5  66   6  21   7  71   8  15   9   1  10  96  11  59  12  84  13  11  14  33  15  54  16  57  17   6  18  34  19  18 
  0  91   1  47   2  83   3  96   4  51   5  25   6  90   7  20   8  17   9  36  10  23  11  26  12  78  13   1  14  32  15  25  16  26  17  71  18   9  19  71 
  0  22   1  41   2  70   3  34   4  93   5  90   6  33   7  78   8  19   9  39  10  25  11  68  12  73  13  49  14  79  15  96  16  55  17  47  18  14  19  64 
  0  48   1  61   2  78   3  35   4  52   5  88   6  88   7  39   8   7   9  17  10  67  11  90  12  95  13  50  14  13  15  49  16  99  17  78  18  23  19  90 
  0  85   1  73   2  49   3  31   4  83   5  10   6  62   7  72   8   9   9  55  10  74  11  76  12  47  13  93  14  81  15  63  16  84  17  22  18  96  19  85 
  0  19   1   5   2  15   3  28   4  79   5  16   6  26   7  61   8  23   9  94  10  11  11  52  12  42  13  29  14  82  15  47  16  73  17  58  18   9  19  88 
  0  39   1  68   2  66   3  59   4  28   5  76   6  82   7  25   8  11   9   5  10  86  11  99  12  57  13  25  14  17  15  59  16  62  17  36  18  93  19  71 
  0  21   1  22   2  16   3  26   4  34   5  19   6  99   7  13   8  85   9  33  10  68  11  39  12  35  13  13  14  55  15  60  16  28  17  96  18  11  19   9 
  0  28   1  37   2  60   3  98   4  71   5  44   6  37   7  26   8  43   9  18  10  74  11  37  12  20  13  60  14  93  15  24  16  81  17  74  18  51  19   5 
  0  66   1  26   2   3   3  52   4  54   5   1   6  81   7  61   8  81   9  40  10  41  11  18  12   2  13  39  14  13  15  75  16  97  17  58  18  36  19  65 
  0  40   1  16   2  40   3  36   4  54   5  74   6  97   7  63   8  26   9  35  10  69  11  29  12  35  13  55  14  35  15  90  16  85  17  94  18  63  19  75 
  0   6   1  38   2  40   3  53   4  21   5  47   6  34   7  25   8  59   9  37  10  92  11  53  12  69  13  70  14  49  15  44  16  86  17  68  18  41  19  39 
  0  72   1  44   2  33   3  23   4  82   5  65   6  37   7  61   8   2   9  16  10  35  11  28  12  20  13  33  14  67  15  75  16  75  17   5  18  18  19  93 
  0  69   1  15   2  21   3  22   4  65   5  61   6   2   7  66   8  22   9  95  10  62  11  42  12  12  13  59  14  93  15  53  16   6  17  57  18  81  19  60 
  0  16   1  49   2   4   3  95   4  75   5  52   6  48   7  30   8  21   9  86  10  88  11  76  12  49  13   1  14   8  15  52  16  21  17  98  18  35  19  58 
  0   5   1  66   2  36   3  47   4  29   5   6   6  27   7  99   8  33   9  15  10   7  11  53  12  27  13  15  14  73  15  93  16  19  17  53  18  87  19  43 
  0  38   1  66   2  30   3  90   4  62   5  35   6  82   7  79   8  12   9  59  10  86  11   4  12  94  13  79  14  98  15  64  16  13  17  82  18  22  19  58 
  0  30   1  89   2   2   3  30   4  54   5   7   6   2   7  21   8  22   9  83  10  48  11  47  12  89  13  39  14  90  15  41  16  18  17  81  18  28  19  38 
  0  59   1  38   2   4   3  26   4  98   5  89   6  97   7  31   8  97   9  25  10  39  11  48  12  35  13   4  14  13  15  74  16   3  17  79  18  71  19   5 
  0  25   1  76   2  80   3  17   4  73   5  74   6  24   7  78   8  67   9  94  10  57  11  97  12  58  13   3  14  45  15  37  16  69  17  96  18  27  19  58 
  0  29   1  83   2  54   3  82   4  97   5  31   6  85   7  87   8  78   9  70  10  35  11  24  12  87  13  43  14  13  15  81  16  14  17   4  18  84  19  12 
  0   7   1  63   2  32   3  38   4  21   5  54   6  52   7  43   8   6   9  75  10  31  11  90  12  83  13  47  14  91  15  70  16  30  17  91  18  29  19  25 
  0  12   1  81   2  27   3  87   4  57   5  31   6  32   7  15   8   8   9  80  10  65  11  63  12  14  13  61  14  23  15  80  16  62  17   5  18  63  19  68 
  0   9   1  83   2  18   3   8   4  72   5   3   6  82   7  75   8  75   9  44  10  22  11  27  12  96  13  13  14  94  15  62  16  48  17  90  18  51  19  34 
  0  62   1  31   2   9   3  37   4  18   5  73   6  26   7  93   8  64   9  93  10  23  11  67  12  14  13  17  14  37  15  90  16  53  17  67  18   2  19  80 
  0   1   1  75   2  47   3  12   4  59   5  47   6  27   7  42   8  15   9  91  10  56  11  99  12   9  13  84  14  97  15  25  16  33  17  49  18  95  19  16 
  0  58   1  76   2  92   3  16   4  48   5  77   6  64   7  61   8   3   9  45  10  55  11  84  12  37  13  23  14  86  15  97  16  69  17  69  18  86  19  20 
  0  89   1  28   2   2   3  92   4  96   5  64   6   4   7  31   8  39   9  90  10  14  11  18  12  44  13  54  14  35  15  30  16  58  17  20  18  95  19  25 
  0  97   1  85   2  41   3  19   4  54   5  42   6  65   7  60   8  85   9   7  10  13  11  90  12  55  13  60  14  49  15  63  16  72  17  33  18   6  19  82 
  0  82   1  49   2  34   3   4   4  79   5  90   6  38   7  73   8   2   9  52  10  91  11  86  12  58  13  82  14  82  15  80  16  65  17  90  18  70  19  71 
  0  14   1  59   2  82   3  99   4  74   5  72   6   9   7  64   8  55   9  13  10  35  11  81  12  57  13  19  14  66  15  50  16  51  17  52  18  37  19  61 
  0  22   1   1   2   8   3  34   4  72   5  47   6  61   7  76   8  77   9  79  10   2  11  19  12  91  13  91  14  22  15  52  16  13  17  51  18  33  19  20 
  0   3   1  86   2  75   3  96   4  79   5   4   6  63   7  64   8  28   9  96  10  10  11  92  12  10  13  60  14  98  15  26  16  67  17  59  18  92  19  93 
  0  40   1  62   2  11   3  75   4  91   5  16   6  66   7  25   8  24   9  79  10  38  11  71  12  31  13  56  14  36  15  59  16  44  17  61  18  79  19  91 
  0  42   1  36   2  77   3  92   4  53   5  85   6   5   7  53   8  13   9  29  10  20  11  35  12  19  13  90  14  48  15  93  16  99  17  54  18  55  19  69 
  0   9   1  25   2  91   3  40   4  81   5  12   6  84   7  22   8   2   9  60  10   2  11  34  12  41  13  14  14  56  15  48  16  71  17  16  18  70  19  26 
  0  54   1  63   2  47   3  74   4  19   5  34   6  68   7  37   8  84   9  58  10  51  11  75  12  58  13   7  14  96  15  31  16  94  17  54  18  98  19  47 
  0   1   1  52   2  87   3  58   4  11   5  36   6  78   7   6   8  81   9  85  10  72  11  38  12  90  13  93  14  33  15  21  16  59  17  58  18  15  19  39 
  0  61   1  72   2  49   3  20   4   4   5  20   6  45   7  33   8  56   9  47  10  24  11  49  12  63  13  76  14  69  15   2  16   9  17  62  18  82  19  34 
  0   6   1  74   2  17   3  39   4  24   5  60   6  79   7  84   8  32   9  68  10  37  11  92  12  10  13  78  14  19  15  73  16  77  17  46  18  45  19  34 
  0  24   1  65   2  46   3  93   4  94   5  35   6  44   7  85   8  73   9  41  10  15  11  87  12  80  13  36  14  97  15  80  16  22  17  13  18  86  19   5 
  0  11   1  14   2  76   3  72   4  75   5  98   6  59   7  88   8  36   9  70  10  28  11  94  12  68  13  73  14  89  15  11  16  98  17  33  18  55  19  70 
  0  80   1  43   2  84   3  33   4  54   5  42   6  64   7  51   8  65   9  42  10  61  11   1  12  68  13   5  14  71  15  23  16  87  17  77  18  13  19  10 
  0  90   1  98   2  37   3  91   4   6   5  14   6  19   7  26   8  25   9  78  10  80  11  65  12  14  13   1  14  19  15  35  16  96  17  38  18  48  19  13 
  0  67   1  79   2  22   3  86   4  33   5  14   6  63   7  65   8  22   9  93  10  59  11  22  12  93  13  65  14  32  15   1  16  22  17   5  18  91  19  24 
  0  90   1   8   2  24   3  79   4  88   5  14   6  39   7  22   8  62   9  56  10  21  11  15  12  86  13  13  14  53  15  54  16  59  17   7  18  67  19  42 
  0  11   1  81   2  29   3  55   4  71   5  59   6  85   7  26   8  68   9  31  10  30  11  13  12   4  13   7  14  65  15  69  16  23  17  23  18  22  19  97 
  0  17   1  39   2  50   3  49   4  37   5  18   6  52   7  77   8  11   9  58  10  74  11  89  12  85  13  59  14  49  15  42  16  70  17  26  18  90  19  22 
  0  22   1  96   2  59   3  48   4  49   5  42   6  33   7  85   8  41   9  32  10  29  11   4  12  83  13  74  14  47  15  38  16  92  17  14  18  71  19  87 
  0  66   1  60   2  35   3  18   4  30   5  35   6  70   7  73   8  79   9  77  10  18  11  37  12  17  13  13  14   1  15  87  16  28  17   4  18  70  19  27 
  0  68   1  65   2  77   3  59   4   2   5  68   6  59   7  40   8  29   9  11  10  99  11  43  12  33  13  64  14  42  15   6  16  30  17  57  18  44  19  34 
  0  81   1  28   2  75   3  62   4  90   5  60   6   9   7  55   8  61   9  33  10  42  11  92  12  21  13  18  14  30  15  95  16  16  17  49  18  47  19  55 
  0  25   1  39   2  21   3  32   4  20   5   1   6  43   7  50   8  95   9  76  10  30  11  88  12  35  13   2  14  17  15  77  16  29  17  42  18  82  19  25 
  0  25   1   6   2  66   3  40   4  40   5   7   6  38   7  35   8  31   9  69  10  94  11   1  12  65  13  11  14  72  15  53  16  69  17  70  18  73  19  79 
  0  17   1  53   2  79   3  87   4  84   5  79   6  16   7  60   8  85   9  72  10  40  11  36  12  96  13  22  14  47  15  18  16  78  17  70  18  95  19  63 
  0  82   1  68   2  66   3  20   4  71   5  54   6  48   7  27   8  80   9  16  10  26  11  83  12  18  13  54  14  28  15  85  16   9  17  63  18  34  19  23 
  0  80   1  47   2  95   3  39   4  92   5  90   6  66   7  55   8  65   9  88  10  63  11  92  12  25  13   9  14  62  15  65  16  61  17  71  18  93  19  38 
  0  65   1  10   2  63   3  96   4  88   5  65   6  71   7  79   8  78   9  57  10  66  11  25  12  71  13  44  14  93  15  63  16  52  17  48  18  62  19  40 
  0  67   1  29   2  64   3  93   4  52   5  69   6  60   7   6   8  55   9  69  10  17  11  53  12  68  13  43  14  85  15   7  16  35  17  59  18   8  19  47 
  0  33   1  79   2  89   3  88   4  28   5  86   6  33   7  74   8  35   9  39  10  11  11  87  12  46  13  51  14  76  15  48  16  16  17  87  18  70  19  45 
  0  53   1  60   2  14   3  63   4  84   5   8   6  20   7  69   8  58   9  88  10  64  11  32  12  63  13   3  14  83  15  90  16  13  17  73  18  74  19  52 
  0  81   1  34   2  37   3   3   4  54   5  92   6  67   7  79   8  38   9   6  10  27  11  22  12  90  13  61  14  16  15  41  16  19  17  41  18  69  19  13 
  0  59   1  30   2  17   3  90   4  83   5  83   6  77   7  21   8  27   9  44  10  24  11  20  12  81  13  51  14  15  15  47  16  70  17  94  18  17  19  62 
  0  63   1  66   2  41   3  46   4  55   5  77   6  59   7  57   8  53   9  26  10  74  11  46  12  38  13  91  14   4  15  74  16  43  17  59  18  75  19  96 
  0  39   1  58   2  74   3  42   4  30   5  15   6   9   7   6   8  37   9  85  10  14  11  25  12  70  13  72  14  25  15  92  16  67  17  53  18  76  19  36 
  0  41   1  51   2  36   3  30   4  23   5  26   6  16   7   9   8  99   9  28  10  13  11  63  12  89  13  23  14  90  15  36  16  42  17  83  18  56  19  21 
  0  48   1   9   2  50   3  55   4  79   5  98   6  50   7  11   8  58   9  49  10  56  11  74  12  84  13  96  14  74  15  93  16  78  17  38  18   8  19  97 
  0  80   1  59   2  62   3  70   4  80   5   1   6  29   7  88   8  30   9  18  10  41  11   7  12  24  13  76  14  11  15  65  16  73  17  49  18  25  19  91 
  0  24   1  80   2  96   3  16   4  21   5  91   6  67   7  21   8  56   9   9  10  84  11  31  12  90  13  20  14  26  15  59  16  76  17  79  18  28  19  31 
  0  20   1  29   2   1   3  51   4   7   5  48   6  98   7  16   8  12   9  62  10  51  11  58  12  51  13  50  14  32  15  70  16  97  17  16  18  48  19  98 
  0  41   1  67   2  22   3  48   4  22   5  37   6  30   7  39   8  34   9  54  10  96  11  14  12  48  13  86  14  63  15  44  16  46  17   4  18  41  19  30 
  0  43   1  71   2  49   3  56   4  16   5  99   6  86   7  55   8  52   9  24  10   2  11  29  12  66  13  65  14  97  15   7  16  61  17  23  18   8  19  49 
  0  81   1  95   2  67   3  92   4   2   5  29   6  89   7  66   8  57   9  89  10  35  11  25  12  81  13  95  14  44  15  64  16  27  17  55  18   6  19  15 
  0  26   1  26   2  70   3  43   4  88   5  74   6  61   7  53   8  95   9  26  10  56  11  59  12   9  13  35  14   3  15  31  16  14  17  81  18  18  19  91 
  0  69   1  83   2  68   3  24   4  32   5  82   6  39   7  66   8  48   9  34  10  18  11   9  12  64  13  88  14  32  15  11  16  30  17  59  18  91  19  94 
  0  18   1  60   2  61   3  19   4  44   5   8   6  38   7  14   8  42   9  79  10  70  11  22  12  45  13  49  14  46  15  74  16  40  17  62  18  25  19  47 
  0  75   1  12   2  97   3  55   4  95   5  36   6  57   7  29   8  61   9  74  10  56  11   2  12  12  13  15  14  11  15  61  16  78  17  20  18  85  19  30 
  0   7   1  22   2  31   3  28   4  93   5  54   6  30   7  69   8  22   9  16  10  94  11  46  12  82  13  92  14  17  15  86  16  66  17  78  18  15  19  77 
  0  13   1  78   2  23   3  60   4  62   5  29   6  34   7  36   8  29   9  71  10   7  11  30  12  23  13   9  14  87  15  60  16  25  17  58  18  10  19  99 
  0  10   1  52   2  56   3  29   4  60   5  54   6  22   7  51   8  24   9  12  10  83  11  32  12  85  13   9  14  34  15  42  16  17  17  76  18  80  19  99 
  0  57   1  50   2  20   3   8   4  55   5  82   6  45   7  19   8  43   9  53  10  82  11  32  12   1  13  34  14  41  15  66  16   5  17   2  18  87  19  22 
  0   4   1  80   2  58   3  77   4  89   5  26   6  79   7  65   8  34   9  29  10  12  11  68  12  38  13   6  14  18  15  34  16  64  17  63  18  41  19  25 
  0  88   1  36   2  85   3  12   4  80   5  39   6  53   7  10   8  70   9  29  10  44  11  28  12  53  13  48  14  52  15  73  16  32  17  89  18  28  19  74 
  0  92   1  81   2  31   3   8   4  85   5  94   6  48   7  47   8  29   9  69  10  58  11  50  12  21  13  51  14  95  15  27  16  29  17  65  18  26  19  42 
  0  30   1  21   2  49   3  64   4  85   5  88   6  49   7  50   8  51   9  44  10  61  11  47  12  61  13  51  14  38  15  38  16  52  17   2  18  34  19  71 
  0   6   1  30   2   5   3  82   4  33   5  71   6  32   7  33   8  58   9  76  10  72  11   5  12  78  13   8  14  11  15   3  16  48  17  38  18  49  19  69 
  0  18   1  38   2  71   3  74   4  63   5  68   6  87   7  12   8  67   9  68  10  29  11  85  12  96  13  73  14  81  15  70  16  61  17  62  18  85  19  96 
  0   3   1  77   2  14   3  69   4  12   5  99   6   9   7  42   8  21   9  61  10  48  11  75  12  37  13  28  14  68  15  54  16  69  17  30  18  17  19  99 
  0  56   1  54   2  84   3  18   4  69   5   7   6  14   7   4   8  94   9  44  10  89  11  34  12  25  13  16  14  87  15   6  16  65  17  60  18  72  19  84 
  0  20   1  92   2  80   3  37   4  26   5  70   6  29   7  40   8  34   9   2  10  77  11  34  12  94  13  87  14   3  15  38  16  68  17  65  18  81  19  48 
  0  50   1   3   2  20   3  24   4  70   5  55   6  90   7   7   8  66   9  61  10   6  11  78  12  26  13  47  14  99  15  56  16  49  17  13  18  84  19  30 
  0  27   1   1   2  30   3  42   4  94   5  25   6  83   7  43   8  54   9  72  10  53  11  19  12  96  13  69  14  39  15  23  16  69  17  20  18  93  19  99 
  0  82   1  84   2  79   3  10   4  86   5  95   6  88   7  87   8  76   9  25  10  25  11  20  12  96  13  14  14  70  15  17  16  14  17  32  18   8  19  15 
  0  36   1  53   2  59   3  98   4  58   5   5   6  24   7  51   8  36   9  75  10  38  11  60  12  96  13  19  14   4  15   3  16  26  17  68  18  44  19  87 
  0  26   1  21   2  85   3  89   4  99   5  84   6  69   7  33   8  53   9  85  10  61  11  45  12  53  13  90  14  60  15  23  16  38  17   5  18  49  19  86 
  0  12   1  47   2  32   3  66   4   8   5  64   6  35   7  20   8  44   9  90  10  50  11  39  12  17  13  66  14  33  15  32  16  98  17  28  18  79  19  18 
  0   3   1  12   2  59   3  64   4  39   5  76   6   7   7  57   8  13   9  87  10   3  11  17  12  82  13  52  14   4  15  12  16  83  17  68  18  90  19  93 
  0  95   1   1   2  50   3  47   4  40   5  95   6  66   7  58   8  20   9  16  10  93  11  81  12  79  13  57  14  20  15  93  16  74  17  58  18  16  19  74 
  0  50   1  11   2  73   3  39   4  48   5  78   6  41   7  70   8   2   9  99  10  28  11  58  12  50  13  97  14  14  15  75  16  28  17  70  18  26  19  20 
  0   1   1  70   2  31   3  27   4  45   5  23   6  60   7  94   8  57   9  21  10  50  11   5  12  74  13  20  14  32  15  94  16  89  17  46  18  15  19  60 
  0  54   1  84   2  46   3   4   4  31   5  38   6  40   7  32   8  13   9  60  10  60  11  32  12  36  13  60  14  67  15  27  16  82  17  85  18  97  19   4 
  0  56   1  83   2  71   3  16   4  77   5  15   6  30   7  43   8  45   9  40  10  85  11   2  12  34  13  70  14  86  15  36  16  57  17  66  18  47  19  62 
  0  23   1  88   2   9   3  19   4  87   5  52   6  82   7  43   8  96   9  43  10  29  11  56  12  55  13  88  14  68  15  60  16  87  17   4  18  79  19  16 
  0  38   1  62   2  11   3  65   4  54   5  54   6  89   7  92   8  94   9  41  10  93  11  99  12  13  13  28  14  61  15  58  16   6  17  55  18  77  19  23 
  0  19   1   9   2  82   3  28   4  51   5  99   6  38   7  34   8   3   9  96  10  18  11  91  12  42  13  87  14  59  15  20  16  89  17  20  18  31  19  66 
  0  81   1  14   2  38   3  58   4  48   5  46   6   7   7  66   8  33   9  82  10  86  11  38  12  73  13  19  14  26  15  96  16  77  17   7  18  82  19   9 
  0  83   1  37   2  70   3  15   4  70   5  90   6  72   7  40   8  49   9  99  10  79  11  67  12  49  13  88  14  10  15   9  16  16  17  55  18  99  19  45 
  0  21   1  40   2   8   3  30   4  17   5  76   6  85   7  33   8  43   9  46  10  89  11  24  12  85  13  17  14  51  15  47  16  80  17   3  18  56  19  37 
  0   6   1   3   2  17   3  27   4  83   5  43   6  70   7  59   8   1   9  33  10  52  11  50  12  50  13  34  14  91  15  41  16  23  17  67  18  15  19  10 
  0  63   1  48   2  40   3  27   4  31   5  98   6  90   7  67   8  36   9  64  10  86  11  29  12  95  13  49  14  54  15  50  16   3  17  19  18  78  19  49 
  0  65   1  33   2  22   3  31   4  24   5  26   6  21   7  25   8  12   9  96  10  73  11  99  12  36  13  30  14  63  15   4  16  70  17  58  18  61  19  72 
  0  81   1  46   2  28   3  52   4  56   5  14   6  14   7  36   8  97   9  44  10  53  11  33  12  66  13  26  14  43  15  18  16  87  17   2  18  20  19  75 
  0  73   1  94   2  16   3  61   4  96   5  21   6  39   7  70   8  71   9  32  10  27  11  96  12  12  13   8  14  78  15  19  16  15  17  50  18  99  19  76 
  0  95   1  50   2  46   3  56   4  39   5  45   6  30   7  30   8  57   9  97  10  37  11   4  12   7  13  11  14   6  15   7  16   5  17  58  18  96  19  53 
  0  74   1  39   2  93   3  61   4  17   5  76   6  35   7  25   8  40   9  83  10  61  11  16  12  37  13  95  14  40  15   9  16  41  17   5  18  32  19  40 
  0  93   1  31   2  38   3  50   4  20   5  15   6  95   7  69   8  79   9  30  10  44  11  33  12  50  13  37  14  39  15  38  16  41  17  97  18  99  19  76 
  0  75   1  92   2  40   3  98   4  67   5   6   6  80   7  43   8  95   9  93  10  85  11   3  12  69  13  38  14  90  15  48  16  53  17  14  18  96  19  94 
  0  31   1  34   2  33   3  67   4  69   5   2   6  48   7   8   8   9   9  62  10  34  11  48  12  97  13  79  14  75  15  76  16  76  17  16  18  94  19  48 
  0  58   1  18   2  51   3  37   4   4   5  22   6  97   7  75   8  69   9  64  10  28  11  77  12  19  13  79  14  91  15   7  16  55  17  67  18  99  19   6 
  0  95   1   2   2  38   3  75   4  75   5  57   6  51   7  82   8  71   9  25  10  60  11  23  12  78  13  14  14  45  15  85  16  25  17  24  18  76  19  49 
  0  99   1  47   2  29   3  82   4  40   5  85   6  32   7  56   8  10   9  38  10  53  11  70  12   3  13  36  14  67  15  58  16  15  17  22  18  38  19  40 
  0  97   1  87   2  45   3  30   4  60   5  77   6  81   7  92   8  76   9  52  10  31  11  30  12  93  13  66  14   3  15  64  16  99  17  46  18  31  19  56 
  0  54   1  69   2  35   3  18   4  33   5  42   6  34   7  87   8  15   9  19  10  30  11  43  12  35  13  26  14  71  15  20  16  76  17  42  18   8  19  88 
  0  31   1   8   2  10   3  49   4  27   5  89   6  27   7  64   8  54   9  86  10  46  11  26  12  12  13  24  14   9  15  39  16  61  17  50  18  62  19  78 

Taillard LB      : 26425
Proportionate LB : 16930
Lower bound: 26425

Random seed: 1006
