
500  20

  0  80   1  21   2  91   3  24   4  36   5  10   6   4   7  23   8  44   9   6  10  18  11  41  12  89  13  84  14  85  15  21  16  57  17  17  18  79  19  58 
  0  12   1  25   2  29   3  73   4  89   5  58   6  62   7  12   8  23   9  32  10   1  11  72  12  92  13  83  14  69  15   2  16  33  17  43  18  67  19  75 
  0  57   1  16   2  47   3   4   4  14   5  26   6  79   7  73   8  17   9  65  10  36  11  18  12  61  13  45  14  42  15  70  16   6  17   3  18  45  19  55 
  0  83   1  32   2  50   3  20   4  95   5  39   6  24   7  52   8  83   9  53  10  47  11  32  12  44  13  23  14   2  15  30  16  69  17   9  18  86  19  21 
  0  40   1  26   2  57   3  79   4  48   5  34   6   7   7  71   8  51   9  39  10  23  11  81  12  98  13  81  14  34  15  84  16  92  17  44  18  54  19  22 
  0  14   1  59   2  29   3  34   4  15   5  63   6  43   7  70   8  10   9  72  10  19  11  43  12  59  13  27  14  52  15  79  16  21  17  52  18   8  19   5 
  0  23   1   8   2  67   3  66   4  19   5  91   6  28   7  84   8  99   9  57  10  93  11  34  12  57  13  47  14   9  15  91  16  93  17  44  18  32  19  18 
  0  65   1  73   2  61   3  52   4  53   5  60   6  16   7  45   8  36   9  40  10  53  11  48  12  74  13  48  14  21  15  64  16  64  17   8  18  26  19   9 
  0  56   1  32   2  49   3  76   4  22   5   8   6  33   7  45   8  30   9  27  10   6  11  99  12  41  13  50  14  93  15  18  16  10  17  83  18  56  19  25 
  0  27   1  20   2  36   3  77   4  29   5  58   6  52   7  89   8  38   9  55  10  85  11  50  12  15  13  75  14  41  15  64  16   9  17  54  18  16  19  61 
  0  46   1   6   2  99   3  37   4  74   5  73   6  37   7  90   8   8   9  16  10  66  11   3  12  21  13  66  14  75  15  80  16  93  17  33  18  97  19  47 
  0  63   1  15   2  34   3  12   4   5   5  44   6  34   7   8   8  40   9  36  10  39  11   4  12  79  13  62  14  59  15  77  16  92  17  35  18  58  19  74 
  0  64   1  29   2   3   3  11   4  59   5  66   6  24   7  68   8  87   9   7  10  34  11  22  12  76  13  49  14  11  15  24  16  28  17   4  18  58  19  80 
  0  57   1  85   2  68   3  45   4  81   5  56   6  98   7  31   8   7   9  38  10   4  11  73  12  83  13  62  14  79  15  81  16  22  17  62  18   5  19  42 
  0  76   1  98   2  83   3  23   4  37   5  49   6  45   7  74   8  89   9  94  10  55  11  78  12  22  13  54  14  25  15  24  16  87  17  20  18  34  19  63 
  0  49   1  73   2   4   3  20   4  28   5  47   6  36   7  72   8  93   9  11  10  34  11  66  12  25  13  44  14  94  15  36  16  32  17  62  18  20  19   9 
  0  71   1  32   2  42   3  93   4  76   5   6   6  94   7  94   8   9   9  88  10  47  11  38  12  90  13  88  14   5  15  93  16  38  17  15  18  45  19  64 
  0  19   1  57   2   2   3  23   4  60   5  23   6  52   7  66   8  58   9  45  10  20  11   8  12  88  13  78  14  40  15  22  16  70  17  86  18  17  19  58 
  0  97   1  80   2  46   3  67   4  12   5  99   6  36   7  48   8  71   9  97  10  40  11  45  12  20  13  10  14  49  15  79  16  18  17  85  18  66  19  69 
  0  32   1  52   2  49   3  64   4  50   5  15   6  32   7  35   8  90   9  24  10  47  11  54  12  32  13  69  14  87  15  14  16  19  17  84  18  23  19  81 
  0  15   1  22   2  34   3   8   4  49   5  82   6  51   7   5   8  90   9  37  10  83  11  91  12  30  13  99  14  59  15  24  16  88  17  63  18  63  19  32 
  0  16   1  49   2  10   3   2   4  52   5  36   6  32   7  49   8  37   9   6  10   6  11  25  12   5  13  36  14  55  15  37  16  77  17  22  18  61  19  52 
  0  30   1  49   2  79   3  43   4  11   5  29   6  69   7  52   8  13   9  44  10  82  11  23  12  25  13   1  14  42  15  50  16  53  17  89  18  97  19  62 
  0  86   1  67   2  58   3  96   4  96   5  75   6   6   7  10   8   9   9  31  10  47  11  77  12  98  13  74  14  31  15   7  16   6  17  16  18  41  19  88 
  0  98   1  14   2  75   3  73   4  62   5   2   6   8   7  63   8  81   9   7  10   8  11  31  12  10  13  64  14  35  15  85  16   1  17  12  18  83  19  13 
  0  15   1  68   2  58   3  46   4  20   5   8   6  76   7  88   8  53   9  70  10  58  11  95  12  53  13  89  14  44  15  87  16  91  17  15  18  20  19  61 
  0  23   1  71   2   8   3  67   4  80   5  63   6  88   7  24   8  83   9  39  10  90  11  62  12  86  13  78  14  90  15  17  16  38  17  70  18  36  19  92 
  0  83   1  82   2  95   3  96   4  76   5  53   6  59   7  83   8  29   9   5  10  20  11  53  12  76  13  13  14  62  15   6  16  92  17  15  18  77  19  77 
  0  59   1  76   2   6   3  87   4  91   5  77   6  57   7  36   8  12   9  22  10  33  11  89  12  77  13  92  14  48  15  95  16  88  17  30  18  34  19  28 
  0  15   1  75   2  51   3  85   4  40   5   6   6  95   7   5   8  74   9  72  10  85  11   7  12   5  13  77  14  39  15  51  16  33  17  17  18  62  19  79 
  0  72   1  72   2  77   3  83   4  84   5  74   6  50   7  60   8  52   9  28  10   3  11  71  12  78  13  76  14  29  15  59  16  26  17  42  18  95  19  44 
  0  97   1  27   2  98   3  66   4  38   5  73   6  81   7  17   8  54   9  63  10  22  11   5  12  46  13  85  14  12  15  24  16  81  17  31  18  20  19  40 
  0  56   1  60   2   4   3   8   4  72   5  10   6  65   7  55   8  50   9  85  10  64  11  62  12  31  13  61  14  59  15  15  16  84  17  62  18  64  19  13 
  0  55   1  78   2  41   3  39   4   8   5  68   6  76   7  73   8  48   9  74  10  40  11  75  12  92  13  71  14   4  15  20  16  83  17   5  18  40  19  99 
  0  89   1  47   2  35   3  50   4  35   5  11   6  20   7  39   8  90   9  13  10  64  11  51  12  42  13  98  14  93  15  84  16  96  17  36  18  79  19  64 
  0  90   1  48   2   7   3  16   4  79   5  91   6  43   7  63   8  25   9  66  10  81  11  74  12  95  13  46  14  59  15  57  16  16  17  95  18  25  19  62 
  0  92   1  10   2  32   3  33   4   8   5  24   6   7   7  15   8  85   9  40  10  77  11  59  12  11  13  64  14   3  15  30  16   9  17  78  18  70  19  22 
  0   2   1  39   2  19   3   7   4  51   5  99   6  74   7  70   8  96   9  87  10  64  11  43  12  83  13  23  14   1  15  92  16  45  17   7  18  83  19  96 
  0   7   1  40   2  48   3  35   4  88   5  49   6  15   7  59   8  56   9  47  10  40  11  69  12  22  13  67  14  77  15  35  16   1  17  16  18  14  19  93 
  0  53   1  74   2  52   3  81   4  96   5  37   6  69   7  96   8   6   9  99  10  16  11  71  12  31  13  77  14  63  15  88  16  88  17  59  18  36  19   4 
  0  52   1  40   2  37   3  72   4   3   5  65   6  97   7  87   8  52   9  88  10  46  11  97  12  57  13  96  14  82  15  94  16  52  17  75  18  56  19  35 
  0  11   1  26   2  97   3  35   4  77   5  30   6  33   7  44   8  85   9  34  10  25  11  85  12  47  13  74  14  61  15  51  16  12  17  19  18  36  19   9 
  0  86   1  30   2  56   3  80   4   9   5  79   6  56   7   6   8  64   9  45  10  17  11  68  12  90  13  16  14  32  15  89  16  14  17  77  18  75  19  76 
  0  82   1  74   2  68   3   9   4  98   5  64   6  61   7  48   8  36   9  22  10  49  11  93  12   7  13  49  14  53  15  53  16  39  17   8  18  51  19  22 
  0  83   1  88   2  98   3  22   4  96   5   3   6   1   7  61   8  19   9  39  10  14  11  74  12  45  13   8  14  37  15  21  16  54  17  78  18  88  19  68 
  0  89   1  97   2   2   3  42   4  14   5  29   6  67   7  27   8  15   9  49  10  26  11  10  12  47  13  97  14  24  15  44  16  94  17  40  18  79  19  33 
  0  48   1  93   2  79   3  29   4  85   5  99   6  18   7   2   8   2   9  53  10   4  11  95  12  93  13  83  14  36  15  54  16  74  17  83  18  56  19  79 
  0  26   1  63   2  17   3  80   4  67   5  93   6   3   7  14   8  46   9  65  10  40  11  28  12  81  13  87  14  21  15   1  16  53  17  56  18  63  19  43 
  0  29   1  76   2  90   3  79   4  74   5  19   6  85   7  32   8  15   9  96  10  29  11   7  12  68  13  43  14   8  15  45  16  12  17  46  18  83  19  42 
  0   3   1  27   2  34   3  11   4  15   5  88   6  84   7  76   8  51   9  87  10  42  11  68  12  28  13  56  14  98  15  59  16  41  17  43  18  69  19  84 
  0  69   1  19   2  36   3   2   4   8   5  26   6  91   7  72   8  39   9  29  10  71  11  86  12  92  13  27  14  27  15  35  16  15  17  41  18  29  19  63 
  0  25   1  83   2  87   3  82   4  23   5  34   6  55   7  87   8  86   9  18  10  53  11  88  12  35  13  26  14  53  15  90  16   8  17  83  18  91  19  22 
  0  46   1  12   2  84   3  84   4  92   5  27   6  78   7  32   8  57   9  71  10  59  11  33  12  64  13  91  14  29  15  68  16  43  17  54  18  66  19  68 
  0  98   1  81   2   3   3  47   4  91   5  87   6   3   7  72   8  41   9  52  10  63  11  62  12  56  13  96  14  94  15  45  16  95  17  29  18  18  19   9 
  0  84   1  80   2   4   3  94   4  73   5  42   6  49   7  75   8  73   9  78  10  23  11  49  12  89  13  18  14  33  15  15  16  79  17  82  18  60  19  63 
  0  49   1  58   2  49   3  73   4  29   5   5   6  10   7  85   8  10   9  28  10  74  11  11  12  39  13  73  14  87  15  83  16  43  17  68  18  62  19  67 
  0  45   1  98   2  97   3  67   4  31   5  28   6  79   7  48   8  99   9  27  10  23  11  39  12  35  13  81  14  49  15  89  16  22  17  68  18  39  19  51 
  0   3   1  50   2  66   3  25   4  86   5  48   6  74   7   3   8  65   9  71  10  81  11  70  12  80  13  59  14  72  15  39  16  84  17  61  18  53  19  39 
  0  68   1  92   2  55   3   9   4  70   5   6   6  35   7  81   8  69   9  92  10  97  11  84  12  28  13  69  14  16  15  91  16  89  17  18  18  26  19  22 
  0  46   1  25   2  37   3  37   4  17   5  74   6  88   7  29   8  83   9  40  10  99  11  53  12  12  13  93  14  29  15  23  16  41  17  34  18  93  19  77 
  0  53   1  42   2  30   3  83   4  27   5   9   6  82   7  46   8  11   9  70  10   8  11  49  12   5  13   9  14  72  15  67  16  33  17  26  18  21  19  93 
  0  33   1  33   2  28   3  83   4  30   5   9   6  33   7  73   8  19   9  52  10  44  11  47  12  63  13  14  14  69  15  42  16  31  17  54  18  89  19  75 
  0  67   1  35   2  85   3  75   4  17   5  75   6  49   7  62   8   7   9  62  10  14  11  71  12  21  13  35  14  11  15  94  16  18  17  96  18  72  19  74 
  0  61   1  18   2  20   3  40   4  91   5   9   6  26   7  86   8  72   9  25  10  16  11  49  12  65  13  83  14  47  15  62  16  28  17  66  18  26  19  34 
  0  96   1  82   2   7   3  35   4  57   5  25   6  65   7  91   8   7   9  53  10  27  11  48  12  89  13  49  14   3  15  86  16  80  17  42  18  81  19  26 
  0  68   1  62   2  51   3  14   4   5   5  92   6  85   7  67   8  17   9  83  10  44  11  28  12   3  13  27  14  83  15  37  16  25  17  76  18  87  19   7 
  0  91   1  49   2  63   3  33   4  31   5  38   6  66   7  99   8  97   9  74  10  50  11  45  12  20  13  73  14  73  15  27  16  63  17  21  18  47  19  74 
  0  66   1  16   2  86   3  92   4  31   5  22   6  47   7  79   8  33   9  14  10  59  11  71  12  78  13  57  14  80  15  48  16  33  17  82  18  43  19  39 
  0  89   1  37   2  24   3   1   4  23   5  83   6   1   7  29   8  80   9   2  10  65  11  38  12  11  13  41  14  90  15  26  16  27  17  86  18  58  19  29 
  0  71   1  24   2  14   3  25   4  35   5  70   6  70   7   6   8  91   9  90  10  77  11  64  12  43  13  83  14   1  15  60  16  57  17  64  18  62  19  39 
  0  91   1  98   2  48   3  74   4  75   5  85   6  34   7  64   8  14   9  29  10  35  11  75  12  46  13  85  14  26  15  42  16   3  17  74  18  16  19  86 
  0  63   1  19   2  28   3  62   4  30   5  34   6  94   7   9   8  12   9  67  10  31  11  79  12  22  13  90  14  51  15  99  16  89  17  61  18  46  19  85 
  0  64   1  59   2  76   3  40   4  97   5  99   6  10   7  91   8  69   9  99  10  79  11  71  12  62  13  69  14   1  15  61  16  35  17  92  18  68  19  34 
  0  80   1  17   2  49   3  47   4  42   5  58   6  61   7  17   8  80   9   5  10  31  11  51  12  85  13  77  14   4  15  18  16  42  17  11  18  49  19  66 
  0  38   1  68   2  69   3  19   4  86   5  65   6  25   7   3   8  27   9   4  10  38  11  90  12  50  13   4  14  51  15  57  16  14  17  13  18  49  19  63 
  0  86   1  33   2  76   3  61   4  19   5  10   6   7   7   9   8  88   9  45  10  61  11  70  12  29  13  60  14  87  15   9  16  64  17  31  18  14  19  15 
  0  19   1  94   2  37   3  53   4  64   5  57   6  65   7  45   8  20   9  73  10   8  11  98  12  68  13  13  14  61  15  69  16  89  17  50  18  41  19   2 
  0   4   1  33   2  62   3   3   4  18   5  49   6  51   7  98   8  39   9  54  10  92  11  96  12  14  13  76  14  72  15   7  16  41  17   8  18  27  19  76 
  0  74   1  24   2  39   3  14   4  35   5  46   6  56   7  88   8  21   9  63  10  26  11  28  12  48  13  52  14  73  15  44  16  92  17  13  18  41  19  45 
  0  47   1  65   2  60   3  30   4  30   5  39   6  47   7  32   8  72   9  14  10  48  11  53  12  76  13  18  14   3  15  86  16  40  17  28  18  27  19  86 
  0  61   1   2   2  77   3  58   4  78   5  63   6  26   7  78   8  36   9  85  10  99  11   5  12  80  13  75  14  60  15  84  16  33  17  70  18  98  19  56 
  0  90   1   5   2  36   3  94   4  80   5  84   6  78   7  40   8  21   9  56  10  32  11  91  12   4  13  30  14  30  15  81  16  54  17  69  18  20  19  93 
  0  83   1  20   2  69   3  54   4  24   5  44   6  64   7  31   8  15   9  66  10  61  11  94  12  54  13  18  14  74  15  47  16  89  17  14  18  21  19  72 
  0  98   1  40   2  22   3  63   4  12   5  36   6  49   7  68   8   5   9  15  10   5  11  95  12  97  13  29  14  55  15  61  16  95  17  31  18  85  19  33 
  0  80   1  31   2  64   3  81   4  39   5  98   6   4   7   3   8   1   9  20  10  48  11  28  12  36  13  26  14   2  15  47  16  75  17  57  18  87  19  80 
  0  69   1  45   2  69   3   4   4  60   5  91   6  96   7  78   8  12   9  53  10  26  11  52  12  27  13  68  14   2  15  77  16  32  17  56  18   6  19  43 
  0  86   1  93   2  13   3  33   4  71   5  84   6  37   7   7   8  93   9   4  10  11  11  75  12   8  13   6  14  50  15   3  16  36  17  10  18  63  19  51 
  0  46   1  50   2  87   3  78   4  37   5  55   6  60   7  72   8  38   9  65  10  93  11  69  12  60  13  86  14  24  15  45  16  49  17  45  18  77  19  57 
  0  35   1  22   2  47   3  65   4  96   5  50   6  52   7  97   8  10   9  48  10  56  11  56  12  77  13  56  14   3  15  34  16  88  17  24  18  29  19  98 
  0  66   1  93   2  67   3  46   4  43   5  77   6  15   7  74   8  13   9   1  10  80  11  85  12  95  13  58  14  98  15  42  16  85  17  19  18  65  19  82 
  0  93   1  19   2  45   3  77   4  72   5  27   6  13   7   4   8  41   9  55  10  32  11  51  12  81  13   9  14  95  15  43  16  68  17  93  18  31  19  17 
  0  72   1   6   2  15   3  69   4  72   5  16   6   5   7  15   8  17   9  57  10  52  11  68  12  48  13  92  14  45  15  44  16  15  17  37  18  89  19  44 
  0  30   1  68   2  69   3  93   4  75   5  33   6  59   7  91   8  41   9  58  10  32  11  39  12  75  13  97  14   4  15  11  16  60  17  49  18  78  19  82 
  0  30   1  49   2  57   3  54   4  22   5  29   6  61   7  26   8  33   9  62  10  34  11  99  12  42  13  43  14  62  15  84  16  85  17  77  18  44  19  21 
  0  67   1   1   2  29   3   9   4  63   5  37   6  44   7  35   8  89   9  40  10  41  11  97  12  65  13  16  14  85  15  78  16  65  17  70  18  75  19  99 
  0  90   1  89   2  52   3  60   4  14   5  46   6  82   7  85   8  31   9  78  10  41  11  36  12  91  13  29  14  89  15  71  16   5  17  28  18  98  19  67 
  0  20   1  10   2  53   3  57   4  24   5  21   6  37   7  95   8  47   9  10  10  72  11  80  12  78  13  68  14   5  15  19  16  47  17  81  18  96  19  36 
  0  85   1  69   2  12   3  96   4  12   5  53   6  42   7  91   8   2   9  48  10  42  11  57  12  86  13  15  14  41  15  36  16  87  17  80  18  87  19   2 
  0  23   1   3   2   4   3  39   4  60   5  39   6   6   7   9   8  75   9  19  10  60  11  20  12  75  13  25  14  68  15  22  16  95  17  94  18  15  19  88 
  0  38   1  43   2  95   3  84   4  72   5  45   6  53   7  90   8  93   9  97  10  18  11  47  12  70  13  42  14  15  15  54  16  83  17  52  18  29  19  97 
  0  85   1  50   2  57   3  67   4  48   5  26   6  45   7  24   8  25   9   2  10  96  11  87  12  68  13  74  14  82  15  69  16   8  17  54  18  10  19  92 
  0  78   1  62   2  76   3  59   4  52   5  29   6  83   7  53   8  11   9  30  10  32  11  29  12  10  13  61  14  93  15   1  16  98  17  49  18  22  19  23 
  0  68   1  60   2  78   3  11   4  74   5  61   6  20   7  62   8  68   9  92  10  85  11  69  12  12  13  96  14   1  15  25  16  25  17  42  18  20  19  26 
  0   3   1  85   2  19   3  77   4  54   5  99   6   4   7  41   8  10   9  65  10  70  11  12  12  33  13  61  14  65  15  56  16  19  17  83  18  90  19   7 
  0  80   1  34   2  30   3  30   4  61   5  16   6  53   7  13   8  80   9  78  10  65  11   8  12  94  13  82  14  65  15  82  16  63  17  87  18  45  19  59 
  0   2   1   1   2  60   3  48   4  63   5  59   6  80   7   4   8  82   9  54  10  76  11  24  12  72  13  97  14  75  15  57  16  95  17  15  18  53  19  36 
  0  12   1  95   2  33   3  46   4  96   5  18   6  47   7  10   8  78   9  72  10  30  11  45  12  42  13  43  14  14  15  97  16  29  17  78  18  75  19   3 
  0  52   1  97   2  73   3  52   4   2   5  75   6  67   7  53   8  81   9  24  10  38  11  78  12  74  13  73  14  40  15  36  16  94  17  33  18  10  19  87 
  0  48   1  17   2  67   3  68   4  93   5  24   6  52   7  42   8  99   9  49  10   5  11   2  12  21  13  40  14  43  15  67  16  81  17  80  18  23  19  21 
  0  27   1   9   2  47   3  32   4  87   5  38   6  84   7  61   8  10   9  37  10  64  11  64  12  30  13  64  14  30  15  28  16  85  17  58  18  25  19  92 
  0  79   1  87   2  92   3  31   4  57   5  71   6  15   7  19   8  21   9  90  10   1  11  34  12  59  13   5  14   5  15  25  16  59  17  65  18  48  19  73 
  0  69   1  62   2  95   3  23   4  94   5  75   6  73   7  17   8  81   9  20  10  92  11  49  12  37  13  31  14  90  15  30  16  84  17  96  18  47  19  93 
  0  52   1  30   2  75   3  28   4  97   5  87   6  60   7  87   8  93   9  27  10  51  11  94  12  65  13  67  14  10  15  23  16  89  17  94  18  64  19  87 
  0  10   1  99   2  99   3  18   4  70   5  33   6  40   7  46   8  96   9  17  10  79  11  48  12  56  13  41  14  50  15  88  16   2  17  15  18  39  19  52 
  0  72   1  13   2  79   3  79   4  96   5   1   6  73   7  17   8  13   9  16  10  38  11   1  12  19  13  70  14  70  15  39  16  51  17  98  18  16  19  87 
  0   9   1   5   2  15   3   9   4  86   5  35   6  70   7  66   8  56   9   8  10  24  11  53  12  25  13  94  14  75  15  39  16  77  17  11  18  86  19  34 
  0  18   1   8   2  18   3  44   4  77   5   4   6  41   7   9   8  71   9  82  10   4  11  24  12  95  13  99  14  85  15  56  16  67  17  76  18   1  19  24 
  0  14   1  96   2  26   3  81   4  77   5  71   6  43   7  14   8  49   9  41  10  23  11  39  12   5  13  77  14  50  15  86  16  54  17  46  18  77  19  65 
  0  69   1  44   2  82   3  84   4  30   5  73   6  93   7  38   8  80   9  56  10  99  11  75  12   1  13  15  14  80  15  45  16  52  17   5  18  74  19  91 
  0  18   1  91   2   2   3   7   4  85   5   5   6  90   7  45   8  91   9  75  10  22  11  98  12  15  13   5  14  18  15  58  16   6  17  33  18  58  19  85 
  0  14   1  20   2  37   3  88   4  14   5   1   6  91   7  49   8  61   9  40  10  96  11  95  12  19  13  46  14  93  15  16  16  31  17  62  18  52  19  19 
  0   1   1  41   2   4   3  64   4  42   5  52   6  14   7  97   8  20   9  51  10   7  11  34  12  60  13   7  14  89  15  17  16  96  17  51  18  86  19   1 
  0  13   1  31   2  35   3  77   4  37   5  42   6  97   7  76   8  45   9   4  10  26  11  65  12  90  13  57  14  66  15  69  16  86  17  64  18  68  19  59 
  0  93   1  82   2   3   3  87   4  70   5   7   6  73   7  15   8  29   9  26  10   7  11  32  12  77  13  66  14  41  15  78  16  10  17  35  18  41  19  77 
  0  24   1  70   2  39   3  22   4  74   5  37   6  90   7  46   8  91   9  77  10  21  11  20  12  98  13  40  14  99  15  27  16  47  17  94  18  27  19  22 
  0  77   1  68   2  54   3  14   4  39   5  78   6  91   7  45   8  65   9  72  10  68  11  47  12  56  13  71  14   6  15  69  16  96  17  20  18  98  19  99 
  0  39   1  77   2  39   3  56   4  97   5  44   6  37   7  16   8  73   9  28  10  24  11   8  12  38  13  98  14  64  15  52  16  21  17  51  18   3  19  38 
  0  26   1  54   2  59   3  71   4  55   5  42   6  82   7   9   8   8   9  43  10  65  11  90  12  93  13  83  14  15  15  73  16  31  17  17  18  17  19   6 
  0  18   1  24   2  79   3  68   4  26   5  24   6  99   7  64   8  86   9  97  10  64  11  79  12  11  13  64  14  50  15  14  16  12  17  78  18  51  19   4 
  0  76   1  54   2   1   3  25   4  29   5  66   6   9   7  53   8  57   9  85  10  73  11  71  12  22  13  35  14  81  15  38  16  80  17  45  18  98  19  72 
  0  36   1  60   2   5   3  50   4   8   5   7   6  26   7  37   8  11   9  52  10  90  11  98  12   3  13  80  14  87  15  10  16  79  17  82  18  78  19  66 
  0  63   1  48   2  66   3  86   4  12   5  76   6  27   7  10   8  93   9  55  10  65  11  52  12  60  13  60  14  66  15  80  16  63  17  73  18  73  19   5 
  0  71   1  39   2  30   3  94   4  61   5  24   6  30   7  78   8  55   9  92  10  53  11  30  12  66  13  36  14  55  15  97  16  74  17  37  18  74  19  27 
  0  59   1  30   2  34   3  83   4  20   5  64   6  58   7  74   8  70   9  70  10  34  11  14  12  33  13  83  14  58  15  92  16  69  17  82  18   9  19  27 
  0  50   1  84   2  72   3   7   4  26   5  72   6  67   7  22   8   5   9  60  10  93  11  61  12  32  13  17  14  39  15  93  16  85  17  19  18  76  19  34 
  0  74   1  23   2  56   3  77   4  92   5  52   6  46   7  57   8  23   9  92  10  98  11   4  12  84  13  55  14  93  15  25  16  43  17   8  18  47  19  24 
  0  82   1  25   2  29   3  20   4  91   5  10   6  38   7  54   8  88   9  62  10  50  11  38  12  73  13  41  14  31  15  64  16  91  17  81  18  20  19  91 
  0  36   1  23   2  47   3  74   4  11   5   9   6  87   7  35   8  81   9  74  10  74  11  33  12  30  13  83  14  18  15  50  16  80  17   7  18  72  19  27 
  0  27   1  69   2  76   3  11   4  53   5  96   6  74   7  35   8  67   9  17  10  12  11   6  12  97  13  71  14  50  15  25  16  37  17  15  18   3  19  39 
  0  29   1  59   2  75   3  70   4  94   5  48   6  42   7  67   8  33   9  97  10  55  11   7  12  43  13  80  14  10  15  15  16  50  17  77  18  45  19  79 
  0  32   1  80   2  93   3  19   4   2   5   1   6  75   7  54   8  26   9  26  10  22  11   1  12  43  13  94  14  49  15  93  16  91  17  54  18  56  19  39 
  0  26   1   2   2  58   3  86   4  73   5  65   6  54   7  81   8  92   9  35  10  92  11  13  12  82  13  49  14  37  15  18  16  33  17  74  18  79  19  61 
  0  45   1  78   2  18   3  78   4  81   5   5   6   1   7  15   8  36   9  47  10  61  11  17  12  31  13  48  14  49  15  71  16  74  17  37  18   2  19  83 
  0  27   1  16   2  48   3  87   4  23   5  25   6   7   7  23   8  68   9  49  10  36  11  46  12  48  13  54  14  94  15  42  16   1  17  49  18  16  19  90 
  0  58   1   4   2  95   3  63   4  31   5  38   6  80   7  51   8  61   9   6  10  95  11   7  12  53  13  19  14  25  15  52  16  78  17  94  18  63  19  76 
  0  11   1  62   2  82   3  60   4  54   5  72   6  14   7  82   8  26   9  51  10   1  11   2  12  93  13  94  14  29  15  36  16  28  17  55  18   1  19  10 
  0   3   1  95   2  20   3  21   4  58   5  34   6  74   7  25   8   4   9  57  10  77  11  35  12  89  13  47  14   3  15  47  16   2  17  21  18  38  19  96 
  0  63   1  53   2   5   3  31   4  22   5  53   6  61   7  72   8  72   9  66  10  33  11  23  12  73  13  55  14   6  15  59  16  22  17  43  18  33  19  87 
  0  49   1  14   2  24   3  15   4  36   5  82   6  49   7  79   8  20   9  96  10  61  11  49  12  51  13  48  14  45  15  80  16  63  17  54  18  85  19  87 
  0  95   1  97   2  44   3  11   4  45   5  72   6  16   7  20   8  58   9   6  10  19  11  78  12  53  13  84  14  44  15  14  16   3  17  52  18  26  19   2 
  0   2   1  72   2  22   3  19   4  96   5   8   6  31   7  55   8  41   9  98  10  50  11  35  12  96  13  62  14  46  15  91  16  31  17  25  18  67  19  30 
  0  29   1  16   2  55   3  63   4  85   5  65   6  80   7  31   8  72   9  80  10  80  11  78  12  13  13  31  14  12  15  27  16  20  17  26  18  99  19  13 
  0  16   1  30   2  86   3  15   4  71   5  10   6  52   7   3   8  38   9  51  10  33  11  47  12  58  13  80  14  39  15  68  16  60  17  27  18  46  19  25 
  0  88   1  24   2  12   3  39   4  85   5  62   6  24   7   7   8  36   9  48  10  85  11  77  12  42  13   1  14  68  15  93  16  19  17  21  18  96  19  86 
  0  53   1  73   2  95   3  71   4  40   5  86   6  91   7  93   8  26   9  79  10  93  11  79  12  36  13  38  14  91  15  37  16  69  17  96  18   9  19  35 
  0  96   1  81   2  91   3  49   4  54   5  28   6  50   7  48   8  81   9  67  10  80  11  13  12  28  13  32  14  86  15   5  16  28  17  51  18  98  19  11 
  0  56   1  45   2  76   3  23   4  17   5  19   6  24   7  67   8  30   9  10  10  24  11  17  12  72  13  76  14  69  15  10  16  52  17  56  18  98  19  23 
  0  87   1  61   2  81   3  96   4  42   5  14   6  43   7  18   8  51   9   8  10  86  11  30  12  68  13  23  14  78  15  50  16  41  17  64  18  31  19  98 
  0  68   1  59   2   4   3  43   4  20   5   2   6  12   7  81   8  65   9  76  10  82  11  73  12  89  13  11  14  82  15  96  16  54  17  62  18  42  19  89 
  0  34   1  94   2  94   3  81   4  89   5  85   6  78   7  32   8  77   9  97  10  71  11  49  12  58  13  73  14  87  15  19  16  66  17  98  18  87  19  84 
  0  39   1  87   2  89   3  17   4   8   5  15   6  19   7  79   8  12   9  91  10  94  11  13  12  53  13  70  14  50  15  83  16  76  17  27  18  63  19  10 
  0  10   1  65   2  28   3  33   4  51   5  55   6  84   7  86   8  59   9   9  10  96  11  75  12  50  13  24  14  66  15  35  16  42  17  68  18  26  19  48 
  0  66   1  85   2  95   3  16   4  94   5   5   6  91   7   5   8  82   9  85  10  20  11  36  12  28  13  67  14  71  15  83  16  62  17  12  18  41  19   4 
  0  43   1  84   2   2   3  29   4  49   5  59   6  73   7  36   8  86   9  87  10  30  11  26  12  19  13  24  14  73  15  52  16  26  17  24  18  69  19  20 
  0  48   1  37   2  25   3  82   4  20   5  43   6  90   7  62   8  99   9  89  10  41  11  96  12  81  13  58  14   6  15  56  16   7  17  62  18  20  19  37 
  0  35   1  33   2   2   3  42   4  67   5  61   6  98   7  90   8   8   9  60  10  66  11  60  12  86  13  43  14  17  15  65  16  27  17  80  18  60  19   3 
  0  31   1  56   2  85   3  13   4  18   5  36   6  35   7   9   8  98   9  50  10  51  11  75  12  99  13  46  14  62  15  59  16  99  17   1  18  21  19  87 
  0  38   1  42   2  11   3  40   4  49   5  32   6  27   7  38   8  77   9  30  10  97  11  69  12  96  13  72  14  36  15  65  16  32  17   3  18  65  19  57 
  0  14   1  99   2  95   3  94   4  20   5  36   6  17   7  93   8  23   9   7  10   5  11   8  12   8  13  57  14   4  15  85  16  38  17  99  18  57  19   6 
  0  45   1  96   2  41   3   2   4  83   5  48   6  34   7  68   8   1   9  57  10  25  11  97  12  46  13  89  14  31  15  77  16  77  17  77  18  86  19   6 
  0  42   1  10   2   7   3  92   4  13   5  58   6  94   7  69   8  10   9  80  10  42  11  59  12  36  13  73  14  75  15  48  16  84  17  74  18  33  19  61 
  0  36   1  87   2  85   3  27   4  74   5  64   6  97   7   5   8  47   9  54  10  40  11  50  12  90  13  81  14  12  15  78  16  21  17  23  18   7  19  23 
  0  52   1  19   2  97   3   6   4  25   5  35   6  85   7  83   8  39   9  14  10  90  11  70  12  42  13  90  14  11  15  84  16   4  17  86  18  97  19  63 
  0  21   1  65   2  46   3  28   4  39   5  76   6  81   7  13   8  39   9  70  10  77  11  73  12  33  13  85  14  84  15   2  16  43  17  35  18  77  19  99 
  0   7   1  39   2  28   3  45   4  34   5  73   6  22   7  60   8  57   9  35  10  51  11  73  12  33  13  29  14  22  15  88  16  53  17  10  18  68  19  53 
  0  56   1  51   2  31   3  72   4   1   5  10   6  91   7  46   8  61   9  91  10  24  11   5  12  66  13  28  14  43  15  12  16  65  17  37  18  74  19  89 
  0  38   1  86   2  24   3   1   4  15   5  93   6  67   7   1   8  84   9  25  10  60  11  40  12  94  13  73  14  95  15  75  16  17  17  26  18  84  19  92 
  0  72   1  13   2  66   3  88   4  72   5   7   6   6   7  32   8  32   9  42  10  27  11  67  12  91  13  56  14  46  15  68  16  80  17  14  18  27  19   9 
  0  22   1  48   2  18   3  71   4   9   5  72   6   2   7  66   8  79   9  85  10  30  11  67  12   7  13  66  14  91  15  41  16  59  17  51  18  48  19  49 
  0  23   1  98   2  41   3   6   4  96   5  82   6  29   7  67   8   1   9  92  10  43  11  22  12  57  13  48  14  11  15  61  16  57  17  58  18  46  19  46 
  0  21   1  36   2  56   3  24   4  64   5  50   6  78   7  38   8  40   9  26  10  38  11  37  12  53  13   4  14   9  15  73  16  82  17  75  18  75  19  26 
  0  56   1  56   2  39   3   8   4  77   5   4   6  36   7  46   8   6   9  11  10  17  11   4  12  95  13  36  14  85  15  78  16  53  17  45  18  17  19  82 
  0  54   1  31   2  29   3  68   4  11   5  79   6  84   7  55   8  97   9  27  10  72  11  42  12  60  13  25  14  87  15  75  16  64  17  97  18  56  19   2 
  0  94   1  98   2  23   3  17   4  79   5  12   6  26   7  95   8  45   9  78  10  72  11  26  12  75  13  77  14  13  15   5  16  87  17  14  18  49  19  52 
  0  68   1  91   2   3   3  83   4  50   5   8   6  74   7  87   8  31   9  64  10  89  11  54  12  59  13  66  14  91  15  40  16  77  17  66  18  25  19   6 
  0  95   1   8   2  10   3  79   4  65   5  77   6  72   7  53   8  83   9  61  10  94  11  39  12  50  13  92  14  62  15  69  16  85  17   9  18  64  19  75 
  0  74   1  84   2  83   3  93   4  76   5  18   6  42   7  92   8  36   9   2  10  96  11  11  12  67  13  25  14  35  15  51  16  41  17  87  18  88  19  56 
  0  62   1  29   2  17   3  64   4  87   5  97   6  87   7  78   8   9   9  13  10  56  11  41  12  78  13  88  14  85  15  72  16   5  17   7  18  13  19  88 
  0  58   1  38   2  15   3   3   4  81   5  64   6  86   7   9   8  77   9  20  10  93  11   6  12  97  13  40  14  63  15  47  16  86  17  26  18   4  19  48 
  0  21   1  80   2  91   3  24   4   7   5  97   6  93   7  96   8  76   9  94  10  76  11  25  12  52  13  47  14  46  15   4  16  50  17  26  18  68  19  51 
  0  96   1  74   2  32   3  14   4  54   5  29   6  24   7  24   8  41   9   6  10  23  11  58  12  62  13  44  14  66  15   2  16  68  17  22  18  71  19  42 
  0  59   1   7   2  49   3  82   4  38   5  69   6   7   7  65   8  34   9  61  10  43  11  61  12   8  13  24  14  82  15  27  16  32  17  99  18  12  19   7 
  0  20   1  51   2  94   3  79   4  52   5  77   6  82   7   3   8  39   9   9  10  11  11  70  12  16  13  49  14  15  15   9  16  66  17  94  18  85  19  72 
  0  36   1  79   2  86   3   3   4  14   5  53   6   5   7  28   8  74   9  72  10  95  11  31  12   1  13  96  14  38  15  24  16  18  17  56  18  38  19  48 
  0  17   1  49   2  42   3  53   4  70   5  16   6  64   7  29   8  38   9  83  10  38  11  28  12  21  13   8  14  39  15  51  16  64  17  30  18  96  19  13 
  0  27   1  95   2  74   3  56   4  60   5  49   6  29   7  62   8  28   9   7  10  19  11  20  12  95  13  92  14  66  15  95  16  58  17  49  18   9  19   2 
  0   1   1  38   2   9   3  83   4  34   5  19   6  96   7  60   8   4   9  70  10  87  11  27  12  52  13  88  14  47  15  83  16  52  17  59  18  27  19  40 
  0  21   1  63   2  61   3  10   4  74   5  91   6   2   7   4   8  73   9  24  10   7  11  21  12  83  13  32  14  42  15  23  16  52  17  69  18  19  19  53 
  0  35   1  83   2  38   3  76   4  69   5  94   6  27   7  95   8  57   9  96  10  89  11  57  12   8  13  35  14  21  15  87  16  62  17  16  18  96  19  51 
  0  36   1  95   2  38   3  50   4  71   5  78   6  58   7  75   8   1   9  55  10  45  11  40  12  60  13  64  14  51  15  22  16  66  17  39  18  90  19  69 
  0  61   1  30   2  46   3  28   4  60   5  13   6  37   7  56   8  51   9  11  10  73  11  20  12  25  13   8  14  26  15  48  16  93  17  95  18  95  19  83 
  0  12   1  12   2  77   3  98   4  25   5  81   6  19   7   8   8  95   9  10  10  91  11  26  12  75  13  36  14  72  15   3  16  70  17  81  18  59  19  35 
  0  33   1  72   2  94   3  37   4  26   5  33   6   3   7  13   8  95   9  37  10  45  11  31  12  70  13  64  14  18  15  64  16  41  17  73  18  69  19  34 
  0  97   1   7   2   2   3  89   4  37   5  82   6  19   7  64   8  63   9  74  10  47  11   2  12  57  13   3  14  40  15  39  16  49  17  57  18  85  19  92 
  0  89   1  20   2  39   3   2   4   2   5  24   6  58   7  15   8  70   9  51  10  22  11  11  12  58  13  58  14   3  15  22  16  59  17  64  18  30  19  12 
  0  50   1  52   2  52   3  22   4  57   5  67   6  43   7  97   8  62   9  91  10  74  11  58  12  67  13  24  14  73  15  22  16  20  17  21  18  19  19  11 
  0  46   1  28   2  83   3  91   4  23   5  50   6  95   7   5   8  31   9  54  10  19  11  96  12  46  13  95  14  70  15  81  16  68  17  32  18  82  19  77 
  0  64   1  82   2  34   3  16   4  59   5  34   6  80   7  16   8  68   9  59  10  55  11  91  12  81  13  38  14  34  15  94  16  98  17  48  18  73  19  17 
  0  85   1  72   2  93   3  74   4  22   5  14   6  74   7   7   8  87   9  27  10  81  11  13  12  50  13   6  14  71  15   2  16  33  17   4  18  44  19  16 
  0  87   1  72   2  41   3  13   4  10   5  63   6  94   7  67   8  63   9  58  10  12  11   8  12  34  13  86  14  39  15  53  16  21  17  44  18  27  19  50 
  0  32   1  11   2  90   3  25   4  58   5  96   6  17   7  41   8  73   9  76  10  41  11  74  12  31  13  15  14  40  15   4  16  68  17  35  18  92  19  43 
  0  91   1  29   2  27   3  65   4  85   5   3   6  63   7  77   8  97   9  21  10  40  11  85  12  12  13  46  14  86  15  59  16  90  17  55  18  93  19  57 
  0  21   1  13   2  42   3  91   4  80   5  29   6  58   7  77   8  39   9  72  10  28  11  78  12  10  13  18  14  21  15  48  16   3  17  44  18  43  19  27 
  0   1   1  63   2  85   3  34   4  28   5  70   6  29   7  65   8  94   9  29  10  14  11  95  12  24  13  29  14  99  15  44  16  80  17  40  18  58  19  86 
  0   8   1  40   2  42   3  32   4  42   5  16   6   4   7  28   8  32   9  56  10  40  11  21  12  34  13  95  14  32  15  81  16  20  17  58  18  88  19  64 
  0  32   1  73   2   4   3  46   4  95   5  42   6   9   7  80   8  45   9  52  10   9  11  72  12  40  13  91  14  37  15  45  16  57  17  44  18  60  19  12 
  0  94   1  93   2  69   3  57   4  43   5  92   6  99   7  96   8  78   9  72  10  17  11  82  12  12  13  15  14  96  15  56  16  79  17  88  18  83  19  16 
  0  20   1  36   2  37   3  20   4  92   5  76   6  59   7  64   8   7   9  41  10  40  11  63  12  46  13  80  14  40  15  42  16  75  17  97  18  71  19  33 
  0  13   1  33   2  88   3   4   4   4   5  89   6  52   7  82   8  10   9  99  10  18  11  35  12  23  13  66  14  93  15  82  16  40  17  43  18  58  19   2 
  0  80   1  13   2  98   3  44   4  35   5   9   6  78   7   3   8  92   9   4  10  41  11  37  12  62  13  96  14  11  15  82  16  48  17  94  18  52  19  57 
  0   4   1  57   2  22   3  52   4  47   5   5   6  62   7  36   8  36   9  58  10  44  11   3  12  40  13   2  14  95  15  15  16  44  17  38  18  13  19  78 
  0  25   1  18   2  58   3  43   4  15   5  22   6  89   7  35   8  49   9  14  10  49  11  12  12  99  13  89  14  55  15  16  16  81  17  23  18  79  19  83 
  0  33   1  65   2  71   3  77   4  61   5  70   6  14   7  70   8  29   9  20  10  55  11  14  12   7  13   7  14  39  15  84  16  12  17  20  18   2  19  73 
  0  85   1  43   2  58   3  87   4  51   5  13   6  15   7  20   8  62   9   2  10  64  11  24  12  40  13  45  14  49  15  41  16  95  17  12  18  50  19  37 
  0  92   1  39   2  87   3  33   4  25   5  74   6  12   7  90   8  72   9  58  10  33  11  92  12  55  13  53  14  38  15  42  16  90  17  27  18  33  19  56 
  0   2   1  35   2  51   3  83   4  24   5  92   6  76   7   3   8  67   9  74  10  88  11  98  12  53  13  21  14  99  15  19  16  90  17  62  18   3  19  14 
  0  41   1  82   2  53   3  96   4  51   5  51   6  56   7  41   8  89   9  27  10  93  11  16  12  57  13  85  14  16  15  17  16  35  17  44  18  70  19  14 
  0  95   1  74   2  26   3   5   4  41   5  80   6  85   7  69   8  61   9  38  10  28  11  55  12  28  13   2  14  75  15  93  16  21  17  86  18  31  19  89 
  0  47   1  87   2  23   3  49   4  82   5  86   6  53   7  62   8  82   9  20  10  62  11  44  12  42  13  41  14  74  15  22  16  32  17  38  18  87  19  71 
  0  61   1  27   2  46   3  53   4  91   5  18   6  84   7  96   8  58   9  46  10  20  11  97  12  65  13  47  14  49  15  32  16  53  17  44  18  98  19  12 
  0  80   1  20   2  69   3  36   4  79   5  58   6  25   7  16   8  12   9  18  10  81  11   9  12  88  13  81  14  19  15  57  16  26  17  64  18  84  19  86 
  0   4   1  75   2  47   3  85   4  41   5   6   6   4   7  98   8  32   9  18  10  11  11  50  12  67  13  79  14  91  15   8  16  75  17   1  18  13  19  92 
  0  47   1  66   2  26   3  16   4  85   5  96   6  19   7  62   8  56   9  14  10  22  11  92  12  64  13  38  14  60  15  64  16  92  17   2  18  47  19  81 
  0  25   1  77   2  18   3  70   4  58   5  23   6  10   7  16   8  81   9  23  10  55  11  92  12  25  13  82  14  30  15  61  16   7  17  36  18  56  19  71 
  0  34   1  55   2  68   3  62   4  39   5   8   6  73   7  58   8  81   9  53  10  38  11  94  12  42  13  92  14  93  15  14  16  75  17  99  18  29  19  96 
  0  96   1  13   2  64   3  98   4  60   5   1   6  84   7  78   8   6   9   9  10   5  11  10  12  56  13  77  14  25  15  78  16  15  17  82  18  64  19  79 
  0  91   1  87   2   6   3  35   4  77   5  99   6  12   7  20   8  47   9  92  10  55  11  35  12  26  13  75  14  66  15  90  16  45  17  72  18  85  19  68 
  0  37   1  32   2   2   3  46   4  42   5  45   6  53   7  63   8  23   9  55  10  62  11  83  12  70  13  99  14  23  15  71  16  28  17  99  18  23  19  52 
  0  69   1  67   2  17   3  67   4  79   5  95   6  93   7  68   8  41   9  46  10  57  11  57  12  23  13  16  14  27  15  37  16  15  17  79  18  94  19  28 
  0  27   1  57   2  61   3  94   4  12   5  60   6  22   7  71   8  49   9  71  10  98  11  24  12  48  13  38  14  91  15  57  16  40  17  64  18  95  19  79 
  0  60   1  10   2  45   3  89   4  60   5  30   6  87   7  33   8   3   9  16  10  64  11  82  12  84  13  65  14   6  15  96  16  36  17  59  18  35  19  48 
  0  47   1  85   2  69   3  87   4  70   5  70   6  42   7  43   8  83   9  23  10  83  11  75  12  25  13  97  14  73  15  80  16  55  17  67  18  24  19  60 
  0  27   1  82   2  93   3  53   4  14   5  83   6  33   7  24   8  26   9  34  10  48  11  85  12  62  13  72  14  74  15  30  16   1  17  97  18  61  19  24 
  0  88   1  47   2   1   3  62   4  15   5  36   6  30   7  88   8  47   9   8  10  37  11  84  12  17  13   6  14  78  15  91  16  66  17  60  18  35  19  28 
  0  94   1  73   2  99   3  56   4  55   5  61   6  69   7  60   8  97   9  64  10  25  11  29  12  43  13  36  14  81  15  32  16  58  17  38  18  64  19  65 
  0  12   1  97   2  97   3  36   4  34   5  66   6  28   7  81   8   5   9  12  10  58  11  57  12  88  13  55  14  25  15   4  16  49  17  40  18  84  19  83 
  0  91   1  32   2  68   3   2   4  30   5  11   6   5   7  48   8  16   9  40  10  25  11  36  12  37  13  28  14  79  15  74  16  67  17  66  18  16  19  38 
  0  75   1  92   2  57   3  95   4  70   5  75   6  69   7  32   8  25   9  22  10  65  11  37  12  36  13  55  14  92  15  44  16  17  17   9  18  20  19   8 
  0  58   1  81   2  37   3  56   4  40   5  27   6  65   7  47   8   3   9  21  10  13  11  52  12  12  13  13  14  19  15  39  16  28  17  11  18  31  19   3 
  0  60   1  82   2  76   3  80   4  23   5  62   6  37   7  99   8  38   9  38  10  17  11  75  12   4  13  91  14  68  15  87  16  85  17  83  18  82  19  13 
  0  88   1  80   2  32   3  27   4  90   5  63   6  91   7  88   8  51   9  55  10  99  11  17  12  74  13   1  14  99  15  84  16  19  17  23  18  97  19  42 
  0  89   1  90   2   2   3  35   4  46   5   5   6  52   7  29   8  96   9  23  10  33  11  90  12  26  13  18  14  71  15  89  16  39  17   4  18  42  19  35 
  0  79   1  48   2  81   3  86   4  31   5  88   6  44   7  81   8  49   9  30  10  66  11  30  12  34  13  23  14  28  15  52  16  63  17  17  18  43  19  64 
  0  81   1  49   2  35   3  64   4  88   5  38   6  10   7  93   8  93   9  65  10  72  11  45  12   2  13  80  14  62  15  42  16  40  17  15  18  17  19  29 
  0  56   1  34   2  82   3  57   4  59   5   5   6  28   7  35   8  31   9  52  10  96  11  14  12  53  13  64  14  77  15  15  16  56  17  35  18  17  19  95 
  0  86   1  83   2  58   3  78   4  97   5  70   6  59   7  46   8  74   9   4  10  20  11  95  12  69  13  49  14  97  15   5  16  68  17  46  18  36  19  79 
  0  92   1  20   2  24   3  92   4  25   5  60   6  75   7  56   8  90   9  25  10  74  11  19  12  35  13  42  14  77  15  90  16  60  17  21  18  38  19  20 
  0  67   1  31   2  90   3  33   4   8   5  37   6   1   7  44   8   5   9  76  10  29  11  65  12  16  13   9  14  86  15  63  16  50  17  78  18  48  19  99 
  0  10   1  87   2  47   3  52   4  51   5  50   6  97   7  37   8   8   9  21  10   4  11  28  12  55  13  49  14  28  15  41  16  22  17  89  18  93  19  31 
  0  34   1  37   2  48   3  96   4  62   5  57   6  33   7  84   8  37   9  48  10  25  11  67  12  16  13  22  14  26  15  45  16  88  17  52  18  82  19  83 
  0  37   1  95   2  62   3  11   4  69   5  21   6  82   7  29   8   9   9  26  10  24  11  44  12  97  13  42  14  75  15  44  16  66  17  33  18  80  19  90 
  0  74   1  71   2  38   3  58   4  76   5  46   6   2   7  59   8  43   9  98  10  38  11  80  12   7  13  39  14  75  15  26  16  45  17  79  18  31  19   1 
  0  90   1   7   2  32   3  73   4   3   5  13   6  35   7  22   8  85   9  71  10  39  11  24  12  28  13   2  14  52  15  43  16  16  17  75  18  77  19   1 
  0  53   1  15   2  39   3  36   4  45   5  45   6  34   7  80   8  56   9  71  10  64  11  18  12  36  13  33  14  40  15  72  16  67  17  46  18  84  19  40 
  0  83   1  27   2  15   3  89   4  64   5  48   6  22   7  63   8  20   9  80  10  26  11  73  12  93  13  83  14  52  15  22  16  16  17  95  18  82  19  22 
  0  28   1  66   2   3   3  77   4  42   5  10   6  43   7  94   8  24   9  39  10   6  11  32  12  55  13  56  14  90  15  87  16  88  17  63  18  53  19  63 
  0  97   1  14   2  36   3  70   4  18   5  36   6  68   7  38   8   4   9  61  10  33  11  49  12  92  13  55  14  43  15  89  16  85  17  69  18  11  19  84 
  0  23   1  19   2  51   3  26   4  19   5  50   6  98   7  10   8  63   9  45  10  78  11   2  12  91  13  26  14  77  15  89  16  64  17  23  18   2  19  80 
  0  60   1  42   2  15   3  44   4  31   5  20   6  93   7  28   8  24   9  19  10  34  11  59  12  76  13  74  14   2  15  67  16  21  17  34  18  30  19  87 
  0   7   1  72   2  20   3  59   4  61   5  16   6  87   7  22   8  75   9  35  10  56  11  54  12  59  13  10  14  25  15  92  16  73  17  67  18  94  19  74 
  0  44   1  33   2  63   3  80   4  92   5  68   6  25   7  43   8  61   9  69  10  15  11  17  12  23  13  68  14  90  15  73  16   8  17  17  18  69  19  41 
  0  63   1  26   2  21   3  63   4  53   5  78   6  93   7  38   8   5   9  41  10  75  11   6  12  69  13  93  14  94  15  53  16  23  17  85  18  70  19  18 
  0  75   1  88   2   7   3  26   4  90   5  21   6  66   7   7   8  42   9  74  10  16  11  27  12  77  13  84  14  65  15  24  16  89  17  54  18  30  19  82 
  0  55   1  70   2  82   3  93   4  82   5  27   6  47   7   4   8  47   9  25  10  43  11  12  12  85  13  22  14  98  15  62  16  66  17  76  18  61  19  30 
  0  60   1  30   2  27   3  45   4   8   5  74   6  91   7  72   8  85   9  13  10   9  11  22  12  13  13  39  14  89  15  48  16  26  17  13  18  16  19  62 
  0  42   1  34   2  40   3  43   4  35   5  26   6  28   7  52   8  85   9   4  10  91  11  80  12  67  13  97  14  22  15  19  16  27  17  23  18  57  19   5 
  0  43   1  82   2  51   3  89   4  41   5  66   6   6   7  25   8  43   9   3  10  58  11  52  12   8  13  72  14  83  15  58  16  20  17  55  18  61  19  58 
  0  31   1  13   2  57   3  21   4  36   5  88   6  39   7  73   8  67   9  91  10  80  11  75  12  56  13   6  14  69  15  71  16  65  17  26  18  75  19  12 
  0  72   1  52   2  10   3  71   4  37   5  88   6  17   7  60   8  33   9  69  10  84  11  85  12  90  13  47  14   4  15  81  16  20  17  91  18  49  19  61 
  0  36   1  53   2  41   3  16   4   9   5  86   6  58   7  92   8  73   9  94  10  46  11  53  12  66  13  84  14   1  15  67  16  50  17  65  18  48  19  81 
  0  34   1  89   2  32   3  25   4  60   5  53   6  29   7  52   8  90   9  93  10  67  11   4  12  67  13  41  14  15  15  54  16  16  17  38  18  87  19  48 
  0  21   1  83   2  54   3   3   4  24   5  62   6  50   7  16   8  41   9  20  10  44  11  90  12  56  13  76  14  12  15  15  16   5  17  71  18  79  19  31 
  0  21   1  55   2   4   3  38   4   2   5   8   6  61   7  48   8  98   9   2  10  97  11  43  12  70  13  27  14  22  15  64  16  33  17  89  18  52  19  18 
  0  54   1   4   2  81   3  16   4  81   5  69   6  24   7  69   8  34   9  62  10  81  11  66  12  96  13  25  14   2  15  56  16  32  17   6  18  96  19  25 
  0  37   1  37   2  42   3  27   4  82   5  38   6  19   7  91   8  67   9  82  10  14  11  13  12  14  13  88  14  79  15  53  16  16  17  26  18   1  19  17 
  0  73   1  47   2  20   3  44   4  30   5   8   6  29   7   1   8  63   9  25  10  87  11  76  12  98  13  82  14   4  15  38  16   4  17  94  18  15  19  82 
  0  94   1  98   2  44   3  10   4  14   5  44   6   9   7  57   8  48   9  21  10  14  11  18  12  36  13  79  14  73  15  76  16  27  17  72  18  54  19  93 
  0  22   1   8   2  64   3  44   4  94   5   9   6  71   7  88   8  24   9  55  10   4  11  71  12  83  13  99  14  60  15   6  16   7  17  14  18  59  19  23 
  0  24   1  60   2  74   3  96   4  54   5   8   6  20   7  98   8  20   9  78  10  44  11  28  12  38  13  11  14  88  15  52  16   2  17  97  18  31  19  70 
  0   2   1  94   2  22   3   4   4  72   5  87   6  99   7  29   8  89   9  28  10   2  11  54  12  68  13  25  14  57  15  75  16   7  17  51  18  77  19  95 
  0   5   1  27   2  21   3  38   4  54   5  55   6   9   7   8   8  82   9   8  10  93  11  42  12  30  13  15  14  30  15  92  16  73  17  38  18  89  19  45 
  0  91   1   5   2  20   3   3   4  27   5  43   6   7   7  66   8  49   9  72  10  69  11  30  12  41  13  73  14  39  15  55  16  84  17  25  18  88  19  26 
  0  68   1  45   2  28   3  43   4  83   5   6   6  54   7  80   8  25   9  89  10  13  11  60  12  43  13  22  14  75  15  66  16  19  17  50  18  46  19  87 
  0   7   1  33   2   5   3  40   4  22   5  94   6  65   7  27   8  41   9   8  10  52  11  19  12  89  13  41  14  95  15  68  16  75  17  38  18  22  19  25 
  0  84   1   3   2  13   3  95   4  54   5  80   6  27   7  26   8  19   9  50  10  42  11  72  12  53  13  79  14  38  15  18  16  84  17  25  18  47  19  94 
  0  85   1  59   2  80   3  75   4  41   5  79   6  84   7  60   8  45   9  51  10  74  11  98  12  38  13  89  14  19  15  19  16  17  17   6  18  55  19  19 
  0  98   1  14   2  19   3  77   4  82   5  97   6  69   7  78   8  66   9   8  10  73  11  78  12  43  13  83  14  17  15   6  16  25  17  30  18  40  19  65 
  0  40   1  59   2  68   3  95   4  38   5  17   6  19   7  64   8  13   9   1  10  59  11  59  12  59  13  46  14  72  15  34  16  15  17   8  18  89  19  28 
  0  36   1  47   2  19   3  25   4  81   5  72   6  53   7  39   8  32   9  25  10  72  11  59  12  72  13  84  14   9  15  70  16  52  17  72  18  45  19  32 
  0  63   1  87   2  64   3  34   4  22   5  26   6  26   7   2   8  78   9  15  10  22  11  20  12  84  13  12  14  47  15  60  16  67  17  97  18  52  19  87 
  0  45   1  26   2  28   3  20   4  63   5   5   6  97   7  34   8  66   9  86  10  33  11  59  12  25  13  28  14  17  15  28  16  33  17  32  18  90  19  57 
  0  86   1  35   2  94   3  98   4  41   5  29   6  37   7  70   8  17   9  34  10  77  11  85  12  46  13  61  14  60  15  79  16  71  17  93  18  26  19  54 
  0  69   1  75   2  68   3  32   4  58   5  38   6  13   7  93   8  57   9  54  10   2  11  44  12  55  13  41  14  56  15  72  16  44  17   8  18  26  19  93 
  0  55   1  24   2  13   3  62   4   8   5  68   6  24   7  45   8  58   9  12  10  20  11  39  12   7  13  38  14  12  15  72  16  47  17   4  18  49  19  23 
  0  41   1   4   2  25   3   9   4  84   5  95   6  58   7  72   8  19   9  69  10  72  11  41  12  10  13  66  14  99  15  26  16  39  17  28  18  38  19  84 
  0  46   1  95   2  79   3  91   4  72   5  42   6  74   7  93   8   1   9  46  10  42  11  43  12  85  13  35  14   9  15  44  16  27  17  54  18  39  19  65 
  0  42   1  52   2   7   3  17   4  75   5   3   6  21   7  34   8  89   9  15  10  55  11  49  12  35  13  62  14  74  15  25  16  73  17  60  18  81  19  18 
  0  24   1  72   2   8   3  17   4   2   5   9   6  85   7  42   8  60   9   3  10  76  11  79  12  45  13  56  14  41  15  98  16  36  17  19  18   4  19  72 
  0  67   1  75   2  84   3  64   4  62   5  79   6  37   7  58   8  82   9  60  10  98  11  41  12  64  13  37  14  66  15  52  16  21  17  83  18  32  19  71 
  0  10   1  87   2  99   3  45   4   7   5  38   6  26   7  29   8  28   9  90  10  60  11  75  12  81  13  55  14  32  15  20  16  11  17  87  18  71  19  23 
  0  18   1   3   2   9   3  14   4  82   5  41   6  15   7  24   8  88   9  87  10  81  11  73  12  25  13  83  14  41  15  72  16  18  17  14  18  53  19  50 
  0   2   1  64   2  10   3  79   4  67   5  50   6  50   7  94   8  13   9  13  10  81  11  16  12   2  13  27  14  32  15  68  16  48  17  35  18  23  19  47 
  0  17   1  55   2  48   3  90   4  86   5  54   6  77   7  46   8  63   9  74  10  98  11  33  12  94  13  70  14  23  15  49  16  32  17  71  18  34  19  92 
  0  33   1  76   2  18   3  57   4  75   5  94   6  31   7  84   8  37   9  59  10  67  11  52  12  80  13  79  14  77  15  73  16  88  17  47  18  30  19  72 
  0  40   1  92   2  40   3  16   4  12   5  53   6  14   7  32   8   5   9  93  10  90  11  20  12  26  13   1  14  63  15  90  16  70  17  59  18  42  19  81 
  0  33   1  61   2  93   3  91   4  84   5  83   6  69   7  56   8  88   9  22  10  83  11  61  12  56  13  63  14  79  15  18  16  22  17  87  18  31  19   2 
  0   2   1  36   2  91   3  28   4   6   5  38   6  46   7  33   8  96   9  96  10  40  11  49  12  84  13  53  14  89  15  87  16  87  17  54  18  92  19  80 
  0  30   1  92   2  20   3   5   4  39   5  61   6  24   7  38   8   8   9  47  10  46  11  37  12  74  13  56  14  23  15   3  16  27  17  38  18  11  19  84 
  0  94   1   2   2   2   3  87   4  25   5  21   6  89   7  14   8  56   9  14  10  67  11  22  12  26  13  19  14  87  15  36  16  72  17   8  18  43  19  86 
  0  89   1  53   2  77   3  17   4  27   5   6   6  39   7  66   8  46   9  42  10  43  11  37  12  12  13   8  14   5  15  19  16  42  17  94  18  19  19  97 
  0  94   1  81   2  78   3  40   4  70   5  30   6   4   7  29   8  53   9  55  10   6  11   8  12  96  13  96  14  47  15  90  16  69  17  32  18  58  19  99 
  0  47   1  10   2  20   3  57   4  98   5   3   6  22   7  54   8  39   9  14  10  65  11  49  12  48  13  49  14  21  15  67  16  11  17  21  18  50  19  46 
  0  64   1   4   2  24   3  73   4  73   5  45   6  23   7  62   8  43   9  27  10  95  11  38  12  74  13  45  14  37  15  50  16   2  17  43  18  30  19  24 
  0  60   1  35   2  61   3  62   4  93   5  90   6  38   7  17   8  98   9  15  10  30  11  39  12  88  13  70  14  70  15  51  16  73  17  43  18  26  19  67 
  0  60   1  63   2   5   3   5   4  82   5  15   6   1   7  42   8  37   9  76  10  85  11  59  12  46  13  28  14  86  15  27  16   6  17  33  18  72  19  75 
  0  36   1  62   2  88   3  27   4  81   5   3   6  64   7  85   8  69   9  49  10  72  11  45  12  59  13  72  14  31  15   6  16  44  17  96  18  35  19   2 
  0  30   1   5   2  96   3   1   4  33   5  90   6  25   7  30   8  92   9  86  10   6  11   4  12  67  13  99  14  69  15  49  16  34  17  60  18   6  19  99 
  0  12   1  73   2  23   3  42   4  58   5  97   6   3   7   5   8  18   9  11  10  59  11   6  12  41  13  36  14  74  15  47  16  77  17  36  18   4  19  37 
  0  71   1  67   2  83   3  28   4  76   5  34   6  96   7  74   8   7   9  63  10  71  11  35  12  35  13  76  14  25  15  83  16  14  17  98  18  19  19  54 
  0  36   1  94   2  79   3  99   4   8   5  55   6  97   7   5   8  18   9  72  10  24  11  33  12  63  13  74  14  78  15  78  16  25  17   5  18  97  19  87 
  0  96   1  89   2  77   3  16   4  62   5  60   6  46   7  59   8  98   9  97  10  55  11  45  12  22  13  60  14  22  15  75  16  13  17  65  18  11  19   8 
  0  80   1  48   2   4   3  27   4  27   5  70   6  57   7  95   8  69   9  25  10  33  11  16  12  34  13  54  14   9  15  78  16  95  17  52  18  10  19  79 
  0  76   1  32   2   7   3  39   4  93   5  45   6  74   7  39   8   9   9  54  10  23  11  41  12  72  13  77  14  54  15  19  16  63  17  88  18  91  19  48 
  0  84   1  17   2  51   3  51   4   6   5  52   6  85   7   9   8  48   9  16  10  29  11  66  12  70  13  62  14  51  15  55  16  86  17   9  18  54  19  34 
  0  61   1  44   2  33   3  59   4  84   5  75   6  26   7   1   8  76   9  55  10   1  11  90  12  35  13  41  14  37  15  20  16  10  17  37  18  31  19  34 
  0  85   1  30   2   2   3  39   4  21   5  48   6  50   7  81   8  74   9  44  10  80  11  67  12   4  13  69  14   9  15  69  16  69  17  11  18  92  19  64 
  0  42   1  24   2  73   3  49   4  38   5  62   6  49   7  81   8  70   9  96  10  79  11   6  12  35  13  28  14  20  15  21  16  19  17  23  18  88  19  79 
  0  48   1  39   2  69   3  15   4  75   5  70   6  78   7  55   8  22   9  67  10  46  11  26  12  72  13  52  14  37  15   6  16  40  17   9  18  98  19  17 
  0  43   1  95   2  56   3  68   4  95   5  62   6  59   7  91   8  71   9  63  10   7  11  78  12  93  13  56  14  79  15  30  16  26  17  53  18  57  19  15 
  0  13   1  98   2  22   3  78   4  94   5  18   6  44   7  19   8  24   9  39  10  29  11  58  12  75  13  71  14  63  15  27  16  47  17  74  18  68  19  64 
  0  59   1  97   2  59   3  77   4  96   5  20   6  95   7  22   8  72   9   4  10  22  11  43  12  35  13  92  14  14  15  94  16  34  17  47  18   5  19  16 
  0  96   1  59   2  20   3  24   4  35   5  58   6  73   7  62   8  83   9  40  10   9  11  83  12  55  13  90  14  64  15  98  16   5  17  61  18   4  19  49 
  0   7   1  60   2  56   3  28   4  80   5  98   6  51   7  53   8  74   9  23  10  47  11  40  12  23  13  55  14  96  15  97  16  75  17  11  18  71  19  96 
  0  21   1   1   2  11   3  83   4  45   5  65   6  94   7  96   8  33   9  57  10   5  11  55  12  78  13  68  14  96  15  50  16  71  17  44  18  11  19  48 
  0  64   1  50   2  73   3  41   4  10   5  25   6  15   7  65   8  11   9  60  10  22  11  48  12  87  13  28  14  28  15  47  16   3  17   2  18  49  19  82 
  0  62   1  75   2  68   3  78   4  69   5  37   6  17   7  58   8  39   9  14  10  54  11  80  12  93  13  59  14   1  15  10  16  26  17  19  18  29  19  18 
  0   5   1  83   2  16   3  80   4  93   5  59   6  34   7  27   8  44   9  73  10  63  11  41  12  45  13  69  14   1  15  47  16  22  17  40  18  71  19  54 
  0  21   1   3   2  89   3  81   4  64   5   8   6  53   7  89   8  86   9  90  10  41  11  99  12  22  13  94  14  12  15  92  16  74  17  19  18   3  19  65 
  0  36   1  56   2  74   3  70   4  39   5  26   6  16   7  87   8  30   9  44  10  54  11  52  12  60  13  77  14  89  15  97  16  65  17  54  18   5  19  80 
  0  18   1  51   2  95   3  22   4  48   5  10   6   2   7  63   8  43   9  31  10  66  11  26  12  13  13  76  14  28  15  79  16  91  17  97  18  90  19  98 
  0  68   1  13   2  18   3  85   4  20   5  15   6  67   7  16   8  95   9  45  10  11  11  55  12  41  13   1  14   1  15  83  16  19  17  64  18  40  19  34 
  0  64   1  93   2  22   3  16   4  87   5  83   6  34   7  53   8  36   9  16  10  90  11  99  12  13  13  90  14  73  15  32  16  61  17  92  18  14  19  48 
  0  85   1  86   2  73   3  93   4  32   5  54   6  68   7  92   8   2   9  43  10  46  11  20  12  18  13  63  14  18  15  34  16  24  17  92  18  94  19  69 
  0  48   1  73   2  94   3  29   4  50   5  16   6  92   7  46   8  55   9  98  10  34  11  76  12  31  13  59  14  51  15  13  16  71  17  32  18  54  19  80 
  0  69   1  66   2  69   3  36   4  69   5  92   6  92   7  97   8  61   9  59  10  98  11  82  12  62  13   9  14  81  15  73  16  37  17  87  18  96  19  31 
  0  44   1  63   2  57   3  68   4  42   5  85   6  51   7  82   8  76   9  75  10  38  11  14  12  47  13  90  14  41  15  83  16  71  17  52  18  30  19  62 
  0  51   1  84   2  83   3   6   4  36   5  52   6  23   7  76   8  48   9  30  10  20  11  74  12  70  13  35  14  59  15  38  16  32  17  80  18   2  19  14 
  0  79   1  63   2  72   3  19   4  50   5  75   6  46   7   8   8  37   9  10  10  68  11  43  12  31  13  91  14  24  15  31  16  83  17  28  18  21  19  15 
  0  85   1  66   2  38   3  16   4  43   5  61   6  15   7  75   8  75   9  39  10  71  11  82  12  73  13  48  14   6  15  25  16  53  17  25  18  24  19   4 
  0  89   1  24   2   3   3  58   4  95   5  34   6  28   7  69   8  50   9  60  10   2  11  90  12  15  13  25  14  54  15   8  16  74  17  49  18  42  19  60 
  0  98   1  71   2  78   3  56   4  35   5  18   6  44   7  40   8  16   9  56  10  78  11  67  12  81  13  63  14  78  15  74  16  11  17  55  18   8  19  76 
  0  76   1  72   2  28   3  88   4  36   5  46   6  58   7  70   8  49   9   8  10  28  11   1  12  25  13  35  14   9  15  12  16  74  17   7  18  85  19  71 
  0  27   1  49   2   1   3  75   4   7   5   7   6  65   7  38   8  37   9  85  10  62  11   7  12  19  13  74  14  45  15  57  16  95  17  39  18  79  19  54 
  0  23   1  24   2   3   3  99   4   3   5  86   6  74   7  69   8  50   9  63  10  57  11  40  12   2  13  67  14  83  15  89  16  85  17  64  18  96  19  96 
  0  68   1  48   2  91   3  60   4  45   5  84   6  70   7  50   8  25   9  78  10  15  11  68  12  17  13  90  14  80  15  52  16  36  17  43  18  18  19  71 
  0  15   1  42   2  53   3  30   4  41   5  99   6   5   7  25   8  86   9  39  10  59  11  23  12  69  13  27  14  73  15  24  16  78  17  83  18   5  19  82 
  0   3   1  99   2  12   3  29   4  69   5  49   6  77   7   9   8  50   9  42  10  29  11  27  12   7  13  76  14  78  15  99  16  63  17  80  18  57  19  45 
  0  23   1  88   2  61   3   3   4  90   5  92   6  76   7  45   8  71   9  78  10  59  11  37  12  68  13   3  14  15  15  22  16   5  17  84  18  74  19  77 
  0  66   1   9   2  92   3  51   4  81   5  68   6   7   7  39   8  76   9  50  10  91  11  82  12   1  13  64  14  72  15  86  16  99  17  31  18  53  19   2 
  0  41   1  14   2  49   3  13   4  55   5  86   6  28   7  41   8  17   9  20  10   5  11  30  12  89  13  83  14   8  15  65  16  86  17  27  18  25  19  33 
  0  66   1  48   2  36   3  78   4  36   5  74   6  17   7   9   8  68   9  68  10  29  11  28  12  92  13  21  14  44  15  79  16   5  17  27  18  44  19  88 
  0  73   1  74   2  30   3   7   4   9   5  90   6  43   7  54   8  56   9  31  10  75  11   1  12   2  13  51  14  78  15  50  16  76  17  58  18  48  19  26 
  0  13   1  70   2  35   3  34   4  98   5  48   6  92   7  72   8  43   9  60  10  56  11  47  12  42  13  31  14  75  15  26  16  26  17  17  18  21  19  33 
  0   7   1  79   2  17   3  86   4  54   5  18   6  98   7  76   8  72   9  44  10  35  11  36  12  60  13  66  14  15  15  99  16   5  17  17  18  65  19  47 
  0  37   1  83   2  61   3  23   4  85   5  66   6  42   7  50   8  26   9  94  10  67  11   3  12  26  13  42  14  41  15  49  16   6  17  35  18  84  19  40 
  0  24   1  15   2  11   3   1   4  98   5  33   6  33   7  71   8  92   9  62  10  97  11  85  12  23  13  38  14  83  15  46  16  77  17  81  18  27  19  92 
  0  51   1  84   2  49   3  77   4  16   5  11   6  56   7  28   8  95   9  11  10  99  11  36  12  60  13  79  14  60  15  38  16   1  17  28  18  10  19  97 
  0  59   1  74   2  93   3  70   4  45   5  67   6  82   7  85   8  24   9  73  10  94  11  92  12   5  13  60  14  34  15  48  16  83  17   3  18  28  19  53 
  0  22   1  93   2  47   3  67   4  94   5  34   6  68   7  42   8  90   9  48  10  73  11  88  12  82  13  48  14  82  15  58  16  42  17  55  18   4  19  77 
  0  52   1   9   2  99   3   8   4  89   5  86   6  51   7  40   8  82   9  78  10  39  11  47  12  10  13  76  14   5  15  64  16  95  17   4  18  26  19  60 
  0   7   1  33   2  81   3  41   4  63   5  63   6  80   7   5   8  18   9  78  10  66  11  20  12  86  13   4  14  59  15  77  16  41  17  89  18  23  19  51 
  0   8   1  33   2  39   3  44   4  23   5  22   6  55   7  44   8  49   9  44  10  47  11  44  12  39  13  66  14  78  15  41  16  72  17  95  18  97  19  71 
  0  37   1   9   2  23   3  93   4  92   5  39   6  89   7  33   8  34   9  18  10  51  11  16  12  29  13  46  14  66  15  82  16  17  17  58  18  62  19  24 
  0  52   1  54   2  17   3  89   4  96   5  20   6  41   7  99   8  98   9  32  10  29  11  46  12  89  13  10  14  43  15  29  16  93  17  68  18  22  19   3 
  0  26   1  39   2  40   3  57   4  47   5  99   6  20   7  38   8  65   9  61  10  32  11  14  12  74  13  28  14  82  15  17  16  45  17  93  18  60  19  38 
  0  68   1  46   2  53   3  85   4  82   5  21   6  15   7  19   8  86   9  18  10   2  11  47  12   1  13  59  14  44  15  73  16  82  17  26  18   6  19  33 
  0   8   1  54   2   2   3  41   4  47   5  66   6  49   7  73   8  34   9  25  10  81  11  24  12  93  13  19  14  12  15  97  16   9  17  12  18   9  19  56 
  0  41   1  97   2  64   3  57   4  91   5   9   6  16   7  11   8  57   9  70  10  26  11  46  12  76  13  65  14  35  15  88  16  34  17  30  18  67  19  71 
  0  11   1  17   2  67   3  21   4  19   5  70   6  17   7  33   8  32   9  24  10  53  11  51  12  82  13   7  14  32  15   6  16  26  17  92  18  11  19  69 
  0  56   1  96   2  58   3  71   4  44   5  60   6   8   7  25   8   9   9  43  10  54  11  99  12  98  13  51  14  86  15  59  16   8  17  36  18  89  19  87 
  0  18   1  99   2  14   3  44   4  23   5  50   6  74   7  25   8  89   9  89  10  61  11  96  12  88  13   7  14   7  15   3  16   2  17  37  18  45  19  55 
  0  30   1  63   2  53   3  88   4  27   5   2   6  33   7  60   8   1   9  72  10  92  11  46  12  19  13  68  14  36  15  37  16  73  17  29  18  40  19  46 
  0  36   1  74   2  66   3  19   4  84   5  68   6  83   7  73   8  66   9   8  10  49  11  50  12  16  13  61  14  30  15  30  16   1  17  11  18  47  19  71 
  0  95   1  34   2  46   3  98   4   4   5  59   6  97   7  46   8  18   9  85  10  71  11   5  12  83  13  39  14  84  15  20  16  38  17  44  18  77  19  97 
  0  52   1  79   2  90   3  31   4  74   5  67   6  59   7  14   8  59   9  31  10  17  11  47  12  15  13  77  14  11  15  73  16  52  17  70  18  76  19  38 
  0  98   1  19   2  91   3  36   4  45   5  44   6  75   7  53   8  64   9  46  10  37  11  84  12  19  13  98  14  67  15  13  16  23  17  82  18  18  19  18 
  0  11   1  63   2  16   3  11   4  17   5  41   6  55   7  31   8  21   9   2  10  31  11  57  12  33  13  91  14  55  15  85  16   9  17  61  18  27  19   5 
  0  51   1  12   2  91   3  35   4  77   5  51   6  78   7  15   8  17   9  99  10  23  11  71  12   6  13  24  14  57  15  96  16  40  17  45  18  67  19  50 
  0  26   1  39   2   2   3  29   4  51   5  55   6  48   7  19   8  23   9  72  10  58  11   9  12  99  13  17  14  55  15  46  16  36  17  41  18  53  19  61 
  0  54   1  28   2  47   3  26   4  64   5  54   6  17   7   4   8  48   9  17  10  34  11  21  12  35  13  30  14  87  15  65  16  28  17  91  18  72  19   7 
  0  12   1  97   2  29   3  97   4  71   5  97   6  65   7  93   8  75   9  26  10  12  11  77  12   3  13  80  14  53  15  39  16  10  17  50  18  73  19  94 
  0  37   1  97   2  60   3  35   4   7   5  37   6  81   7  34   8   1   9  77  10  64  11  87  12  58  13  10  14  74  15   9  16  50  17  80  18  35  19  41 
  0  74   1  19   2  79   3  86   4  28   5  69   6  42   7  34   8  61   9  26  10  44  11  79  12  94  13  88  14  29  15  95  16  25  17   1  18  50  19  78 
  0  74   1  11   2  17   3  41   4  47   5  92   6  16   7  45   8  72   9  73  10   8  11  83  12  77  13  46  14  50  15  95  16  16  17  97  18  54  19  98 
  0  85   1  19   2  68   3  37   4  35   5  74   6  35   7  58   8  90   9  61  10  13  11  10  12  74  13   9  14  84  15   3  16  25  17  65  18  59  19  27 
  0  56   1   8   2  87   3  18   4  13   5  93   6  29   7  62   8   8   9  54  10  29  11  82  12  75  13  24  14  74  15  13  16  42  17  37  18  84  19  15 
  0  65   1  33   2   3   3   7   4  56   5  78   6  22   7  11   8  74   9  77  10  97  11  42  12  67  13  66  14  53  15  90  16  37  17  45  18  60  19  45 
  0  47   1  43   2  54   3  20   4  34   5  92   6  10   7  99   8  42   9  65  10  91  11  42  12  48  13  94  14  19  15  20  16  52  17  49  18   1  19  76 
  0  79   1  45   2  71   3  13   4  67   5  35   6   7   7  73   8  79   9  40  10  24  11  71  12  48  13  96  14  21  15   5  16  81  17  80  18  65  19  52 
  0  37   1  60   2  85   3  89   4  55   5  39   6  83   7  48   8  34   9  29  10  18  11  98  12  76  13   5  14  79  15   9  16  20  17  38  18  60  19  19 
  0   1   1  67   2   9   3  95   4  63   5  44   6  76   7  84   8   3   9   4  10  91  11  85  12   4  13  13  14  81  15  95  16  48  17  25  18  89  19   5 
  0   1   1  72   2   3   3  62   4  30   5  75   6  43   7  58   8  91   9  74  10  17  11  38  12  62  13  70  14  56  15  75  16  31  17  35  18  51  19  40 
  0  43   1  56   2  73   3  87   4  16   5  61   6  57   7   8   8  18   9  62  10  67  11  91  12  91  13  57  14  58  15  47  16   4  17  47  18  31  19  60 
  0  13   1  15   2  61   3  50   4   6   5  64   6  63   7  43   8  59   9  28  10  27  11  27  12  16  13  65  14  63  15   8  16  61  17   3  18  96  19  80 
  0  39   1  66   2  82   3  83   4  83   5  36   6  96   7  51   8   1   9  83  10  28  11  51  12  98  13  12  14  36  15  90  16  96  17  55  18  75  19  98 
  0  77   1  58   2  42   3  35   4  10   5  36   6   6   7  42   8  53   9   7  10  43  11  36  12  62  13  56  14   2  15  93  16  89  17  96  18  48  19  27 
  0  59   1  32   2  77   3   7   4  50   5  82   6  28   7  53   8  57   9  57  10  19  11  89  12  99  13  71  14   4  15  59  16  14  17  81  18  77  19  48 
  0  21   1  64   2  10   3   4   4  71   5  42   6  61   7  67   8  27   9  95  10   5  11  76  12  28  13  64  14   1  15  94  16  43  17  69  18  77  19  24 
  0  61   1  88   2  82   3  25   4  95   5  38   6  70   7  93   8  37   9  46  10  48  11  10  12  63  13  43  14  44  15  52  16  40  17  52  18  86  19  35 
  0  70   1  79   2  66   3  21   4  14   5  24   6   8   7   2   8  70   9  95  10  68  11  16  12  94  13  40  14  47  15  93  16  62  17  90  18  25  19  82 
  0  76   1  96   2  51   3  52   4   4   5  45   6  35   7   6   8   9   9  43  10  53  11  73  12  68  13  49  14   9  15  34  16  52  17  38  18  89  19  51 
  0   8   1  57   2  45   3  59   4  26   5  56   6  30   7  28   8  83   9  72  10  31  11  67  12  84  13  65  14  76  15  30  16  53  17  36  18  82  19  21 
  0   3   1  19   2  61   3   6   4  96   5  33   6  17   7  44   8  78   9  46  10  49  11  80  12  86  13  99  14  21  15  99  16  78  17  34  18  57  19  79 
  0  38   1  37   2  80   3  95   4  14   5  89   6  59   7  33   8  51   9  10  10  27  11  73  12  85  13  96  14  76  15  42  16  22  17  18  18  31  19  92 
  0  61   1  31   2  52   3  65   4  59   5  69   6  41   7  64   8  18   9  12  10  69  11  72  12  66  13  82  14  49  15  30  16  64  17   1  18  21  19  51 
  0  51   1  55   2   6   3  74   4  64   5  49   6   6   7  15   8  35   9  67  10  43  11  16  12  41  13  75  14  59  15  58  16  78  17  36  18  32  19   5 
  0  35   1  47   2  90   3  68   4  37   5  27   6  33   7   1   8  46   9  79  10   4  11  40  12  26  13  73  14  71  15  28  16  58  17  52  18  31  19  97 
  0   3   1   4   2  47   3  55   4  11   5  14   6  30   7  50   8  89   9  72  10  94  11  69  12  64  13  78  14  87  15  83  16  88  17  50  18  52  19  91 
  0  93   1  23   2  83   3  66   4  40   5  11   6  97   7  52   8  88   9  60  10  69  11  48  12  50  13  37  14  14  15  37  16  50  17  96  18  35  19  49 
  0  53   1  39   2  18   3  25   4  95   5  18   6  70   7  11   8  82   9  64  10  15  11  72  12   7  13  27  14  15  15  16  16  99  17  62  18  76  19  23 
  0  83   1  26   2   2   3  46   4  51   5  86   6  52   7  19   8   1   9   7  10  16  11  88  12  11  13  34  14  98  15  69  16  29  17  12  18  89  19  52 
  0  59   1  62   2   7   3  63   4  57   5  93   6  35   7  27   8  58   9  73  10   2  11  96  12  95  13  18  14  89  15  88  16  59  17  41  18  78  19  59 
  0  85   1  59   2  35   3  64   4  42   5  84   6  15   7  42   8  65   9  75  10  69  11  28  12   7  13  50  14  99  15  28  16  75  17  99  18  12  19  51 
  0  48   1  73   2  86   3  85   4  14   5  93   6  72   7   3   8  38   9  70  10  28  11  42  12  21  13  99  14  55  15   6  16  71  17   8  18  16  19  84 
  0  66   1  36   2  12   3  96   4  59   5  77   6  29   7  36   8  69   9  16  10  38  11  69  12  62  13  90  14  60  15  78  16  67  17  63  18  77  19   2 
  0  90   1  93   2  25   3  56   4  89   5  90   6  26   7  37   8  85   9  34  10  40  11  55  12  43  13  67  14   5  15  29  16  74  17  52  18  80  19  98 
  0  42   1  11   2  32   3  11   4  41   5  38   6  93   7  69   8  35   9  29  10  56  11  32  12  39  13  21  14  50  15  31  16  75  17  88  18  70  19  65 
  0  31   1  15   2  69   3  52   4  38   5  65   6  65   7  86   8  89   9  62  10  53  11  32  12  47  13  60  14  87  15  81  16  19  17  34  18  55  19   1 
  0  63   1  99   2  11   3  73   4  36   5  16   6  65   7  23   8  52   9  73  10  83  11  79  12  54  13  90  14  23  15  90  16  99  17  91  18  38  19  69 
  0  33   1  85   2  74   3  39   4  64   5  63   6  58   7  46   8  15   9   7  10  15  11  23  12  68  13  39  14  23  15  32  16  39  17  70  18  97  19  45 
  0  44   1  32   2  30   3  10   4  49   5  36   6  98   7  23   8  98   9  96  10  23  11  76  12  50  13  42  14  35  15  11  16  75  17  55  18  85  19  54 
  0  69   1  19   2  91   3  25   4  57   5   4   6   1   7  69   8  10   9  91  10  96  11  31  12  15  13  97  14  83  15  94  16  33  17  42  18   1  19  84 
  0  34   1  40   2  26   3  36   4   4   5  85   6  98   7  54   8  64   9  93  10   7  11  57  12  22  13  22  14  68  15  89  16  63  17  45  18  27  19  63 
  0  66   1  23   2  76   3  96   4  63   5  25   6   5   7  63   8  68   9  23  10  58  11  83  12  89  13  95  14  19  15  75  16  56  17  22  18  30  19  62 
  0  75   1  63   2  98   3  27   4  15   5  14   6  42   7  15   8  95   9  99  10   2  11  66  12  95  13  46  14   7  15  80  16  20  17  42  18  65  19  44 
  0  30   1  56   2  90   3  16   4  16   5  36   6  75   7   3   8  72   9  41  10  13  11  38  12  65  13  95  14  90  15  61  16  87  17  12  18  10  19  42 
  0  65   1  24   2  10   3  13   4  17   5  78   6  65   7  60   8  12   9   1  10  52  11  32  12  87  13  61  14  89  15  89  16  26  17  80  18  70  19  80 
  0   3   1  97   2  94   3   9   4  62   5  78   6  69   7  20   8  63   9  73  10   1  11  67  12  86  13  96  14  62  15  34  16  66  17   7  18  93  19  11 
  0  36   1  60   2  13   3  51   4   7   5  37   6  23   7  22   8  74   9   5  10  41  11  84  12  50  13  71  14   3  15  42  16  59  17  76  18  61  19  56 
  0  82   1  78   2   5   3  29   4   3   5  41   6  60   7  80   8  15   9  47  10  43  11  23  12  63  13  14  14  39  15  89  16  66  17  96  18  15  19  10 
  0  19   1  98   2  50   3  12   4  58   5  86   6  95   7  49   8  91   9  58  10  31  11  82  12  58  13  85  14  37  15  75  16  73  17  57  18  13  19  36 
  0  96   1   9   2  92   3  92   4  19   5  13   6  58   7  27   8  86   9  26  10  20  11  48  12  50  13  38  14  87  15  86  16   1  17  52  18  80  19  88 
  0  93   1  34   2   3   3  74   4  45   5  30   6  53   7   4   8  87   9  88  10  45  11  67  12  55  13  17  14  94  15  55  16  56  17  30  18  87  19  33 
  0  64   1  60   2   5   3  69   4  38   5  76   6   1   7  81   8   9   9  71  10  88  11  96  12  41  13  12  14  60  15  35  16  58  17  70  18  40  19  30 
  0  78   1  58   2  48   3  12   4  41   5  18   6  83   7  50   8  44   9  79  10  11  11  64  12  56  13  13  14  14  15  80  16  35  17  26  18  76  19  61 
  0  20   1  74   2  23   3  64   4  32   5  90   6  52   7  92   8  58   9  26  10  22  11   8  12  71  13  83  14  10  15  23  16  80  17  58  18  21  19  39 
  0  53   1  12   2   1   3  35   4  80   5  20   6  65   7  25   8   9   9  96  10  65  11  64  12  14  13  18  14  69  15  25  16  72  17   7  18  23  19  87 
  0   4   1  80   2  69   3  55   4  16   5  59   6  87   7  74   8   5   9  24  10  91  11  35  12  70  13  53  14  75  15  81  16  43  17  40  18  79  19  24 
  0  19   1  90   2  84   3  99   4  26   5  95   6  80   7  61   8  18   9  77  10  84  11  37  12  72  13  90  14  61  15  77  16  54  17  40  18  55  19  32 
  0  67   1  29   2  97   3  67   4  41   5  95   6  37   7  44   8  71   9  78  10  43  11  83  12  81  13  65  14  34  15   6  16   8  17  41  18  66  19  24 
  0  71   1  79   2  80   3  74   4  57   5  77   6  30   7  43   8  10   9   9  10   4  11  73  12  44  13  17  14  89  15  76  16  58  17  76  18  60  19  11 
  0   8   1  64   2  98   3  93   4  17   5  60   6  80   7  70   8  94   9  19  10  41  11  14  12  11  13   6  14   7  15  96  16  20  17  49  18  15  19  43 
  0  14   1   5   2  19   3  79   4  93   5  90   6   2   7  68   8  39   9  89  10  16  11  55  12  75  13  72  14  47  15  68  16  74  17  89  18  70  19  92 
  0  25   1  45   2  82   3  13   4  25   5  88   6  99   7  90   8  49   9   3  10  45  11  78  12   5  13   5  14  15  15  88  16  58  17  15  18  69  19   8 
  0  75   1  91   2  97   3  22   4   4   5  45   6  60   7  35   8  41   9  89  10   1  11  49  12  46  13  40  14  63  15  28  16  59  17  76  18  27  19  40 
  0  15   1  99   2  78   3  17   4  38   5  10   6  25   7   8   8  83   9  94  10  20  11  51  12  37  13  51  14  37  15  87  16  14  17  82  18  13  19  86 
  0  83   1  95   2  99   3  94   4  76   5  18   6  75   7  14   8  49   9  98  10  12  11  68  12  21  13  37  14  96  15  65  16   8  17  59  18  12  19  32 
  0  80   1  32   2  48   3  81   4  31   5  67   6  45   7  39   8  97   9  35  10  90  11  17  12  89  13  37  14  65  15  77  16  89  17  24  18  50  19  24 
  0  98   1   7   2  24   3  62   4  29   5  61   6   8   7  91   8  55   9  78  10  60  11  12  12  50  13  24  14  37  15  26  16   3  17  48  18  98  19  72 
  0  90   1  66   2  22   3  57   4  93   5  40   6  50   7  91   8  58   9  17  10  25  11  22  12  35  13  63  14  18  15  92  16  34  17  33  18  63  19  32 
  0   7   1  12   2  85   3  73   4  24   5  44   6  84   7  49   8   6   9  88  10  98  11  43  12  58  13  64  14   6  15  91  16  39  17  36  18  82  19  55 
  0  10   1  35   2  38   3  64   4  78   5  81   6  98   7  88   8  11   9  40  10  69  11  52  12  87  13  24  14  74  15  21  16  48  17  20  18  12  19  34 
  0  33   1  24   2  24   3  69   4  28   5  96   6  25   7  60   8  61   9  37  10   3  11  65  12  44  13  66  14  63  15  97  16  28  17  57  18  18  19  61 
  0  56   1  64   2  80   3  56   4  64   5  70   6  38   7  82   8  57   9  90  10  25  11  85  12  67  13  15  14  53  15  72  16  69  17  81  18  47  19  16 
  0  77   1  75   2  89   3  96   4  70   5  83   6  20   7  61   8  73   9  88  10  30  11  24  12  93  13  20  14  85  15  29  16  49  17  68  18  29  19  67 
  0  67   1  36   2  68   3  35   4  46   5  70   6  92   7  38   8  26   9  19  10  75  11  74  12  78  13  63  14  90  15  13  16  35  17  87  18  65  19  37 
  0  79   1  21   2  35   3  37   4  78   5  57   6  74   7  27   8  91   9  52  10   7  11  84  12  62  13  12  14  31  15  57  16  70  17  46  18  79  19  17 
  0   7   1  91   2  61   3  63   4  78   5  76   6   1   7  84   8  19   9  27  10  29  11  52  12  38  13  30  14   4  15  27  16  46  17   4  18  89  19  88 
  0  88   1  31   2  71   3  94   4  51   5  88   6  85   7  84   8  75   9  14  10  99  11  16  12  25  13  65  14  92  15  24  16  42  17  34  18  78  19  69 
  0  88   1  23   2  50   3  93   4   1   5  54   6  54   7  20   8  48   9  16  10  87  11  86  12  21  13  65  14  89  15  30  16  54  17  43  18  55  19  16 
  0  29   1  94   2  69   3  67   4   5   5  39   6  82   7  92   8  45   9  27  10  43  11  69  12  82  13  60  14  96  15  26  16  70  17  17  18  84  19  59 
  0  69   1  48   2  32   3  43   4  96   5  51   6  47   7  93   8  46   9  77  10  43  11  24  12  55  13  96  14  89  15  15  16  18  17  82  18  32  19  41 
  0  51   1   8   2  47   3  52   4  80   5  21   6  35   7  92   8  34   9  16  10  41  11  99  12  54  13   6  14  69  15  20  16  98  17  44  18  49  19  81 
  0  24   1  92   2  34   3  22   4  42   5  69   6  10   7  73   8  95   9  74  10  46  11  21  12  58  13   4  14   5  15  38  16  13  17  87  18  38  19  67 
  0  97   1  26   2  14   3  89   4  73   5  74   6  86   7  25   8  22   9  52  10  97  11  54  12  92  13  48  14  16  15  52  16  75  17  98  18  90  19  79 
  0  89   1  80   2  91   3  49   4  31   5  72   6  27   7  62   8  86   9  18  10  68  11  44  12  22  13   3  14  43  15  80  16  26  17  12  18  16  19  53 
  0  65   1  22   2  64   3  98   4  77   5   3   6  95   7  32   8  52   9  64  10  81  11  71  12  57  13  29  14  81  15  57  16  71  17   5  18  96  19  69 
  0  38   1  66   2  96   3  25   4  54   5  94   6  57   7   6   8  51   9  25  10  91  11  53  12  81  13  33  14  78  15  15  16  94  17  84  18  18  19  82 
  0  65   1  47   2  54   3  76   4  29   5  26   6  64   7  85   8  46   9   7  10  42  11   4  12  24  13  60  14  82  15  47  16   4  17  40  18  33  19  26 
  0  95   1  84   2  72   3  44   4  81   5  29   6  10   7  73   8  28   9  89  10  75  11  56  12   4  13  39  14  55  15  85  16  13  17  65  18  22  19  26 
  0  75   1   5   2  11   3  28   4  55   5  63   6  22   7  40   8  25   9  50  10  96  11  94  12  92  13  30  14  11  15  89  16   4  17  55  18  74  19  34 
  0  25   1  46   2  25   3  93   4   5   5   2   6   5   7  16   8  10   9  59  10  52  11  18  12  54  13  50  14  56  15  87  16  55  17  88  18   9  19  30 
  0   3   1  59   2  75   3  37   4  18   5  68   6  35   7  99   8  58   9  19  10  23  11  64  12  51  13  33  14  93  15  81  16  49  17  62  18  60  19  65 
  0  29   1  24   2  62   3  40   4  17   5  35   6  26   7  15   8  80   9   4  10  40  11  20  12  56  13   3  14   6  15  43  16   8  17  45  18  57  19  16 
  0  44   1   3   2  87   3  14   4  14   5  59   6  91   7  99   8  56   9   6  10  52  11  80  12   8  13  63  14  25  15  13  16  21  17  47  18  96  19  71 
  0   4   1  74   2  25   3  46   4  99   5  42   6  75   7  79   8  97   9  26  10  78  11  78  12  30  13  29  14  87  15  36  16  20  17  64  18  37  19  48 
  0  11   1  75   2  62   3  35   4  33   5  97   6  95   7  47   8  76   9  50  10  19  11  60  12  58  13  59  14  52  15  58  16  19  17  61  18  62  19  67 
  0  72   1  22   2  19   3  45   4  54   5  72   6  82   7  85   8  86   9  75  10  74  11  26  12  67  13  94  14  77  15  90  16  53  17  26  18  54  19  79 
  0  92   1  71   2  40   3   5   4  28   5  79   6  99   7  46   8  95   9  19  10  61  11  87  12  79  13  51  14  68  15  48  16  43  17  74  18  32  19  94 
  0  84   1  31   2  54   3  46   4  16   5  66   6   8   7   9   8  81   9  22  10  48  11  14  12  61  13  63  14  21  15  61  16  14  17  95  18  38  19  82 

Taillard LB      : 26982
Proportionate LB : 18602
Lower bound: 26982

Random seed: 1002
