
500  20

  0  46   1   7   2  90   3  90   4  68   5  53   6   9   7  90   8  31   9   1  10  57  11  81  12  68  13  60  14  82  15  39  16  44  17  94  18  55  19  43 
  0  89   1  38   2  91   3  28   4  28   5  89   6  96   7  40   8   5   9  72  10  38  11  39  12  60  13  33  14  81  15  75  16  19  17  62  18  50  19  26 
  0  86   1  33   2  70   3  80   4  98   5   9   6   9   7  65   8  66   9  19  10  52  11  15  12  97  13  45  14   3  15  17  16  68  17  41  18  47  19  74 
  0  50   1  58   2  93   3   1   4  82   5  92   6  78   7  45   8  13   9   4  10  20  11  95  12  51  13  38  14  27  15  80  16  27  17   2  18  59  19  13 
  0  49   1   9   2  55   3  41   4  99   5  85   6  95   7  14   8  14   9  35  10  11  11  70  12  71  13  92  14  15  15  18  16  91  17  25  18  56  19  49 
  0  38   1  31   2  10   3  24   4  91   5  92   6  35   7  53   8  15   9  95  10  27  11  80  12  46  13  85  14  68  15  52  16  83  17  78  18  44  19  78 
  0  62   1  87   2  85   3  86   4   3   5  63   6  48   7  39   8   6   9  62  10  87  11  92  12  40  13  32  14   9  15  43  16  84  17   6  18  31  19  17 
  0   6   1  97   2  62   3  53   4  64   5  97   6  26   7  36   8  21   9   7  10  98  11  92  12  80  13   2  14  47  15  65  16  57  17  29  18  79  19  86 
  0  24   1  63   2  60   3  94   4  71   5  68   6  14   7  79   8   7   9  57  10  21  11  35  12  90  13  30  14  90  15  13  16   9  17  55  18  81  19   9 
  0  19   1  82   2  55   3  45   4   2   5  63   6  61   7  33   8  93   9   1  10  30  11  38  12  72  13  85  14  30  15  25  16  57  17  30  18  69  19  56 
  0   6   1  80   2  35   3  76   4  51   5  49   6  47   7  69   8  25   9  88  10  13  11  31  12  75  13  74  14   1  15  32  16  60  17  74  18  97  19   5 
  0  78   1  57   2  30   3  83   4  62   5  56   6   5   7  82   8  42   9  40  10  59  11  27  12  75  13   1  14  65  15  51  16  27  17  65  18  81  19  70 
  0  81   1  39   2  38   3  56   4  42   5  98   6  80   7  18   8  32   9  42  10  30  11  55  12  30  13  50  14  52  15  26  16  92  17  45  18  47  19  56 
  0  83   1  42   2   2   3  88   4  29   5  61   6  71   7  73   8  50   9  69  10   7  11  94  12  15  13  87  14  42  15  76  16  46  17  96  18  89  19  53 
  0  41   1   7   2  42   3  49   4  81   5  94   6  12   7  25   8  73   9  50  10  18  11  91  12  22  13   9  14  13  15  92  16  55  17  63  18  52  19   1 
  0  84   1  70   2   5   3  40   4  32   5  93   6  84   7  54   8  31   9  13  10  22  11  11  12  10  13  39  14  78  15   3  16  57  17  24  18  12  19  37 
  0  75   1  92   2  79   3  23   4   6   5   4   6  18   7  15   8  70   9  99  10  86  11  47  12  45  13  27  14   7  15  63  16  54  17  42  18  45  19  10 
  0  10   1   6   2  16   3  85   4  29   5   7   6  17   7  39   8  57   9  65  10  76  11  91  12  43  13  60  14  43  15  13  16  34  17  14  18  85  19  63 
  0  31   1   7   2  73   3  67   4  93   5  90   6  21   7  54   8  22   9  41  10  32  11  20  12  83  13  73  14  83  15  40  16  82  17  77  18  51  19  57 
  0  41   1  72   2  37   3  50   4  14   5   1   6  45   7  40   8  47   9  28  10  13  11  64  12  79  13  27  14  30  15  10  16  41  17  90  18  39  19  28 
  0  58   1  81   2  50   3  58   4  55   5  94   6  28   7  21   8  87   9  77  10  64  11  29  12  83  13  20  14  78  15  58  16  65  17  87  18  14  19  94 
  0  10   1  35   2  85   3  60   4  72   5  89   6  88   7   8   8  30   9   6  10  57  11  22  12  22  13  67  14   2  15  53  16  32  17  78  18  75  19  69 
  0  95   1  81   2   7   3  21   4  14   5  61   6  92   7  68   8  36   9  34  10  46  11  19  12  55  13   1  14   7  15  42  16  87  17  70  18  88  19   6 
  0   9   1  89   2  43   3  71   4  63   5  56   6  17   7  74   8  48   9  54  10  61  11  23  12  17  13   7  14  54  15   7  16   2  17  73  18  43  19  91 
  0  62   1   3   2   6   3  56   4  43   5   9   6  11   7  34   8  33   9  42  10  23  11  14  12  87  13   5  14  34  15  50  16  59  17  12  18  98  19  67 
  0  61   1   2   2  47   3  39   4   3   5  85   6  89   7  70   8  19   9  26  10  18  11   8  12  27  13  10  14  98  15  58  16  61  17  35  18  73  19  24 
  0  50   1  36   2  38   3  26   4  68   5  70   6  72   7  33   8  70   9  80  10   3  11  48  12  93  13  11  14   9  15   7  16  96  17  16  18  61  19  19 
  0  91   1   6   2  68   3  18   4  70   5  37   6  50   7  52   8  12   9  25  10  94  11  16  12  80  13   7  14  60  15  16  16  54  17   5  18  40  19  93 
  0  10   1  48   2  45   3  68   4  55   5  95   6  66   7  30   8  98   9  46  10  99  11  62  12  49  13  60  14  33  15  75  16  81  17  14  18  46  19   9 
  0  69   1  78   2  72   3  78   4  95   5   3   6  87   7  94   8  78   9  41  10  94  11  90  12  36  13  64  14  52  15  90  16  52  17  26  18  87  19   8 
  0  53   1  58   2  65   3  93   4  40   5  67   6  67   7  93   8  25   9  96  10  96  11  39  12  93  13  38  14  53  15  41  16  52  17  83  18  62  19  31 
  0  29   1  13   2  44   3  17   4  60   5  62   6  71   7  15   8  57   9  80  10  88  11  44  12  57  13  56  14  88  15   6  16  67  17  27  18  44  19  84 
  0  79   1  31   2  53   3  35   4  10   5  19   6  14   7  96   8  37   9  15  10  76  11  31  12  38  13  26  14   5  15  37  16  32  17  95  18  40  19  61 
  0  24   1  60   2  37   3  57   4  80   5  95   6  96   7  65   8  73   9  76  10  20  11  22  12  47  13  20  14  10  15  41  16  68  17  41  18  30  19  14 
  0  53   1  74   2  32   3  71   4  28   5  44   6  42   7  62   8  69   9  42  10  12  11  63  12  97  13  32  14  86  15  97  16  31  17  32  18  25  19  37 
  0   7   1  82   2  24   3  57   4  53   5  77   6  13   7  60   8  25   9   8  10  66  11  96  12  42  13  38  14   2  15  62  16  13  17  48  18  53  19   2 
  0  70   1  71   2  77   3   8   4  70   5  21   6  23   7   5   8  37   9   8  10  47  11  83  12  15  13  73  14  16  15  17  16  47  17   6  18  61  19  83 
  0  97   1   3   2  62   3  48   4  14   5  17   6   7   7  17   8  43   9  31  10  87  11  13  12  53  13   7  14  36  15  81  16  57  17  41  18  90  19  55 
  0  89   1  21   2  33   3  61   4  60   5  12   6  38   7  44   8  12   9  52  10  18  11  15  12  21  13   6  14  91  15  99  16  70  17   6  18   4  19  47 
  0  77   1  33   2  99   3  16   4  90   5  85   6  51   7  96   8  69   9  92  10  30  11   1  12  99  13   1  14  11  15  57  16   1  17  95  18  76  19  75 
  0  43   1  92   2  54   3  51   4  19   5  21   6  62   7   8   8  42   9  67  10   2  11  28  12  86  13  63  14   8  15  23  16  33  17   7  18  38  19  99 
  0  72   1  47   2  42   3  14   4  32   5  80   6  87   7  80   8  74   9  88  10  51  11  21  12  24  13  61  14  84  15  70  16  75  17  14  18  13  19  14 
  0  63   1  15   2  58   3  31   4  87   5  35   6  24   7  39   8  70   9  12  10  56  11  24  12  59  13  84  14  92  15  24  16  89  17  50  18   5  19  45 
  0   8   1  85   2  10   3  36   4  52   5  71   6  47   7  69   8  33   9  34  10  38  11  64  12  87  13  42  14  56  15  24  16  93  17  50  18  88  19  45 
  0  20   1  52   2  35   3   2   4   1   5  78   6  82   7  74   8  63   9  31  10  13  11  46  12  24  13  16  14  59  15  77  16  50  17  12  18  11  19  26 
  0   6   1  54   2  75   3  59   4  45   5  54   6  49   7  24   8  29   9  28  10  20  11  45  12  48  13  93  14  28  15   7  16  69  17  75  18   2  19  31 
  0  90   1  81   2   2   3  28   4  67   5  70   6  14   7  69   8  23   9  77  10  45  11  33  12  47  13   8  14  76  15  32  16  18  17  11  18  66  19   8 
  0  62   1  98   2  93   3  12   4  14   5  85   6  23   7  91   8  15   9  25  10  59  11  90  12  50  13  96  14  77  15  65  16  15  17  33  18  58  19  24 
  0  47   1  55   2  29   3  66   4  91   5  70   6  99   7  90   8  71   9  75  10  56  11  89  12  83  13  65  14  59  15  10  16  13  17  12  18  27  19  68 
  0  86   1  45   2  97   3  60   4  61   5  39   6  33   7   9   8  57   9  44  10  55  11  61  12  97  13  27  14  36  15  65  16  19  17  74  18  86  19  56 
  0   8   1  69   2  17   3  74   4  93   5  70   6  68   7  40   8  73   9  90  10  50  11  46  12  54  13  28  14  65  15  56  16  81  17  87  18  85  19  89 
  0  44   1  78   2  16   3  77   4  48   5  35   6  30   7  76   8  90   9  57  10  62  11  36  12  77  13  86  14  68  15  29  16  69  17  90  18  41  19  98 
  0  83   1  79   2  93   3  68   4  66   5  65   6  23   7   6   8  31   9  59  10   3  11  97  12  13  13  32  14  61  15  64  16  89  17  65  18   5  19  42 
  0  78   1  84   2   6   3  61   4  63   5  87   6  96   7  35   8  70   9  56  10   9  11  57  12  76  13   6  14  82  15   3  16   2  17  17  18  27  19  35 
  0  67   1  62   2  95   3  16   4  83   5  93   6  98   7  52   8  41   9  55  10  58  11  98  12  63  13  71  14  69  15  79  16  46  17   8  18  55  19  67 
  0  92   1  28   2  74   3   5   4  73   5  17   6  31   7  57   8  60   9  69  10  34  11  44  12  49  13  45  14   4  15  67  16  17  17  31  18  26  19  93 
  0  94   1  26   2  77   3  19   4  96   5  52   6  31   7  40   8  52   9  20  10  79  11  25  12  61  13  29  14   9  15  91  16  22  17  88  18  24  19  24 
  0  57   1  50   2  86   3  16   4  14   5  77   6  38   7  70   8  83   9  39  10  30  11  93  12  98  13  46  14  46  15  65  16  11  17  71  18  21  19   4 
  0  98   1  13   2  41   3  41   4  88   5  57   6  39   7  43   8  97   9  28  10  74  11  24  12  71  13  63  14  70  15  10  16  69  17   7  18  80  19  88 
  0  98   1  67   2   6   3  88   4  29   5  51   6  47   7  19   8  75   9  12  10  59  11  70  12  43  13  97  14  39  15  57  16  32  17  43  18  85  19  57 
  0   6   1  53   2  94   3  49   4  48   5  75   6  59   7  12   8  60   9  10  10  16  11  46  12  61  13   3  14  84  15   7  16  24  17  69  18  36  19  38 
  0  90   1  68   2  40   3  32   4  45   5  78   6  25   7  53   8  23   9  81  10  14  11  11  12  81  13  47  14  15  15  90  16   1  17   5  18  22  19  92 
  0  27   1  79   2  37   3  21   4  46   5  28   6  64   7  39   8  19   9  78  10  26  11  17  12  71  13  52  14  98  15  83  16   6  17  55  18   7  19  95 
  0  55   1  70   2  48   3  54   4  83   5  55   6  72   7  79   8  74   9  11  10  51  11  40  12  17  13  47  14  17  15  89  16  94  17  99  18  61  19  28 
  0  44   1  90   2  59   3  23   4  79   5   9   6  68   7  25   8  11   9  77  10  30  11  91  12  87  13   9  14  85  15   5  16   4  17  81  18  21  19  75 
  0   1   1  63   2  14   3  85   4  64   5  39   6  20   7  50   8  27   9  32  10  75  11  85  12  37  13  57  14  50  15  79  16  82  17  49  18  23  19  29 
  0  37   1  13   2  23   3  48   4  35   5  19   6  92   7  95   8  83   9  55  10  12  11  70  12  72  13  64  14   2  15  65  16  81  17  83  18  65  19  84 
  0  40   1  50   2  38   3  20   4  99   5  45   6  83   7  65   8  69   9  10  10  48  11  86  12  46  13  97  14  18  15  78  16  75  17  28  18  23  19  82 
  0  27   1  69   2  59   3  94   4  67   5  13   6  20   7  61   8  90   9   9  10  87  11  16  12  69  13   4  14  65  15  70  16  98  17   9  18  26  19  28 
  0  21   1  46   2  53   3  12   4  91   5  94   6  43   7  98   8  54   9  47  10  62  11  29  12  31  13  80  14  31  15  14  16  59  17   7  18  27  19  58 
  0  83   1  54   2  42   3  56   4  59   5  77   6  70   7  77   8  87   9  83  10  46  11  10  12  15  13  36  14  82  15  26  16  36  17  32  18  55  19  29 
  0   3   1  51   2  24   3  96   4  81   5   9   6   5   7  13   8  79   9  69  10  21  11   5  12  73  13  54  14  53  15  97  16  55  17  63  18  37  19  74 
  0  22   1  50   2  91   3  56   4  59   5  58   6  85   7  50   8  85   9  74  10  62  11   4  12   4  13  87  14  88  15   4  16  16  17  10  18  36  19  83 
  0  46   1  57   2  70   3   7   4  50   5  11   6  18   7  59   8  72   9  25  10  10  11  94  12  23  13  40  14   4  15   5  16   9  17   4  18  36  19  13 
  0  69   1  98   2  31   3   7   4  92   5  51   6  29   7  76   8  85   9  20  10  53  11  45  12  29  13  17  14  26  15  17  16  70  17  15  18  25  19  24 
  0  57   1  50   2  41   3  46   4  33   5  54   6  97   7  39   8  97   9  62  10  12  11  95  12  60  13  91  14  33  15  77  16  40  17  47  18   9  19  59 
  0  44   1  92   2  61   3  50   4  34   5  26   6  13   7  85   8  23   9  64  10  18  11   9  12  95  13  85  14  26  15  43  16  91  17  29  18  15  19  74 
  0  84   1  78   2  62   3  17   4  76   5  59   6  21   7  51   8  90   9  73  10  32  11  89  12   2  13  35  14  55  15  80  16  58  17  92  18   5  19  31 
  0  60   1  25   2  63   3  13   4   2   5  68   6   4   7  86   8  63   9  31  10  71  11  11  12  77  13  67  14  47  15  86  16  31  17  29  18  35  19   7 
  0  61   1  98   2  71   3  78   4  46   5  41   6  25   7  69   8  27   9  10  10  56  11  66  12  35  13  55  14  37  15  10  16  62  17  52  18  82  19  30 
  0  25   1  34   2  30   3  33   4  53   5  14   6  58   7  25   8  85   9  87  10  48  11  74  12  38  13   2  14  96  15  54  16  28  17  25  18  79  19  90 
  0  97   1  17   2  30   3  37   4  36   5  63   6  65   7  63   8  18   9  71  10  31  11  95  12  75  13  75  14  23  15   1  16   6  17   9  18  47  19  35 
  0  28   1  14   2  49   3  42   4  76   5  34   6  32   7  41   8  17   9  27  10  51  11  52  12  56  13  73  14  80  15  54  16  65  17  61  18  11  19  27 
  0  33   1  22   2  12   3  49   4  67   5  78   6  26   7  61   8  24   9  63  10  83  11  17  12  46  13  82  14   9  15  88  16  19  17  42  18  86  19  59 
  0  95   1  97   2  24   3  36   4  99   5  20   6  37   7  68   8  10   9  99  10  47  11  48  12  55  13  34  14  48  15  30  16  58  17  40  18  88  19   5 
  0  38   1  43   2   3   3  30   4  48   5  46   6  90   7  64   8   6   9  80  10  11  11  58  12  97  13   6  14  82  15   1  16  50  17  98  18   6  19  21 
  0  49   1  67   2   4   3  75   4  24   5  92   6  92   7  25   8  25   9  60  10  44  11  37  12  10  13  32  14   6  15  22  16  58  17   1  18  48  19  80 
  0  45   1  35   2  63   3  14   4  10   5  85   6  97   7  86   8  83   9  62  10  31  11  95  12  26  13  97  14   2  15  97  16  93  17  29  18  31  19  44 
  0  79   1  25   2  26   3  62   4  87   5  67   6  59   7  64   8  59   9  84  10  46  11   2  12  14  13  60  14  85  15  88  16  76  17  50  18  95  19  57 
  0  82   1  25   2  14   3  80   4  58   5  39   6   5   7  44   8  33   9  33  10  75  11  65  12  79  13   3  14  59  15  75  16  67  17  62  18  15  19  97 
  0  47   1  92   2  30   3  27   4  65   5  11   6  48   7   4   8   9   9  10  10  44  11  57  12   7  13  16  14  56  15   6  16  18  17  37  18  97  19  44 
  0  47   1  52   2  27   3  13   4  17   5   4   6  15   7  56   8   4   9   5  10  62  11  54  12  90  13  46  14   6  15   5  16  51  17  47  18  89  19   1 
  0  86   1  23   2   6   3  67   4  27   5   5   6   6   7  23   8  37   9  61  10  41  11  53  12  11  13  17  14  62  15  24  16  60  17  67  18  30  19  67 
  0  25   1  62   2  60   3  26   4  65   5  55   6  63   7  64   8  84   9  83  10  23  11  58  12  93  13  57  14  41  15  86  16  30  17  58  18  60  19  53 
  0  90   1  18   2  71   3  53   4  14   5  71   6  98   7  14   8  25   9  67  10  61  11  60  12  66  13  47  14   8  15  62  16  39  17  33  18  79  19  56 
  0  96   1  53   2  42   3  16   4  38   5   5   6  71   7  90   8  14   9   9  10  13  11  61  12  83  13  17  14  33  15  16  16  96  17  11  18   7  19   1 
  0  40   1  74   2  24   3  43   4  69   5  90   6  16   7  82   8  93   9  48  10  73  11  69  12  25  13  34  14   2  15  60  16  94  17  67  18  24  19   7 
  0  21   1  70   2  30   3   4   4  12   5  52   6  46   7  96   8  23   9   9  10  76  11  13  12  31  13  51  14  75  15  75  16  18  17  24  18   9  19  95 
  0  30   1  19   2  54   3  80   4  49   5   5   6  31   7  32   8  23   9  29  10  43  11  98  12  54  13  50  14  63  15  38  16  39  17  66  18  75  19  58 
  0   7   1  66   2  13   3  25   4  97   5  52   6  40   7  46   8  63   9  91  10  42  11   1  12  46  13  60  14  77  15  51  16  43  17  38  18  15  19  50 
  0  20   1  71   2  53   3  23   4  65   5  57   6  43   7   7   8  62   9  86  10  22  11  16  12  66  13   2  14   3  15  77  16  84  17  92  18  95  19  47 
  0  23   1  39   2   2   3  11   4  64   5  18   6  16   7  84   8  23   9  14  10  66  11  99  12  20  13  48  14  58  15   1  16  55  17  44  18  81  19  68 
  0  58   1  44   2  20   3  11   4  38   5  42   6  93   7   9   8  41   9  90  10  42  11  47  12  94  13   9  14  34  15  32  16  31  17  38  18  16  19  91 
  0  79   1  17   2  51   3  61   4  90   5  83   6  89   7  24   8  10   9  25  10  29  11  10  12  51  13  57  14   4  15   1  16  18  17  43  18  27  19  80 
  0  65   1  93   2  15   3  81   4  31   5   4   6  68   7  42   8  55   9   2  10  11  11  23  12  47  13  51  14   8  15  47  16   3  17  81  18   6  19  51 
  0   3   1  65   2  27   3  53   4  92   5  66   6  58   7   1   8  47   9   6  10  50  11  77  12  35  13   8  14  63  15  70  16  21  17  56  18  69  19  85 
  0  29   1   6   2  69   3  21   4  33   5  50   6  22   7  77   8  61   9  28  10  51  11  75  12  89  13   4  14  89  15  92  16  57  17  12  18  98  19  67 
  0  19   1  99   2  72   3  39   4  94   5  27   6  24   7  37   8  67   9  68  10  90  11  35  12  23  13  32  14  48  15  74  16  19  17  64  18  49  19  93 
  0  96   1  61   2  42   3  99   4  91   5   7   6  96   7  62   8  86   9  88  10  10  11  27  12   7  13  71  14  67  15  12  16  33  17  35  18  23  19  39 
  0   5   1  59   2   8   3  35   4  66   5  62   6  62   7  57   8  73   9  75  10  61  11  13  12  34  13  49  14  59  15  93  16  74  17  84  18  15  19  44 
  0  53   1  41   2  75   3  48   4  68   5  12   6  15   7  94   8  96   9   2  10  45  11  79  12  45  13  68  14  51  15  57  16  20  17  23  18  97  19  62 
  0  47   1  10   2   9   3  52   4   7   5  71   6  73   7  15   8  22   9  11  10  98  11  76  12  11  13  59  14  87  15  69  16  48  17  41  18  37  19  87 
  0  97   1  61   2  61   3  95   4  24   5  38   6  25   7  21   8  74   9  11  10  73  11  76  12  31  13  18  14  64  15  35  16  12  17  85  18  44  19  34 
  0  23   1  55   2   7   3  78   4  92   5  92   6   7   7  84   8  34   9  16  10  27  11  54  12  80  13  77  14  83  15  87  16  60  17  51  18  13  19  74 
  0  93   1   2   2  96   3   6   4  66   5   8   6  21   7  58   8  28   9  49  10  34  11  53  12  31  13  18  14  81  15  62  16  50  17  31  18  88  19  21 
  0  88   1   5   2  31   3  12   4  48   5  78   6  20   7  17   8  34   9  85  10  91  11  77  12  10  13  75  14  55  15  64  16  69  17  77  18  35  19  55 
  0  24   1  24   2  82   3  77   4   6   5   5   6  22   7  23   8  11   9  11  10  40  11  61  12  38  13  86  14  18  15  26  16  32  17  80  18  89  19  18 
  0  71   1  15   2  78   3  91   4  87   5  70   6  31   7  39   8  78   9  75  10  15  11  20  12  15  13  30  14  43  15  59  16  44  17  31  18  52  19  52 
  0  34   1  78   2  15   3  93   4  41   5   9   6  71   7  38   8  76   9  57  10  10  11  16  12  64  13  46  14  10  15  53  16  60  17  39  18  85  19  62 
  0  63   1  22   2  42   3  95   4  73   5  13   6  77   7  89   8  24   9  81  10  11  11  17  12  36  13  41  14   5  15  55  16   3  17  49  18  62  19  91 
  0  51   1   8   2  33   3  59   4  51   5   1   6  32   7  89   8  42   9  25  10  79  11  35  12  90  13  38  14  18  15  71  16  29  17  87  18  20  19  52 
  0   3   1  63   2  33   3  49   4  10   5   5   6  69   7  32   8  83   9  14  10  85  11  43  12  16  13  50  14  27  15  10  16  60  17  90  18  76  19  31 
  0  20   1  48   2  41   3  51   4  87   5  29   6  19   7  30   8   4   9  53  10  48  11  49  12  55  13  83  14   3  15   7  16  57  17  39  18  73  19  46 
  0   7   1  44   2  44   3  84   4  85   5  20   6  36   7  68   8  78   9  65  10  76  11  12  12   4  13  76  14  86  15  74  16  98  17  83  18  13  19  12 
  0  79   1  86   2  29   3   1   4  65   5  35   6  67   7  85   8  99   9  34  10  29  11  69  12  94  13  16  14  14  15  22  16  86  17  51  18  94  19  84 
  0  46   1  45   2  58   3  40   4  45   5  36   6  53   7  34   8  41   9  39  10  14  11  11  12  14  13  22  14  26  15  37  16  89  17  11  18   4  19  74 
  0  59   1  73   2   3   3  60   4  96   5   2   6  97   7   2   8   1   9  44  10  22  11  42  12  39  13  59  14  18  15  75  16  20  17  60  18  25  19  30 
  0  17   1  65   2  41   3  93   4  58   5  58   6  16   7  90   8  38   9  73  10  31  11  82  12   4  13   1  14  62  15   4  16  30  17  65  18  38  19  95 
  0  76   1  88   2  88   3  20   4  35   5  26   6  49   7  53   8  62   9  76  10  90  11  39  12  58  13  55  14  10  15   5  16  14  17  19  18  53  19  25 
  0  20   1  70   2  88   3  32   4   3   5  72   6  21   7  35   8   4   9   1  10  24  11  16  12  75  13  18  14  13  15  38  16  64  17  62  18  22  19  64 
  0  62   1  29   2  83   3  80   4  21   5  20   6  18   7  14   8  40   9  20  10  36  11  46  12  51  13  25  14  78  15  59  16  52  17  15  18  42  19  63 
  0  39   1  63   2  21   3  89   4  26   5  78   6  56   7  39   8  68   9  19  10  16  11  57  12   2  13   7  14  91  15  81  16  57  17  50  18  49  19   8 
  0  12   1  41   2  29   3  33   4  17   5  57   6  59   7  28   8  79   9   2  10  14  11  73  12  67  13  15  14  67  15  39  16  78  17  59  18  54  19  99 
  0  52   1  24   2  90   3  55   4   8   5  98   6  24   7  59   8  95   9  79  10   1  11  30  12  95  13  77  14  14  15  81  16  59  17  27  18  84  19  80 
  0  44   1  68   2  68   3  57   4  86   5  73   6  62   7  20   8  73   9  79  10  73  11  15  12  25  13  85  14  71  15  13  16  82  17  60  18  46  19  95 
  0  24   1  48   2   5   3  22   4  19   5  42   6   6   7  73   8  21   9  89  10  54  11  65  12  21  13  93  14  39  15  61  16  72  17  34  18  56  19  67 
  0  57   1  59   2  38   3  97   4  98   5  32   6  69   7  56   8  78   9  68  10  41  11  32  12  24  13  67  14  75  15  43  16  82  17  11  18  79  19  95 
  0  30   1  78   2  21   3  63   4  78   5   2   6  62   7   6   8  30   9  58  10  39  11  53  12  75  13  39  14  68  15  20  16  91  17  79  18  65  19  36 
  0  49   1  43   2  33   3  62   4  22   5  90   6  27   7   2   8  22   9  97  10  98  11  75  12  42  13  80  14  72  15  36  16  96  17  24  18  87  19  43 
  0  24   1  58   2  23   3  80   4  37   5  68   6  46   7  19   8  26   9  90  10  79  11  13  12  48  13  46  14  12  15  58  16  46  17  70  18  40  19  50 
  0  10   1  99   2  21   3   6   4  66   5  16   6  31   7  47   8  24   9  97  10  56  11  13  12  89  13  42  14  24  15  45  16  59  17  34  18  84  19  16 
  0   4   1  35   2  31   3  13   4  51   5  12   6  58   7  80   8  91   9  45  10  20  11  49  12  31  13  55  14  34  15  97  16  64  17  73  18  14  19  53 
  0  19   1  44   2   9   3  82   4  39   5  12   6  10   7  24   8  87   9  88  10  13  11  79  12   2  13  34  14  52  15  12  16  72  17   3  18  82  19  34 
  0  19   1  61   2  55   3  69   4  24   5  59   6  47   7  91   8   6   9  62  10  18  11  16  12  36  13  40  14  62  15  49  16  18  17  74  18  39  19  85 
  0  63   1  12   2  61   3  61   4  82   5  15   6  97   7  45   8  69   9  68  10   5  11  37  12  70  13  55  14  20  15  90  16  18  17   4  18  89  19  28 
  0  81   1  33   2  91   3  66   4  39   5  83   6   8   7  75   8   8   9  29  10  68  11  97  12  22  13  67  14  31  15  50  16  26  17  86  18  15  19  44 
  0  85   1  81   2  77   3  22   4  99   5  11   6  43   7  94   8  58   9  14  10  92  11  86  12  45  13  57  14  32  15  75  16  51  17  12  18  76  19  86 
  0  89   1  33   2  96   3  91   4  28   5  92   6  25   7  94   8  44   9  45  10  23  11  27  12  41  13   8  14  94  15   9  16  80  17  90  18  24  19  46 
  0  93   1  86   2  21   3  69   4  44   5  49   6  38   7  89   8  42   9  85  10  17  11  74  12  24  13  57  14  59  15  80  16  50  17  40  18  54  19  52 
  0  28   1   9   2  10   3  83   4  65   5  16   6  32   7   3   8  60   9  33  10  60  11  97  12  41  13  81  14  72  15  62  16   9  17  75  18  17  19  10 
  0  82   1  50   2  37   3  55   4  36   5  19   6  78   7  85   8  52   9  31  10  30  11  76  12  87  13  48  14  87  15  15  16  23  17  53  18  98  19   7 
  0  91   1  36   2  94   3  41   4  30   5   4   6  17   7   4   8  44   9  63  10  43  11  85  12  80  13  56  14  59  15  99  16  92  17  26  18  19  19   6 
  0  16   1   2   2  52   3   7   4  60   5  78   6  92   7  57   8  24   9  85  10  29  11  51  12  48  13  47  14  69  15  92  16  65  17  37  18  62  19  60 
  0  48   1  79   2  83   3  80   4  82   5  46   6  37   7  43   8  65   9  49  10  26  11  13  12  28  13  22  14  24  15  80  16  42  17  68  18  26  19  26 
  0  67   1  22   2  66   3  67   4  42   5  28   6  64   7  56   8  25   9  66  10  66  11  16  12  18  13  42  14  50  15  12  16  93  17  29  18  27  19  57 
  0  60   1  41   2  72   3  53   4  49   5  86   6  69   7  47   8  53   9  36  10  46  11  12  12  51  13  61  14  23  15  49  16  74  17  31  18  74  19  73 
  0  81   1  56   2  52   3   3   4  41   5  78   6  78   7  70   8   7   9  12  10  62  11  11  12  97  13  39  14  79  15  10  16  55  17  52  18  82  19  55 
  0  98   1  41   2  22   3  66   4  41   5   7   6  58   7  65   8  40   9  70  10  55  11  67  12   8  13  65  14  50  15  28  16  49  17  30  18  67  19  90 
  0  69   1  87   2  89   3  92   4  51   5  32   6  66   7  68   8  74   9  60  10   8  11  81  12   2  13  61  14  84  15  62  16  36  17  38  18  63  19  71 
  0  58   1  53   2  82   3  76   4  80   5  85   6  79   7  93   8   7   9  68  10  59  11  15  12  91  13  38  14  86  15  67  16  98  17  73  18  56  19  67 
  0  76   1  25   2  11   3  22   4   4   5  14   6  58   7  97   8   9   9  22  10   8  11  57  12  35  13  55  14  36  15  83  16  89  17  14  18  40  19  18 
  0   4   1  34   2  75   3  74   4  32   5  33   6  18   7  18   8  69   9  78  10   4  11  84  12  93  13  16  14  59  15  47  16  91  17  62  18  15  19  33 
  0  67   1  35   2   4   3  10   4  60   5   3   6  75   7  39   8  85   9  21  10  77  11  93  12  20  13  97  14  49  15  33  16  69  17  78  18  86  19  82 
  0  57   1  95   2  24   3   2   4  81   5  18   6  97   7  97   8  88   9  18  10   3  11  84  12  24  13  64  14   8  15  92  16  97  17  69  18   7  19  72 
  0  98   1  33   2  42   3  65   4  45   5  21   6  76   7  11   8  31   9  32  10  43  11  65  12  77  13  54  14  67  15  33  16  34  17  21  18  93  19  44 
  0  48   1  69   2  78   3  19   4   4   5  78   6  34   7   4   8  49   9  65  10  26  11  13  12  63  13  29  14  52  15  65  16  29  17  28  18  28  19  71 
  0   2   1  29   2  60   3  47   4  96   5  67   6  22   7   4   8  43   9  63  10  36  11  79  12  32  13  23  14  82  15  44  16  38  17  60  18  98  19  33 
  0  12   1  75   2  52   3  98   4  84   5  70   6  68   7  60   8  93   9   4  10  78  11  18  12  58  13  95  14  10  15  44  16  55  17  95  18  39  19  90 
  0  19   1  69   2  55   3  75   4  76   5  46   6  65   7  46   8  18   9  29  10  97  11  42  12  14  13   4  14  81  15  93  16  32  17  25  18  40  19  55 
  0  11   1  56   2  54   3  78   4   3   5  41   6  71   7  16   8  10   9  76  10  43  11  40  12  22  13  27  14  74  15  24  16   9  17  12  18  53  19  26 
  0  84   1  21   2  79   3  96   4  49   5  34   6  72   7   1   8  80   9  37  10  19  11  97  12  63  13  46  14  93  15  23  16  94  17  68  18  78  19  41 
  0  82   1  77   2  64   3  59   4  69   5  41   6  28   7  50   8   3   9  26  10  22  11  55  12  99  13  69  14  65  15  75  16  53  17  56  18  24  19   8 
  0  34   1  12   2  85   3   2   4  18   5  14   6  80   7  26   8  13   9   7  10  40  11  49  12  53  13  98  14  27  15  34  16  63  17  81  18   1  19  37 
  0  56   1  48   2  72   3  35   4  59   5  23   6  78   7  57   8   3   9  53  10  99  11  84  12  38  13  70  14   5  15  28  16  75  17  34  18  87  19  42 
  0  89   1  52   2  34   3  69   4  52   5  47   6  27   7  93   8  14   9  57  10  84  11  37  12  23  13  59  14  40  15  35  16  93  17  31  18  76  19   5 
  0  83   1  96   2  58   3  37   4  42   5  45   6  85   7  95   8  47   9  85  10  84  11  17  12  48  13  86  14   9  15  96  16   8  17  22  18  18  19  15 
  0   6   1  68   2  81   3  37   4  11   5  53   6  65   7  89   8   7   9   5  10  69  11   5  12  66  13  55  14  51  15  33  16  58  17  60  18  74  19  26 
  0  63   1  69   2  70   3  24   4  97   5  95   6  93   7  78   8  84   9  76  10  75  11  87  12  67  13  90  14  92  15  34  16  93  17  79  18  31  19  28 
  0  49   1  86   2  80   3  61   4  80   5   4   6  29   7  16   8  85   9  77  10  98  11  10  12  56  13  48  14  32  15  25  16  54  17  59  18  32  19  22 
  0  97   1  93   2  28   3  55   4  33   5  35   6  14   7  32   8  92   9  35  10   8  11  49  12  27  13  62  14  49  15  86  16   8  17  26  18  68  19  79 
  0  47   1  98   2  23   3  71   4  23   5  27   6  62   7  75   8  31   9  38  10  91  11   3  12   5  13  34  14  19  15  35  16  87  17  35  18  93  19  78 
  0  61   1  21   2  69   3  74   4  88   5  10   6  37   7  11   8  95   9  93  10  34  11  59  12  61  13  15  14  45  15  44  16  81  17  33  18  40  19  95 
  0  20   1  46   2  91   3  76   4   1   5  10   6  66   7  56   8  97   9  94  10  30  11  53  12  20  13   6  14  84  15  58  16  47  17  46  18  46  19  84 
  0  21   1  51   2  24   3  36   4  93   5  24   6  97   7  84   8  32   9  46  10  78  11  11  12  21  13   7  14  33  15  58  16  46  17   7  18   8  19  52 
  0  75   1   8   2  78   3  60   4  81   5  61   6  23   7  60   8  96   9  25  10  97  11  21  12  32  13  30  14  62  15  11  16  83  17  89  18  93  19  62 
  0  35   1  67   2  45   3  76   4  76   5   6   6   5   7  65   8  45   9  12  10  57  11  31  12  24  13   3  14  31  15  18  16  84  17  85  18  72  19  66 
  0  29   1  85   2  13   3  40   4  41   5  92   6  87   7  30   8  26   9  59  10  40  11  87  12  58  13  49  14  32  15  34  16  57  17  57  18  52  19   4 
  0  87   1  90   2  98   3  39   4  18   5  18   6  68   7  63   8  70   9  90  10  18  11  36  12  76  13  23  14  50  15  92  16   2  17  65  18  88  19  97 
  0  88   1  97   2  32   3  23   4  74   5  15   6  96   7  85   8  19   9   2  10  66  11  49  12  67  13   5  14  63  15  22  16  77  17  25  18  62  19  51 
  0  56   1  26   2  90   3  24   4  51   5  56   6  18   7  60   8  37   9   8  10  55  11  63  12  85  13  11  14   5  15  30  16  36  17  70  18  36  19  75 
  0  50   1  55   2  73   3   5   4  80   5  13   6  13   7  13   8  17   9  92  10  31  11  79  12  18  13  25  14  87  15  93  16  45  17  61  18  62  19  79 
  0  60   1  94   2  89   3  33   4  31   5  27   6  58   7  63   8  11   9  76  10  99  11  24  12   6  13  15  14  39  15  21  16  22  17  53  18  79  19  86 
  0  29   1  38   2  22   3  67   4  43   5  86   6  88   7  69   8  65   9  18  10  26  11  77  12  10  13  75  14   3  15  94  16  98  17  28  18  36  19  57 
  0  14   1  17   2  63   3  78   4  84   5  59   6  29   7  96   8  11   9  34  10  34  11  55  12  72  13  73  14   2  15  42  16  88  17  67  18  76  19  27 
  0  48   1  15   2   2   3  25   4  98   5  79   6  87   7  47   8  13   9  92  10  28  11  24  12  29  13   3  14  13  15  58  16  95  17  40  18  78  19  39 
  0   3   1  45   2  78   3   9   4  27   5  89   6  34   7  75   8  74   9  92  10  91  11  11  12  56  13  38  14  17  15  25  16  82  17  96  18  72  19  79 
  0  17   1  72   2  80   3  34   4  46   5  11   6  80   7  93   8  44   9  11  10  96  11  58  12   1  13  44  14  33  15  38  16  42  17  64  18  24  19  51 
  0  41   1  12   2  84   3  75   4  15   5   5   6  31   7  50   8  92   9  91  10  98  11  88  12  51  13  94  14  34  15  93  16  17  17   6  18   4  19  63 
  0  47   1  58   2  68   3  18   4  11   5  59   6  59   7  46   8  53   9  54  10  58  11  51  12  30  13  54  14  24  15  28  16   2  17  98  18  13  19  36 
  0  80   1   2   2  53   3  58   4  39   5  46   6  14   7  61   8  28   9  51  10  45  11  63  12  74  13  54  14   8  15  90  16  55  17  40  18  57  19  92 
  0  13   1  64   2  17   3  14   4  44   5  49   6  60   7  79   8  14   9  74  10  25  11  75  12  75  13  19  14  90  15  25  16  64  17  33  18   1  19  55 
  0   6   1  59   2  77   3  91   4  18   5  36   6  68   7  67   8  77   9  16  10  12  11  59  12  16  13  23  14  27  15  97  16  48  17  90  18  52  19  56 
  0  10   1  58   2   9   3  25   4  68   5  91   6  29   7  37   8  87   9  99  10  51  11  71  12   8  13  85  14  23  15  66  16  32  17  12  18   1  19  22 
  0  23   1   2   2   1   3  22   4  11   5  40   6   5   7  86   8  15   9  13  10  65  11  80  12  85  13  33  14  26  15  43  16  10  17  83  18   6  19  43 
  0  34   1  40   2  39   3  83   4  37   5  51   6  16   7   4   8  19   9  32  10  14  11   8  12  56  13  74  14  48  15  21  16  37  17  21  18   9  19  99 
  0  19   1  28   2  79   3  50   4  60   5  34   6   7   7  40   8  56   9  43  10  92  11  95  12  47  13  15  14   2  15  20  16  12  17  82  18  61  19  87 
  0   4   1  79   2  11   3  15   4  19   5  19   6  11   7  11   8  36   9  92  10  99  11  96  12   2  13   9  14  84  15  40  16  61  17  92  18  73  19  50 
  0  16   1  48   2  27   3  62   4  15   5  52   6  97   7  13   8  91   9  15  10  47  11  73  12  11  13  13  14   6  15   3  16  94  17  23  18  48  19  59 
  0  92   1  87   2  99   3  69   4  35   5  85   6  62   7  68   8  11   9  72  10  50  11  94  12  23  13  20  14  80  15  27  16  62  17  22  18   9  19  82 
  0  75   1  97   2  47   3  94   4  64   5  16   6  27   7  56   8  34   9  33  10  80  11  38  12  34  13  97  14  18  15  40  16  57  17  59  18  37  19   9 
  0  70   1  72   2   7   3  50   4  67   5  10   6  93   7  75   8  53   9  17  10  49  11  82  12  43  13  61  14   5  15  41  16  12  17  30  18  62  19  90 
  0  12   1  88   2  80   3   7   4  96   5  38   6  34   7  64   8   1   9  71  10  30  11  49  12  15  13  48  14  47  15  94  16  63  17  69  18   4  19  42 
  0  85   1  31   2  29   3  66   4  52   5  62   6  82   7  46   8  13   9  27  10  51  11  52  12  96  13  12  14  20  15  91  16   2  17  57  18  78  19  29 
  0  35   1  85   2  19   3  93   4  24   5   1   6  54   7  97   8  68   9  92  10  58  11  56  12  59  13  25  14  59  15  41  16   9  17  46  18  14  19   3 
  0  65   1  93   2  77   3  89   4  34   5  22   6  84   7  81   8   2   9  12  10  69  11  29  12  32  13  10  14  22  15  41  16  77  17  29  18  99  19  77 
  0  33   1  65   2  21   3  89   4  18   5  54   6  37   7  40   8  33   9   4  10  72  11  17  12  35  13  41  14  25  15  25  16  14  17  47  18  89  19  95 
  0  48   1  69   2  88   3  33   4  90   5  57   6  28   7  38   8  29   9  53  10  47  11   4  12  98  13  24  14  28  15  88  16  57  17  17  18  65  19  62 
  0  90   1  35   2  95   3  49   4  40   5  56   6  68   7  14   8  16   9  54  10  35  11  57  12  49  13  98  14  71  15   9  16  53  17  70  18  23  19  98 
  0  23   1  39   2  83   3  10   4  43   5  73   6  85   7  35   8  26   9  68  10   4  11  59  12  88  13  66  14  70  15   3  16  48  17  40  18  71  19  31 
  0  24   1  80   2  10   3  55   4   5   5  75   6   2   7  56   8  45   9  38  10  30  11  58  12   7  13  53  14  18  15  26  16  31  17  82  18  68  19  94 
  0  66   1  44   2  36   3  10   4  23   5  79   6  66   7   8   8  99   9  70  10  73  11  88  12  29  13  26  14  33  15  97  16   3  17  59  18  44  19  23 
  0  57   1  74   2  58   3  23   4   7   5   4   6  41   7  89   8  19   9  46  10  86  11   6  12  64  13  42  14  44  15  15  16  73  17  51  18  43  19   4 
  0  65   1   9   2  94   3  61   4   8   5  19   6  89   7  28   8  46   9  46  10   5  11  56  12  61  13  26  14  67  15  74  16  19  17  46  18  53  19  38 
  0  42   1  68   2  63   3  86   4  92   5  78   6  19   7  47   8  78   9  35  10  21  11  19  12  25  13   9  14  56  15  22  16  14  17  22  18  25  19  95 
  0  37   1  87   2  54   3  33   4  46   5  63   6  25   7  64   8  17   9  50  10   7  11   4  12  90  13  52  14  15  15  95  16  14  17   5  18  18  19  54 
  0  35   1  39   2  62   3  77   4   5   5  21   6   6   7  47   8   5   9  43  10  92  11   8  12  59  13  41  14  18  15  14  16  36  17  66  18  59  19   8 
  0  82   1  26   2  10   3  99   4  73   5  45   6  28   7  38   8  66   9  73  10  34  11  39  12  81  13  15  14   4  15  35  16  61  17  54  18  55  19  14 
  0  95   1  14   2  14   3   9   4  89   5  66   6   5   7  73   8  72   9  92  10  66  11  65  12  67  13  98  14  99  15   1  16   3  17  11  18  58  19  11 
  0   5   1  42   2  53   3  71   4  67   5  72   6  81   7  42   8  82   9   3  10  99  11  27  12  90  13  10  14  39  15  43  16   8  17  30  18  62  19  87 
  0  94   1  93   2  43   3  26   4  83   5  96   6  84   7  89   8   2   9  60  10  46  11  66  12  75  13  67  14  75  15  30  16  85  17  25  18  65  19  14 
  0  25   1  58   2  73   3   1   4  55   5  32   6  67   7  65   8   3   9  63  10  34  11  95  12  66  13  35  14   4  15  52  16  34  17  75  18  97  19  31 
  0  75   1  77   2  13   3  72   4  74   5  72   6  25   7  99   8  22   9   3  10  54  11  19  12   7  13  23  14   3  15  50  16  16  17   9  18  69  19  91 
  0  17   1   7   2  37   3   1   4  31   5  10   6  90   7  88   8  46   9  52  10  19  11  85  12  53  13  38  14  49  15  42  16  24  17  15  18  98  19  96 
  0  50   1  30   2  45   3  11   4  18   5  62   6  86   7  35   8  42   9  44  10  92  11  38  12  69  13  90  14  81  15  80  16  36  17  12  18  84  19  45 
  0  29   1  21   2  90   3  66   4  98   5  89   6  20   7  64   8  36   9  61  10  23  11  82  12  87  13  18  14  23  15  64  16  76  17  21  18  62  19  10 
  0   5   1  82   2  93   3  81   4  34   5  87   6  36   7  62   8   2   9  58  10  44  11  99  12  69  13  98  14  97  15  64  16  41  17  59  18  60  19  90 
  0  15   1   6   2  19   3  50   4   9   5  42   6  59   7  89   8  45   9  83  10  80  11  48  12  40  13  13  14  18  15  68  16  88  17  47  18  69  19  90 
  0  94   1  39   2  95   3  92   4  39   5  60   6  89   7   8   8  45   9   3  10   3  11  46  12  67  13  18  14  37  15   2  16  88  17  28  18  49  19  86 
  0  26   1  66   2  21   3  21   4  47   5  87   6  77   7  43   8  19   9  26  10  47  11  73  12  12  13  30  14  74  15  67  16  55  17  64  18  38  19  41 
  0  67   1  48   2  82   3  83   4  69   5  29   6  77   7  29   8  90   9  44  10  57  11  18  12  40  13  57  14   4  15  15  16  42  17  79  18  28  19  19 
  0  80   1  69   2  25   3  81   4  58   5  44   6  73   7  11   8  14   9  22  10  98  11  60  12  66  13   9  14  98  15  84  16  94  17  73  18  14  19   6 
  0  80   1  26   2  57   3  79   4  75   5  53   6  11   7  66   8  62   9   3  10  53  11  87  12  98  13   1  14   5  15  29  16  59  17  64  18  38  19  37 
  0  30   1  92   2  54   3  20   4  68   5  13   6  92   7  49   8  32   9  61  10  90  11  68  12  99  13  98  14  44  15  91  16  80  17  18  18  32  19  41 
  0  71   1  11   2  25   3  23   4   4   5  17   6  55   7  14   8  88   9  74  10  73  11  33  12  34  13   5  14  85  15  67  16  85  17  72  18   7  19  96 
  0  99   1  88   2  68   3  97   4  17   5  26   6  57   7  85   8  95   9  12  10  51  11   3  12  42  13  21  14  46  15  98  16  62  17  78  18  68  19  74 
  0  11   1  69   2  90   3  39   4  84   5  90   6  64   7   3   8  34   9  36  10   8  11  87  12  23  13  72  14  86  15  98  16  56  17  30  18  45  19  49 
  0  68   1  81   2  40   3  43   4  60   5  77   6  70   7  10   8  42   9  12  10  91  11  79  12  93  13  87  14   4  15  87  16  88  17  31  18  63  19  17 
  0  90   1  19   2  98   3  92   4  15   5  48   6  22   7  85   8  45   9   6  10  54  11  31  12  94  13  65  14   3  15  77  16  39  17  75  18  36  19  81 
  0  66   1   8   2  80   3  58   4  37   5  47   6  70   7  81   8  16   9  10  10  62  11  68  12  25  13  18  14  76  15  31  16  20  17   9  18  74  19  91 
  0  60   1  85   2  17   3  80   4  40   5  30   6  48   7  19   8  88   9  92  10   6  11  21  12  45  13  68  14  62  15  36  16  63  17  99  18  55  19  10 
  0  88   1  49   2  13   3   9   4  49   5  69   6  97   7  25   8  88   9  64  10  24  11  64  12  77  13  10  14  29  15  16  16  55  17  46  18  72  19  25 
  0  76   1  28   2  51   3  75   4   8   5  77   6  73   7  65   8  73   9  19  10   9  11  35  12  77  13  52  14  81  15  95  16  16  17   4  18  27  19  93 
  0  43   1  77   2  31   3  84   4   3   5  39   6   6   7  97   8  50   9   1  10  12  11  14  12  71  13  94  14  79  15  90  16   5  17  13  18  26  19  30 
  0  41   1  88   2  56   3  61   4  80   5  92   6  11   7  93   8  21   9  42  10  79  11  34  12  31  13  28  14  56  15  57  16  31  17  65  18  44  19  64 
  0  65   1  10   2  39   3  93   4  65   5   2   6  22   7  10   8   6   9   5  10  71  11  32  12  92  13  77  14  43  15   1  16  66  17  53  18  78  19  32 
  0  27   1  37   2  72   3  72   4   1   5  31   6  79   7  56   8  78   9  32  10  43  11  99  12  67  13   9  14  11  15  60  16  20  17  35  18  15  19  35 
  0  33   1  81   2  10   3  38   4  16   5  76   6  44   7  50   8  34   9  53  10  78  11  75  12  43  13  78  14  33  15   8  16  46  17  35  18  43  19  93 
  0  70   1  39   2  97   3  13   4  71   5  94   6  70   7  82   8  66   9  90  10  62  11  74  12  87  13  40  14  59  15  72  16  68  17  91  18  66  19  48 
  0  28   1  39   2  46   3  75   4  72   5  52   6  33   7  31   8  80   9  50  10  56  11  28  12   5  13  61  14  75  15   1  16  38  17  88  18  11  19  17 
  0  88   1  55   2  67   3  77   4  76   5  48   6  13   7  20   8  44   9  68  10  87  11  71  12  83  13  24  14  18  15  45  16  16  17  60  18  90  19  51 
  0  51   1  49   2  86   3  69   4  64   5  54   6  53   7  82   8  10   9  33  10  72  11  71  12  95  13  49  14  66  15  24  16  75  17  91  18  67  19  80 
  0  21   1  54   2  59   3  54   4  19   5  96   6  45   7  74   8  45   9  21  10  63  11  24  12  75  13  31  14  36  15  11  16  19  17  26  18  52  19  96 
  0  31   1  56   2  78   3   7   4  88   5   4   6  48   7  64   8  72   9  48  10  47  11  29  12  98  13  96  14  74  15  24  16  73  17  32  18  22  19  56 
  0  35   1  36   2  47   3   3   4  66   5  95   6  40   7  32   8  99   9  20  10  45  11  87  12  97  13  57  14  93  15  78  16  88  17   5  18  84  19  94 
  0  97   1  98   2  49   3  88   4  29   5  12   6  44   7  38   8  17   9  26  10  45  11  74  12  55  13  92  14  90  15  23  16  16  17  99  18  24  19  46 
  0  35   1  15   2  98   3  67   4  14   5  86   6  61   7  46   8  92   9  97  10  89  11  64  12  12  13  16  14  60  15   5  16  88  17  47  18  16  19  77 
  0   5   1  92   2  37   3  63   4  17   5  19   6  25   7  68   8  48   9  30  10  99  11  79  12  32  13  28  14   8  15  64  16   5  17  62  18   6  19  29 
  0  63   1  88   2  17   3   4   4  55   5  14   6  44   7  67   8  64   9  60  10  32  11  48  12  74  13  86  14  29  15  21  16  39  17  79  18  67  19   8 
  0  54   1   8   2  48   3  56   4  29   5  58   6  35   7  96   8  23   9  99  10  65  11   3  12  81  13  56  14  77  15   2  16  78  17  98  18  58  19  11 
  0  82   1  99   2  10   3  48   4  40   5  22   6  93   7  63   8  11   9  82  10   4  11  89  12  89  13   8  14  76  15  73  16  14  17   6  18  42  19  14 
  0  18   1  20   2  22   3  24   4  93   5  93   6  68   7  80   8  51   9  69  10  83  11  40  12   9  13   2  14  33  15  82  16  69  17  83  18  98  19  69 
  0  58   1  68   2  35   3  84   4  87   5  75   6  27   7  67   8  67   9  45  10  38  11  51  12  57  13  84  14  31  15  68  16  77  17  58  18  83  19  80 
  0  10   1  90   2  56   3  40   4   3   5  69   6  90   7  82   8  45   9  76  10  73  11  27  12  31  13  17  14  88  15   7  16  96  17  14  18   7  19  77 
  0   2   1  28   2  75   3  77   4  47   5  62   6  98   7  21   8  94   9  37  10  39  11  22  12  60  13  16  14  83  15  66  16  53  17  14  18  76  19  11 
  0   3   1  17   2  95   3  43   4  92   5  41   6  23   7  83   8  71   9  11  10  47  11  89  12  44  13  24  14  65  15  57  16  65  17   6  18  29  19  37 
  0  31   1  66   2  69   3  36   4  37   5  38   6  38   7  15   8  45   9  12  10  16  11  14  12  15  13   3  14  64  15  60  16  48  17  99  18  82  19  47 
  0  35   1  29   2  95   3  99   4  83   5  89   6  15   7  69   8  39   9  38  10  94  11  81  12  97  13  96  14   1  15   2  16  93  17  83  18  46  19  34 
  0  42   1  96   2  96   3  21   4  38   5   9   6  46   7  97   8  17   9  77  10   2  11  58  12  40  13  38  14  98  15  23  16  54  17  93  18  12  19  45 
  0  13   1  55   2  15   3  11   4  91   5  24   6  57   7  24   8  17   9  57  10  41  11  38  12  58  13  36  14  18  15  30  16  81  17  17  18  35  19   4 
  0  33   1  34   2  12   3  61   4  18   5  41   6  21   7  40   8  46   9  68  10  29  11  95  12  35  13  59  14  37  15  24  16  83  17  40  18  49  19  88 
  0  40   1  69   2  47   3  32   4  32   5  29   6  91   7  37   8  61   9  14  10  76  11  12  12  48  13  17  14  58  15  62  16  76  17  12  18  86  19  85 
  0  17   1  13   2   6   3  77   4  86   5  41   6   8   7  90   8  12   9  58  10  18  11  13  12  68  13  32  14  68  15  78  16  76  17  80  18  98  19  69 
  0  12   1  30   2  99   3  85   4  32   5  41   6  63   7  35   8  69   9  64  10  45  11  62  12  12  13  80  14  31  15  46  16  41  17  53  18   6  19  25 
  0  76   1  38   2  88   3  10   4  34   5  75   6  37   7  61   8  59   9  95  10  67  11   9  12  53  13  65  14  54  15  60  16   7  17  23  18  85  19  76 
  0  46   1  27   2  79   3  64   4  36   5   6   6  60   7  98   8  79   9  50  10  83  11  22  12  86  13  18  14  66  15  64  16  14  17  86  18  49  19  39 
  0  41   1  89   2  78   3  93   4  79   5  16   6  24   7  17   8  67   9  17  10  65  11  12  12  42  13  83  14  26  15  80  16   6  17  64  18  70  19  51 
  0  93   1  11   2  49   3  25   4   2   5   4   6  76   7  62   8  11   9  14  10  59  11   2  12  78  13  82  14  60  15  67  16  13  17  73  18  23  19  85 
  0  22   1  14   2  57   3  74   4  22   5  83   6  98   7  60   8  14   9  77  10  64  11  66  12  25  13  26  14  24  15  61  16  96  17  99  18  41  19  45 
  0  12   1  85   2  35   3  28   4  88   5  26   6  45   7  27   8  63   9  53  10  73  11  25  12  69  13  61  14  80  15  52  16  80  17  13  18  13  19  23 
  0  16   1  49   2  10   3   4   4  76   5  78   6   1   7  60   8  63   9  42  10  88  11  99  12   7  13  86  14   2  15  90  16  56  17  73  18  95  19   2 
  0  83   1  56   2  37   3  67   4  81   5  41   6   9   7  37   8  65   9  40  10  47  11  71  12  46  13  96  14  98  15   9  16  48  17  83  18  34  19   5 
  0  85   1  12   2  19   3  48   4   5   5  79   6  84   7  21   8  15   9   8  10  53  11  98  12  82  13  39  14   2  15  82  16  58  17  81  18  58  19  22 
  0  96   1  94   2  28   3  24   4  63   5  47   6  58   7  16   8  35   9  79  10  24  11  30  12  61  13  74  14  49  15  72  16  79  17  31  18  14  19  24 
  0  24   1  92   2  19   3  79   4  62   5  38   6  76   7  57   8  98   9  91  10  55  11  29  12  96  13  18  14  69  15  19  16  32  17  38  18   3  19  24 
  0  35   1  53   2  85   3  30   4  41   5  52   6  41   7  64   8  81   9  33  10   5  11  73  12  49  13  15  14  34  15  20  16  59  17  78  18  64  19  62 
  0  94   1  44   2  16   3  48   4  83   5  95   6  65   7  15   8  60   9  61  10  95  11  54  12  44  13  61  14  94  15  59  16  43  17  56  18  32  19   3 
  0  16   1  99   2  65   3   4   4  40   5  98   6  82   7   3   8  49   9  18  10  43  11  50  12  89  13  97  14  20  15  85  16  80  17  14  18  22  19  37 
  0  88   1  45   2  33   3  86   4  90   5  86   6  18   7  34   8  96   9  28  10  69  11  75  12   5  13  72  14  92  15  14  16  38  17  36  18  99  19  47 
  0  33   1  62   2  78   3  65   4  79   5  88   6   3   7  19   8  98   9  87  10  13  11  15  12  94  13  18  14  88  15  81  16  33  17  22  18  89  19   7 
  0  12   1  89   2  93   3  25   4  22   5  80   6  68   7  16   8  73   9  39  10  72  11  91  12  62  13  45  14  57  15  82  16  73  17  85  18  21  19  23 
  0  21   1  87   2  96   3  22   4  35   5  12   6  35   7  38   8  76   9  86  10  42  11  88  12  44  13  98  14  67  15  34  16  77  17  21  18  31  19  66 
  0  21   1  65   2  93   3  42   4  31   5  27   6  74   7  66   8  28   9  82  10  40  11  16  12  26  13   2  14  95  15  72  16  74  17  61  18  95  19  39 
  0  86   1  14   2  62   3  61   4  31   5  14   6  97   7  91   8  75   9  12  10  65  11  53  12  47  13  97  14  46  15  62  16  69  17  93  18  81  19  32 
  0  83   1  58   2  36   3  26   4  97   5  47   6  31   7  57   8  35   9  22  10  26  11  51  12  58  13  53  14  89  15  95  16  20  17  14  18  35  19  73 
  0  41   1  97   2  53   3  17   4  66   5   1   6  98   7   9   8  19   9  57  10  35  11  43  12  70  13  97  14  78  15  32  16  38  17  81  18  38  19  81 
  0  60   1  89   2   8   3  82   4  87   5  17   6  38   7  49   8  21   9  97  10  73  11  74  12  86  13  64  14  54  15  77  16   4  17   3  18  29  19  33 
  0   1   1  58   2  89   3  44   4  25   5  93   6  12   7  65   8  23   9  46  10  75  11  42  12  93  13  95  14  62  15   4  16  98  17  74  18  54  19  26 
  0  73   1  35   2  54   3  60   4  68   5   7   6   6   7  94   8  84   9  25  10  89  11  73  12  27  13  10  14  88  15  82  16  87  17  31  18  70  19  82 
  0  26   1  45   2  65   3  33   4  14   5   6   6  55   7  30   8  61   9  16  10  36  11  25  12  36  13  19  14  85  15  64  16  34  17  63  18  86  19  27 
  0  90   1  97   2  99   3  92   4  99   5  82   6  97   7  31   8  23   9  26  10  71  11  70  12  85  13   6  14  79  15  15  16  56  17  72  18  82  19  52 
  0  80   1  92   2   9   3  50   4  80   5   7   6  11   7  24   8  92   9  91  10  17  11  78  12  35  13   3  14  96  15  31  16  82  17  25  18  75  19  95 
  0  79   1  39   2  80   3  34   4  57   5   4   6  67   7  95   8  73   9  73  10  31  11  49  12  53  13  61  14  68  15   2  16  99  17  58  18  52  19  95 
  0  11   1  95   2  23   3  52   4  76   5  25   6   8   7  35   8  91   9  15  10  16  11  15  12  22  13  65  14  25  15  40  16  26  17  26  18  70  19  79 
  0  97   1  45   2  16   3   3   4  51   5  43   6  37   7  49   8  34   9  31  10  50  11  78  12  15  13  28  14  32  15  17  16  53  17  69  18  56  19   2 
  0  91   1  87   2  39   3  41   4  81   5   7   6  10   7  35   8  24   9  32  10  43  11  77  12  81  13  30  14  51  15  53  16  49  17  38  18  45  19  68 
  0   5   1  33   2  94   3  67   4   6   5  98   6   3   7  97   8  16   9  76  10  61  11  71  12  21  13   1  14   7  15  33  16  71  17  94  18   5  19  46 
  0  82   1  95   2  62   3  69   4  54   5  22   6  89   7  81   8  44   9  47  10  55  11  33  12  51  13  75  14  19  15  41  16  93  17  45  18  98  19  41 
  0  72   1  32   2  46   3  38   4  51   5  61   6  24   7  24   8  41   9  32  10  40  11  17  12  95  13  87  14  73  15   5  16  34  17  88  18  90  19  16 
  0  25   1  38   2   3   3  24   4  85   5  87   6  96   7  41   8  47   9  53  10  29  11  58  12   9  13  32  14  43  15   3  16  16  17  44  18  28  19  85 
  0  95   1   9   2  65   3  22   4  78   5  20   6  65   7  28   8  73   9   3  10  12  11  25  12  95  13  67  14  54  15   6  16  16  17  52  18  48  19  53 
  0  73   1  22   2  36   3  93   4  27   5  93   6   2   7  74   8  69   9  45  10  17  11  89  12  31  13  15  14  39  15  78  16  76  17  71  18  23  19  74 
  0  17   1  89   2  93   3   6   4  43   5  66   6  64   7  25   8  37   9  61  10  81  11  92  12  39  13  64  14  11  15  68  16  15  17  77  18  74  19  46 
  0  22   1  48   2  28   3  91   4  63   5  91   6  94   7  17   8  96   9  93  10  76  11  19  12  13  13  23  14  66  15  49  16  31  17  77  18  33  19  76 
  0  28   1  16   2  56   3  42   4  59   5   6   6  42   7  73   8  52   9  22  10  66  11  37  12  66  13  71  14  67  15  42  16  51  17  74  18  62  19  72 
  0  25   1  71   2   4   3  91   4  76   5  18   6   8   7  85   8  90   9  19  10  58  11  82  12  54  13  78  14  49  15  62  16  25  17  12  18  70  19  15 
  0  91   1  11   2  66   3  86   4  76   5  45   6   3   7   1   8  10   9  94  10  96  11  42  12  38  13  68  14  18  15  12  16  19  17  33  18   5  19  31 
  0  24   1  42   2  70   3  74   4  30   5  10   6  80   7   8   8  91   9   9  10   3  11  66  12  26  13  21  14  45  15  94  16  59  17  60  18  47  19  21 
  0  71   1  55   2  76   3  73   4  47   5  98   6  89   7  33   8  70   9  21  10   7  11   1  12  22  13   7  14  58  15  85  16  32  17  29  18  83  19  22 
  0  86   1  74   2  45   3  27   4   9   5  50   6   1   7  48   8  41   9  85  10  34  11  29  12  60  13   2  14  56  15  72  16  59  17  85  18  96  19   2 
  0  65   1  34   2   3   3  85   4  44   5  58   6  13   7  58   8  79   9  84  10  93  11  98  12  66  13  77  14  92  15  86  16  79  17  32  18  63  19  80 
  0  81   1  74   2  63   3   2   4  50   5  44   6  32   7  49   8  97   9  75  10  85  11  45  12  92  13  18  14  81  15   2  16  34  17  29  18  41  19  68 
  0  77   1  65   2  70   3  15   4  55   5  20   6  35   7  58   8  83   9   5  10  51  11  94  12  66  13  10  14  55  15  71  16  42  17  67  18  25  19  64 
  0  99   1  80   2  46   3  66   4  13   5  79   6  18   7  48   8  27   9  95  10  35  11  95  12  95  13  15  14  25  15  10  16  71  17  15  18  71  19  64 
  0  23   1  56   2  85   3  60   4  11   5  32   6  66   7  60   8  45   9  79  10   2  11  22  12  25  13  77  14  41  15  54  16  72  17   6  18  64  19  63 
  0  55   1  87   2  55   3  77   4  76   5  18   6   6   7  15   8  24   9  59  10  11  11  79  12  56  13  86  14  30  15  15  16  86  17  90  18  25  19  56 
  0  25   1  86   2  40   3  62   4  58   5  55   6  67   7  59   8  19   9  15  10  83  11  88  12  16  13  88  14  50  15  55  16  23  17  59  18  43  19  35 
  0  81   1  13   2  40   3  20   4   6   5   4   6  60   7   5   8  45   9   7  10  65  11  85  12  13  13  83  14  26  15  34  16  30  17  15  18  55  19  21 
  0  33   1  30   2  42   3  30   4  97   5  17   6  90   7  88   8  92   9  77  10  84  11  41  12  23  13  49  14  19  15  90  16  62  17  46  18  69  19   1 
  0  70   1  39   2  29   3   4   4  17   5  33   6  68   7  17   8  44   9   9  10  36  11  49  12  46  13  36  14  72  15  40  16  45  17  80  18  65  19  63 
  0  49   1  59   2  52   3  68   4  83   5  82   6  93   7  82   8  53   9  25  10  62  11   2  12  11  13  46  14  75  15   6  16  56  17   4  18  96  19  99 
  0  97   1  36   2  60   3  67   4  24   5  74   6  48   7  77   8  24   9  13  10   4  11  94  12  44  13   7  14  64  15  43  16  41  17  61  18  28  19  86 
  0  53   1  31   2  13   3  83   4   3   5  75   6  45   7  10   8  56   9   4  10  81  11  90  12  30  13  32  14  71  15  69  16  75  17  91  18  32  19  67 
  0  71   1  98   2  34   3  22   4  56   5  14   6  71   7  38   8  20   9  26  10  91  11  17  12  54  13  91  14  27  15  75  16  20  17  95  18  26  19  53 
  0  81   1  55   2  57   3  79   4   5   5   1   6  57   7  84   8  50   9  89  10  27  11  41  12  17  13  71  14  38  15  78  16  58  17  58  18  97  19  12 
  0  37   1  68   2  80   3  79   4  50   5  50   6   6   7  57   8  66   9  97  10  53  11  89  12  72  13   5  14   8  15  68  16  37  17  13  18  19  19   1 
  0  92   1  70   2  31   3  90   4   8   5  42   6  76   7  62   8  87   9  59  10  80  11  73  12   4  13  63  14  39  15  97  16  32  17  53  18  49  19  72 
  0  74   1  71   2  23   3   1   4  78   5  68   6  21   7  87   8  61   9  42  10  49  11  63  12   5  13  15  14  20  15  62  16   2  17  32  18  78  19  90 
  0  81   1  17   2  18   3  97   4  90   5  53   6  67   7  12   8  65   9  63  10  87  11  16  12  20  13  39  14  65  15  49  16  90  17  22  18  98  19   2 
  0  66   1  96   2  94   3  42   4  81   5  53   6  39   7   9   8  86   9  32  10  95  11  77  12  14  13  87  14  91  15   3  16  21  17  78  18  55  19  41 
  0  76   1   6   2   6   3  37   4  27   5  14   6  81   7  64   8  83   9   3  10  67  11  54  12  94  13  38  14   9  15  30  16  15  17  52  18  32  19  81 
  0  98   1  93   2  89   3  58   4  68   5  28   6  75   7   3   8  40   9  66  10  44  11  31  12  88  13   2  14  75  15  57  16  10  17   6  18  92  19  44 
  0  64   1  23   2  34   3  15   4  86   5  42   6  23   7  25   8  24   9  53  10   6  11   7  12  64  13  37  14  60  15  65  16  66  17   1  18  64  19  62 
  0  88   1  83   2  59   3  82   4  93   5  99   6  49   7  94   8   8   9  16  10  32  11  60  12  17  13  62  14   4  15  76  16   3  17  98  18  59  19  37 
  0  41   1  87   2  99   3  52   4  67   5  99   6  53   7  21   8  32   9  21  10  83  11  51  12   6  13  98  14  92  15  81  16   7  17  32  18  25  19  50 
  0  45   1   3   2  81   3  51   4  29   5  96   6  31   7   5   8  73   9  31  10  26  11  27  12  88  13  12  14  54  15  47  16  82  17  49  18   8  19  71 
  0  79   1  12   2  42   3  89   4  41   5  23   6  21   7  40   8   2   9  80  10  40  11  30  12  78  13  24  14   4  15  76  16  84  17  30  18  31  19  99 
  0  23   1  26   2  49   3  20   4   3   5  82   6  57   7  31   8  51   9  96  10  79  11  92  12  80  13  73  14  39  15  49  16  77  17  88  18  41  19  73 
  0  50   1  89   2  59   3  66   4  80   5  74   6  19   7  65   8   2   9  59  10  18  11  57  12   2  13  11  14  92  15  80  16  51  17  66  18  99  19  86 
  0  47   1  16   2  21   3  46   4  54   5   7   6   4   7   6   8  12   9   2  10  27  11  68  12  92  13  43  14  47  15  36  16  92  17  69  18   8  19  15 
  0   5   1  94   2  91   3  79   4  32   5  81   6  17   7  85   8  95   9  61  10  40  11  17  12  50  13  82  14  89  15  59  16  77  17  67  18  31  19   4 
  0   6   1  37   2  21   3  34   4  64   5  47   6  63   7  77   8  98   9  19  10  13  11  45  12  86  13   4  14   5  15  57  16  13  17  91  18  78  19  17 
  0  13   1  23   2  20   3   1   4  72   5   6   6  98   7  34   8  29   9   9  10  53  11   7  12  49  13   8  14  59  15  57  16  90  17  10  18  21  19  75 
  0  48   1  22   2  10   3  10   4  91   5  80   6  23   7   3   8  92   9  43  10  60  11  35  12   5  13  89  14  28  15  46  16  51  17   7  18  13  19   7 
  0  95   1  79   2  58   3  56   4  92   5  40   6  46   7  77   8  19   9  93  10   3  11  45  12  89  13  51  14  55  15   6  16  83  17  45  18  99  19   3 
  0  27   1  88   2  54   3  36   4  39   5  26   6  51   7  57   8  64   9   9  10  22  11  87  12   1  13  37  14  78  15  20  16  17  17   7  18  26  19  44 
  0  48   1  29   2  96   3  29   4  58   5  82   6  40   7  15   8  31   9  73  10  37  11  74  12  46  13  90  14  24  15  66  16  46  17  84  18   7  19  64 
  0  87   1   4   2  93   3  38   4  46   5  48   6  32   7  59   8   2   9  61  10  84  11   7  12  86  13  38  14  10  15  80  16  37  17  12  18  12  19  70 
  0  46   1   8   2  97   3   9   4   8   5  49   6  83   7   9   8  44   9  23  10  58  11  67  12  37  13   2  14  61  15  11  16  57  17  29  18  61  19  80 
  0  88   1  90   2  58   3  53   4  81   5  19   6  85   7  53   8  59   9  34  10  58  11  69  12  73  13  95  14  30  15  69  16  14  17  87  18   6  19  21 
  0  88   1  31   2  36   3  67   4  97   5  11   6  95   7  11   8  91   9  87  10  99  11  67  12  35  13  96  14  44  15  88  16  90  17  25  18  69  19   8 
  0  94   1  47   2  66   3  59   4  84   5  79   6   7   7  51   8  10   9  55  10  30  11  92  12  81  13  15  14  49  15  51  16  42  17  31  18  20  19   4 
  0  82   1  39   2  67   3  55   4  24   5  94   6  42   7  23   8  64   9  90  10   4  11  99  12  36  13  70  14  54  15  81  16  68  17  47  18  93  19  52 
  0  24   1  68   2  90   3  36   4  70   5  62   6  69   7  97   8   8   9  72  10  18  11  14  12  71  13  41  14  20  15  74  16  98  17   1  18  80  19  89 
  0  87   1  49   2  13   3  80   4  46   5  30   6  74   7  20   8  11   9  39  10  76  11  29  12  97  13  80  14  91  15  24  16  30  17  85  18  33  19  30 
  0  89   1  71   2  36   3  35   4  44   5  76   6  19   7  43   8  69   9  13  10  59  11  90  12  52  13  13  14  41  15  84  16   9  17  50  18  99  19  70 
  0  78   1  35   2  59   3  50   4   5   5  60   6  64   7  14   8  65   9  24  10  99  11   7  12   3  13  20  14  75  15  41  16  36  17  36  18  49  19  19 
  0  69   1  77   2  13   3  60   4  81   5  55   6  12   7   7   8  45   9  97  10  21  11  65  12  65  13  18  14  76  15  34  16  47  17  74  18  16  19  72 
  0  50   1  90   2  31   3  78   4  77   5  88   6  67   7  78   8  64   9   2  10   6  11  84  12  22  13  85  14  57  15  94  16  11  17  88  18  54  19  75 
  0  97   1  78   2  76   3  75   4  18   5  55   6  74   7  13   8  26   9  61  10  87  11  13  12  22  13  24  14   4  15   6  16  58  17  20  18  41  19  85 
  0  47   1  99   2  23   3  17   4  93   5  88   6  97   7  88   8  13   9  76  10  99  11   1  12  18  13  93  14  15  15  70  16  76  17  71  18  22  19  97 
  0  55   1  34   2  40   3   4   4  63   5  96   6   8   7  89   8   7   9  74  10   1  11  16  12  13  13  16  14  12  15  35  16  21  17  31  18  39  19  93 
  0  47   1  48   2  59   3  73   4  93   5  39   6  68   7  90   8  16   9  82  10  26  11  29  12  68  13  44  14  34  15  49  16  73  17  24  18  86  19  18 
  0  14   1  83   2  52   3   1   4  86   5  86   6  56   7  23   8  79   9  26  10  95  11  46  12  39  13  94  14  79  15  78  16  98  17  55  18  51  19  34 
  0  38   1  88   2  16   3  85   4  92   5  44   6  65   7  16   8  82   9  83  10  29  11  87  12  46  13  64  14  33  15  93  16  86  17  78  18  58  19  35 
  0  29   1  37   2  15   3  58   4  53   5  31   6  16   7  72   8  12   9  32  10  35  11  92  12  57  13  93  14  95  15  25  16  66  17  20  18  49  19  46 
  0  16   1  95   2  16   3  19   4  23   5  45   6  47   7  47   8  55   9  95  10  26  11  35  12  77  13  10  14   5  15   1  16  51  17  16  18  68  19  48 
  0  48   1  56   2  25   3  34   4   6   5  26   6  59   7  85   8  48   9  13  10  65  11  30  12  70  13  64  14  90  15  39  16  79  17  65  18  77  19   6 
  0  23   1  23   2  59   3  27   4   4   5   7   6  63   7  78   8   9   9  78  10   9  11  80  12  68  13  96  14  77  15  34  16  74  17  28  18  84  19  31 
  0  62   1  27   2  99   3  23   4  48   5  14   6  91   7  93   8  44   9  39  10  79  11  97  12  79  13  65  14   2  15  43  16  87  17  33  18  20  19  25 
  0  47   1  93   2  86   3  84   4  20   5  37   6   1   7  51   8   1   9  58  10  64  11   3  12  40  13  61  14  21  15  27  16  79  17  37  18  79  19   4 
  0  90   1  87   2   1   3   9   4  14   5  53   6  17   7   6   8  79   9  11  10  45  11  22  12  39  13  25  14  83  15  39  16  75  17  14  18  32  19  83 
  0  48   1  67   2  82   3  37   4   4   5  32   6  51   7  35   8  16   9  25  10  60  11   5  12   4  13  51  14  33  15  82  16   5  17  35  18  99  19  42 
  0  39   1  14   2  46   3  58   4  81   5  52   6  58   7  55   8  72   9  22  10  96  11  92  12  14  13  83  14  16  15  23  16  40  17  75  18  65  19   5 
  0  88   1  53   2  16   3  63   4  67   5  93   6   3   7  89   8  47   9  33  10  43  11   9  12  40  13  39  14  91  15  95  16  12  17  41  18  16  19  48 
  0  11   1   3   2  32   3  49   4  54   5  44   6  57   7  84   8  32   9  48  10  45  11  24  12  89  13  60  14  63  15  74  16  15  17  32  18  70  19  46 
  0  32   1  41   2  77   3  62   4  31   5  57   6  60   7  35   8  18   9  81  10  37  11   1  12  18  13  78  14  88  15  19  16  80  17   1  18   5  19  18 
  0  83   1  63   2  15   3  51   4  68   5  29   6  68   7  27   8  18   9  12  10  11  11  65  12   1  13  55  14  77  15   5  16  65  17  88  18  48  19  63 
  0  46   1   1   2  18   3  64   4  81   5   5   6  71   7  74   8  28   9  69  10  83  11  70  12  52  13   3  14  75  15  14  16  28  17  29  18  19  19  44 
  0  34   1  18   2  33   3   2   4  83   5  99   6  52   7  14   8  28   9  33  10  91  11  52  12  92  13  96  14  15  15  39  16  69  17  45  18  16  19  45 
  0  47   1  23   2  11   3  77   4  49   5  64   6  49   7  19   8   7   9  50  10  44  11   3  12  37  13  83  14  71  15  85  16  53  17  40  18  45  19  41 
  0  25   1  65   2   4   3  97   4  30   5  42   6  16   7  18   8  36   9  60  10   1  11  15  12  17  13  50  14   8  15  53  16  15  17  71  18  58  19  52 
  0  67   1  44   2  93   3  80   4  97   5  50   6  88   7  93   8  18   9  45  10   4  11  28  12  47  13  28  14  79  15   5  16  79  17  66  18  11  19   9 
  0  29   1  91   2  21   3  23   4  53   5   5   6  94   7  18   8  13   9  25  10   9  11  36  12  72  13  81  14  50  15  48  16   6  17  36  18  20  19  80 
  0  43   1  57   2  47   3  80   4   9   5  82   6  76   7   2   8  55   9  20  10  40  11  26  12  85  13  56  14  31  15  63  16  19  17  75  18  31  19  56 
  0  25   1  52   2  84   3  39   4  58   5  84   6  98   7  85   8  58   9  92  10  62  11  85  12  75  13  48  14  40  15   4  16   9  17   1  18  92  19  21 
  0  64   1  35   2  20   3  26   4  95   5  90   6  15   7   1   8  50   9  76  10  82  11  87  12  78  13  96  14  10  15  22  16  46  17  79  18  91  19  35 
  0  51   1  90   2   3   3  72   4  53   5  95   6  55   7  28   8   1   9  72  10  94  11  66  12  54  13  82  14  95  15  40  16  30  17  29  18   7  19  89 
  0  90   1  15   2  46   3  13   4   7   5  61   6  74   7  95   8  86   9   8  10   5  11  87  12   3  13  91  14  48  15  85  16  77  17  76  18  17  19  31 
  0  34   1  47   2  51   3  92   4   8   5  45   6  77   7  12   8  15   9  35  10  80  11  47  12  75  13  27  14  42  15   6  16  64  17  29  18  99  19   5 
  0  41   1  63   2  92   3  47   4  76   5  35   6  87   7  20   8  71   9  92  10  68  11  64  12  45  13  94  14  25  15  46  16  25  17  92  18  34  19  10 
  0  52   1  28   2  45   3  66   4  75   5  95   6  86   7  71   8  16   9  61  10  27  11  47  12  23  13  84  14  65  15  68  16  62  17  86  18  22  19  61 
  0  61   1  63   2  63   3  59   4  94   5  46   6  70   7  12   8  55   9  82  10  72  11   8  12  36  13  25  14   6  15  41  16  57  17  61  18  75  19  97 
  0  31   1  15   2  15   3  95   4  69   5  77   6  95   7  19   8  76   9   8  10  71  11  96  12  25  13  44  14   6  15  51  16  18  17  81  18  90  19  68 
  0  23   1  86   2  19   3  60   4  37   5   5   6  57   7  95   8  62   9  74  10  59  11  66  12  83  13  75  14  25  15  74  16  83  17  47  18  69  19  54 
  0  66   1  98   2  66   3   4   4  33   5  66   6  33   7   4   8  95   9  62  10  23  11  48  12   5  13  17  14   2  15  30  16  36  17  14  18  84  19  43 
  0  13   1   4   2  85   3  16   4  52   5  91   6  48   7  45   8  51   9  83  10  60  11  82  12  22  13  34  14  73  15  92  16  74  17  59  18  20  19  86 
  0  40   1  48   2  38   3  16   4   6   5  98   6  23   7  43   8  27   9  37  10  39  11  62  12  99  13  53  14  95  15  61  16  48  17  20  18  39  19  69 
  0  83   1  26   2  92   3  14   4  27   5  37   6  34   7  18   8  63   9  64  10   9  11  25  12  79  13  99  14  12  15  89  16  37  17  49  18  49  19  81 
  0  11   1   7   2  84   3  60   4  69   5  18   6  87   7  65   8  23   9  90  10  14  11  49  12  94  13  45  14  28  15  41  16  25  17  10  18  69  19   4 
  0  95   1   4   2  54   3  59   4   4   5  61   6  96   7  82   8  88   9  49  10   9  11   3  12  44  13  40  14  37  15  70  16  55  17  99  18   5  19  95 
  0  15   1  25   2  40   3  69   4  15   5  56   6  20   7   5   8  75   9   6  10  61  11  83  12  25  13  20  14  63  15  67  16  88  17  96  18  18  19  42 
  0  36   1  45   2  44   3  84   4  79   5  78   6  16   7  45   8  56   9  52  10  44  11  76  12  37  13  25  14  97  15  60  16  36  17  25  18  63  19  72 
  0  63   1  96   2  95   3  18   4  40   5  16   6  77   7  22   8  40   9   2  10  25  11  46  12   8  13  33  14   2  15  86  16   9  17  21  18  88  19  52 
  0  61   1  15   2  18   3  13   4  67   5  25   6  50   7  63   8  26   9  46  10  11  11  68  12  85  13  49  14  67  15  91  16   7  17   4  18  55  19  53 
  0  37   1  63   2  11   3  93   4  72   5  85   6  31   7  15   8  96   9  62  10  18  11  36  12  14  13  72  14  96  15  15  16  49  17  91  18  59  19  71 
  0  94   1  61   2  67   3  29   4  96   5  81   6  61   7  38   8  40   9  30  10  11  11  17  12  36  13  97  14  36  15  95  16  65  17  21  18  30  19  32 
  0  52   1  45   2  24   3  31   4  18   5  28   6  41   7  75   8  74   9  19  10  98  11  93  12  10  13  87  14  10  15  99  16  23  17  58  18  47  19  92 
  0  51   1  84   2   7   3  64   4  10   5  22   6  78   7  32   8  54   9  23  10   5  11  23  12  60  13  77  14  16  15  24  16  23  17  49  18  46  19  96 
  0  82   1  67   2  30   3  72   4  89   5  48   6  30   7  50   8  23   9  31  10  95  11  24  12  56  13  68  14  42  15  38  16  74  17  53  18  19  19  93 
  0  93   1  47   2  53   3  94   4  51   5   4   6  80   7  17   8  67   9  96  10  89  11  82  12  30  13   7  14  86  15  37  16  61  17  22  18  97  19  68 
  0  49   1  85   2  24   3  97   4  92   5   3   6   7   7  21   8  57   9  64  10  47  11  73  12  18  13  93  14  59  15  30  16  16  17  60  18  22  19  16 
  0  87   1  20   2  81   3  83   4  75   5  69   6  51   7  27   8  85   9  76  10  82  11  79  12  24  13  13  14  63  15  34  16  96  17  19  18  23  19  63 
  0  79   1  19   2  61   3  82   4   6   5  42   6  30   7  34   8  90   9  17  10  87  11   9  12  79  13  24  14  28  15  99  16  33  17  88  18  39  19  60 
  0  19   1  93   2  57   3  99   4   7   5   9   6  21   7  98   8  39   9  79  10  75  11  21  12  59  13  79  14  77  15  28  16  23  17  83  18  23  19  53 
  0  67   1  52   2  53   3  18   4  76   5  67   6  44   7  73   8  26   9  33  10  37  11  25  12  20  13  56  14  17  15  63  16  76  17  58  18  15  19  58 
  0  19   1  26   2  55   3  21   4  13   5  85   6  59   7  59   8  23   9  16  10  54  11  70  12  96  13  71  14  69  15  53  16  76  17  95  18  92  19  57 
  0  56   1  97   2  34   3  27   4  70   5  50   6  76   7  44   8  39   9  53  10  67  11  57  12  44  13  23  14  91  15  55  16  22  17  45  18  75  19  73 
  0  20   1  39   2  54   3  40   4  83   5  74   6  17   7  27   8  75   9  66  10  20  11  94  12  76  13  62  14  72  15  55  16  69  17  18  18  48  19  41 
  0   8   1  37   2  19   3  45   4  21   5  50   6  55   7  46   8  95   9  86  10  59  11   5  12  87  13  91  14  38  15  85  16  38  17  45  18  36  19  10 
  0  21   1  86   2  57   3  24   4   4   5  31   6  59   7  35   8  38   9  81  10  89  11   2  12  56  13   5  14  49  15  60  16  45  17  81  18  70  19  35 
  0  14   1  15   2  84   3  49   4  49   5  34   6  61   7   2   8  46   9   8  10  61  11  37  12  50  13  30  14  71  15  13  16  40  17   3  18  49  19   7 
  0   9   1  35   2  72   3   6   4  89   5  56   6  45   7  68   8  97   9  37  10  18  11  21  12  83  13  53  14  67  15  96  16  93  17  94  18  95  19  55 
  0   3   1  51   2   7   3  60   4  48   5  76   6  14   7  25   8  57   9  38  10  44  11  28  12  50  13  90  14  75  15  94  16   8  17  86  18  28  19  56 
  0  83   1  43   2  59   3  88   4  84   5  93   6  10   7  94   8  70   9  17  10  37  11  87  12  32  13  96  14  34  15  62  16  77  17  31  18  24  19  24 
  0  37   1  10   2  22   3  62   4  96   5  11   6  74   7  72   8  22   9  85  10  55  11  72  12  89  13  63  14   6  15   5  16  65  17  89  18  94  19   3 
  0  17   1  46   2   3   3  35   4  30   5  51   6  79   7  68   8  47   9  18  10  11  11  39  12  72  13  89  14  17  15  97  16  25  17  92  18   8  19  62 
  0  59   1   3   2  25   3  82   4  24   5  51   6  71   7  34   8  39   9  92  10  82  11  84  12  63  13  92  14  31  15  58  16  50  17  10  18  84  19  42 
  0  78   1  65   2  38   3  92   4   5   5  30   6  41   7  63   8  98   9  37  10  76  11  94  12  12  13  57  14  31  15  99  16  85  17  51  18  86  19  83 
  0  43   1  54   2  56   3  77   4  25   5   3   6  56   7  27   8  53   9  11  10  83  11  10  12  63  13   2  14  29  15  69  16  44  17  25  18  42  19  55 
  0  86   1  62   2  61   3  22   4  60   5   8   6  11   7  46   8  41   9  71  10  60  11  93  12  20  13  41  14  69  15  41  16  25  17  78  18  93  19  13 
  0  81   1  30   2  24   3  51   4  50   5  31   6  75   7  71   8  62   9   3  10  64  11  40  12  90  13  63  14  80  15  69  16  94  17  35  18  36  19  59 
  0  73   1  23   2  78   3   1   4  50   5   7   6  33   7  36   8   6   9  93  10  82  11  40  12  44  13   2  14  60  15  22  16  25  17  40  18  36  19  61 
  0  70   1   7   2  46   3  26   4  83   5  12   6   8   7  10   8   5   9  46  10  34  11  36  12  76  13  65  14  89  15  63  16  59  17  92  18  11  19  30 
  0  42   1  63   2  12   3  18   4  57   5  99   6  62   7  91   8  25   9   3  10  71  11  34  12  67  13  13  14  81  15  74  16  18  17   6  18  33  19  14 
  0  96   1  83   2  17   3  47   4  68   5  32   6  96   7   7   8  74   9  44  10  30  11  96  12  88  13  33  14  56  15   5  16  47  17  90  18  92  19  35 
  0   8   1  96   2  15   3  70   4  17   5  21   6  15   7  90   8  89   9  34  10  49  11  38  12  39  13  90  14  15  15  22  16  26  17   6  18  94  19  65 
  0  82   1  10   2  75   3  26   4  49   5  48   6  40   7  67   8  76   9  18  10  12  11  74  12  23  13  38  14   9  15  77  16  13  17  99  18  54  19  55 
  0  29   1  55   2   6   3  33   4  82   5  43   6  27   7  63   8  66   9   6  10  91  11  26  12  54  13  94  14   3  15  96  16  69  17  93  18   6  19  99 
  0  31   1  22   2  61   3  65   4  68   5  50   6  95   7  47   8   8   9  92  10  35  11  76  12  23  13  38  14  50  15  48  16   1  17  52  18  70  19  84 
  0  74   1  94   2  64   3  43   4  21   5  20   6   2   7  97   8  93   9  67  10  62  11  17  12  55  13  96  14  12  15  82  16  84  17  71  18  16  19  71 
  0  20   1  31   2  66   3  37   4  18   5  66   6  54   7  76   8  37   9  77  10  50  11  40  12  40  13  60  14  26  15  78  16  26  17   8  18  52  19  86 
  0  30   1  96   2  55   3  79   4  86   5  24   6  44   7  73   8  24   9  90  10  55  11  53  12  20  13   8  14  62  15   5  16  54  17  11  18  58  19  76 
  0  94   1  21   2   9   3  97   4  81   5  12   6  58   7  97   8  25   9  13  10   8  11  92  12  51  13  48  14  90  15  45  16  34  17  80  18  88  19  47 
  0  72   1  36   2  96   3  83   4   8   5  52   6  36   7  55   8  88   9  27  10  98  11  25  12  95  13  34  14  81  15  21  16  97  17   9  18  78  19  23 
  0   2   1  21   2  80   3  41   4  85   5  22   6  28   7  21   8  34   9  82  10  87  11   6  12  20  13  85  14  18  15  50  16  41  17  32  18  83  19  71 
  0  47   1  90   2  81   3  17   4  97   5  35   6   5   7  23   8  71   9  29  10  66  11  79  12  59  13  71  14  69  15  26  16  57  17  36  18  48  19  38 
  0  17   1   5   2  50   3   6   4  69   5  15   6  69   7  79   8  20   9   3  10  29  11  80  12  27  13  99  14  25  15  54  16  10  17  51  18  78  19  30 
  0  39   1  92   2  75   3  82   4  11   5  39   6  68   7  93   8  44   9   7  10  93  11  45  12  98  13   3  14  33  15  10  16  15  17  19  18  30  19  43 
  0   3   1   5   2  68   3  96   4  51   5  79   6  34   7  86   8  82   9  11  10  16  11  71  12  58  13  12  14  29  15  15  16  91  17  77  18  59  19  75 
  0  47   1  50   2  44   3  59   4  24   5  96   6  92   7  41   8  30   9  40  10  91  11  45  12  62  13  83  14  99  15   6  16  25  17  52  18  39  19  51 
  0  80   1  73   2  11   3  93   4  93   5  45   6  90   7   4   8  90   9  84  10  77  11  71  12  76  13  22  14  74  15   6  16  62  17  22  18  16  19  20 
  0  13   1  74   2   5   3  42   4  15   5  35   6  68   7  53   8  27   9  52  10  45  11  61  12  74  13  76  14  96  15  10  16  86  17  30  18  96  19  88 
  0  21   1  83   2  43   3  13   4  17   5  96   6  53   7  56   8  99   9  75  10   3  11  79  12  67  13  73  14  14  15  41  16  23  17  71  18   9  19  51 
  0  55   1  59   2  92   3  45   4  59   5   2   6  24   7  77   8  60   9  48  10  11  11  31  12  57  13  18  14  86  15  49  16  75  17   3  18  58  19  63 
  0  93   1  94   2  44   3  74   4  92   5  27   6  22   7  96   8  34   9   3  10  52  11  92  12  14  13  67  14  96  15  61  16  48  17  95  18  25  19  32 
  0   9   1  53   2  71   3  99   4  94   5  60   6  52   7  83   8  41   9  22  10  94  11  38  12  24  13  84  14  42  15  65  16  54  17  11  18  77  19  41 
  0  23   1  51   2  98   3  20   4  44   5   8   6  56   7  58   8  18   9  37  10  98  11  93  12  55  13  23  14   2  15  19  16  85  17  20  18   2  19  26 
  0  93   1  56   2  24   3   4   4  28   5  98   6  86   7  32   8  27   9  43  10  25  11  64  12  83  13  80  14  57  15  63  16  60  17  56  18  86  19  31 
  0   6   1  53   2  18   3  50   4  22   5  93   6  81   7  32   8   2   9  75  10  60  11  66  12  37  13  68  14  86  15  19  16  24  17  21  18  55  19  77 
  0  50   1  97   2  51   3  33   4  92   5  79   6  97   7  11   8  81   9  22  10  94  11  77  12  86  13  44  14  78  15  40  16  68  17  33  18   9  19  75 
  0  16   1  62   2  60   3  42   4  87   5  89   6  76   7  44   8  41   9  89  10  36  11  71  12   7  13  19  14  25  15  67  16  44  17  46  18  93  19  43 
  0  84   1  79   2  64   3  86   4  11   5  69   6  72   7  84   8  54   9  83  10  22  11  67  12  28  13  74  14  35  15  67  16  67  17  87  18  95  19  50 
  0  91   1  69   2   2   3   6   4  43   5   8   6   7   7  76   8  28   9  46  10  88  11  60  12  72  13  10  14  45  15  31  16  94  17  58  18  86  19  36 
  0  70   1  27   2  27   3  33   4  10   5  53   6  29   7  72   8  30   9  64  10  26  11  99  12  17  13  94  14  88  15  25  16  96  17  31  18  36  19  54 
  0  82   1  47   2  92   3  85   4  60   5  36   6  90   7  43   8  45   9  28  10  66  11  74  12  89  13  56  14  60  15  13  16  35  17  34  18  95  19  17 
  0  57   1  39   2   2   3  21   4  31   5  79   6  31   7  68   8  49   9  51  10  41  11  99  12  14  13  85  14  81  15  68  16  22  17  70  18  19  19  73 
  0  90   1  60   2  86   3  14   4  10   5  82   6   3   7  97   8  52   9  30  10  71  11  82  12   6  13  56  14  84  15  15  16  44  17  46  18  77  19  73 
  0  18   1  42   2  60   3   9   4   7   5  69   6  77   7  93   8  10   9  98  10  19  11  77  12  62  13  24  14  34  15  68  16  60  17  31  18  95  19  73 
  0  50   1   6   2  31   3  82   4  39   5  69   6  82   7  66   8   2   9  63  10  23  11  20  12  59  13  94  14  77  15  86  16  17  17  52  18  16  19  89 
  0  46   1  92   2  64   3  59   4  78   5  49   6  35   7  20   8  89   9  25  10  28  11  90  12  33  13   4  14  44  15  12  16  52  17  82  18  89  19  35 
  0  50   1  23   2  39   3  19   4  82   5  29   6  63   7  95   8  68   9  67  10  27  11  21  12  24  13  87  14  96  15  64  16  75  17  91  18  72  19  66 
  0  61   1  28   2  91   3  14   4  73   5  92   6  18   7   8   8  21   9  23  10  18  11  37  12  49  13  58  14  10  15   2  16  12  17  50  18  97  19  14 
  0  44   1  26   2  56   3  15   4  30   5  65   6  17   7   4   8  79   9  37  10   1  11  37  12  73  13  14  14  89  15  16  16   4  17  76  18  30  19  51 
  0   7   1  86   2  25   3  74   4   7   5  93   6  78   7  31   8  65   9   2  10   7  11  55  12  57  13  74  14  18  15  10  16  43  17   9  18   4  19  56 
  0  62   1  71   2  92   3  68   4  50   5  38   6  48   7  69   8  72   9   5  10  47  11   2  12  71  13   9  14  82  15  80  16  63  17  96  18  50  19  39 
  0  19   1  83   2  41   3  33   4  69   5  61   6  69   7  58   8  39   9  74  10  55  11  84  12  41  13  11  14  60  15  23  16  51  17  14  18  85  19  24 
  0  22   1  40   2  46   3  19   4  18   5  57   6  65   7  83   8  19   9  84  10  62  11  48  12  14  13  55  14  71  15  58  16  64  17  87  18  32  19  83 
  0  54   1  53   2   2   3  50   4  37   5  28   6   6   7  69   8  49   9  96  10  69  11  56  12  26  13  10  14  84  15  32  16  61  17  76  18  25  19  25 
  0  19   1  93   2  33   3  22   4  59   5  82   6  18   7  97   8  44   9  68  10  47  11  31  12  73  13  94  14  96  15  37  16  84  17  59  18  76  19  38 
  0  92   1   2   2  24   3  25   4   5   5  95   6   7   7   3   8  96   9   3  10  46  11  78  12  49  13  89  14  30  15  83  16  24  17  39  18  69  19  52 

Taillard LB      : 26639
Proportionate LB : 18163
Lower bound: 26639

Random seed: 1007
