
 20  20

  0   9   1   1   2  11   3  20   4   6   5  21   6   1   7   5   8   1   9   8  10   5  11   2  12  13  13   1  14   1  15  13  16  16  17   1  18  15  19   7 
  0  17   1   9   2  17   3  22   4  11   5  19   6   9   7   6   8   7   9  18  10  11  11   7  12  17  13   2  14   8  15  20  16  17  17   4  18  21  19   9 
  0  15   1   5   2  17   3  20   4   8   5  21   6   7   7   6   8   4   9  14  10   6  11   8  12  17  13   2  14   5  15  19  16  16  17   2  18  21  19   7 
  0  19   1  10   2  18   3  22   4   8   5  19   6   6   7   6   8   6   9  18  10   8  11  10  12  17  13   4  14  11  15  21  16  18  17   6  18  21  19   8 
  0  17   1   5   2  13   3  19   4  10   5  21   6   8   7   4   8   4   9  13  10   9  11   5  12  14  13   2  14   6  15  18  16  17  17   3  18  20  19   9 
  0  13   1   7   2  16   3  22   4   6   5  21   6   3   7   5   8   3   9  14  10   7  11   5  12  16  13   1  14   5  15  16  16  18  17   1  18  17  19   9 
  0  19   1  10   2  17   3  20   4  10   5  21   6   8   7   5   8   6   9  14  10   8  11  10  12  17  13   4  14   7  15  20  16  17  17   4  18  19  19   9 
  0  15   1   6   2  14   3  22   4   9   5  20   6   9   7   5   8   7   9  16  10   9  11   6  12  17  13   1  14   7  15  21  16  18  17   2  18  21  19   9 
  0  12   1   2   2  12   3  18   4   8   5  19   6   5   7   4   8   4   9  11  10   4  11   6  12  13  13   1  14   3  15  16  16  16  17   2  18  18  19   8 
  0  14   1   6   2  14   3  18   4   9   5  19   6   4   7   4   8   2   9  13  10   6  11   6  12  12  13   1  14   7  15  16  16  16  17   3  18  18  19   9 
  0  17   1   8   2  16   3  22   4   7   5  19   6   5   7   5   8   5   9  14  10  11  11   9  12  14  13   1  14  10  15  19  16  17  17   5  18  21  19   9 
  0  11   1   3   2  11   3  20   4   5   5  21   6   2   7   6   8   1   9  10  10   3  11   3  12  12  13   1  14   2  15  14  16  16  17   1  18  17  19   8 
  0  10   1   4   2  15   3  18   4   5   5  19   6   3   7   6   8   1   9   9  10   5  11   5  12  11  13   1  14   4  15  18  16  18  17   3  18  15  19   9 
  0  16   1   8   2  14   3  21   4  11   5  19   6   7   7   6   8   4   9  14  10  11  11   6  12  15  13   3  14   9  15  19  16  16  17   5  18  20  19   9 
  0  18   1  10   2  16   3  19   4  10   5  21   6   9   7   4   8   7   9  18  10   8  11   8  12  17  13   4  14  11  15  21  16  18  17   3  18  21  19   9 
  0  17   1   6   2  15   3  21   4   8   5  20   6   5   7   5   8   5   9  17  10   7  11   7  12  17  13   1  14   6  15  16  16  18  17   3  18  18  19   8 
  0  19   1   7   2  18   3  22   4  11   5  21   6   5   7   6   8   5   9  15  10   8  11  10  12  15  13   1  14   7  15  20  16  16  17   5  18  18  19   9 
  0  16   1   8   2  16   3  22   4   9   5  21   6   9   7   6   8   7   9  15  10  10  11   9  12  17  13   3  14  11  15  21  16  17  17   3  18  21  19   9 
  0  16   1   9   2  15   3  19   4  10   5  21   6   6   7   6   8   5   9  16  10   9  11   7  12  15  13   2  14   8  15  19  16  16  17   6  18  21  19   9 
  0  18   1   7   2  18   3  20   4  11   5  21   6   8   7   5   8   7   9  15  10   8  11  10  12  14  13   2  14  11  15  18  16  18  17   6  18  20  19   9 


