
 20  20

  0  64   1  67   2  76   3  71   4  61   5  62   6  72   7  75   8  70   9  76  10  63  11  69  12  75  13  81  14  64  15  61  16  73  17  73  18  65  19  76 
  0  66   1  68   2  76   3  71   4  63   5  64   6  74   7  75   8  74   9  77  10  65  11  67  12  78  13  79  14  65  15  62  16  73  17  76  18  65  19  77 
  0  65   1  67   2  76   3  71   4  62   5  63   6  75   7  72   8  75   9  76  10  67  11  68  12  80  13  81  14  65  15  61  16  72  17  73  18  66  19  74 
  0  60   1  62   2  75   3  69   4  63   5  60   6  68   7  70   8  66   9  75  10  61  11  63  12  70  13  77  14  63  15  61  16  66  17  74  18  64  19  71 
  0  61   1  65   2  79   3  71   4  62   5  65   6  70   7  70   8  71   9  74  10  62  11  67  12  73  13  80  14  66  15  63  16  72  17  76  18  66  19  75 
  0  59   1  64   2  77   3  71   4  61   5  60   6  69   7  69   8  67   9  74  10  61  11  63  12  70  13  77  14  63  15  61  16  66  17  72  18  64  19  72 
  0  62   1  68   2  75   3  70   4  63   5  66   6  73   7  73   8  70   9  76  10  63  11  68  12  75  13  80  14  64  15  61  16  72  17  72  18  66  19  76 
  0  66   1  63   2  79   3  69   4  62   5  61   6  75   7  72   8  74   9  78  10  66  11  65  12  77  13  80  14  67  15  63  16  72  17  72  18  64  19  72 
  0  60   1  62   2  75   3  70   4  63   5  64   6  72   7  71   8  67   9  76  10  61  11  67  12  75  13  79  14  63  15  61  16  69  17  73  18  66  19  73 
  0  67   1  66   2  76   3  69   4  61   5  64   6  73   7  73   8  73   9  78  10  65  11  66  12  76  13  78  14  65  15  63  16  74  17  75  18  64  19  74 
  0  67   1  65   2  78   3  69   4  61   5  63   6  76   7  75   8  76   9  77  10  67  11  68  12  78  13  81  14  67  15  63  16  72  17  76  18  65  19  77 
  0  61   1  65   2  76   3  70   4  61   5  60   6  71   7  69   8  69   9  73  10  61  11  65  12  74  13  79  14  64  15  62  16  67  17  75  18  64  19  74 
  0  59   1  65   2  75   3  70   4  61   5  64   6  69   7  69   8  67   9  73  10  65  11  65  12  71  13  77  14  66  15  63  16  69  17  75  18  66  19  71 
  0  65   1  63   2  75   3  69   4  62   5  61   6  71   7  72   8  71   9  78  10  63  11  68  12  77  13  80  14  65  15  61  16  72  17  73  18  64  19  74 
  0  60   1  63   2  78   3  69   4  62   5  60   6  71   7  69   8  66   9  73  10  64  11  65  12  70  13  80  14  66  15  61  16  69  17  74  18  66  19  73 
  0  62   1  65   2  76   3  70   4  62   5  65   6  72   7  74   8  74   9  77  10  65  11  69  12  75  13  78  14  66  15  63  16  69  17  72  18  66  19  74 
  0  66   1  65   2  79   3  71   4  63   5  62   6  74   7  72   8  74   9  77  10  62  11  67  12  75  13  79  14  65  15  63  16  72  17  75  18  65  19  73 
  0  67   1  68   2  77   3  71   4  63   5  62   6  74   7  71   8  71   9  78  10  64  11  66  12  78  13  81  14  64  15  61  16  71  17  73  18  66  19  76 
  0  67   1  68   2  78   3  71   4  63   5  64   6  72   7  75   8  73   9  77  10  67  11  69  12  75  13  80  14  64  15  62  16  70  17  76  18  64  19  76 
  0  63   1  62   2  78   3  69   4  62   5  63   6  70   7  70   8  68   9  76  10  64  11  65  12  71  13  77  14  63  15  62  16  69  17  75  18  66  19  74 


