
 20  20

  0  42   1  47   2  47   3  46   4  53   5  56   6  54   7  42   8  53   9  42  10  54  11  51  12  49  13  50  14  40  15  57  16  54  17  56  18  38  19  40 
  0  45   1  46   2  51   3  47   4  54   5  57   6  57   7  45   8  52   9  41  10  55  11  49  12  51  13  49  14  42  15  57  16  59  17  59  18  38  19  39 
  0  44   1  46   2  50   3  44   4  52   5  54   6  54   7  42   8  51   9  38  10  55  11  48  12  47  13  46  14  40  15  58  16  54  17  56  18  34  19  37 
  0  49   1  48   2  51   3  48   4  54   5  63   6  55   7  46   8  52   9  42  10  55  11  49  12  50  13  53  14  41  15  58  16  56  17  60  18  39  19  43 
  0  46   1  49   2  50   3  46   4  53   5  59   6  55   7  44   8  53   9  40  10  54  11  48  12  48  13  51  14  42  15  58  16  59  17  55  18  41  19  40 
  0  46   1  49   2  48   3  47   4  54   5  58   6  58   7  44   8  53   9  42  10  55  11  49  12  50  13  51  14  40  15  57  16  57  17  58  18  38  19  39 
  0  49   1  50   2  53   3  47   4  53   5  60   6  56   7  45   8  52   9  44  10  54  11  52  12  50  13  53  14  41  15  58  16  60  17  60  18  42  19  42 
  0  45   1  46   2  53   3  49   4  52   5  59   6  58   7  43   8  53   9  42  10  53  11  50  12  49  13  51  14  42  15  57  16  55  17  57  18  42  19  40 
  0  48   1  49   2  53   3  48   4  52   5  60   6  58   7  47   8  53   9  44  10  53  11  52  12  53  13  51  14  42  15  58  16  57  17  57  18  43  19  43 
  0  41   1  47   2  48   3  42   4  52   5  55   6  55   7  41   8  51   9  40  10  55  11  50  12  50  13  48  14  42  15  56  16  55  17  56  18  34  19  37 
  0  40   1  45   2  47   3  43   4  52   5  53   6  54   7  43   8  51   9  38  10  55  11  50  12  47  13  45  14  42  15  57  16  53  17  54  18  33  19  37 
  0  50   1  47   2  53   3  46   4  53   5  61   6  58   7  47   8  53   9  44  10  53  11  52  12  50  13  52  14  42  15  56  16  60  17  60  18  39  19  40 
  0  47   1  47   2  50   3  46   4  52   5  58   6  55   7  46   8  51   9  39  10  55  11  49  12  52  13  47  14  40  15  58  16  56  17  57  18  39  19  40 
  0  49   1  50   2  52   3  46   4  53   5  59   6  57   7  46   8  51   9  44  10  55  11  51  12  53  13  54  14  41  15  58  16  60  17  60  18  40  19  43 
  0  47   1  46   2  51   3  48   4  52   5  60   6  58   7  43   8  53   9  42  10  53  11  50  12  52  13  51  14  40  15  56  16  58  17  58  18  41  19  40 
  0  47   1  49   2  53   3  47   4  53   5  62   6  58   7  47   8  51   9  44  10  53  11  51  12  52  13  53  14  42  15  58  16  57  17  58  18  43  19  40 
  0  40   1  44   2  47   3  42   4  52   5  53   6  54   7  41   8  51   9  40  10  54  11  48  12  48  13  45  14  41  15  56  16  54  17  54  18  35  19  37 
  0  43   1  48   2  47   3  44   4  52   5  58   6  54   7  41   8  53   9  41  10  54  11  50  12  51  13  47  14  40  15  56  16  53  17  58  18  36  19  38 
  0  46   1  47   2  51   3  46   4  54   5  58   6  56   7  44   8  51   9  44  10  53  11  52  12  53  13  49  14  40  15  58  16  57  17  57  18  38  19  39 
  0  47   1  47   2  51   3  46   4  53   5  59   6  58   7  46   8  53   9  43  10  55  11  52  12  51  13  50  14  42  15  57  16  59  17  60  18  40  19  43 


