
 20  20

  0  57   1  73   2  71   3  67   4  65   5  56   6  54   7  54   8  66   9  61  10  57  11  70  12  58  13  72  14  67  15  53  16  52  17  58  18  65  19  59 
  0  55   1  73   2  69   3  66   4  64   5  56   6  56   7  55   8  70   9  63  10  59  11  71  12  61  13  72  14  68  15  55  16  56  17  57  18  66  19  60 
  0  62   1  76   2  74   3  66   4  68   5  62   6  60   7  58   8  71   9  62  10  63  11  78  12  63  13  76  14  73  15  61  16  58  17  59  18  66  19  65 
  0  63   1  76   2  77   3  66   4  67   5  61   6  59   7  58   8  72   9  63  10  63  11  78  12  66  13  76  14  70  15  63  16  59  17  58  18  65  19  65 
  0  60   1  75   2  76   3  67   4  69   5  61   6  62   7  58   8  71   9  62  10  60  11  75  12  66  13  75  14  73  15  63  16  58  17  60  18  66  19  65 
  0  62   1  74   2  77   3  68   4  69   5  62   6  60   7  55   8  71   9  63  10  61  11  76  12  66  13  76  14  73  15  62  16  60  17  58  18  66  19  64 
  0  59   1  76   2  70   3  66   4  65   5  58   6  59   7  56   8  70   9  63  10  62  11  74  12  63  13  76  14  72  15  57  16  54  17  60  18  64  19  59 
  0  61   1  73   2  77   3  68   4  69   5  62   6  59   7  56   8  73   9  63  10  60  11  76  12  64  13  76  14  73  15  62  16  60  17  60  18  66  19  65 
  0  59   1  73   2  72   3  66   4  66   5  58   6  57   7  54   8  69   9  63  10  61  11  73  12  64  13  75  14  72  15  61  16  57  17  56  18  65  19  64 
  0  62   1  75   2  76   3  68   4  67   5  61   6  60   7  56   8  70   9  63  10  62  11  75  12  62  13  74  14  73  15  62  16  58  17  58  18  66  19  63 
  0  55   1  73   2  67   3  68   4  65   5  57   6  57   7  56   8  68   9  61  10  57  11  71  12  59  13  75  14  67  15  54  16  52  17  58  18  64  19  57 
  0  57   1  74   2  72   3  68   4  64   5  60   6  56   7  58   8  69   9  61  10  59  11  74  12  64  13  73  14  71  15  58  16  56  17  60  18  66  19  59 
  0  56   1  75   2  67   3  66   4  66   5  56   6  57   7  55   8  70   9  61  10  58  11  74  12  59  13  72  14  68  15  54  16  54  17  58  18  66  19  61 
  0  53   1  73   2  69   3  66   4  65   5  56   6  56   7  54   8  67   9  61  10  57  11  72  12  59  13  72  14  67  15  55  16  52  17  56  18  66  19  57 
  0  63   1  76   2  77   3  68   4  69   5  63   6  60   7  58   8  73   9  62  10  62  11  78  12  65  13  73  14  73  15  60  16  58  17  60  18  66  19  63 
  0  60   1  72   2  75   3  67   4  68   5  60   6  58   7  57   8  69   9  63  10  62  11  76  12  62  13  74  14  72  15  59  16  55  17  60  18  66  19  59 
  0  58   1  75   2  74   3  66   4  67   5  59   6  57   7  55   8  71   9  61  10  60  11  76  12  63  13  72  14  69  15  60  16  55  17  57  18  64  19  61 
  0  63   1  76   2  74   3  66   4  67   5  63   6  62   7  58   8  71   9  63  10  63  11  78  12  66  13  76  14  73  15  61  16  60  17  60  18  66  19  65 
  0  61   1  74   2  75   3  67   4  68   5  63   6  62   7  56   8  73   9  62  10  63  11  78  12  65  13  75  14  73  15  62  16  60  17  58  18  66  19  65 
  0  57   1  74   2  70   3  66   4  63   5  58   6  58   7  57   8  69   9  61  10  57  11  74  12  59  13  75  14  67  15  56  16  53  17  57  18  64  19  61 


