
 20  20

  0  24   1  35   2  21   3  27   4  31   5  27   6  21   7  27   8  28   9  35  10  17  11  23  12  22  13  21  14  29  15  27  16  41  17  39  18  34  19  28 
  0  28   1  36   2  25   3  31   4  30   5  30   6  23   7  31   8  29   9  38  10  23  11  24  12  23  13  20  14  27  15  30  16  41  17  39  18  40  19  31 
  0  27   1  33   2  21   3  29   4  30   5  30   6  25   7  32   8  27   9  38  10  23  11  22  12  22  13  22  14  29  15  29  16  40  17  40  18  37  19  29 
  0  27   1  34   2  23   3  32   4  31   5  31   6  24   7  31   8  30   9  40  10  21  11  22  12  24  13  20  14  29  15  31  16  41  17  40  18  36  19  30 
  0  24   1  32   2  22   3  27   4  30   5  29   6  20   7  29   8  25   9  36  10  21  11  22  12  23  13  20  14  27  15  30  16  40  17  42  18  34  19  27 
  0  26   1  32   2  21   3  32   4  32   5  31   6  21   7  31   8  26   9  38  10  21  11  23  12  22  13  20  14  29  15  27  16  42  17  39  18  38  19  32 
  0  34   1  35   2  26   3  34   4  32   5  36   6  25   7  37   8  30   9  43  10  25  11  24  12  24  13  22  14  29  15  31  16  41  17  43  18  40  19  33 
  0  31   1  36   2  22   3  34   4  30   5  33   6  22   7  32   8  27   9  42  10  25  11  24  12  24  13  22  14  28  15  28  16  42  17  42  18  37  19  31 
  0  28   1  34   2  22   3  29   4  30   5  30   6  21   7  34   8  28   9  37  10  20  11  23  12  21  13  20  14  27  15  27  16  42  17  39  18  38  19  31 
  0  31   1  35   2  25   3  31   4  30   5  32   6  25   7  35   8  27   9  43  10  23  11  22  12  23  13  21  14  27  15  29  16  40  17  43  18  38  19  32 
  0  30   1  36   2  25   3  34   4  30   5  34   6  25   7  36   8  29   9  40  10  22  11  24  12  24  13  20  14  29  15  28  16  40  17  42  18  39  19  30 
  0  30   1  32   2  20   3  29   4  32   5  32   6  20   7  30   8  27   9  36  10  21  11  24  12  20  13  22  14  29  15  29  16  41  17  41  18  35  19  32 
  0  32   1  36   2  26   3  36   4  31   5  36   6  25   7  37   8  31   9  41  10  25  11  24  12  25  13  21  14  29  15  30  16  40  17  42  18  42  19  34 
  0  34   1  36   2  26   3  34   4  32   5  33   6  25   7  37   8  28   9  43  10  23  11  22  12  26  13  20  14  27  15  31  16  40  17  40  18  40  19  32 
  0  31   1  36   2  25   3  36   4  32   5  33   6  27   7  35   8  30   9  43  10  27  11  24  12  26  13  22  14  29  15  29  16  40  17  43  18  40  19  32 
  0  32   1  34   2  23   3  34   4  30   5  33   6  26   7  32   8  28   9  42  10  21  11  22  12  22  13  20  14  29  15  31  16  40  17  41  18  41  19  33 
  0  28   1  35   2  22   3  30   4  30   5  27   6  20   7  28   8  27   9  38  10  20  11  24  12  24  13  21  14  29  15  30  16  41  17  41  18  34  19  31 
  0  28   1  32   2  20   3  31   4  32   5  28   6  23   7  31   8  26   9  37  10  21  11  22  12  22  13  22  14  27  15  27  16  42  17  39  18  39  19  29 
  0  28   1  34   2  23   3  26   4  30   5  28   6  19   7  31   8  28   9  36  10  19  11  22  12  20  13  22  14  27  15  29  16  41  17  39  18  38  19  31 
  0  32   1  34   2  24   3  36   4  31   5  35   6  25   7  37   8  31   9  43  10  25  11  24  12  23  13  22  14  28  15  29  16  42  17  43  18  41  19  34 


