
 20  20

  0  62   1  56   2  42   3  42   4  55   5  46   6  56   7  43   8  42   9  55  10  47  11  44  12  42  13  43  14  51  15  44  16  45  17  48  18  49  19  46 
  0  64   1  56   2  40   3  42   4  59   5  46   6  59   7  45   8  41   9  57  10  44  11  42  12  41  13  44  14  49  15  46  16  46  17  51  18  52  19  45 
  0  57   1  51   2  38   3  43   4  54   5  45   6  52   7  42   8  40   9  57  10  43  11  40  12  42  13  44  14  46  15  41  16  46  17  48  18  49  19  44 
  0  58   1  55   2  37   3  43   4  57   5  46   6  54   7  44   8  42   9  56  10  44  11  41  12  41  13  44  14  50  15  38  16  48  17  47  18  49  19  44 
  0  58   1  55   2  36   3  41   4  57   5  46   6  53   7  43   8  40   9  56  10  44  11  43  12  41  13  43  14  50  15  40  16  47  17  49  18  48  19  44 
  0  64   1  55   2  41   3  44   4  59   5  48   6  61   7  47   8  42   9  57  10  46  11  44  12  42  13  46  14  53  15  46  16  47  17  54  18  56  19  45 
  0  55   1  51   2  35   3  43   4  55   5  45   6  52   7  43   8  42   9  55  10  46  11  39  12  42  13  44  14  48  15  41  16  47  17  50  18  48  19  47 
  0  64   1  58   2  43   3  42   4  56   5  49   6  57   7  48   8  41   9  57  10  45  11  45  12  43  13  46  14  53  15  44  16  49  17  53  18  54  19  46 
  0  60   1  54   2  40   3  43   4  54   5  47   6  55   7  46   8  40   9  57  10  47  11  41  12  43  13  47  14  50  15  43  16  46  17  50  18  51  19  45 
  0  59   1  54   2  38   3  40   4  54   5  49   6  56   7  44   8  42   9  57  10  43  11  43  12  41  13  46  14  49  15  42  16  46  17  48  18  51  19  47 
  0  60   1  53   2  41   3  42   4  54   5  49   6  55   7  47   8  40   9  56  10  44  11  41  12  42  13  45  14  51  15  43  16  46  17  49  18  53  19  48 
  0  59   1  55   2  39   3  40   4  56   5  46   6  52   7  46   8  42   9  55  10  43  11  42  12  43  13  43  14  48  15  39  16  46  17  47  18  49  19  46 
  0  65   1  58   2  45   3  42   4  58   5  49   6  61   7  47   8  42   9  57  10  47  11  43  12  42  13  48  14  51  15  47  16  50  17  53  18  56  19  46 
  0  55   1  51   2  36   3  41   4  53   5  46   6  53   7  42   8  40   9  55  10  45  11  39  12  41  13  44  14  45  15  38  16  44  17  46  18  46  19  45 
  0  63   1  54   2  43   3  43   4  55   5  49   6  58   7  44   8  40   9  55  10  44  11  44  12  42  13  46  14  50  15  44  16  49  17  51  18  50  19  44 
  0  62   1  55   2  42   3  44   4  59   5  48   6  59   7  45   8  42   9  55  10  47  11  44  12  43  13  47  14  50  15  42  16  50  17  53  18  52  19  48 
  0  61   1  54   2  40   3  44   4  54   5  46   6  57   7  45   8  42   9  55  10  46  11  40  12  43  13  44  14  49  15  40  16  49  17  52  18  52  19  44 
  0  62   1  55   2  43   3  44   4  59   5  48   6  57   7  45   8  40   9  57  10  47  11  43  12  43  13  45  14  52  15  43  16  48  17  50  18  53  19  44 
  0  58   1  53   2  39   3  42   4  57   5  45   6  53   7  43   8  42   9  56  10  47  11  42  12  41  13  44  14  49  15  41  16  46  17  48  18  51  19  48 
  0  58   1  52   2  37   3  43   4  55   5  48   6  55   7  42   8  41   9  55  10  47  11  42  12  41  13  46  14  46  15  43  16  48  17  51  18  51  19  46 


