
 20  20

  0  40   1  43   2  50   3  49   4  49   5  53   6  45   7  40   8  41   9  51  10  40  11  37  12  40  13  38  14  34  15  46  16  34  17  45  18  41  19  43 
  0  36   1  44   2  51   3  46   4  49   5  52   6  46   7  40   8  42   9  47  10  42  11  37  12  39  13  40  14  34  15  46  16  32  17  43  18  39  19  44 
  0  41   1  42   2  50   3  47   4  49   5  49   6  48   7  40   8  40   9  51  10  44  11  38  12  39  13  38  14  38  15  50  16  35  17  46  18  38  19  46 
  0  38   1  42   2  50   3  47   4  50   5  54   6  48   7  41   8  40   9  51  10  44  11  41  12  40  13  38  14  37  15  46  16  33  17  48  18  40  19  43 
  0  44   1  45   2  52   3  52   4  51   5  55   6  51   7  40   8  47   9  54  10  45  11  44  12  42  13  40  14  42  15  52  16  39  17  48  18  43  19  50 
  0  39   1  46   2  50   3  50   4  50   5  51   6  48   7  40   8  42   9  51  10  45  11  41  12  43  13  39  14  40  15  47  16  37  17  46  18  42  19  46 
  0  43   1  46   2  52   3  52   4  49   5  57   6  52   7  42   8  46   9  55  10  47  11  44  12  43  13  40  14  42  15  50  16  39  17  50  18  43  19  50 
  0  40   1  45   2  50   3  50   4  49   5  52   6  44   7  42   8  40   9  47  10  44  11  41  12  40  13  40  14  35  15  47  16  35  17  44  18  40  19  43 
  0  40   1  42   2  50   3  46   4  51   5  52   6  45   7  40   8  41   9  47  10  43  11  42  12  38  13  39  14  37  15  47  16  33  17  45  18  41  19  44 
  0  43   1  45   2  50   3  52   4  50   5  55   6  48   7  40   8  43   9  55  10  44  11  44  12  45  13  38  14  38  15  51  16  35  17  49  18  43  19  50 
  0  36   1  42   2  51   3  46   4  49   5  49   6  43   7  40   8  39   9  47  10  39  11  37  12  40  13  40  14  33  15  47  16  30  17  42  18  39  19  42 
  0  36   1  44   2  52   3  46   4  49   5  49   6  43   7  42   8  42   9  49  10  39  11  38  12  41  13  38  14  35  15  48  16  30  17  43  18  40  19  45 
  0  40   1  46   2  51   3  50   4  49   5  55   6  46   7  42   8  44   9  51  10  46  11  40  12  44  13  39  14  37  15  51  16  36  17  48  18  41  19  44 
  0  36   1  43   2  50   3  47   4  49   5  49   6  43   7  41   8  39   9  50  10  42  11  41  12  42  13  38  14  37  15  49  16  30  17  45  18  42  19  46 
  0  44   1  44   2  52   3  52   4  51   5  54   6  53   7  41   8  47   9  54  10  49  11  47  12  46  13  39  14  42  15  52  16  37  17  52  18  43  19  50 
  0  39   1  44   2  52   3  51   4  50   5  52   6  49   7  40   8  41   9  52  10  43  11  39  12  41  13  38  14  38  15  48  16  33  17  44  18  41  19  44 
  0  41   1  43   2  52   3  50   4  49   5  54   6  46   7  42   8  43   9  52  10  43  11  42  12  39  13  40  14  36  15  49  16  36  17  44  18  40  19  44 
  0  42   1  46   2  50   3  51   4  50   5  54   6  50   7  40   8  44   9  51  10  47  11  44  12  43  13  40  14  42  15  49  16  37  17  51  18  43  19  46 
  0  43   1  46   2  50   3  50   4  51   5  52   6  50   7  42   8  46   9  51  10  45  11  43  12  43  13  39  14  37  15  50  16  38  17  47  18  43  19  46 
  0  43   1  46   2  52   3  49   4  49   5  54   6  47   7  42   8  41   9  51  10  46  11  43  12  41  13  38  14  39  15  51  16  36  17  49  18  40  19  48 


