
 20  20

  0  46   1  49   2  49   3  54   4  60   5  54   6  61   7  59   8  44   9  51  10  53  11  57  12  47  13  48  14  50  15  55  16  53  17  59  18  61  19  43 
  0  47   1  53   2  51   3  55   4  59   5  57   6  59   7  60   8  48   9  51  10  51  11  59  12  47  13  49  14  51  15  55  16  53  17  57  18  63  19  44 
  0  42   1  49   2  49   3  56   4  59   5  53   6  61   7  55   8  44   9  47  10  51  11  56  12  48  13  46  14  49  15  53  16  54  17  57  18  61  19  43 
  0  48   1  51   2  49   3  55   4  61   5  56   6  61   7  61   8  45   9  51  10  51  11  58  12  48  13  50  14  51  15  55  16  55  17  56  18  66  19  46 
  0  43   1  50   2  49   3  55   4  59   5  53   6  59   7  55   8  46   9  47  10  50  11  55  12  48  13  48  14  47  15  51  16  55  17  56  18  59  19  40 
  0  48   1  51   2  49   3  56   4  61   5  57   6  59   7  62   8  47   9  54  10  53  11  58  12  46  13  53  14  51  15  53  16  54  17  59  18  68  19  46 
  0  46   1  52   2  49   3  55   4  60   5  56   6  59   7  59   8  45   9  53  10  54  11  56  12  46  13  50  14  51  15  55  16  53  17  56  18  67  19  44 
  0  46   1  53   2  49   3  54   4  60   5  55   6  60   7  60   8  45   9  52  10  52  11  58  12  46  13  49  14  50  15  53  16  53  17  55  18  66  19  43 
  0  48   1  51   2  51   3  56   4  61   5  58   6  59   7  63   8  48   9  55  10  53  11  59  12  47  13  54  14  51  15  54  16  53  17  59  18  69  19  45 
  0  45   1  52   2  49   3  55   4  59   5  53   6  59   7  55   8  44   9  51  10  50  11  57  12  48  13  49  14  47  15  54  16  53  17  58  18  63  19  41 
  0  46   1  50   2  50   3  56   4  60   5  55   6  59   7  61   8  44   9  51  10  54  11  58  12  48  13  50  14  51  15  52  16  55  17  55  18  64  19  42 
  0  50   1  53   2  51   3  54   4  61   5  58   6  59   7  62   8  46   9  53  10  54  11  59  12  48  13  53  14  51  15  54  16  55  17  59  18  66  19  47 
  0  49   1  50   2  51   3  56   4  60   5  57   6  61   7  63   8  48   9  53  10  51  11  59  12  48  13  53  14  50  15  55  16  53  17  59  18  69  19  45 
  0  43   1  49   2  49   3  56   4  61   5  54   6  59   7  60   8  46   9  48  10  53  11  57  12  48  13  51  14  48  15  52  16  53  17  58  18  62  19  45 
  0  43   1  50   2  51   3  56   4  59   5  56   6  61   7  58   8  46   9  49  10  53  11  56  12  46  13  50  14  48  15  53  16  54  17  55  18  62  19  43 
  0  45   1  49   2  51   3  55   4  59   5  57   6  61   7  57   8  47   9  51  10  51  11  55  12  46  13  51  14  50  15  51  16  53  17  55  18  60  19  41 
  0  51   1  51   2  50   3  56   4  60   5  56   6  61   7  61   8  48   9  53  10  54  11  57  12  48  13  51  14  51  15  53  16  54  17  57  18  68  19  44 
  0  47   1  53   2  49   3  54   4  59   5  58   6  59   7  61   8  47   9  52  10  53  11  59  12  46  13  52  14  48  15  53  16  55  17  57  18  65  19  46 
  0  43   1  50   2  49   3  55   4  59   5  55   6  61   7  59   8  44   9  52  10  50  11  55  12  46  13  51  14  49  15  52  16  54  17  57  18  62  19  43 
  0  41   1  49   2  51   3  54   4  59   5  53   6  59   7  58   8  46   9  48  10  51  11  55  12  48  13  48  14  50  15  52  16  55  17  55  18  59  19  42 


