
 20  20

  0  61   1  63   2  63   3  58   4  58   5  63   6  64   7  49   8  65   9  71  10  51  11  67  12  55  13  60  14  57  15  57  16  66  17  67  18  61  19  48 
  0  54   1  58   2  60   3  58   4  56   5  55   6  63   7  50   8  60   9  64  10  47  11  62  12  52  13  58  14  53  15  55  16  62  17  66  18  61  19  50 
  0  55   1  55   2  60   3  56   4  56   5  56   6  60   7  48   8  58   9  62  10  44  11  62  12  52  13  56  14  53  15  52  16  62  17  64  18  59  19  47 
  0  55   1  62   2  64   3  58   4  58   5  62   6  63   7  50   8  63   9  66  10  51  11  64  12  54  13  56  14  56  15  55  16  62  17  65  18  61  19  47 
  0  59   1  61   2  65   3  59   4  56   5  59   6  60   7  49   8  65   9  69  10  48  11  67  12  56  13  57  14  55  15  56  16  62  17  67  18  59  19  49 
  0  56   1  57   2  64   3  57   4  57   5  61   6  63   7  49   8  60   9  67  10  48  11  67  12  55  13  59  14  53  15  56  16  62  17  64  18  59  19  48 
  0  53   1  57   2  60   3  57   4  56   5  59   6  60   7  47   8  59   9  66  10  44  11  65  12  52  13  58  14  56  15  54  16  62  17  66  18  60  19  47 
  0  62   1  65   2  66   3  60   4  58   5  61   6  64   7  51   8  64   9  69  10  52  11  70  12  58  13  60  14  57  15  60  16  66  17  70  18  62  19  51 
  0  59   1  65   2  63   3  59   4  56   5  65   6  64   7  53   8  65   9  69  10  54  11  70  12  57  13  60  14  57  15  59  16  63  17  71  18  62  19  51 
  0  60   1  61   2  65   3  61   4  56   5  63   6  64   7  52   8  62   9  69  10  52  11  68  12  54  13  59  14  54  15  60  16  66  17  66  18  61  19  49 
  0  57   1  61   2  63   3  59   4  58   5  63   6  61   7  52   8  65   9  69  10  52  11  66  12  57  13  60  14  57  15  59  16  63  17  69  18  64  19  51 
  0  57   1  61   2  64   3  56   4  57   5  60   6  61   7  51   8  62   9  69  10  48  11  64  12  57  13  59  14  57  15  58  16  65  17  65  18  61  19  51 
  0  58   1  62   2  66   3  61   4  56   5  60   6  64   7  53   8  67   9  71  10  53  11  70  12  54  13  59  14  57  15  61  16  66  17  68  18  61  19  51 
  0  58   1  59   2  61   3  57   4  56   5  59   6  62   7  48   8  65   9  69  10  48  11  65  12  54  13  58  14  57  15  57  16  64  17  69  18  61  19  49 
  0  58   1  62   2  61   3  59   4  56   5  61   6  63   7  50   8  63   9  68  10  51  11  66  12  55  13  58  14  54  15  55  16  66  17  69  18  63  19  50 
  0  61   1  62   2  63   3  61   4  58   5  65   6  64   7  52   8  68   9  71  10  54  11  68  12  56  13  57  14  55  15  60  16  66  17  68  18  64  19  51 
  0  61   1  64   2  66   3  59   4  57   5  65   6  61   7  50   8  68   9  72  10  54  11  68  12  56  13  60  14  57  15  58  16  63  17  70  18  61  19  51 
  0  59   1  63   2  63   3  60   4  58   5  63   6  61   7  50   8  66   9  66  10  52  11  65  12  57  13  59  14  54  15  60  16  63  17  69  18  59  19  50 
  0  52   1  55   2  61   3  54   4  57   5  58   6  60   7  47   8  58   9  62  10  46  11  63  12  52  13  57  14  53  15  53  16  62  17  63  18  58  19  47 
  0  59   1  63   2  64   3  60   4  58   5  63   6  62   7  53   8  68   9  71  10  53  11  69  12  58  13  60  14  57  15  59  16  65  17  71  18  64  19  50 


