
 20  20

  0  17   1  27   2  25   3  28   4  29   5  18   6  14   7  24   8  30   9  17  10  18  11  20  12  30  13  20  14  14  15  21  16  18  17  28  18  16  19  29 
  0  19   1  30   2  26   3  31   4  35   5  22   6  14   7  25   8  32   9  21  10  20  11  24  12  33  13  22  14  14  15  23  16  22  17  26  18  19  19  32 
  0  20   1  30   2  29   3  30   4  30   5  22   6  15   7  24   8  32   9  18  10  21  11  25  12  32  13  21  14  14  15  23  16  22  17  28  18  22  19  30 
  0  20   1  26   2  25   3  31   4  30   5  22   6  15   7  26   8  31   9  17  10  19  11  23  12  32  13  18  14  14  15  21  16  19  17  28  18  21  19  30 
  0  23   1  31   2  27   3  32   4  36   5  23   6  16   7  26   8  35   9  20  10  20  11  25  12  36  13  24  14  14  15  21  16  21  17  29  18  21  19  31 
  0  16   1  28   2  28   3  28   4  29   5  18   6  12   7  24   8  32   9  19  10  18  11  22  12  28  13  18  14  14  15  21  16  21  17  26  18  16  19  29 
  0  19   1  27   2  28   3  31   4  33   5  22   6  14   7  25   8  30   9  19  10  18  11  23  12  33  13  21  14  14  15  21  16  22  17  27  18  19  19  29 
  0  18   1  27   2  26   3  33   4  31   5  21   6  16   7  25   8  33   9  19  10  22  11  25  12  33  13  19  14  14  15  21  16  21  17  29  18  22  19  31 
  0  24   1  31   2  30   3  36   4  36   5  26   6  16   7  24   8  34   9  23  10  21  11  30  12  38  13  22  14  15  15  22  16  24  17  29  18  25  19  33 
  0  21   1  30   2  27   3  32   4  35   5  24   6  13   7  24   8  33   9  21  10  18  11  25  12  34  13  23  14  16  15  22  16  21  17  27  18  21  19  32 
  0  23   1  32   2  31   3  35   4  36   5  28   6  16   7  26   8  35   9  22  10  22  11  30  12  38  13  24  14  16  15  23  16  24  17  30  18  24  19  35 
  0  22   1  29   2  28   3  34   4  35   5  28   6  14   7  25   8  35   9  20  10  21  11  29  12  37  13  22  14  16  15  23  16  24  17  28  18  25  19  35 
  0  25   1  32   2  31   3  36   4  37   5  28   6  16   7  26   8  34   9  22  10  21  11  29  12  35  13  24  14  16  15  23  16  24  17  30  18  26  19  35 
  0  22   1  31   2  28   3  35   4  32   5  23   6  14   7  24   8  31   9  21  10  18  11  25  12  32  13  20  14  15  15  22  16  21  17  27  18  21  19  35 
  0  20   1  29   2  27   3  31   4  32   5  23   6  16   7  24   8  32   9  20  10  19  11  27  12  33  13  19  14  14  15  21  16  21  17  27  18  21  19  33 
  0  17   1  28   2  28   3  31   4  31   5  21   6  12   7  26   8  32   9  21  10  21  11  22  12  34  13  20  14  16  15  22  16  19  17  28  18  20  19  34 
  0  18   1  27   2  30   3  33   4  31   5  25   6  15   7  24   8  31   9  18  10  20  11  24  12  32  13  22  14  16  15  21  16  22  17  30  18  21  19  30 
  0  15   1  26   2  25   3  28   4  29   5  18   6  14   7  24   8  29   9  18  10  19  11  20  12  29  13  19  14  14  15  21  16  18  17  27  18  16  19  29 
  0  17   1  29   2  29   3  34   4  33   5  22   6  12   7  24   8  32   9  21  10  20  11  26  12  30  13  19  14  14  15  21  16  23  17  27  18  20  19  30 
  0  16   1  26   2  26   3  28   4  33   5  19   6  15   7  25   8  30   9  17  10  18  11  24  12  30  13  20  14  14  15  22  16  18  17  26  18  17  19  29 


