
 20  20

  0  81   1  81   2  86   3  87   4  76   5  81   6  89   7  91   8  87   9  75  10  92  11  77  12  75  13  74  14  82  15  79  16  76  17  85  18  91  19  89 
  0  88   1  83   2  85   3  91   4  80   5  81   6  95   7  92   8  93   9  84  10  97  11  80  12  81  13  76  14  87  15  80  16  82  17  86  18  97  19  91 
  0  85   1  84   2  86   3  87   4  82   5  79   6  94   7  91   8  92   9  80  10  96  11  79  12  81  13  76  14  88  15  80  16  78  17  87  18  95  19  91 
  0  83   1  81   2  86   3  88   4  78   5  79   6  89   7  90   8  89   9  79  10  90  11  79  12  78  13  76  14  84  15  77  16  80  17  83  18  91  19  91 
  0  83   1  77   2  84   3  88   4  79   5  80   6  89   7  91   8  91   9  76  10  92  11  78  12  75  13  76  14  83  15  81  16  76  17  86  18  91  19  91 
  0  87   1  82   2  84   3  89   4  79   5  81   6  95   7  94   8  95   9  83  10  98  11  83  12  82  13  74  14  89  15  81  16  82  17  88  18  95  19  89 
  0  86   1  81   2  84   3  89   4  82   5  80   6  91   7  92   8  92   9  80  10  95  11  82  12  80  13  74  14  89  15  81  16  81  17  86  18  96  19  89 
  0  85   1  78   2  84   3  88   4  79   5  81   6  88   7  90   8  93   9  79  10  94  11  78  12  76  13  75  14  87  15  81  16  80  17  83  18  93  19  91 
  0  80   1  78   2  85   3  86   4  79   5  79   6  87   7  93   8  91   9  74  10  92  11  77  12  79  13  74  14  84  15  77  16  76  17  82  18  90  19  91 
  0  88   1  83   2  84   3  89   4  82   5  81   6  93   7  94   8  94   9  84  10  96  11  83  12  82  13  76  14  87  15  81  16  81  17  88  18  94  19  91 
  0  87   1  85   2  84   3  89   4  79   5  79   6  94   7  93   8  97   9  82  10  96  11  81  12  82  13  74  14  89  15  81  16  82  17  87  18  97  19  91 
  0  83   1  79   2  84   3  86   4  78   5  79   6  89   7  90   8  88   9  77  10  88  11  78  12  78  13  74  14  84  15  77  16  76  17  85  18  92  19  90 
  0  80   1  80   2  84   3  86   4  76   5  79   6  88   7  90   8  90   9  75  10  91  11  80  12  79  13  74  14  82  15  77  16  78  17  82  18  92  19  89 
  0  82   1  82   2  86   3  86   4  79   5  81   6  88   7  90   8  92   9  80  10  92  11  82  12  76  13  76  14  84  15  79  16  79  17  87  18  93  19  90 
  0  82   1  80   2  86   3  88   4  78   5  79   6  89   7  90   8  91   9  78  10  89  11  78  12  78  13  75  14  84  15  77  16  80  17  82  18  93  19  91 
  0  88   1  84   2  85   3  88   4  82   5  81   6  92   7  94   8  93   9  82  10  98  11  82  12  83  13  75  14  88  15  82  16  82  17  88  18  94  19  91 
  0  80   1  78   2  84   3  85   4  76   5  80   6  86   7  90   8  87   9  75  10  89  11  77  12  75  13  74  14  82  15  78  16  76  17  83  18  89  19  91 
  0  82   1  80   2  84   3  87   4  78   5  81   6  91   7  92   8  89   9  79  10  93  11  80  12  80  13  74  14  85  15  81  16  77  17  82  18  91  19  91 
  0  80   1  78   2  85   3  88   4  79   5  80   6  90   7  91   8  89   9  75  10  92  11  80  12  77  13  76  14  83  15  77  16  78  17  82  18  90  19  89 
  0  89   1  84   2  85   3  88   4  82   5  81   6  96   7  93   8  96   9  83  10  97  11  83  12  82  13  76  14  87  15  81  16  80  17  86  18  94  19  89 


