
 20  20

  0  61   1  69   2  61   3  54   4  60   5  64   6  73   7  55   8  53   9  62  10  60  11  54  12  63  13  71  14  62  15  67  16  65  17  55  18  58  19  64 
  0  62   1  68   2  63   3  54   4  58   5  64   6  73   7  54   8  50   9  58  10  58  11  53  12  62  13  68  14  60  15  67  16  65  17  58  18  59  19  62 
  0  65   1  69   2  63   3  56   4  60   5  66   6  72   7  58   8  52   9  61  10  60  11  55  12  65  13  73  14  62  15  66  16  65  17  58  18  58  19  64 
  0  64   1  69   2  63   3  56   4  60   5  66   6  71   7  57   8  53   9  62  10  60  11  55  12  63  13  72  14  62  15  68  16  66  17  58  18  58  19  64 
  0  60   1  60   2  63   3  53   4  60   5  64   6  67   7  52   8  52   9  55  10  60  11  54  12  63  13  64  14  59  15  63  16  64  17  55  18  55  19  62 
  0  57   1  61   2  63   3  55   4  60   5  64   6  67   7  53   8  52   9  57  10  60  11  53  12  63  13  65  14  57  15  63  16  66  17  57  18  54  19  62 
  0  57   1  60   2  61   3  52   4  58   5  64   6  69   7  50   8  49   9  52  10  58  11  53  12  61  13  64  14  58  15  65  16  65  17  54  18  54  19  64 
  0  57   1  59   2  61   3  53   4  59   5  65   6  67   7  50   8  51   9  54  10  59  11  53  12  62  13  64  14  56  15  64  16  64  17  56  18  54  19  64 
  0  60   1  60   2  61   3  53   4  58   5  64   6  68   7  50   8  50   9  53  10  58  11  55  12  61  13  65  14  60  15  65  16  66  17  54  18  52  19  62 
  0  57   1  59   2  62   3  52   4  59   5  64   6  69   7  51   8  50   9  54  10  59  11  55  12  61  13  64  14  56  15  63  16  64  17  55  18  51  19  63 
  0  60   1  66   2  61   3  56   4  60   5  65   6  74   7  54   8  52   9  58  10  58  11  54  12  62  13  69  14  60  15  66  16  64  17  58  18  59  19  64 
  0  60   1  62   2  63   3  55   4  59   5  65   6  66   7  52   8  49   9  57  10  58  11  53  12  61  13  64  14  60  15  65  16  64  17  54  18  52  19  62 
  0  60   1  64   2  63   3  56   4  60   5  65   6  70   7  53   8  53   9  59  10  60  11  53  12  62  13  68  14  61  15  68  16  66  17  55  18  59  19  64 
  0  55   1  61   2  61   3  54   4  58   5  64   6  70   7  52   8  51   9  55  10  58  11  53  12  61  13  66  14  56  15  62  16  64  17  55  18  54  19  62 
  0  55   1  62   2  63   3  52   4  58   5  64   6  68   7  48   8  49   9  54  10  58  11  55  12  62  13  66  14  59  15  63  16  65  17  56  18  53  19  62 
  0  58   1  61   2  61   3  53   4  59   5  66   6  68   7  52   8  51   9  55  10  59  11  53  12  61  13  64  14  57  15  65  16  66  17  54  18  56  19  64 
  0  60   1  64   2  61   3  52   4  60   5  64   6  72   7  53   8  52   9  55  10  58  11  55  12  65  13  68  14  58  15  66  16  64  17  56  18  58  19  64 
  0  55   1  62   2  61   3  54   4  58   5  64   6  66   7  49   8  49   9  54  10  60  11  53  12  61  13  63  14  58  15  65  16  64  17  56  18  51  19  64 
  0  57   1  60   2  61   3  52   4  58   5  64   6  66   7  48   8  50   9  52  10  58  11  54  12  62  13  63  14  56  15  63  16  64  17  54  18  51  19  62 
  0  58   1  62   2  62   3  55   4  58   5  66   6  69   7  51   8  49   9  55  10  58  11  55  12  63  13  65  14  60  15  64  16  64  17  55  18  52  19  62 


