
 20  20

  0  83   1  80   2  71   3  70   4  78   5  84   6  69   7  75   8  75   9  84  10  67  11  70  12  66  13  63  14  82  15  84  16  75  17  69  18  65  19  77 
  0  86   1  81   2  71   3  75   4  77   5  86   6  74   7  79   8  75   9  82  10  71  11  68  12  68  13  68  14  83  15  85  16  77  17  68  18  65  19  81 
  0  88   1  82   2  71   3  77   4  77   5  86   6  71   7  78   8  75   9  84  10  70  11  68  12  68  13  69  14  85  15  84  16  77  17  69  18  65  19  80 
  0  78   1  80   2  67   3  70   4  76   5  81   6  66   7  72   8  72   9  84  10  64  11  69  12  66  13  65  14  79  15  80  16  71  17  66  18  64  19  78 
  0  78   1  82   2  65   3  69   4  75   5  83   6  64   7  72   8  71   9  83  10  65  11  70  12  67  13  61  14  76  15  79  16  71  17  66  18  65  19  76 
  0  81   1  80   2  69   3  69   4  75   5  83   6  64   7  69   8  71   9  83  10  68  11  68  12  66  13  65  14  79  15  82  16  71  17  65  18  64  19  78 
  0  83   1  81   2  70   3  69   4  77   5  83   6  68   7  72   8  71   9  84  10  66  11  69  12  66  13  62  14  78  15  80  16  74  17  67  18  66  19  79 
  0  78   1  80   2  67   3  71   4  75   5  80   6  65   7  69   8  72   9  82  10  65  11  68  12  66  13  61  14  76  15  80  16  70  17  66  18  64  19  77 
  0  82   1  80   2  69   3  71   4  75   5  81   6  68   7  72   8  72   9  82  10  68  11  68  12  66  13  61  14  78  15  83  16  71  17  65  18  65  19  78 
  0  80   1  82   2  69   3  71   4  75   5  81   6  68   7  71   8  71   9  84  10  66  11  69  12  66  13  65  14  81  15  83  16  75  17  68  18  64  19  80 
  0  86   1  80   2  73   3  72   4  79   5  85   6  72   7  74   8  75   9  82  10  71  11  69  12  66  13  66  14  81  15  86  16  79  17  69  18  68  19  83 
  0  81   1  80   2  67   3  71   4  77   5  83   6  64   7  72   8  73   9  82  10  68  11  68  12  68  13  65  14  80  15  80  16  71  17  65  18  65  19  76 
  0  86   1  82   2  69   3  75   4  79   5  83   6  70   7  74   8  71   9  84  10  70  11  69  12  68  13  65  14  84  15  83  16  78  17  68  18  65  19  83 
  0  79   1  80   2  65   3  70   4  75   5  83   6  68   7  72   8  74   9  83  10  64  11  68  12  66  13  63  14  80  15  79  16  73  17  65  18  64  19  77 
  0  83   1  80   2  70   3  73   4  75   5  81   6  65   7  70   8  71   9  82  10  65  11  69  12  66  13  64  14  80  15  79  16  73  17  65  18  66  19  76 
  0  85   1  82   2  68   3  71   4  78   5  81   6  68   7  75   8  71   9  83  10  70  11  70  12  68  13  63  14  79  15  82  16  74  17  66  18  65  19  82 
  0  88   1  82   2  73   3  77   4  79   5  86   6  74   7  76   8  75   9  82  10  72  11  70  12  68  13  68  14  86  15  87  16  80  17  70  18  68  19  81 
  0  84   1  82   2  71   3  77   4  76   5  83   6  71   7  75   8  73   9  84  10  71  11  70  12  68  13  68  14  83  15  86  16  76  17  71  18  68  19  82 
  0  82   1  80   2  70   3  73   4  78   5  83   6  72   7  73   8  73   9  84  10  67  11  70  12  66  13  67  14  81  15  83  16  76  17  69  18  66  19  82 
  0  86   1  82   2  75   3  77   4  79   5  85   6  74   7  79   8  74   9  82  10  69  11  69  12  68  13  66  14  85  15  85  16  80  17  71  18  68  19  83 


