
 20  20

  0  51   1  69   2  70   3  68   4  62   5  51   6  69   7  48   8  61   9  69  10  71  11  64  12  50  13  62  14  65  15  71  16  53  17  66  18  66  19  63 
  0  56   1  71   2  75   3  75   4  64   5  55   6  72   7  54   8  61   9  70  10  73  11  66  12  59  13  67  14  67  15  70  16  60  17  71  18  75  19  70 
  0  60   1  72   2  76   3  75   4  65   5  57   6  72   7  58   8  63   9  71  10  73  11  68  12  60  13  65  14  67  15  72  16  61  17  73  18  74  19  73 
  0  54   1  71   2  74   3  69   4  62   5  54   6  71   7  53   8  60   9  73  10  72  11  64  12  54  13  64  14  65  15  69  16  57  17  68  18  70  19  67 
  0  53   1  69   2  71   3  68   4  61   5  51   6  70   7  49   8  59   9  70  10  70  11  64  12  52  13  63  14  66  15  71  16  51  17  68  18  65  19  63 
  0  56   1  71   2  76   3  74   4  65   5  55   6  69   7  58   8  63   9  73  10  71  11  66  12  57  13  66  14  67  15  70  16  57  17  73  18  73  19  72 
  0  54   1  73   2  72   3  69   4  61   5  52   6  68   7  51   8  62   9  73  10  73  11  68  12  56  13  66  14  65  15  69  16  56  17  69  18  72  19  68 
  0  52   1  69   2  70   3  71   4  63   5  51   6  72   7  51   8  59   9  72  10  73  11  68  12  56  13  62  14  66  15  71  16  56  17  69  18  69  19  68 
  0  52   1  69   2  70   3  67   4  61   5  52   6  69   7  48   8  59   9  71  10  69  11  64  12  50  13  61  14  65  15  69  16  53  17  66  18  66  19  64 
  0  55   1  72   2  72   3  67   4  64   5  52   6  68   7  50   8  61   9  71  10  72  11  64  12  55  13  62  14  67  15  72  16  52  17  69  18  69  19  64 
  0  50   1  69   2  70   3  68   4  62   5  54   6  70   7  48   8  60   9  69  10  70  11  64  12  50  13  61  14  66  15  69  16  51  17  67  18  65  19  63 
  0  59   1  72   2  75   3  71   4  65   5  56   6  70   7  58   8  61   9  70  10  71  11  66  12  59  13  67  14  67  15  70  16  57  17  72  18  72  19  73 
  0  50   1  69   2  70   3  67   4  61   5  54   6  69   7  49   8  59   9  69  10  70  11  66  12  51  13  62  14  66  15  70  16  54  17  69  18  67  19  65 
  0  56   1  70   2  73   3  69   4  61   5  54   6  70   7  53   8  62   9  70  10  70  11  65  12  55  13  65  14  65  15  69  16  57  17  67  18  70  19  66 
  0  51   1  71   2  70   3  70   4  61   5  51   6  68   7  48   8  60   9  69  10  69  11  64  12  51  13  63  14  65  15  71  16  53  17  67  18  68  19  66 
  0  53   1  69   2  70   3  68   4  61   5  53   6  69   7  49   8  59   9  69  10  69  11  66  12  51  13  62  14  67  15  69  16  52  17  67  18  67  19  64 
  0  60   1  73   2  75   3  72   4  63   5  54   6  72   7  58   8  63   9  72  10  72  11  68  12  57  13  65  14  67  15  73  16  59  17  71  18  74  19  73 
  0  54   1  71   2  70   3  68   4  62   5  52   6  70   7  53   8  61   9  69  10  71  11  65  12  52  13  62  14  66  15  70  16  55  17  66  18  69  19  68 
  0  60   1  73   2  73   3  73   4  65   5  57   6  72   7  58   8  60   9  72  10  70  11  67  12  60  13  67  14  65  15  72  16  58  17  72  18  75  19  70 
  0  59   1  72   2  74   3  74   4  64   5  55   6  70   7  54   8  60   9  71  10  73  11  67  12  57  13  65  14  65  15  70  16  59  17  73  18  73  19  73 


