
 20  20

  0  25   1  22   2  35   3  34   4  31   5  29   6  29   7  21   8  31   9  35  10  24  11  38  12  26  13  24  14  32  15  26  16  37  17  23  18  20  19  24 
  0  29   1  24   2  35   3  38   4  31   5  29   6  29   7  21   8  34   9  39  10  25  11  39  12  26  13  30  14  35  15  27  16  38  17  25  18  26  19  26 
  0  22   1  18   2  34   3  35   4  30   5  24   6  29   7  21   8  30   9  31  10  24  11  34  12  27  13  27  14  30  15  26  16  36  17  20  18  21  19  25 
  0  25   1  22   2  34   3  33   4  31   5  28   6  29   7  19   8  33   9  34  10  26  11  38  12  27  13  28  14  31  15  28  16  34  17  22  18  23  19  25 
  0  19   1  19   2  31   3  34   4  28   5  27   6  27   7  19   8  29   9  30  10  22  11  36  12  23  13  22  14  25  15  23  16  35  17  22  18  16  19  26 
  0  21   1  18   2  30   3  32   4  31   5  25   6  28   7  21   8  31   9  33  10  24  11  36  12  23  13  24  14  30  15  24  16  33  17  23  18  17  19  25 
  0  22   1  18   2  33   3  36   4  30   5  27   6  28   7  21   8  34   9  36  10  23  11  37  12  25  13  26  14  31  15  28  16  35  17  25  18  20  19  25 
  0  21   1  16   2  29   3  30   4  27   5  25   6  28   7  20   8  32   9  31  10  24  11  33  12  25  13  26  14  26  15  23  16  33  17  24  18  18  19  26 
  0  24   1  24   2  33   3  37   4  31   5  27   6  27   7  21   8  32   9  38  10  23  11  39  12  24  13  30  14  33  15  27  16  36  17  24  18  24  19  26 
  0  25   1  21   2  33   3  31   4  30   5  28   6  27   7  19   8  29   9  34  10  22  11  35  12  23  13  26  14  28  15  27  16  35  17  23  18  22  19  24 
  0  25   1  20   2  37   3  36   4  32   5  31   6  29   7  20   8  35   9  35  10  23  11  36  12  26  13  29  14  32  15  27  16  37  17  26  18  24  19  26 
  0  25   1  20   2  32   3  34   4  32   5  26   6  29   7  20   8  31   9  33  10  22  11  38  12  24  13  28  14  31  15  29  16  37  17  22  18  24  19  25 
  0  19   1  19   2  32   3  30   4  27   5  25   6  27   7  19   8  29   9  30  10  22  11  32  12  23  13  25  14  25  15  25  16  32  17  21  18  19  19  25 
  0  19   1  18   2  29   3  30   4  28   5  24   6  28   7  19   8  30   9  29  10  22  11  32  12  23  13  22  14  25  15  25  16  33  17  20  18  16  19  24 
  0  27   1  24   2  34   3  38   4  30   5  31   6  29   7  21   8  36   9  37  10  26  11  39  12  25  13  29  14  32  15  28  16  35  17  24  18  26  19  24 
  0  24   1  20   2  35   3  34   4  31   5  25   6  29   7  21   8  34   9  33  10  22  11  34  12  27  13  24  14  30  15  28  16  37  17  25  18  21  19  24 
  0  23   1  22   2  31   3  33   4  29   5  28   6  27   7  20   8  31   9  34  10  26  11  34  12  27  13  25  14  28  15  24  16  33  17  22  18  22  19  26 
  0  28   1  22   2  35   3  37   4  30   5  31   6  27   7  21   8  33   9  38  10  25  11  36  12  26  13  29  14  33  15  26  16  37  17  24  18  25  19  24 
  0  22   1  16   2  32   3  31   4  30   5  27   6  28   7  19   8  31   9  34  10  24  11  36  12  25  13  22  14  28  15  23  16  34  17  23  18  21  19  26 
  0  20   1  19   2  34   3  32   4  27   5  25   6  28   7  19   8  30   9  34  10  23  11  35  12  23  13  26  14  28  15  25  16  34  17  22  18  19  19  26 


