
 20  20

  0  32   1  27   2  37   3  19   4  28   5  16   6  39   7  29   8  30   9  34  10  24  11  26  12  24  13  41  14  18  15  38  16  31  17  21  18  31  19  33 
  0  34   1  27   2  37   3  19   4  27   5  17   6  40   7  29   8  30   9  37  10  24  11  26  12  24  13  41  14  18  15  38  16  29  17  20  18  29  19  32 
  0  30   1  22   2  34   3  18   4  23   5  17   6  36   7  28   8  30   9  34  10  20  11  25  12  22  13  35  14  16  15  34  16  26  17  18  18  30  19  34 
  0  28   1  25   2  35   3  18   4  23   5  16   6  37   7  28   8  28   9  36  10  23  11  21  12  24  13  34  14  16  15  36  16  30  17  16  18  27  19  34 
  0  33   1  26   2  34   3  18   4  26   5  18   6  38   7  28   8  30   9  36  10  22  11  26  12  24  13  35  14  16  15  34  16  27  17  19  18  28  19  34 
  0  34   1  29   2  36   3  19   4  28   5  17   6  40   7  30   8  30   9  37  10  25  11  24  12  24  13  40  14  18  15  40  16  32  17  21  18  31  19  33 
  0  31   1  28   2  34   3  19   4  24   5  17   6  35   7  27   8  28   9  37  10  21  11  26  12  23  13  39  14  18  15  39  16  31  17  17  18  31  19  34 
  0  26   1  22   2  34   3  17   4  20   5  15   6  32   7  25   8  28   9  32  10  18  11  22  12  22  13  31  14  18  15  30  16  27  17  15  18  27  19  32 
  0  28   1  20   2  31   3  17   4  20   5  16   6  33   7  25   8  30   9  32  10  21  11  23  12  22  13  35  14  16  15  34  16  27  17  15  18  30  19  33 
  0  25   1  19   2  32   3  19   4  21   5  17   6  34   7  25   8  28   9  33  10  17  11  21  12  23  13  32  14  16  15  30  16  25  17  15  18  28  19  32 
  0  29   1  23   2  33   3  18   4  21   5  15   6  36   7  26   8  28   9  33  10  17  11  20  12  22  13  33  14  16  15  30  16  24  17  17  18  27  19  32 
  0  26   1  19   2  31   3  17   4  20   5  16   6  32   7  25   8  28   9  32  10  17  11  21  12  22  13  32  14  17  15  30  16  24  17  15  18  27  19  32 
  0  29   1  26   2  36   3  17   4  23   5  19   6  36   7  26   8  30   9  35  10  21  11  24  12  22  13  34  14  18  15  36  16  27  17  20  18  28  19  33 
  0  35   1  29   2  36   3  18   4  28   5  19   6  40   7  30   8  28   9  36  10  23  11  26  12  23  13  41  14  18  15  40  16  32  17  21  18  30  19  33 
  0  28   1  24   2  31   3  18   4  20   5  15   6  36   7  27   8  28   9  35  10  20  11  24  12  24  13  33  14  17  15  32  16  26  17  15  18  27  19  34 
  0  30   1  23   2  33   3  19   4  23   5  17   6  37   7  27   8  29   9  33  10  20  11  23  12  22  13  36  14  16  15  36  16  28  17  18  18  27  19  32 
  0  28   1  22   2  34   3  18   4  20   5  17   6  36   7  25   8  28   9  31  10  17  11  21  12  22  13  31  14  18  15  33  16  25  17  15  18  29  19  32 
  0  32   1  24   2  33   3  18   4  22   5  15   6  36   7  28   8  30   9  34  10  20  11  21  12  22  13  35  14  16  15  36  16  28  17  18  18  29  19  32 
  0  29   1  22   2  34   3  17   4  22   5  17   6  37   7  27   8  28   9  32  10  19  11  21  12  22  13  38  14  16  15  36  16  26  17  16  18  30  19  32 
  0  32   1  29   2  34   3  19   4  26   5  19   6  38   7  31   8  30   9  34  10  23  11  24  12  23  13  38  14  18  15  37  16  31  17  21  18  29  19  34 


