
 20  20

  0  23   1  22   2   5   3  22   4  11   5   6   6  24   7  17   8  23   9  22  10   6  11  15  12  17  13  18  14   3  15  25  16   4  17  25  18  15  19  15 
  0  20   1  20   2   3   3  18   4   9   5   4   6  22   7  17   8  23   9  18  10   3  11  13  12  12  13  19  14   2  15  19  16   3  17  23  18  17  19  14 
  0  20   1  21   2   8   3  22   4  11   5   4   6  24   7  18   8  22   9  21  10   5  11  15  12  13  13  18  14   3  15  22  16   4  17  22  18  16  19  17 
  0  22   1  21   2   8   3  21   4   9   5   4   6  21   7  21   8  23   9  23  10   8  11  12  12  16  13  17  14   6  15  24  16   4  17  24  18  17  19  15 
  0  21   1  21   2   5   3  20   4  11   5   5   6  20   7  18   8  19   9  20  10   4  11  14  12  12  13  17  14   4  15  21  16   6  17  23  18  17  19  14 
  0  17   1  22   2   7   3  19   4   9   5   4   6  19   7  16   8  20   9  19  10   4  11  11  12  15  13  17  14   2  15  19  16   2  17  22  18  15  19  14 
  0  17   1  17   2   5   3  18   4   9   5   6   6  18   7  16   8  22   9  16  10   6  11  11  12  12  13  19  14   2  15  19  16   1  17  19  18  15  19  12 
  0  14   1  20   2   2   3  16   4   9   5   4   6  20   7  15   8  19   9  15  10   3  11  12  12  10  13  17  14   3  15  20  16   3  17  19  18  15  19  13 
  0  16   1  18   2   2   3  18   4   9   5   4   6  19   7  16   8  19   9  18  10   2  11  12  12  11  13  17  14   5  15  17  16   1  17  18  18  15  19  11 
  0  21   1  21   2   7   3  20   4  10   5   5   6  20   7  20   8  20   9  23  10   6  11  14  12  16  13  17  14   5  15  25  16   7  17  21  18  17  19  18 
  0  22   1  20   2   5   3  23   4  10   5   6   6  21   7  17   8  21   9  21  10   8  11  15  12  13  13  19  14   4  15  21  16   8  17  22  18  17  19  18 
  0  24   1  23   2   6   3  23   4  11   5   6   6  22   7  21   8  23   9  23  10   7  11  15  12  16  13  18  14   6  15  24  16   6  17  25  18  17  19  18 
  0  18   1  18   2   5   3  16   4   9   5   4   6  19   7  17   8  20   9  18  10   5  11  12  12  10  13  17  14   2  15  18  16   2  17  19  18  16  19  13 
  0  18   1  21   2   5   3  21   4  11   5   6   6  21   7  18   8  22   9  17  10   7  11  15  12  15  13  17  14   3  15  19  16   4  17  19  18  17  19  13 
  0  22   1  23   2   8   3  23   4  11   5   4   6  22   7  21   8  22   9  20  10   7  11  15  12  16  13  19  14   6  15  24  16   7  17  25  18  15  19  19 
  0  20   1  20   2   8   3  23   4  11   5   6   6  22   7  19   8  23   9  22  10   5  11  15  12  15  13  17  14   6  15  22  16   6  17  25  18  17  19  16 
  0  18   1  18   2   5   3  19   4  10   5   6   6  20   7  17   8  20   9  19  10   7  11  14  12  12  13  18  14   6  15  22  16   4  17  20  18  16  19  15 
  0  17   1  21   2   6   3  21   4  11   5   6   6  19   7  19   8  23   9  21  10   6  11  13  12  14  13  19  14   4  15  21  16   5  17  23  18  17  19  16 
  0  22   1  21   2   6   3  19   4  11   5   6   6  24   7  17   8  22   9  19  10   5  11  15  12  16  13  19  14   5  15  21  16   5  17  22  18  17  19  18 
  0  16   1  21   2   2   3  20   4  11   5   4   6  20   7  14   8  21   9  16  10   2  11  14  12  14  13  17  14   4  15  18  16   1  17  20  18  17  19  14 


