
 20  20

  0  63   1  58   2  63   3  60   4  61   5  54   6  43   7  46   8  50   9  46  10  57  11  54  12  52  13  56  14  54  15  51  16  48  17  59  18  45  19  60 
  0  58   1  55   2  59   3  56   4  59   5  49   6  42   7  47   8  47   9  44  10  54  11  47  12  46  13  54  14  53  15  51  16  45  17  59  18  45  19  58 
  0  59   1  53   2  57   3  55   4  58   5  49   6  43   7  46   8  47   9  41  10  51  11  47  12  47  13  54  14  53  15  51  16  45  17  58  18  47  19  58 
  0  67   1  62   2  60   3  62   4  63   5  52   6  47   7  47   8  53   9  46  10  54  11  51  12  54  13  56  14  54  15  53  16  49  17  59  18  45  19  60 
  0  60   1  53   2  57   3  54   4  58   5  49   6  41   7  47   8  47   9  41  10  54  11  48  12  46  13  54  14  54  15  48  16  47  17  58  18  47  19  58 
  0  66   1  60   2  63   3  60   4  63   5  55   6  45   7  48   8  52   9  51  10  56  11  56  12  54  13  56  14  54  15  52  16  49  17  60  18  47  19  60 
  0  61   1  54   2  57   3  54   4  60   5  49   6  44   7  48   8  49   9  44  10  51  11  49  12  48  13  55  14  52  15  48  16  45  17  58  18  46  19  59 
  0  58   1  53   2  57   3  55   4  57   5  49   6  43   7  48   8  50   9  44  10  52  11  47  12  46  13  54  14  52  15  49  16  48  17  60  18  47  19  58 
  0  61   1  55   2  59   3  57   4  57   5  52   6  42   7  46   8  48   9  43  10  51  11  46  12  46  13  54  14  53  15  51  16  48  17  61  18  45  19  58 
  0  66   1  61   2  61   3  62   4  63   5  55   6  47   7  48   8  50   9  51  10  57  11  53  12  53  13  56  14  54  15  53  16  49  17  62  18  47  19  58 
  0  63   1  58   2  60   3  59   4  59   5  53   6  42   7  46   8  49   9  45  10  56  11  52  12  51  13  54  14  53  15  52  16  47  17  60  18  47  19  58 
  0  58   1  53   2  58   3  54   4  59   5  50   6  42   7  48   8  49   9  42  10  51  11  49  12  46  13  55  14  52  15  49  16  45  17  58  18  45  19  58 
  0  68   1  62   2  63   3  60   4  61   5  53   6  47   7  48   8  53   9  51  10  57  11  55  12  53  13  54  14  54  15  54  16  49  17  60  18  45  19  60 
  0  63   1  58   2  59   3  59   4  63   5  54   6  45   7  46   8  49   9  47  10  57  11  55  12  50  13  54  14  54  15  52  16  49  17  59  18  45  19  60 
  0  61   1  55   2  60   3  54   4  60   5  50   6  43   7  48   8  47   9  42  10  53  11  48  12  49  13  56  14  52  15  52  16  45  17  59  18  47  19  59 
  0  59   1  54   2  58   3  54   4  60   5  50   6  43   7  47   8  49   9  41  10  52  11  50  12  48  13  56  14  52  15  48  16  47  17  60  18  45  19  58 
  0  59   1  53   2  59   3  54   4  57   5  50   6  41   7  48   8  48   9  41  10  51  11  47  12  47  13  54  14  54  15  48  16  47  17  60  18  45  19  58 
  0  58   1  54   2  60   3  57   4  59   5  49   6  42   7  46   8  48   9  42  10  51  11  48  12  46  13  54  14  52  15  49  16  45  17  58  18  45  19  58 
  0  60   1  59   2  61   3  58   4  60   5  49   6  41   7  48   8  51   9  44  10  53  11  52  12  50  13  54  14  53  15  51  16  46  17  59  18  46  19  60 
  0  67   1  61   2  62   3  59   4  61   5  52   6  44   7  48   8  53   9  48  10  57  11  52  12  50  13  56  14  52  15  53  16  49  17  62  18  47  19  60 


