
 20  20

  0  94   1  90   2  99   3  92   4  95   5  82   6  93   7  84   8  89   9  95  10  91  11  90  12  86  13  84  14  91  15  83  16  91  17  95  18  91  19  96 
  0  95   1  89   2  99   3  90   4  97   5  83   6  92   7  84   8  90   9  96  10  87  11  88  12  88  13  80  14  91  15  79  16  89  17  97  18  91  19  94 
  0  98   1  91   2  98   3  93   4  95   5  83   6  93   7  83   8  87   9  94  10  91  11  88  12  88  13  85  14  91  15  84  16  92  17  97  18  92  19  98 
  0  94   1  88   2  95   3  90   4  94   5  83   6  92   7  83   8  88   9  94  10  86  11  84  12  86  13  80  14  88  15  78  16  88  17  95  18  88  19  91 
  0  99   1  89   2  99   3  92   4  99   5  85   6  94   7  84   8  92   9  94  10  93  11  93  12  88  13  85  14  94  15  83  16  90  17  97  18  91  19  99 
  0  95   1  88   2  99   3  92   4  96   5  81   6  92   7  84   8  87   9  96  10  87  11  86  12  87  13  80  14  89  15  81  16  88  17  95  18  88  19  92 
  0  93   1  88   2  98   3  91   4  96   5  81   6  92   7  83   8  86   9  95  10  88  11  86  12  88  13  78  14  91  15  77  16  88  17  95  18  90  19  91 
  0  97   1  89   2  99   3  90   4  99   5  84   6  94   7  84   8  91   9  95  10  93  11  91  12  86  13  82  14  91  15  86  16  90  17  97  18  91  19  96 
  0  91   1  88   2  97   3  89   4  93   5  83   6  92   7  84   8  86   9  94  10  86  11  85  12  88  13  78  14  90  15  77  16  85  17  95  18  90  19  92 
  0  92   1  91   2  96   3  89   4  94   5  82   6  93   7  84   8  86   9  96  10  87  11  89  12  88  13  79  14  92  15  79  16  89  17  95  18  89  19  93 
  0  99   1  92   2  99   3  91   4  98   5  85   6  93   7  84   8  92   9  95  10  92  11  92  12  88  13  85  14  96  15  87  16  91  17  96  18  90  19  99 
  0  99   1  91   2  99   3  93   4  97   5  84   6  92   7  83   8  90   9  96  10  94  11  94  12  88  13  86  14  96  15  85  16  91  17  95  18  90  19  99 
  0  91   1  88   2  96   3  91   4  95   5  83   6  92   7  82   8  87   9  94  10  87  11  84  12  86  13  79  14  89  15  77  16  86  17  95  18  88  19  92 
  0  97   1  92   2  99   3  90   4  95   5  84   6  93   7  83   8  92   9  95  10  93  11  89  12  88  13  81  14  94  15  83  16  91  17  97  18  91  19  94 
  0  96   1  88   2  96   3  91   4  95   5  81   6  93   7  82   8  89   9  94  10  88  11  86  12  88  13  80  14  92  15  81  16  88  17  97  18  89  19  95 
  0  94   1  91   2  97   3  89   4  93   5  84   6  92   7  84   8  86   9  96  10  87  11  88  12  86  13  79  14  92  15  82  16  86  17  97  18  88  19  93 
  0  92   1  88   2  96   3  89   4  95   5  81   6  94   7  83   8  86   9  94  10  88  11  84  12  86  13  80  14  88  15  77  16  85  17  97  18  89  19  92 
  0  93   1  89   2  96   3  89   4  96   5  81   6  92   7  83   8  87   9  95  10  86  11  85  12  87  13  80  14  91  15  80  16  88  17  96  18  88  19  91 
  0  99   1  90   2  99   3  93   4  99   5  83   6  94   7  84   8  92   9  96  10  93  11  94  12  88  13  86  14  93  15  86  16  92  17  97  18  90  19  98 
  0  97   1  91   2  98   3  90   4  98   5  83   6  94   7  83   8  90   9  96  10  91  11  90  12  86  13  85  14  94  15  85  16  90  17  97  18  92  19  97 


