
 20  20

  0  22   1  19   2  22   3  23   4  28   5  32   6  30   7  24   8  12   9  16  10  21  11  27  12  17  13  16  14  27  15  31  16  11  17  28  18  12  19  17 
  0  27   1  21   2  22   3  22   4  30   5  30   6  30   7  24   8  14   9  18  10  24  11  26  12  17  13  19  14  27  15  33  16  13  17  29  18  15  19  15 
  0  20   1  19   2  19   3  20   4  26   5  30   6  27   7  23   8  14   9  17  10  20  11  26  12  12  13  15  14  27  15  31  16  12  17  28  18  12  19  16 
  0  20   1  19   2  18   3  20   4  29   5  28   6  29   7  20   8  14   9  17  10  20  11  24  12  15  13  19  14  27  15  27  16  10  17  26  18  13  19  15 
  0  19   1  17   2  16   3  14   4  26   5  28   6  26   7  20   8  13   9  16  10  16  11  25  12  12  13  15  14  25  15  26  16   5  17  24  18   9  19  10 
  0  26   1  20   2  22   3  20   4  27   5  31   6  30   7  23   8  13   9  18  10  25  11  27  12  17  13  17  14  27  15  33  16  15  17  30  18  13  19  18 
  0  27   1  21   2  21   3  24   4  29   5  32   6  30   7  27   8  14   9  18  10  25  11  28  12  16  13  19  14  25  15  34  16  15  17  30  18  16  19  18 
  0  27   1  19   2  22   3  22   4  29   5  30   6  30   7  27   8  14   9  18  10  25  11  28  12  17  13  19  14  27  15  32  16  15  17  30  18  17  19  17 
  0  25   1  18   2  19   3  22   4  27   5  30   6  30   7  25   8  14   9  16  10  21  11  27  12  14  13  19  14  26  15  31  16  13  17  28  18  17  19  15 
  0  26   1  20   2  20   3  21   4  28   5  30   6  30   7  25   8  12   9  18  10  22  11  25  12  17  13  16  14  26  15  32  16  11  17  29  18  13  19  17 
  0  24   1  19   2  19   3  19   4  28   5  29   6  26   7  21   8  13   9  16  10  22  11  24  12  13  13  19  14  25  15  28  16  11  17  29  18  15  19  12 
  0  24   1  18   2  19   3  20   4  30   5  31   6  27   7  22   8  13   9  17  10  21  11  25  12  15  13  16  14  27  15  33  16  13  17  28  18  15  19  16 
  0  19   1  18   2  20   3  18   4  30   5  28   6  26   7  23   8  12   9  18  10  21  11  27  12  16  13  17  14  27  15  28  16  10  17  29  18  13  19  14 
  0  24   1  20   2  22   3  23   4  29   5  32   6  29   7  26   8  12   9  18  10  22  11  28  12  17  13  18  14  25  15  33  16  11  17  30  18  13  19  14 
  0  27   1  19   2  20   3  20   4  30   5  32   6  28   7  25   8  13   9  18  10  22  11  28  12  17  13  19  14  26  15  33  16  15  17  28  18  17  19  17 
  0  21   1  18   2  18   3  16   4  28   5  28   6  26   7  21   8  14   9  16  10  17  11  25  12  13  13  18  14  25  15  28  16   6  17  27  18  10  19  10 
  0  19   1  21   2  17   3  19   4  26   5  31   6  27   7  23   8  12   9  18  10  18  11  24  12  14  13  16  14  27  15  28  16   9  17  25  18  11  19  13 
  0  20   1  18   2  17   3  17   4  28   5  28   6  28   7  23   8  12   9  18  10  16  11  25  12  12  13  15  14  25  15  29  16   6  17  24  18   9  19  12 
  0  24   1  21   2  19   3  22   4  29   5  31   6  29   7  25   8  14   9  17  10  21  11  28  12  14  13  16  14  26  15  30  16  11  17  27  18  13  19  15 
  0  21   1  20   2  18   3  19   4  29   5  28   6  28   7  22   8  12   9  17  10  17  11  26  12  14  13  15  14  25  15  29  16  10  17  24  18  14  19  12 


