
 20  20

  0  12   1   4   2  14   3   7   4  13   5  14   6   6   7  18   8  15   9  20  10  25  11   8  12  12  13  22  14  13  15  12  16  13  17  20  18  22  19  11 
  0  20   1  12   2  16   3  11   4  16   5  22   6  10   7  20   8  23   9  27  10  29  11  17  12  12  13  26  14  15  15  14  16  17  17  26  18  27  19  15 
  0  18   1  11   2  13   3  11   4  18   5  17   6   7   7  19   8  18   9  24  10  28  11  11  12  12  13  23  14  14  15  14  16  13  17  23  18  23  19  11 
  0  20   1  14   2  16   3  10   4  16   5  20   6   7   7  20   8  21   9  25  10  28  11  14  12  12  13  25  14  14  15  14  16  17  17  23  18  24  19  13 
  0  13   1   8   2  15   3   7   4  13   5  15   6   6   7  19   8  15   9  17  10  23  11   8  12  10  13  23  14  13  15  14  16  14  17  20  18  23  19  13 
  0  20   1  11   2  16   3  13   4  16   5  22   6   9   7  20   8  23   9  26  10  27  11  16  12  12  13  26  14  15  15  14  16  14  17  25  18  25  19  15 
  0  17   1  11   2  13   3  12   4  17   5  21   6   6   7  18   8  19   9  26  10  27  11  12  12  10  13  23  14  14  15  14  16  16  17  25  18  25  19  13 
  0  16   1  13   2  15   3  13   4  16   5  18   6   9   7  20   8  19   9  25  10  29  11  15  12  11  13  26  14  13  15  14  16  17  17  26  18  26  19  15 
  0  13   1  10   2  14   3   9   4  15   5  17   6   6   7  18   8  20   9  21  10  25  11  14  12  10  13  26  14  15  15  12  16  14  17  21  18  26  19  15 
  0  14   1   9   2  14   3   9   4  13   5  19   6   7   7  18   8  20   9  23  10  25  11   9  12  11  13  22  14  13  15  14  16  13  17  24  18  22  19  13 
  0  13   1   4   2  12   3  10   4  12   5  14   6   4   7  18   8  16   9  18  10  25  11   9  12  11  13  22  14  13  15  14  16  16  17  20  18  21  19  11 
  0  12   1   6   2  12   3  10   4  15   5  17   6   7   7  19   8  18   9  21  10  24  11   7  12  10  13  23  14  13  15  14  16  14  17  21  18  23  19  11 
  0  17   1  10   2  13   3  12   4  15   5  22   6   7   7  18   8  22   9  22  10  28  11  13  12  11  13  23  14  13  15  14  16  16  17  26  18  23  19  14 
  0  14   1   9   2  12   3   7   4  14   5  16   6   5   7  18   8  18   9  21  10  22  11   9  12  10  13  24  14  14  15  14  16  16  17  23  18  25  19  14 
  0  14   1  12   2  15   3   9   4  15   5  21   6  10   7  19   8  20   9  24  10  28  11  14  12  11  13  26  14  15  15  13  16  13  17  26  18  23  19  15 
  0  10   1   7   2  13   3  10   4  12   5  17   6   4   7  18   8  16   9  20  10  24  11   7  12  10  13  22  14  13  15  14  16  15  17  21  18  23  19  12 
  0  14   1   8   2  12   3  10   4  15   5  16   6   8   7  18   8  19   9  23  10  25  11  14  12  10  13  26  14  13  15  14  16  16  17  21  18  26  19  13 
  0  15   1   6   2  13   3   8   4  13   5  16   6   5   7  18   8  18   9  21  10  24  11  10  12  10  13  22  14  15  15  14  16  16  17  22  18  23  19  13 
  0  14   1   8   2  15   3   8   4  16   5  18   6   7   7  20   8  18   9  22  10  26  11  14  12  11  13  26  14  13  15  12  16  13  17  23  18  26  19  11 
  0  13   1   5   2  12   3   7   4  16   5  14   6   8   7  19   8  19   9  22  10  22  11  12  12  12  13  24  14  13  15  12  16  13  17  22  18  22  19  11 


