
 20  20

  0  77   1  85   2  73   3  75   4  74   5  67   6  86   7  78   8  85   9  84  10  86  11  83  12  71  13  87  14  84  15  89  16  68  17  76  18  80  19  87 
  0  84   1  84   2  80   3  78   4  76   5  76   6  89   7  77   8  89   9  84  10  86  11  89  12  78  13  95  14  86  15  93  16  76  17  77  18  82  19  96 
  0  80   1  87   2  75   3  74   4  75   5  71   6  88   7  77   8  92   9  84  10  85  11  85  12  75  13  90  14  84  15  92  16  72  17  78  18  84  19  94 
  0  82   1  87   2  80   3  76   4  78   5  74   6  90   7  80   8  90   9  83  10  86  11  89  12  78  13  92  14  86  15  95  16  77  17  77  18  85  19  96 
  0  79   1  84   2  74   3  75   4  73   5  74   6  89   7  79   8  91   9  84  10  86  11  88  12  74  13  92  14  86  15  90  16  74  17  78  18  83  19  93 
  0  84   1  86   2  80   3  75   4  79   5  76   6  90   7  80   8  88   9  84  10  84  11  89  12  78  13  95  14  86  15  95  16  75  17  78  18  85  19  96 
  0  76   1  86   2  74   3  74   4  69   5  67   6  84   7  79   8  88   9  82  10  85  11  84  12  72  13  85  14  85  15  86  16  69  17  76  18  79  19  86 
  0  83   1  84   2  77   3  77   4  76   5  71   6  91   7  78   8  91   9  84  10  86  11  85  12  76  13  94  14  84  15  94  16  73  17  78  18  82  19  91 
  0  82   1  86   2  78   3  78   4  76   5  75   6  90   7  80   8  90   9  82  10  86  11  89  12  75  13  93  14  86  15  93  16  75  17  76  18  85  19  93 
  0  76   1  83   2  73   3  71   4  70   5  66   6  84   7  76   8  86   9  83  10  84  11  81  12  72  13  87  14  84  15  85  16  68  17  76  18  79  19  89 
  0  80   1  87   2  78   3  78   4  77   5  75   6  90   7  80   8  88   9  83  10  86  11  85  12  75  13  91  14  86  15  94  16  74  17  78  18  81  19  95 
  0  82   1  87   2  76   3  77   4  76   5  73   6  91   7  79   8  92   9  82  10  86  11  86  12  77  13  94  14  84  15  90  16  76  17  76  18  81  19  94 
  0  78   1  83   2  73   3  72   4  70   5  69   6  86   7  79   8  88   9  82  10  84  11  83  12  74  13  88  14  86  15  89  16  69  17  78  18  80  19  87 
  0  76   1  83   2  70   3  73   4  71   5  66   6  87   7  77   8  85   9  82  10  85  11  83  12  72  13  87  14  84  15  88  16  68  17  76  18  77  19  86 
  0  77   1  86   2  74   3  74   4  75   5  71   6  87   7  79   8  88   9  83  10  85  11  86  12  72  13  89  14  86  15  89  16  71  17  77  18  82  19  89 
  0  74   1  86   2  73   3  71   4  70   5  67   6  84   7  77   8  84   9  82  10  84  11  81  12  72  13  85  14  86  15  86  16  68  17  76  18  78  19  87 
  0  83   1  87   2  76   3  77   4  77   5  75   6  88   7  78   8  87   9  83  10  86  11  85  12  77  13  91  14  86  15  91  16  76  17  76  18  81  19  95 
  0  77   1  83   2  74   3  72   4  74   5  70   6  84   7  76   8  86   9  83  10  84  11  82  12  71  13  86  14  84  15  86  16  72  17  76  18  81  19  89 
  0  75   1  83   2  72   3  70   4  73   5  67   6  85   7  76   8  88   9  84  10  86  11  81  12  73  13  87  14  84  15  88  16  71  17  78  18  79  19  90 
  0  76   1  84   2  70   3  72   4  71   5  69   6  87   7  77   8  84   9  82  10  86  11  83  12  71  13  85  14  84  15  88  16  67  17  78  18  79  19  86 


