
 20  20

  0  80   1  87   2  95   3  82   4  83   5  87   6  92   7  91   8  79   9  92  10  83  11  92  12  89  13  91  14  92  15  83  16  92  17  75  18  88  19  97 
  0  81   1  89   2  98   3  88   4  86   5  90   6  94   7  94   8  84   9  95  10  85  11  93  12  93  13  94  14  94  15  87  16  93  17  82  18  92  19  97 
  0  82   1  87   2  96   3  85   4  86   5  89   6  93   7  95   8  85   9  95  10  83  11  92  12  90  13  95  14  95  15  86  16  91  17  80  18  91  19  96 
  0  81   1  89   2  98   3  86   4  86   5  93   6  91   7  95   8  87   9  92  10  83  11  92  12  93  13  95  14  93  15  87  16  92  17  80  18  92  19  97 
  0  75   1  87   2  93   3  81   4  80   5  87   6  88   7  91   8  80   9  92  10  84  11  87  12  89  13  88  14  91  15  83  16  90  17  72  18  84  19  96 
  0  74   1  87   2  92   3  80   4  77   5  89   6  90   7  94   8  79   9  92  10  83  11  90  12  90  13  87  14  91  15  84  16  89  17  72  18  84  19  96 
  0  74   1  87   2  92   3  80   4  77   5  87   6  88   7  92   8  78   9  91  10  83  11  87  12  91  13  88  14  91  15  84  16  90  17  73  18  84  19  97 
  0  78   1  89   2  96   3  84   4  84   5  88   6  92   7  95   8  82   9  95  10  83  11  93  12  91  13  92  14  91  15  87  16  90  17  77  18  88  19  97 
  0  81   1  88   2  97   3  90   4  84   5  93   6  94   7  95   8  86   9  95  10  85  11  92  12  93  13  92  14  93  15  87  16  92  17  81  18  92  19  97 
  0  75   1  87   2  93   3  80   4  80   5  87   6  88   7  91   8  78   9  93  10  84  11  87  12  91  13  87  14  93  15  84  16  89  17  72  18  83  19  97 
  0  75   1  87   2  92   3  84   4  80   5  89   6  88   7  93   8  77   9  92  10  85  11  91  12  91  13  87  14  92  15  83  16  92  17  73  18  83  19  95 
  0  81   1  88   2  95   3  89   4  82   5  91   6  90   7  93   8  83   9  95  10  83  11  93  12  91  13  91  14  94  15  86  16  93  17  78  18  87  19  95 
  0  79   1  89   2  97   3  89   4  83   5  90   6  94   7  94   8  83   9  93  10  83  11  94  12  90  13  95  14  93  15  87  16  93  17  77  18  89  19  96 
  0  82   1  88   2  94   3  86   4  82   5  90   6  92   7  92   8  84   9  94  10  85  11  93  12  92  13  93  14  92  15  85  16  91  17  78  18  88  19  95 
  0  78   1  89   2  93   3  83   4  80   5  89   6  89   7  91   8  78   9  92  10  83  11  90  12  91  13  88  14  94  15  85  16  92  17  73  18  83  19  96 
  0  82   1  87   2  93   3  88   4  81   5  92   6  90   7  92   8  81   9  91  10  85  11  94  12  89  13  92  14  91  15  83  16  92  17  77  18  90  19  96 
  0  77   1  89   2  96   3  83   4  81   5  90   6  93   7  93   8  80   9  91  10  84  11  89  12  91  13  88  14  95  15  84  16  91  17  76  18  88  19  97 
  0  80   1  87   2  94   3  88   4  82   5  91   6  94   7  95   8  83   9  92  10  83  11  92  12  92  13  91  14  93  15  85  16  92  17  79  18  89  19  97 
  0  76   1  88   2  94   3  82   4  79   5  87   6  88   7  91   8  78   9  93  10  84  11  87  12  91  13  87  14  93  15  83  16  90  17  72  18  82  19  95 
  0  79   1  89   2  97   3  85   4  83   5  88   6  90   7  95   8  80   9  92  10  85  11  92  12  89  13  92  14  92  15  87  16  92  17  76  18  86  19  97 


