
 20  20

  0  46   1  37   2  41   3  42   4  51   5  40   6  50   7  57   8  45   9  44  10  48  11  56  12  44  13  43  14  38  15  35  16  39  17  54  18  54  19  46 
  0  47   1  39   2  40   3  41   4  51   5  37   6  48   7  55   8  47   9  46  10  48  11  57  12  47  13  45  14  40  15  35  16  42  17  54  18  53  19  48 
  0  47   1  40   2  42   3  41   4  51   5  39   6  49   7  55   8  47   9  45  10  48  11  55  12  46  13  44  14  38  15  38  16  42  17  57  18  56  19  47 
  0  50   1  44   2  40   3  42   4  57   5  46   6  56   7  59   8  51   9  48  10  54  11  60  12  48  13  44  14  40  15  42  16  42  17  58  18  56  19  47 
  0  49   1  40   2  42   3  45   4  55   5  40   6  52   7  59   8  49   9  47  10  55  11  59  12  50  13  44  14  38  15  40  16  40  17  55  18  54  19  48 
  0  48   1  42   2  40   3  44   4  56   5  43   6  53   7  56   8  50   9  47  10  54  11  57  12  48  13  46  14  42  15  40  16  40  17  55  18  54  19  48 
  0  50   1  42   2  42   3  42   4  55   5  39   6  51   7  56   8  49   9  47  10  50  11  60  12  48  13  46  14  40  15  38  16  42  17  56  18  54  19  48 
  0  44   1  38   2  42   3  42   4  51   5  37   6  47   7  55   8  44   9  44  10  48  11  56  12  44  13  43  14  38  15  35  16  39  17  56  18  54  19  46 
  0  51   1  45   2  42   3  45   4  57   5  44   6  53   7  59   8  49   9  46  10  53  11  59  12  50  13  46  14  42  15  41  16  41  17  58  18  56  19  47 
  0  51   1  41   2  41   3  43   4  56   5  44   6  54   7  57   8  48   9  49  10  51  11  58  12  46  13  47  14  41  15  41  16  40  17  54  18  56  19  47 
  0  44   1  36   2  40   3  43   4  54   5  37   6  47   7  55   8  47   9  45  10  51  11  57  12  44  13  45  14  38  15  35  16  41  17  54  18  53  19  47 
  0  48   1  42   2  42   3  41   4  55   5  41   6  50   7  57   8  47   9  49  10  53  11  60  12  50  13  46  14  41  15  42  16  43  17  55  18  55  19  48 
  0  49   1  39   2  41   3  41   4  53   5  41   6  50   7  55   8  49   9  47  10  52  11  60  12  46  13  44  14  40  15  38  16  39  17  54  18  55  19  46 
  0  51   1  44   2  42   3  43   4  54   5  44   6  52   7  55   8  50   9  47  10  55  11  58  12  48  13  45  14  38  15  41  16  40  17  54  18  55  19  46 
  0  52   1  42   2  42   3  45   4  58   5  47   6  57   7  59   8  51   9  50  10  55  11  60  12  49  13  46  14  40  15  44  16  45  17  56  18  57  19  47 
  0  45   1  36   2  40   3  41   4  52   5  40   6  49   7  55   8  44   9  44  10  51  11  55  12  46  13  43  14  38  15  35  16  40  17  55  18  53  19  47 
  0  54   1  42   2  42   3  44   4  56   5  46   6  55   7  58   8  53   9  47  10  55  11  63  12  51  13  47  14  42  15  41  16  43  17  57  18  56  19  47 
  0  53   1  44   2  42   3  45   4  59   5  45   6  57   7  58   8  54   9  48  10  58  11  62  12  52  13  47  14  42  15  45  16  45  17  58  18  59  19  48 
  0  50   1  43   2  42   3  42   4  53   5  43   6  51   7  59   8  48   9  47  10  55  11  57  12  48  13  43  14  38  15  40  16  44  17  56  18  55  19  48 
  0  48   1  41   2  42   3  44   4  53   5  39   6  48   7  55   8  46   9  46  10  51  11  59  12  44  13  43  14  39  15  37  16  42  17  54  18  56  19  48 


