
 20  20

  0  83   1  95   2  82   3  80   4  93   5  98   6  82   7  92   8  91   9  80  10  89  11  96  12  84  13  97  14  84  15  95  16  89  17  93  18  81  19  82 
  0  80   1  94   2  80   3  73   4  89   5  94   6  79   7  90   8  87   9  76  10  87  11  96  12  85  13  93  14  80  15  91  16  83  17  93  18  81  19  83 
  0  86   1  96   2  79   3  78   4  95   5  98   6  81   7  92   8  89   9  78  10  87  11  99  12  86  13  94  14  83  15  93  16  86  17  91  18  83  19  82 
  0  77   1  92   2  78   3  75   4  87   5  91   6  77   7  92   8  82   9  73  10  87  11  92  12  84  13  91  14  78  15  91  16  82  17  93  18  78  19  81 
  0  79   1  92   2  79   3  72   4  89   5  92   6  80   7  93   8  83   9  73  10  88  11  94  12  84  13  91  14  78  15  91  16  81  17  91  18  78  19  80 
  0  87   1  98   2  80   3  79   4  95   5  99   6  85   7  94   8  92   9  80  10  88  11  99  12  84  13  97  14  83  15  95  16  90  17  93  18  84  19  86 
  0  82   1  95   2  81   3  77   4  91   5  92   6  81   7  90   8  85   9  76  10  89  11  97  12  84  13  90  14  81  15  91  16  82  17  92  18  78  19  81 
  0  81   1  97   2  80   3  76   4  90   5  95   6  81   7  92   8  85   9  77  10  88  11  98  12  86  13  93  14  82  15  95  16  83  17  93  18  78  19  81 
  0  81   1  95   2  82   3  76   4  92   5  96   6  80   7  91   8  86   9  75  10  87  11  98  12  84  13  93  14  83  15  93  16  85  17  91  18  79  19  84 
  0  87   1  96   2  82   3  78   4  94   5  99   6  84   7  94   8  91   9  80  10  89  11  98  12  85  13  98  14  83  15  95  16  90  17  93  18  83  19  86 
  0  81   1  95   2  81   3  74   4  93   5  97   6  80   7  93   8  85   9  76  10  87  11  94  12  84  13  91  14  78  15  92  16  84  17  93  18  80  19  80 
  0  79   1  93   2  79   3  77   4  93   5  96   6  80   7  93   8  85   9  75  10  89  11  96  12  85  13  91  14  77  15  92  16  84  17  91  18  80  19  82 
  0  80   1  94   2  80   3  77   4  89   5  93   6  82   7  92   8  89   9  75  10  88  11  97  12  85  13  94  14  78  15  95  16  83  17  91  18  80  19  81 
  0  84   1  96   2  80   3  75   4  90   5  95   6  80   7  92   8  85   9  77  10  89  11  97  12  86  13  92  14  78  15  92  16  87  17  93  18  80  19  81 
  0  87   1  95   2  79   3  76   4  93   5  99   6  85   7  92   8  92   9  78  10  87  11  98  12  86  13  98  14  84  15  94  16  90  17  93  18  84  19  84 
  0  80   1  95   2  78   3  73   4  90   5  92   6  77   7  91   8  85   9  75  10  88  11  92  12  84  13  92  14  79  15  94  16  81  17  92  18  78  19  80 
  0  82   1  97   2  81   3  78   4  94   5  98   6  84   7  92   8  87   9  80  10  87  11  99  12  85  13  96  14  80  15  92  16  86  17  92  18  83  19  85 
  0  78   1  92   2  78   3  72   4  88   5  90   6  77   7  91   8  83   9  72  10  89  11  94  12  84  13  88  14  75  15  91  16  82  17  93  18  78  19  78 
  0  78   1  92   2  78   3  73   4  90   5  92   6  79   7  90   8  82   9  72  10  88  11  92  12  84  13  89  14  77  15  91  16  80  17  91  18  79  19  80 
  0  79   1  92   2  80   3  75   4  90   5  94   6  78   7  90   8  86   9  75  10  87  11  92  12  84  13  89  14  75  15  92  16  82  17  91  18  78  19  81 


