
 20  20

  0  63   1  78   2  67   3  67   4  61   5  68   6  65   7  62   8  67   9  82  10  84  11  72  12  72  13  70  14  80  15  64  16  76  17  72  18  80  19  79 
  0  62   1  78   2  64   3  66   4  63   5  65   6  65   7  63   8  67   9  81  10  84  11  72  12  74  13  74  14  81  15  64  16  76  17  70  18  79  19  81 
  0  71   1  83   2  71   3  69   4  67   5  71   6  69   7  64   8  71   9  83  10  84  11  76  12  72  13  79  14  85  15  64  16  79  17  72  18  84  19  81 
  0  70   1  84   2  70   3  69   4  67   5  71   6  67   7  62   8  71   9  82  10  84  11  78  12  72  13  76  14  86  15  65  16  79  17  73  18  87  19  81 
  0  63   1  80   2  65   3  65   4  62   5  68   6  66   7  64   8  65   9  80  10  83  11  71  12  74  13  72  14  85  15  66  16  78  17  69  18  83  19  81 
  0  61   1  75   2  63   3  65   4  59   5  64   6  65   7  62   8  64   9  78  10  82  11  68  12  72  13  69  14  80  15  64  16  74  17  69  18  79  19  79 
  0  62   1  74   2  63   3  67   4  59   5  64   6  68   7  62   8  64   9  78  10  84  11  68  12  74  13  72  14  81  15  66  16  74  17  72  18  80  19  79 
  0  68   1  84   2  73   3  69   4  67   5  69   6  69   7  62   8  69   9  84  10  84  11  78  12  74  13  79  14  85  15  66  16  77  17  73  18  85  19  81 
  0  62   1  75   2  63   3  65   4  59   5  64   6  65   7  63   8  64   9  81  10  82  11  70  12  74  13  69  14  82  15  64  16  74  17  69  18  79  19  79 
  0  61   1  74   2  63   3  65   4  60   5  66   6  66   7  64   8  63   9  80  10  83  11  70  12  73  13  69  14  82  15  64  16  73  17  71  18  77  19  79 
  0  69   1  84   2  70   3  67   4  65   5  72   6  69   7  62   8  70   9  83  10  84  11  77  12  73  13  77  14  84  15  66  16  79  17  73  18  84  19  81 
  0  69   1  84   2  73   3  69   4  67   5  72   6  67   7  64   8  69   9  83  10  84  11  78  12  74  13  79  14  86  15  66  16  77  17  73  18  87  19  81 
  0  65   1  76   2  63   3  68   4  60   5  64   6  68   7  62   8  65   9  81  10  82  11  68  12  72  13  72  14  81  15  64  16  73  17  70  18  80  19  81 
  0  64   1  74   2  65   3  67   4  60   5  67   6  68   7  62   8  66   9  80  10  82  11  71  12  72  13  70  14  80  15  64  16  73  17  72  18  77  19  80 
  0  64   1  77   2  68   3  68   4  60   5  66   6  65   7  62   8  64   9  80  10  82  11  73  12  74  13  73  14  84  15  64  16  73  17  69  18  79  19  81 
  0  69   1  80   2  72   3  69   4  66   5  68   6  67   7  63   8  67   9  81  10  83  11  74  12  74  13  76  14  84  15  66  16  79  17  72  18  84  19  79 
  0  63   1  77   2  66   3  65   4  61   5  67   6  68   7  64   8  63   9  82  10  84  11  71  12  72  13  73  14  82  15  65  16  73  17  69  18  81  19  79 
  0  61   1  75   2  67   3  68   4  61   5  66   6  65   7  62   8  63   9  78  10  82  11  68  12  72  13  70  14  83  15  64  16  75  17  72  18  77  19  80 
  0  65   1  80   2  70   3  69   4  62   5  71   6  69   7  64   8  69   9  80  10  83  11  73  12  73  13  74  14  83  15  64  16  78  17  70  18  85  19  80 
  0  67   1  83   2  70   3  66   4  66   5  68   6  69   7  62   8  67   9  84  10  83  11  75  12  74  13  78  14  82  15  64  16  79  17  72  18  86  19  80 


