
 20  20

  0  44   1  49   2  35   3  29   4  29   5  38   6  32   7  47   8  34   9  46  10  28  11  41  12  40  13  40  14  35  15  41  16  32  17  40  18  31  19  30 
  0  42   1  44   2  35   3  30   4  31   5  38   6  35   7  45   8  31   9  44  10  31  11  38  12  37  13  38  14  36  15  42  16  31  17  40  18  32  19  29 
  0  41   1  41   2  34   3  30   4  30   5  39   6  34   7  45   8  30   9  42  10  27  11  36  12  35  13  38  14  36  15  41  16  31  17  37  18  31  19  29 
  0  44   1  50   2  35   3  29   4  31   5  40   6  37   7  45   8  33   9  46  10  30  11  41  12  41  13  40  14  38  15  42  16  32  17  39  18  34  19  28 
  0  41   1  45   2  36   3  29   4  29   5  42   6  32   7  45   8  31   9  45  10  26  11  40  12  38  13  36  14  38  15  38  16  31  17  40  18  28  19  28 
  0  45   1  48   2  38   3  31   4  31   5  42   6  35   7  47   8  36   9  50  10  34  11  43  12  42  13  42  14  37  15  40  16  32  17  43  18  33  19  30 
  0  40   1  44   2  36   3  31   4  29   5  39   6  33   7  46   8  31   9  43  10  28  11  39  12  39  13  38  14  39  15  40  16  33  17  41  18  29  19  30 
  0  42   1  42   2  35   3  29   4  30   5  41   6  31   7  45   8  33   9  45  10  29  11  38  12  34  13  36  14  35  15  38  16  31  17  41  18  28  19  28 
  0  45   1  50   2  38   3  30   4  31   5  41   6  35   7  47   8  34   9  48  10  31  11  43  12  42  13  42  14  39  15  42  16  32  17  40  18  34  19  30 
  0  43   1  47   2  35   3  31   4  30   5  39   6  33   7  46   8  34   9  47  10  32  11  40  12  40  13  39  14  39  15  42  16  33  17  41  18  32  19  30 
  0  48   1  48   2  37   3  31   4  30   5  42   6  36   7  46   8  36   9  48  10  33  11  45  12  42  13  42  14  39  15  41  16  32  17  42  18  34  19  30 
  0  48   1  51   2  35   3  29   4  31   5  42   6  34   7  46   8  34   9  49  10  31  11  42  12  40  13  39  14  39  15  39  16  33  17  40  18  34  19  30 
  0  47   1  51   2  36   3  31   4  31   5  42   6  35   7  45   8  36   9  48  10  30  11  45  12  42  13  42  14  39  15  39  16  33  17  43  18  33  19  29 
  0  42   1  47   2  38   3  30   4  29   5  38   6  33   7  47   8  33   9  46  10  30  11  39  12  38  13  41  14  35  15  40  16  33  17  42  18  33  19  30 
  0  43   1  47   2  37   3  29   4  31   5  42   6  35   7  47   8  33   9  48  10  30  11  41  12  37  13  41  14  36  15  39  16  31  17  42  18  33  19  30 
  0  44   1  47   2  36   3  29   4  30   5  40   6  36   7  47   8  36   9  47  10  28  11  42  12  39  13  39  14  36  15  39  16  32  17  40  18  34  19  28 
  0  46   1  48   2  37   3  31   4  31   5  41   6  37   7  45   8  35   9  48  10  31  11  43  12  40  13  42  14  39  15  41  16  32  17  43  18  33  19  30 
  0  45   1  50   2  35   3  31   4  31   5  39   6  37   7  47   8  32   9  49  10  30  11  44  12  42  13  42  14  39  15  42  16  31  17  42  18  34  19  30 
  0  48   1  51   2  38   3  31   4  31   5  42   6  37   7  47   8  36   9  50  10  34  11  45  12  42  13  41  14  37  15  40  16  32  17  43  18  34  19  30 
  0  48   1  50   2  38   3  31   4  29   5  42   6  34   7  47   8  35   9  47  10  31  11  43  12  42  13  41  14  37  15  41  16  33  17  41  18  34  19  30 


