
 20  20

  0  24   1  45   2  31   3  47   4  38   5  48   6  32   7  34   8  26   9  43  10  44  11  43  12  44  13  27  14  37  15  45  16  33  17  44  18  27  19  32 
  0  23   1  41   2  31   3  41   4  34   5  43   6  27   7  34   8  21   9  42  10  43  11  41  12  38  13  24  14  33  15  39  16  30  17  44  18  22  19  30 
  0  26   1  45   2  33   3  46   4  35   5  44   6  30   7  34   8  23   9  42  10  42  11  42  12  43  13  27  14  35  15  42  16  29  17  42  18  27  19  29 
  0  26   1  42   2  33   3  44   4  38   5  43   6  32   7  35   8  26   9  42  10  43  11  41  12  43  13  27  14  36  15  44  16  29  17  43  18  24  19  30 
  0  27   1  48   2  33   3  45   4  37   5  47   6  32   7  37   8  27   9  42  10  44  11  43  12  47  13  26  14  40  15  45  16  36  17  42  18  27  19  32 
  0  29   1  46   2  32   3  45   4  36   5  45   6  35   7  37   8  26   9  43  10  44  11  46  12  47  13  30  14  40  15  46  16  35  17  44  18  26  19  31 
  0  25   1  44   2  31   3  42   4  37   5  46   6  32   7  34   8  25   9  44  10  44  11  39  12  42  13  24  14  34  15  39  16  31  17  42  18  24  19  28 
  0  23   1  45   2  32   3  41   4  34   5  44   6  27   7  33   8  22   9  42  10  42  11  42  12  40  13  25  14  33  15  39  16  29  17  43  18  22  19  28 
  0  30   1  48   2  33   3  49   4  39   5  46   6  36   7  37   8  28   9  44  10  44  11  47  12  47  13  30  14  39  15  43  16  34  17  44  18  31  19  29 
  0  25   1  45   2  33   3  43   4  34   5  46   6  29   7  33   8  26   9  44  10  43  11  42  12  40  13  26  14  38  15  42  16  31  17  44  18  25  19  29 
  0  22   1  43   2  33   3  42   4  36   5  46   6  29   7  34   8  23   9  42  10  42  11  42  12  38  13  26  14  35  15  42  16  28  17  42  18  24  19  29 
  0  26   1  48   2  31   3  45   4  37   5  45   6  31   7  35   8  27   9  43  10  45  11  46  12  42  13  30  14  40  15  43  16  34  17  42  18  29  19  32 
  0  27   1  45   2  31   3  47   4  36   5  46   6  33   7  33   8  24   9  43  10  45  11  43  12  43  13  26  14  38  15  45  16  34  17  44  18  28  19  29 
  0  26   1  44   2  32   3  48   4  36   5  49   6  32   7  35   8  25   9  43  10  43  11  43  12  42  13  28  14  38  15  44  16  33  17  44  18  28  19  28 
  0  29   1  44   2  33   3  48   4  40   5  48   6  33   7  37   8  27   9  42  10  43  11  46  12  45  13  29  14  39  15  42  16  35  17  44  18  26  19  29 
  0  28   1  49   2  33   3  49   4  39   5  49   6  37   7  36   8  31   9  43  10  46  11  47  12  46  13  29  14  42  15  46  16  36  17  44  18  31  19  31 
  0  25   1  41   2  31   3  44   4  34   5  44   6  31   7  36   8  25   9  42  10  44  11  39  12  42  13  28  14  34  15  40  16  31  17  43  18  24  19  30 
  0  22   1  43   2  33   3  41   4  34   5  45   6  30   7  35   8  21   9  42  10  42  11  39  12  40  13  25  14  33  15  39  16  31  17  43  18  21  19  28 
  0  21   1  41   2  31   3  41   4  34   5  43   6  28   7  33   8  21   9  43  10  43  11  39  12  40  13  25  14  33  15  40  16  28  17  42  18  21  19  28 
  0  26   1  46   2  34   3  44   4  37   5  48   6  36   7  35   8  27   9  44  10  46  11  44  12  47  13  27  14  42  15  44  16  31  17  44  18  27  19  30 


