
 20  20

  0  75   1  76   2  86   3  76   4  89   5  90   6  86   7  79   8  92   9  87  10  88  11  88  12  84  13  75  14  80  15  87  16  80  17  93  18  82  19  76 
  0  84   1  85   2  94   3  80   4  89   5  93   6  87   7  83   8  91   9  93  10  92  11  90  12  89  13  78  14  86  15  93  16  79  17  96  18  84  19  76 
  0  78   1  81   2  89   3  79   4  89   5  92   6  85   7  82   8  90   9  91  10  90  11  92  12  88  13  77  14  84  15  91  16  78  17  93  18  82  19  77 
  0  76   1  79   2  87   3  76   4  89   5  87   6  85   7  78   8  92   9  87  10  89  11  91  12  84  13  76  14  80  15  88  16  78  17  95  18  82  19  76 
  0  76   1  79   2  87   3  78   4  91   5  90   6  86   7  77   8  90   9  88  10  88  11  88  12  88  13  75  14  80  15  88  16  78  17  92  18  82  19  76 
  0  82   1  84   2  94   3  82   4  91   5  95   6  87   7  84   8  92   9  95  10  92  11  90  12  90  13  81  14  85  15  91  16  80  17  96  18  84  19  78 
  0  82   1  85   2  93   3  81   4  89   5  95   6  86   7  84   8  92   9  95  10  89  11  91  12  90  13  81  14  86  15  92  16  80  17  96  18  83  19  76 
  0  74   1  76   2  87   3  78   4  91   5  88   6  86   7  79   8  91   9  87  10  88  11  88  12  84  13  76  14  79  15  90  16  79  17  92  18  82  19  76 
  0  84   1  86   2  94   3  82   4  91   5  91   6  86   7  80   8  92   9  94  10  90  11  89  12  89  13  81  14  82  15  90  16  78  17  96  18  84  19  78 
  0  79   1  82   2  91   3  78   4  91   5  90   6  87   7  79   8  91   9  93  10  90  11  91  12  91  13  79  14  82  15  89  16  79  17  94  18  82  19  77 
  0  79   1  84   2  92   3  77   4  90   5  89   6  85   7  78   8  90   9  90  10  88  11  89  12  86  13  79  14  83  15  91  16  80  17  93  18  84  19  78 
  0  82   1  82   2  91   3  80   4  91   5  91   6  85   7  80   8  92   9  92  10  90  11  91  12  91  13  78  14  85  15  91  16  80  17  95  18  82  19  78 
  0  79   1  82   2  91   3  79   4  91   5  90   6  87   7  79   8  91   9  93  10  92  11  89  12  88  13  77  14  83  15  90  16  79  17  94  18  84  19  78 
  0  80   1  85   2  90   3  82   4  91   5  91   6  87   7  84   8  92   9  95  10  92  11  89  12  90  13  81  14  84  15  93  16  79  17  93  18  84  19  77 
  0  80   1  82   2  89   3  79   4  89   5  93   6  87   7  81   8  91   9  91  10  92  11  90  12  87  13  77  14  84  15  93  16  80  17  96  18  83  19  77 
  0  83   1  84   2  94   3  80   4  91   5  95   6  86   7  84   8  92   9  94  10  92  11  90  12  91  13  81  14  85  15  91  16  80  17  94  18  82  19  76 
  0  84   1  86   2  94   3  82   4  91   5  94   6  87   7  84   8  90   9  95  10  92  11  90  12  92  13  81  14  84  15  91  16  80  17  94  18  83  19  78 
  0  80   1  83   2  91   3  77   4  89   5  92   6  87   7  80   8  92   9  92  10  91  11  88  12  87  13  80  14  83  15  88  16  79  17  92  18  84  19  76 
  0  74   1  77   2  86   3  78   4  89   5  87   6  87   7  76   8  92   9  88  10  88  11  91  12  86  13  77  14  79  15  88  16  80  17  95  18  84  19  78 
  0  79   1  82   2  90   3  78   4  91   5  93   6  85   7  81   8  90   9  95  10  90  11  90  12  90  13  78  14  83  15  92  16  78  17  96  18  83  19  76 


