
 20  20

  0  29   1  42   2  32   3  36   4  38   5  42   6  40   7  49   8  36   9  42  10  41  11  47  12  47  13  40  14  49  15  37  16  32  17  31  18  47  19  51 
  0  31   1  40   2  30   3  39   4  37   5  40   6  41   7  47   8  40   9  41  10  39  11  47  12  46  13  38  14  50  15  37  16  31  17  30  18  49  19  53 
  0  33   1  42   2  33   3  37   4  38   5  41   6  40   7  49   8  38   9  39  10  39  11  51  12  47  13  39  14  53  15  35  16  33  17  30  18  50  19  53 
  0  31   1  40   2  34   3  39   4  36   5  40   6  40   7  47   8  39   9  39  10  42  11  51  12  50  13  40  14  52  15  36  16  34  17  32  18  48  19  50 
  0  36   1  46   2  36   3  40   4  39   5  44   6  42   7  49   8  44   9  44  10  42  11  51  12  53  13  39  14  58  15  39  16  33  17  36  18  53  19  54 
  0  37   1  45   2  37   3  40   4  42   5  41   6  42   7  49   8  42   9  44  10  40  11  52  12  49  13  42  14  55  15  41  16  36  17  36  18  51  19  56 
  0  31   1  40   2  30   3  38   4  35   5  40   6  40   7  47   8  36   9  39  10  40  11  47  12  46  13  40  14  49  15  35  16  31  17  31  18  48  19  50 
  0  29   1  40   2  30   3  38   4  35   5  40   6  41   7  48   8  36   9  39  10  39  11  49  12  46  13  39  14  51  15  35  16  32  17  30  18  49  19  52 
  0  38   1  46   2  38   3  39   4  43   5  44   6  42   7  51   8  45   9  45  10  41  11  54  12  53  13  42  14  57  15  39  16  36  17  35  18  57  19  56 
  0  33   1  44   2  35   3  39   4  39   5  43   6  42   7  49   8  40   9  43  10  39  11  53  12  48  13  38  14  53  15  38  16  32  17  36  18  51  19  51 
  0  36   1  45   2  36   3  38   4  43   5  43   6  41   7  53   8  42   9  42  10  40  11  52  12  53  13  41  14  55  15  37  16  34  17  34  18  55  19  55 
  0  34   1  45   2  36   3  38   4  39   5  40   6  40   7  52   8  42   9  42  10  40  11  52  12  53  13  42  14  57  15  37  16  37  17  33  18  51  19  52 
  0  38   1  46   2  38   3  40   4  41   5  41   6  41   7  53   8  45   9  45  10  41  11  54  12  52  13  40  14  59  15  39  16  37  17  38  18  56  19  56 
  0  34   1  43   2  35   3  37   4  40   5  41   6  42   7  50   8  41   9  44  10  42  11  51  12  49  13  40  14  53  15  38  16  37  17  33  18  55  19  54 
  0  30   1  43   2  30   3  36   4  36   5  41   6  40   7  49   8  40   9  40  10  41  11  51  12  50  13  41  14  52  15  37  16  31  17  32  18  52  19  53 
  0  34   1  42   2  34   3  37   4  40   5  43   6  42   7  51   8  43   9  44  10  42  11  53  12  53  13  39  14  56  15  40  16  34  17  34  18  53  19  54 
  0  32   1  43   2  33   3  37   4  40   5  42   6  40   7  48   8  41   9  43  10  40  11  49  12  48  13  42  14  52  15  36  16  33  17  33  18  51  19  51 
  0  39   1  43   2  37   3  37   4  40   5  42   6  41   7  53   8  46   9  45  10  41  11  55  12  54  13  41  14  59  15  39  16  37  17  37  18  57  19  55 
  0  36   1  45   2  34   3  36   4  40   5  42   6  42   7  50   8  42   9  41  10  42  11  51  12  51  13  40  14  54  15  40  16  36  17  36  18  51  19  55 
  0  32   1  43   2  34   3  38   4  37   5  42   6  42   7  50   8  40   9  42  10  41  11  48  12  48  13  41  14  54  15  36  16  33  17  33  18  50  19  54 


