
 20  20

  0  45   1  35   2  43   3  38   4  46   5  39   6  42   7  40   8  47   9  50  10  48  11  42  12  44  13  35  14  53  15  36  16  46  17  44  18  34  19  47 
  0  46   1  33   2  42   3  35   4  42   5  39   6  38   7  41   8  43   9  48  10  47  11  40  12  44  13  34  14  50  15  36  16  43  17  46  18  34  19  47 
  0  41   1  35   2  43   3  34   4  41   5  37   6  37   7  36   8  45   9  44  10  43  11  43  12  40  13  30  14  46  15  36  16  45  17  46  18  33  19  48 
  0  45   1  35   2  42   3  36   4  41   5  38   6  39   7  37   8  44   9  44  10  45  11  41  12  42  13  33  14  49  15  34  16  45  17  46  18  33  19  49 
  0  41   1  33   2  43   3  35   4  39   5  38   6  39   7  38   8  44   9  44  10  43  11  42  12  43  13  30  14  47  15  34  16  45  17  46  18  32  19  47 
  0  39   1  34   2  41   3  32   4  39   5  37   6  34   7  34   8  44   9  45  10  43  11  42  12  40  13  30  14  43  15  34  16  44  17  44  18  32  19  49 
  0  47   1  33   2  41   3  36   4  43   5  39   6  41   7  37   8  43   9  49  10  45  11  40  12  42  13  32  14  48  15  36  16  42  17  46  18  36  19  48 
  0  47   1  35   2  43   3  37   4  43   5  39   6  40   7  42   8  45   9  50  10  46  11  44  12  43  13  32  14  52  15  35  16  43  17  46  18  34  19  48 
  0  39   1  35   2  41   3  31   4  40   5  39   6  34   7  34   8  45   9  44  10  40  11  40  12  40  13  28  14  45  15  34  16  42  17  45  18  32  19  49 
  0  39   1  33   2  41   3  32   4  41   5  37   6  35   7  35   8  43   9  46  10  40  11  40  12  42  13  28  14  43  15  34  16  44  17  45  18  34  19  47 
  0  47   1  35   2  43   3  36   4  44   5  37   6  40   7  41   8  47   9  47  10  44  11  43  12  42  13  32  14  49  15  36  16  43  17  45  18  33  19  47 
  0  49   1  35   2  43   3  37   4  47   5  37   6  40   7  42   8  47   9  47  10  48  11  41  12  41  13  36  14  52  15  34  16  46  17  46  18  36  19  49 
  0  49   1  33   2  42   3  38   4  46   5  37   6  44   7  42   8  46   9  48  10  47  11  43  12  44  13  35  14  53  15  36  16  46  17  45  18  34  19  48 
  0  44   1  33   2  43   3  32   4  43   5  38   6  37   7  35   8  43   9  44  10  43  11  43  12  42  13  29  14  48  15  34  16  45  17  44  18  35  19  49 
  0  42   1  33   2  43   3  31   4  40   5  38   6  35   7  37   8  45   9  48  10  42  11  42  12  42  13  32  14  46  15  36  16  43  17  46  18  32  19  48 
  0  40   1  34   2  43   3  34   4  42   5  37   6  38   7  34   8  44   9  46  10  43  11  41  12  41  13  31  14  43  15  34  16  44  17  44  18  34  19  49 
  0  44   1  33   2  41   3  35   4  40   5  39   6  40   7  38   8  45   9  46  10  41  11  40  12  41  13  31  14  45  15  35  16  44  17  44  18  35  19  48 
  0  48   1  34   2  43   3  38   4  47   5  37   6  42   7  42   8  47   9  48  10  48  11  43  12  42  13  34  14  53  15  36  16  44  17  44  18  36  19  48 
  0  45   1  33   2  43   3  37   4  44   5  38   6  40   7  39   8  45   9  50  10  45  11  43  12  44  13  36  14  52  15  36  16  43  17  45  18  34  19  49 
  0  45   1  35   2  43   3  35   4  43   5  39   6  38   7  39   8  46   9  49  10  46  11  43  12  42  13  35  14  48  15  36  16  43  17  46  18  35  19  47 


