
 20  20

  0  45   1  41   2  47   3  52   4  46   5  56   6  47   7  46   8  48   9  61  10  51  11  50  12  60  13  49  14  56  15  51  16  42  17  43  18  50  19  57 
  0  37   1  39   2  43   3  52   4  45   5  50   6  45   7  42   8  46   9  57  10  47  11  46  12  55  13  43  14  54  15  50  16  40  17  42  18  40  19  47 
  0  40   1  39   2  41   3  52   4  43   5  50   6  47   7  44   8  48   9  58  10  48  11  47  12  53  13  43  14  52  15  51  16  41  17  42  18  42  19  50 
  0  42   1  41   2  47   3  54   4  43   5  50   6  47   7  44   8  46   9  61  10  49  11  49  12  57  13  47  14  56  15  51  16  42  17  43  18  44  19  52 
  0  42   1  41   2  46   3  52   4  45   5  52   6  47   7  46   8  47   9  59  10  49  11  47  12  56  13  47  14  54  15  49  16  40  17  44  18  43  19  52 
  0  42   1  40   2  44   3  54   4  43   5  55   6  47   7  43   8  48   9  60  10  48  11  48  12  59  13  46  14  56  15  49  16  42  17  44  18  48  19  52 
  0  44   1  40   2  44   3  53   4  46   5  53   6  47   7  46   8  47   9  57  10  50  11  49  12  58  13  45  14  55  15  49  16  40  17  44  18  47  19  53 
  0  47   1  41   2  45   3  54   4  46   5  56   6  47   7  46   8  46   9  60  10  51  11  50  12  60  13  48  14  58  15  51  16  41  17  44  18  46  19  57 
  0  38   1  39   2  41   3  52   4  43   5  49   6  45   7  41   8  46   9  60  10  48  11  47  12  52  13  47  14  52  15  49  16  40  17  42  18  42  19  49 
  0  42   1  41   2  45   3  52   4  44   5  48   6  46   7  45   8  48   9  60  10  50  11  47  12  54  13  47  14  56  15  50  16  40  17  43  18  43  19  50 
  0  44   1  41   2  45   3  54   4  44   5  52   6  46   7  47   8  46   9  60  10  51  11  49  12  60  13  49  14  56  15  51  16  42  17  44  18  46  19  56 
  0  37   1  39   2  44   3  52   4  42   5  48   6  45   7  41   8  48   9  57  10  48  11  45  12  55  13  44  14  52  15  49  16  40  17  44  18  43  19  50 
  0  46   1  39   2  47   3  54   4  43   5  54   6  46   7  43   8  47   9  58  10  51  11  47  12  58  13  48  14  54  15  51  16  40  17  43  18  48  19  55 
  0  47   1  41   2  47   3  54   4  44   5  56   6  47   7  47   8  48   9  61  10  51  11  49  12  60  13  51  14  57  15  51  16  42  17  44  18  47  19  57 
  0  37   1  40   2  43   3  52   4  42   5  48   6  45   7  41   8  46   9  57  10  47  11  45  12  54  13  43  14  52  15  49  16  41  17  42  18  43  19  47 
  0  39   1  41   2  43   3  53   4  44   5  52   6  47   7  43   8  47   9  57  10  50  11  44  12  52  13  43  14  52  15  51  16  41  17  44  18  41  19  52 
  0  45   1  39   2  46   3  54   4  44   5  53   6  46   7  44   8  48   9  58  10  49  11  48  12  60  13  51  14  56  15  51  16  42  17  44  18  46  19  53 
  0  45   1  41   2  49   3  53   4  46   5  55   6  47   7  46   8  48   9  60  10  51  11  48  12  59  13  51  14  56  15  50  16  42  17  44  18  48  19  57 
  0  44   1  41   2  47   3  52   4  46   5  50   6  45   7  46   8  48   9  60  10  51  11  46  12  57  13  49  14  54  15  51  16  40  17  42  18  43  19  52 
  0  37   1  40   2  43   3  54   4  42   5  48   6  46   7  41   8  46   9  59  10  47  11  44  12  52  13  44  14  55  15  50  16  41  17  44  18  43  19  49 


