
 20  20

  0   1   1  12   2  15   3   1   4   8   5  16   6  22   7  16   8  13   9   4  10  13  11   2  12  22  13   1  14  18  15  14  16  11  17   8  18   4  19   8 
  0   1   1  14   2  15   3   2   4   4   5  13   6  20   7  16   8  13   9   3  10  14  11   1  12  22  13   3  14  19  15  14  16  11  17   6  18   4  19   7 
  0   5   1  14   2  14   3   4   4   9   5  15   6  20   7  20   8  14   9   3  10  13  11   1  12  22  13   2  14  17  15  15  16  11  17  10  18   2  19  12 
  0   2   1  14   2  15   3   1   4   5   5  14   6  19   7  13   8  10   9   4  10  12  11   2  12  21  13   1  14  15  15  11  16  11  17   8  18   4  19   6 
  0   7   1  14   2  19   3   3   4   9   5  18   6  23   7  21   8  14   9   3  10  13  11   2  12  20  13   3  14  19  15  17  16  13  17  10  18   4  19  11 
  0   2   1  12   2  10   3   1   4   2   5  12   6  16   7  13   8  10   9   4  10  14  11   1  12  20  13   2  14  16  15  13  16  12  17   7  18   3  19   7 
  0   1   1  12   2  10   3   1   4   1   5  13   6  18   7  13   8  10   9   2  10  12  11   1  12  22  13   1  14  17  15   9  16  11  17   8  18   2  19   4 
  0   8   1  12   2  19   3   2   4  11   5  20   6  23   7  19   8  14   9   4  10  15  11   1  12  20  13   4  14  21  15  19  16  13  17  12  18   4  19  14 
  0   4   1  13   2  16   3   1   4   4   5  18   6  19   7  17   8  13   9   5  10  12  11   2  12  21  13   3  14  17  15  13  16  13  17   7  18   4  19  10 
  0   2   1  14   2  17   3   2   4   6   5  15   6  22   7  16   8  14   9   5  10  13  11   1  12  20  13   1  14  19  15  14  16  13  17  10  18   3  19   8 
  0   1   1  14   2  11   3   1   4   6   5  14   6  18   7  13   8  10   9   2  10  13  11   1  12  22  13   2  14  16  15  11  16  13  17   8  18   2  19   6 
  0   1   1  13   2  13   3   2   4   3   5  16   6  21   7  15   8  11   9   2  10  13  11   2  12  21  13   3  14  18  15  15  16  12  17   9  18   4  19   9 
  0   6   1  12   2  17   3   4   4   6   5  19   6  21   7  20   8  14   9   6  10  14  11   2  12  20  13   4  14  17  15  17  16  12  17  12  18   4  19  13 
  0   1   1  14   2  12   3   1   4   2   5  14   6  21   7  16   8  12   9   3  10  14  11   1  12  21  13   1  14  17  15  10  16  13  17   8  18   4  19   6 
  0   6   1  14   2  18   3   4   4  11   5  18   6  24   7  21   8  14   9   5  10  15  11   1  12  22  13   5  14  21  15  17  16  13  17  10  18   4  19  14 
  0   1   1  12   2  10   3   1   4   1   5  14   6  16   7  14   8  12   9   4  10  12  11   1  12  20  13   1  14  15  15   9  16  11  17   6  18   2  19   4 
  0   1   1  13   2  13   3   1   4   4   5  14   6  19   7  13   8  10   9   2  10  14  11   2  12  20  13   1  14  15  15  12  16  11  17   6  18   3  19   6 
  0   2   1  12   2  14   3   3   4   5   5  12   6  20   7  16   8  12   9   4  10  12  11   1  12  20  13   1  14  17  15  10  16  11  17   8  18   3  19   8 
  0   8   1  12   2  18   3   2   4  11   5  20   6  25   7  19   8  12   9   6  10  15  11   2  12  21  13   5  14  21  15  18  16  12  17  11  18   4  19  14 
  0   8   1  14   2  18   3   2   4  11   5  18   6  26   7  20   8  14   9   4  10  16  11   1  12  20  13   3  14  20  15  17  16  13  17  10  18   4  19  13 


