
 20  20

  0  39   1  25   2  23   3  28   4  34   5  35   6  26   7  42   8  41   9  28  10  38  11  28  12  39  13  41  14  37  15  33  16  25  17  38  18  34  19  31 
  0  34   1  25   2  21   3  24   4  28   5  34   6  24   7  40   8  37   9  25  10  34  11  21  12  34  13  39  14  34  15  29  16  25  17  31  18  32  19  30 
  0  40   1  27   2  23   3  30   4  33   5  34   6  28   7  40   8  42   9  28  10  37  11  26  12  36  13  39  14  37  15  32  16  24  17  33  18  32  19  30 
  0  35   1  26   2  21   3  26   4  31   5  34   6  23   7  40   8  37   9  25  10  34  11  21  12  35  13  41  14  33  15  29  16  26  17  32  18  32  19  29 
  0  42   1  27   2  21   3  34   4  38   5  38   6  29   7  42   8  45   9  28  10  37  11  31  12  40  13  43  14  37  15  33  16  26  17  37  18  34  19  31 
  0  40   1  26   2  21   3  30   4  37   5  36   6  28   7  42   8  43   9  27  10  36  11  30  12  37  13  43  14  37  15  32  16  25  17  38  18  33  19  29 
  0  43   1  27   2  23   3  33   4  38   5  37   6  30   7  40   8  43   9  28  10  38  11  27  12  38  13  43  14  39  15  30  16  26  17  35  18  33  19  29 
  0  41   1  27   2  23   3  28   4  35   5  38   6  29   7  40   8  40   9  25  10  38  11  27  12  35  13  42  14  35  15  29  16  26  17  33  18  32  19  30 
  0  40   1  27   2  23   3  27   4  33   5  36   6  28   7  42   8  41   9  27  10  34  11  24  12  34  13  42  14  33  15  30  16  26  17  36  18  32  19  29 
  0  42   1  26   2  22   3  31   4  36   5  34   6  26   7  42   8  41   9  28  10  35  11  28  12  38  13  41  14  34  15  30  16  25  17  33  18  32  19  31 
  0  35   1  27   2  21   3  24   4  28   5  34   6  25   7  40   8  40   9  24  10  35  11  22  12  35  13  40  14  34  15  29  16  25  17  33  18  32  19  29 
  0  34   1  25   2  23   3  26   4  28   5  34   6  23   7  41   8  37   9  24  10  34  11  23  12  32  13  39  14  34  15  29  16  24  17  32  18  32  19  31 
  0  39   1  25   2  21   3  31   4  33   5  38   6  29   7  41   8  40   9  25  10  34  11  28  12  37  13  40  14  35  15  31  16  25  17  35  18  34  19  29 
  0  38   1  26   2  22   3  27   4  30   5  34   6  24   7  42   8  41   9  26  10  34  11  21  12  34  13  41  14  33  15  32  16  24  17  32  18  32  19  31 
  0  43   1  25   2  23   3  33   4  34   5  35   6  28   7  42   8  41   9  25  10  38  11  28  12  38  13  42  14  39  15  30  16  24  17  36  18  32  19  31 
  0  39   1  25   2  23   3  27   4  30   5  34   6  23   7  40   8  41   9  27  10  34  11  25  12  37  13  40  14  33  15  30  16  26  17  32  18  32  19  31 
  0  44   1  26   2  23   3  32   4  38   5  38   6  31   7  42   8  45   9  28  10  38  11  31  12  40  13  43  14  39  15  33  16  25  17  37  18  34  19  31 
  0  37   1  25   2  21   3  27   4  30   5  36   6  23   7  40   8  37   9  26  10  36  11  24  12  32  13  39  14  33  15  29  16  24  17  31  18  34  19  31 
  0  34   1  25   2  23   3  24   4  31   5  35   6  23   7  40   8  37   9  24  10  34  11  23  12  35  13  39  14  33  15  30  16  24  17  34  18  32  19  30 
  0  42   1  27   2  23   3  34   4  35   5  38   6  28   7  42   8  42   9  28  10  35  11  29  12  42  13  42  14  39  15  30  16  26  17  39  18  34  19  31 


