
 20  20

  0  38   1  32   2  47   3  51   4  35   5  50   6  33   7  49   8  45   9  40  10  42  11  30  12  32  13  34  14  46  15  45  16  44  17  32  18  48  19  35 
  0  40   1  34   2  50   3  51   4  35   5  48   6  34   7  49   8  42   9  36  10  40  11  30  12  31  13  36  14  45  15  45  16  46  17  32  18  46  19  35 
  0  34   1  33   2  44   3  48   4  33   5  47   6  34   7  49   8  44   9  36  10  41  11  32  12  31  13  36  14  42  15  47  16  42  17  29  18  40  19  32 
  0  32   1  32   2  47   3  46   4  34   5  49   6  32   7  47   8  43   9  37  10  36  11  32  12  28  13  34  14  39  15  45  16  39  17  29  18  40  19  33 
  0  33   1  32   2  43   3  45   4  31   5  48   6  32   7  49   8  41   9  39  10  36  11  30  12  30  13  35  14  43  15  46  16  38  17  28  18  40  19  33 
  0  32   1  32   2  47   3  47   4  33   5  48   6  32   7  49   8  43   9  38  10  38  11  30  12  30  13  34  14  42  15  45  16  40  17  28  18  44  19  30 
  0  40   1  34   2  51   3  50   4  34   5  50   6  34   7  49   8  46   9  38  10  41  11  32  12  31  13  36  14  44  15  47  16  46  17  32  18  46  19  35 
  0  36   1  34   2  45   3  48   4  32   5  48   6  34   7  49   8  41   9  36  10  39  11  32  12  29  13  34  14  43  15  45  16  41  17  30  18  46  19  32 
  0  36   1  33   2  48   3  49   4  34   5  52   6  34   7  48   8  44   9  36  10  40  11  32  12  32  13  36  14  45  15  45  16  44  17  32  18  45  19  37 
  0  39   1  33   2  51   3  49   4  35   5  50   6  33   7  49   8  46   9  40  10  42  11  32  12  30  13  35  14  47  15  46  16  48  17  32  18  48  19  36 
  0  33   1  34   2  45   3  46   4  31   5  46   6  33   7  47   8  40   9  37  10  37  11  31  12  28  13  36  14  43  15  45  16  40  17  29  18  41  19  30 
  0  38   1  34   2  48   3  47   4  34   5  50   6  32   7  48   8  42   9  38  10  38  11  30  12  28  13  36  14  45  15  46  16  42  17  31  18  42  19  31 
  0  37   1  34   2  46   3  46   4  31   5  47   6  34   7  47   8  41   9  36  10  40  11  32  12  28  13  34  14  44  15  47  16  43  17  31  18  42  19  34 
  0  42   1  32   2  47   3  48   4  35   5  52   6  34   7  49   8  44   9  37  10  44  11  32  12  32  13  34  14  49  15  47  16  47  17  34  18  47  19  38 
  0  38   1  34   2  50   3  51   4  35   5  52   6  33   7  49   8  44   9  38  10  42  11  32  12  28  13  35  14  45  15  46  16  43  17  33  18  47  19  35 
  0  34   1  32   2  45   3  45   4  35   5  48   6  34   7  48   8  44   9  37  10  38  11  30  12  31  13  36  14  45  15  47  16  42  17  32  18  43  19  31 
  0  34   1  33   2  47   3  46   4  34   5  46   6  34   7  48   8  43   9  37  10  41  11  30  12  29  13  35  14  40  15  47  16  41  17  32  18  45  19  32 
  0  34   1  32   2  45   3  47   4  31   5  45   6  32   7  49   8  40   9  36  10  37  11  31  12  28  13  35  14  40  15  45  16  38  17  28  18  40  19  29 
  0  38   1  32   2  47   3  51   4  35   5  52   6  33   7  49   8  46   9  37  10  43  11  32  12  32  13  36  14  49  15  47  16  45  17  36  18  48  19  36 
  0  34   1  33   2  47   3  47   4  32   5  49   6  34   7  48   8  41   9  40  10  40  11  30  12  30  13  34  14  43  15  45  16  41  17  31  18  41  19  31 


