
 20  20

  0  48   1  48   2  56   3  51   4  59   5  51   6  47   7  56   8  42   9  54  10  44  11  54  12  42  13  54  14  58  15  53  16  50  17  52  18  60  19  55 
  0  53   1  51   2  58   3  58   4  61   5  56   6  50   7  58   8  47   9  54  10  51  11  55  12  42  13  56  14  60  15  55  16  53  17  55  18  63  19  60 
  0  48   1  46   2  56   3  51   4  61   5  54   6  45   7  54   8  40   9  52  10  42  11  50  12  42  13  54  14  60  15  50  16  50  17  49  18  59  19  57 
  0  50   1  47   2  56   3  56   4  59   5  57   6  47   7  54   8  41   9  56  10  46  11  54  12  42  13  54  14  60  15  51  16  50  17  51  18  60  19  59 
  0  58   1  54   2  60   3  61   4  63   5  61   6  51   7  56   8  47   9  56  10  50  11  60  12  43  13  54  14  64  15  55  16  54  17  57  18  64  19  61 
  0  51   1  48   2  58   3  53   4  61   5  54   6  46   7  54   8  41   9  54  10  43  11  50  12  43  13  54  14  60  15  52  16  52  17  49  18  59  19  55 
  0  58   1  54   2  59   3  61   4  63   5  60   6  51   7  57   8  47   9  58  10  52  11  60  12  44  13  56  14  64  15  56  16  54  17  57  18  66  19  61 
  0  49   1  46   2  57   3  53   4  60   5  52   6  45   7  54   8  41   9  52  10  43  11  50  12  43  13  54  14  60  15  50  16  50  17  49  18  59  19  55 
  0  49   1  46   2  56   3  51   4  60   5  53   6  45   7  54   8  39   9  52  10  42  11  50  12  42  13  56  14  58  15  50  16  50  17  49  18  60  19  55 
  0  56   1  52   2  57   3  57   4  61   5  59   6  51   7  57   8  45   9  57  10  51  11  58  12  44  13  56  14  63  15  54  16  53  17  56  18  65  19  59 
  0  58   1  53   2  60   3  59   4  63   5  59   6  48   7  58   8  47   9  56  10  51  11  58  12  44  13  56  14  62  15  56  16  52  17  56  18  65  19  59 
  0  57   1  52   2  60   3  58   4  60   5  61   6  51   7  57   8  47   9  58  10  48  11  60  12  44  13  55  14  62  15  54  16  51  17  54  18  63  19  58 
  0  56   1  52   2  60   3  55   4  59   5  56   6  49   7  55   8  45   9  57  10  49  11  55  12  42  13  54  14  62  15  55  16  54  17  52  18  61  19  58 
  0  48   1  49   2  58   3  53   4  60   5  53   6  45   7  54   8  42   9  52  10  45  11  53  12  42  13  56  14  60  15  53  16  50  17  50  18  58  19  56 
  0  51   1  46   2  56   3  51   4  59   5  51   6  45   7  57   8  42   9  54  10  42  11  51  12  44  13  56  14  58  15  53  16  50  17  51  18  60  19  55 
  0  55   1  51   2  60   3  59   4  60   5  61   6  51   7  57   8  45   9  55  10  50  11  57  12  44  13  55  14  63  15  53  16  51  17  56  18  65  19  61 
  0  55   1  54   2  60   3  59   4  60   5  57   6  51   7  58   8  46   9  57  10  50  11  58  12  44  13  55  14  64  15  55  16  54  17  53  18  66  19  58 
  0  56   1  53   2  57   3  57   4  63   5  60   6  49   7  56   8  47   9  55  10  48  11  58  12  42  13  56  14  62  15  56  16  53  17  57  18  66  19  61 
  0  50   1  49   2  58   3  54   4  60   5  53   6  48   7  54   8  40   9  52  10  44  11  52  12  43  13  55  14  58  15  53  16  53  17  49  18  62  19  56 
  0  56   1  54   2  60   3  59   4  61   5  59   6  50   7  57   8  44   9  58  10  49  11  60  12  44  13  56  14  64  15  54  16  54  17  56  18  66  19  60 


