
 20  20

  0  36   1  47   2  55   3  53   4  43   5  45   6  48   7  53   8  51   9  55  10  53  11  39  12  37  13  52  14  39  15  46  16  56  17  45  18  47  19  44 
  0  40   1  48   2  56   3  56   4  44   5  49   6  51   7  54   8  52   9  56  10  51  11  40  12  39  13  53  14  40  15  48  16  56  17  44  18  48  19  47 
  0  36   1  44   2  54   3  51   4  42   5  46   6  50   7  48   8  50   9  51  10  49  11  39  12  38  13  51  14  36  15  46  16  53  17  46  18  46  19  44 
  0  41   1  46   2  56   3  55   4  43   5  47   6  54   7  53   8  53   9  56  10  55  11  40  12  40  13  51  14  38  15  46  16  56  17  45  18  50  19  49 
  0  38   1  46   2  55   3  57   4  44   5  49   6  52   7  53   8  52   9  52  10  54  11  41  12  40  13  53  14  40  15  46  16  54  17  45  18  50  19  45 
  0  39   1  49   2  56   3  56   4  42   5  50   6  50   7  53   8  53   9  57  10  52  11  41  12  40  13  51  14  40  15  46  16  56  17  44  18  47  19  49 
  0  33   1  43   2  54   3  51   4  39   5  45   6  48   7  50   8  49   9  51  10  51  11  39  12  35  13  53  14  36  15  47  16  54  17  46  18  46  19  44 
  0  38   1  44   2  54   3  57   4  42   5  49   6  48   7  54   8  52   9  54  10  52  11  40  12  35  13  52  14  37  15  47  16  53  17  45  18  47  19  44 
  0  35   1  48   2  56   3  56   4  44   5  50   6  52   7  54   8  52   9  55  10  52  11  39  12  36  13  52  14  38  15  48  16  53  17  46  18  49  19  49 
  0  42   1  50   2  56   3  60   4  45   5  51   6  52   7  57   8  53   9  57  10  55  11  39  12  40  13  53  14  38  15  46  16  57  17  44  18  49  19  50 
  0  41   1  51   2  55   3  59   4  47   5  49   6  52   7  55   8  51   9  55  10  55  11  41  12  41  13  51  14  37  15  46  16  56  17  45  18  48  19  50 
  0  38   1  48   2  56   3  52   4  42   5  46   6  48   7  52   8  50   9  53  10  51  11  41  12  35  13  51  14  38  15  46  16  53  17  44  18  48  19  46 
  0  40   1  49   2  56   3  60   4  47   5  50   6  53   7  58   8  50   9  55  10  53  11  41  12  39  13  53  14  39  15  47  16  56  17  46  18  50  19  47 
  0  37   1  46   2  56   3  51   4  40   5  45   6  48   7  48   8  50   9  53  10  51  11  40  12  35  13  53  14  38  15  46  16  54  17  46  18  46  19  46 
  0  43   1  51   2  56   3  61   4  47   5  49   6  52   7  57   8  53   9  56  10  53  11  40  12  39  13  52  14  38  15  48  16  57  17  45  18  50  19  48 
  0  36   1  43   2  54   3  51   4  39   5  46   6  50   7  50   8  49   9  52  10  49  11  41  12  37  13  51  14  37  15  48  16  53  17  44  18  47  19  44 
  0  33   1  43   2  55   3  51   4  39   5  47   6  48   7  49   8  49   9  53  10  50  11  41  12  37  13  52  14  37  15  47  16  53  17  44  18  46  19  44 
  0  35   1  44   2  55   3  54   4  44   5  49   6  50   7  50   8  51   9  54  10  51  11  39  12  37  13  51  14  37  15  46  16  56  17  46  18  50  19  47 
  0  38   1  46   2  56   3  54   4  43   5  49   6  52   7  51   8  53   9  52  10  51  11  41  12  36  13  51  14  37  15  48  16  56  17  46  18  46  19  48 
  0  42   1  50   2  54   3  57   4  42   5  47   6  52   7  55   8  51   9  56  10  52  11  39  12  38  13  52  14  37  15  48  16  55  17  44  18  50  19  50 


