
 20  20

  0  41   1  40   2  31   3  48   4  40   5  34   6  39   7  47   8  41   9  33  10  38  11  30  12  39  13  29  14  28  15  49  16  41  17  41  18  41  19  30 
  0  36   1  37   2  32   3  42   4  40   5  30   6  37   7  46   8  41   9  31  10  38  11  28  12  36  13  28  14  25  15  48  16  36  17  41  18  43  19  27 
  0  36   1  34   2  30   3  43   4  40   5  26   6  33   7  42   8  40   9  31  10  33  11  28  12  38  13  27  14  24  15  46  16  38  17  39  18  41  19  28 
  0  33   1  34   2  30   3  38   4  38   5  25   6  31   7  41   8  41   9  27  10  32  11  24  12  37  13  24  14  26  15  41  16  33  17  36  18  39  19  24 
  0  36   1  35   2  32   3  44   4  39   5  31   6  38   7  42   8  41   9  30  10  37  11  26  12  35  13  25  14  25  15  45  16  37  17  38  18  41  19  27 
  0  32   1  35   2  32   3  38   4  38   5  26   6  33   7  41   8  39   9  27  10  32  11  24  12  35  13  24  14  24  15  41  16  34  17  35  18  40  19  25 
  0  35   1  34   2  30   3  41   4  39   5  25   6  32   7  43   8  40   9  29  10  34  11  24  12  36  13  24  14  24  15  43  16  36  17  37  18  40  19  24 
  0  34   1  36   2  30   3  39   4  40   5  24   6  33   7  41   8  39   9  28  10  32  11  25  12  35  13  24  14  25  15  41  16  33  17  35  18  39  19  24 
  0  39   1  36   2  32   3  47   4  40   5  30   6  39   7  45   8  39   9  31  10  36  11  30  12  39  13  26  14  28  15  45  16  39  17  40  18  43  19  31 
  0  36   1  37   2  30   3  42   4  39   5  26   6  35   7  41   8  39   9  31  10  33  11  24  12  35  13  25  14  27  15  43  16  37  17  35  18  41  19  26 
  0  39   1  38   2  30   3  41   4  38   5  30   6  37   7  46   8  39   9  31  10  37  11  27  12  36  13  25  14  26  15  44  16  38  17  39  18  42  19  30 
  0  38   1  34   2  32   3  43   4  40   5  27   6  37   7  45   8  39   9  32  10  35  11  28  12  35  13  26  14  26  15  46  16  37  17  35  18  39  19  29 
  0  32   1  37   2  30   3  38   4  38   5  26   6  31   7  44   8  39   9  29  10  35  11  26  12  35  13  24  14  24  15  44  16  34  17  38  18  41  19  24 
  0  32   1  36   2  30   3  38   4  38   5  27   6  31   7  41   8  41   9  27  10  33  11  24  12  37  13  24  14  24  15  43  16  35  17  37  18  39  19  26 
  0  35   1  35   2  32   3  44   4  39   5  29   6  33   7  42   8  40   9  32  10  34  11  25  12  35  13  28  14  27  15  47  16  38  17  36  18  39  19  26 
  0  35   1  39   2  31   3  43   4  40   5  27   6  34   7  43   8  40   9  30  10  36  11  26  12  35  13  29  14  27  15  45  16  36  17  40  18  43  19  28 
  0  32   1  34   2  30   3  38   4  39   5  26   6  33   7  43   8  40   9  27  10  32  11  24  12  37  13  24  14  26  15  41  16  33  17  37  18  41  19  25 
  0  42   1  40   2  30   3  45   4  39   5  31   6  40   7  47   8  39   9  35  10  39  11  27  12  38  13  27  14  26  15  49  16  41  17  38  18  41  19  32 
  0  42   1  37   2  31   3  46   4  40   5  34   6  40   7  47   8  41   9  34  10  40  11  30  12  39  13  27  14  28  15  49  16  38  17  41  18  43  19  30 
  0  41   1  40   2  32   3  44   4  39   5  34   6  38   7  47   8  40   9  33  10  36  11  28  12  39  13  27  14  26  15  45  16  38  17  41  18  41  19  29 


