
 20  20

  0  85   1  78   2  87   3  86   4  69   5  79   6  82   7  79   8  70   9  84  10  88  11  86  12  74  13  87  14  76  15  76  16  83  17  77  18  75  19  73 
  0  77   1  72   2  86   3  81   4  66   5  76   6  76   7  74   8  66   9  79  10  82  11  85  12  72  13  83  14  75  15  76  16  79  17  74  18  70  19  71 
  0  84   1  78   2  87   3  84   4  69   5  76   6  82   7  75   8  68   9  84  10  84  11  86  12  76  13  86  14  76  15  76  16  81  17  77  18  72  19  73 
  0  83   1  79   2  85   3  87   4  69   5  79   6  81   7  79   8  69   9  84  10  88  11  86  12  74  13  87  14  74  15  78  16  81  17  75  18  75  19  72 
  0  75   1  71   2  85   3  78   4  65   5  77   6  77   7  69   8  67   9  76  10  80  11  84  12  72  13  81  14  73  15  72  16  81  17  73  18  70  19  71 
  0  78   1  71   2  87   3  79   4  68   5  77   6  76   7  74   8  68   9  79  10  82  11  86  12  74  13  81  14  72  15  73  16  80  17  73  18  71  19  71 
  0  83   1  77   2  87   3  87   4  70   5  77   6  81   7  77   8  70   9  82  10  88  11  86  12  76  13  87  14  76  15  78  16  81  17  77  18  73  19  73 
  0  78   1  69   2  85   3  79   4  66   5  75   6  78   7  70   8  68   9  74  10  80  11  84  12  73  13  81  14  72  15  74  16  79  17  73  18  70  19  71 
  0  82   1  74   2  85   3  82   4  71   5  78   6  80   7  74   8  69   9  79  10  84  11  85  12  74  13  83  14  75  15  75  16  81  17  74  18  72  19  71 
  0  80   1  75   2  85   3  81   4  69   5  79   6  80   7  75   8  67   9  79  10  83  11  86  12  72  13  85  14  76  15  72  16  80  17  74  18  71  19  71 
  0  81   1  71   2  85   3  79   4  68   5  75   6  79   7  71   8  69   9  77  10  84  11  84  12  74  13  83  14  74  15  76  16  79  17  76  18  72  19  71 
  0  78   1  75   2  86   3  83   4  70   5  76   6  80   7  73   8  69   9  81  10  84  11  84  12  75  13  86  14  74  15  75  16  81  17  75  18  70  19  73 
  0  85   1  77   2  86   3  87   4  68   5  79   6  83   7  77   8  69   9  83  10  87  11  85  12  74  13  86  14  76  15  75  16  81  17  76  18  73  19  71 
  0  77   1  71   2  87   3  81   4  65   5  77   6  75   7  70   8  67   9  77  10  82  11  84  12  72  13  82  14  75  15  72  16  79  17  76  18  70  19  71 
  0  83   1  77   2  85   3  84   4  69   5  79   6  82   7  75   8  68   9  84  10  85  11  86  12  73  13  84  14  76  15  76  16  82  17  77  18  75  19  73 
  0  82   1  76   2  85   3  86   4  71   5  79   6  81   7  78   8  69   9  84  10  88  11  86  12  75  13  87  14  74  15  78  16  83  17  77  18  75  19  73 
  0  83   1  76   2  87   3  85   4  70   5  78   6  78   7  74   8  70   9  78  10  84  11  86  12  72  13  87  14  75  15  78  16  83  17  75  18  75  19  71 
  0  81   1  74   2  85   3  80   4  68   5  77   6  81   7  72   8  70   9  79  10  85  11  84  12  76  13  84  14  72  15  76  16  82  17  76  18  71  19  72 
  0  80   1  75   2  87   3  84   4  69   5  76   6  80   7  75   8  67   9  80  10  83  11  84  12  76  13  84  14  75  15  75  16  83  17  77  18  71  19  71 
  0  76   1  70   2  85   3  79   4  67   5  78   6  77   7  71   8  68   9  77  10  82  11  85  12  75  13  82  14  74  15  74  16  82  17  76  18  69  19  71 


