
 20  20

  0  39   1  43   2  35   3  32   4  26   5  36   6  26   7  43   8  44   9  33  10  41  11  31  12  30  13  26  14  32  15  30  16  30  17  30  18  35  19  34 
  0  35   1  41   2  33   3  33   4  28   5  36   6  27   7  41   8  44   9  30  10  36  11  28  12  25  13  27  14  33  15  30  16  29  17  26  18  35  19  34 
  0  40   1  41   2  38   3  31   4  28   5  35   6  26   7  44   8  44   9  32  10  39  11  29  12  29  13  26  14  32  15  33  16  32  17  28  18  34  19  34 
  0  40   1  43   2  33   3  34   4  28   5  35   6  26   7  39   8  44   9  33  10  38  11  31  12  27  13  25  14  33  15  29  16  31  17  26  18  33  19  36 
  0  40   1  42   2  38   3  34   4  27   5  36   6  26   7  45   8  44   9  33  10  42  11  34  12  32  13  29  14  34  15  31  16  31  17  32  18  35  19  36 
  0  44   1  45   2  42   3  37   4  28   5  35   6  27   7  47   8  44   9  39  10  44  11  31  12  32  13  31  14  34  15  35  16  32  17  34  18  36  19  38 
  0  39   1  41   2  36   3  33   4  28   5  34   6  27   7  40   8  45   9  32  10  38  11  33  12  31  13  28  14  34  15  29  16  30  17  29  18  33  19  38 
  0  43   1  48   2  42   3  36   4  27   5  35   6  27   7  47   8  44   9  39  10  44  11  34  12  33  13  33  14  34  15  35  16  32  17  35  18  37  19  36 
  0  38   1  39   2  35   3  30   4  26   5  34   6  27   7  43   8  44   9  32  10  39  11  30  12  27  13  26  14  34  15  28  16  31  17  28  18  36  19  34 
  0  35   1  38   2  35   3  30   4  26   5  36   6  27   7  40   8  44   9  32  10  36  11  28  12  26  13  26  14  34  15  28  16  30  17  25  18  34  19  34 
  0  44   1  48   2  40   3  36   4  27   5  36   6  27   7  47   8  46   9  37  10  44  11  34  12  34  13  31  14  34  15  34  16  31  17  32  18  37  19  38 
  0  35   1  40   2  35   3  31   4  26   5  35   6  25   7  39   8  44   9  29  10  39  11  31  12  25  13  26  14  34  15  30  16  29  17  28  18  33  19  34 
  0  41   1  45   2  39   3  38   4  27   5  36   6  25   7  47   8  44   9  39  10  41  11  34  12  35  13  30  14  34  15  33  16  33  17  31  18  34  19  38 
  0  45   1  46   2  42   3  38   4  26   5  34   6  27   7  45   8  46   9  39  10  44  11  34  12  34  13  33  14  34  15  36  16  32  17  35  18  37  19  38 
  0  45   1  48   2  42   3  38   4  28   5  34   6  27   7  45   8  45   9  39  10  42  11  34  12  33  13  32  14  34  15  36  16  33  17  35  18  37  19  37 
  0  38   1  39   2  33   3  33   4  26   5  35   6  27   7  40   8  44   9  32  10  37  11  29  12  26  13  25  14  32  15  28  16  32  17  25  18  35  19  35 
  0  37   1  40   2  37   3  31   4  28   5  36   6  26   7  42   8  45   9  30  10  39  11  31  12  30  13  29  14  34  15  31  16  29  17  30  18  34  19  36 
  0  35   1  42   2  32   3  33   4  28   5  35   6  27   7  42   8  44   9  29  10  36  11  30  12  25  13  25  14  32  15  31  16  29  17  27  18  35  19  35 
  0  45   1  48   2  42   3  38   4  28   5  36   6  27   7  46   8  44   9  39  10  44  11  33  12  33  13  33  14  33  15  36  16  33  17  35  18  37  19  38 
  0  40   1  42   2  37   3  33   4  26   5  36   6  26   7  41   8  46   9  32  10  40  11  33  12  32  13  30  14  32  15  34  16  29  17  30  18  35  19  36 


