
 20  20

  0  40   1  36   2  33   3  35   4  33   5  31   6  33   7  30   8  30   9  24  10  42  11  23  12  44  13  30  14  40  15  30  16  41  17  40  18  39  19  26 
  0  38   1  34   2  33   3  32   4  32   5  30   6  33   7  30   8  28   9  20  10  37  11  22  12  39  13  28  14  40  15  29  16  40  17  37  18  35  19  26 
  0  32   1  34   2  33   3  31   4  29   5  32   6  32   7  29   8  25   9  21  10  37  11  20  12  37  13  23  14  39  15  29  16  40  17  39  18  36  19  25 
  0  33   1  29   2  30   3  28   4  29   5  30   6  31   7  29   8  20   9  20  10  37  11  17  12  36  13  23  14  37  15  26  16  39  17  35  18  38  19  22 
  0  30   1  29   2  31   3  29   4  31   5  30   6  33   7  26   8  22   9  19  10  36  11  17  12  36  13  22  14  38  15  25  16  38  17  36  18  35  19  21 
  0  37   1  35   2  35   3  33   4  33   5  30   6  33   7  28   8  27   9  24  10  39  11  19  12  39  13  29  14  41  15  30  16  38  17  38  18  39  19  26 
  0  32   1  31   2  32   3  30   4  29   5  30   6  31   7  30   8  25   9  23  10  34  11  21  12  37  13  24  14  39  15  27  16  39  17  35  18  35  19  23 
  0  33   1  29   2  31   3  30   4  29   5  32   6  31   7  28   8  23   9  21  10  37  11  17  12  36  13  24  14  38  15  25  16  37  17  36  18  35  19  23 
  0  37   1  34   2  34   3  34   4  29   5  30   6  31   7  30   8  25   9  23  10  37  11  22  12  39  13  26  14  39  15  31  16  40  17  37  18  38  19  25 
  0  31   1  33   2  30   3  31   4  29   5  31   6  33   7  26   8  22   9  21  10  34  11  17  12  36  13  25  14  38  15  28  16  37  17  38  18  35  19  23 
  0  32   1  29   2  29   3  28   4  31   5  31   6  32   7  28   8  23   9  19  10  36  11  18  12  39  13  22  14  37  15  26  16  37  17  34  18  35  19  21 
  0  36   1  32   2  33   3  31   4  29   5  30   6  33   7  26   8  26   9  20  10  35  11  20  12  38  13  24  14  38  15  27  16  39  17  39  18  35  19  23 
  0  38   1  34   2  32   3  34   4  30   5  32   6  33   7  29   8  28   9  24  10  41  11  20  12  40  13  30  14  40  15  31  16  38  17  41  18  39  19  26 
  0  33   1  34   2  31   3  32   4  31   5  32   6  32   7  28   8  26   9  24  10  37  11  20  12  38  13  24  14  39  15  27  16  41  17  39  18  37  19  25 
  0  38   1  32   2  34   3  35   4  32   5  32   6  31   7  31   8  28   9  25  10  40  11  19  12  41  13  28  14  40  15  29  16  38  17  39  18  39  19  27 
  0  31   1  29   2  29   3  28   4  31   5  31   6  31   7  27   8  22   9  19  10  34  11  18  12  38  13  23  14  37  15  27  16  37  17  37  18  36  19  21 
  0  30   1  31   2  32   3  31   4  32   5  30   6  31   7  27   8  22   9  21  10  35  11  17  12  36  13  24  14  39  15  28  16  40  17  36  18  35  19  24 
  0  37   1  34   2  33   3  34   4  30   5  30   6  33   7  28   8  25   9  21  10  38  11  18  12  39  13  25  14  38  15  29  16  38  17  40  18  37  19  25 
  0  30   1  32   2  31   3  29   4  30   5  30   6  31   7  27   8  23   9  21  10  36  11  17  12  37  13  23  14  40  15  25  16  37  17  35  18  35  19  24 
  0  35   1  34   2  30   3  29   4  33   5  31   6  33   7  30   8  23   9  23  10  35  11  19  12  37  13  26  14  37  15  26  16  40  17  35  18  37  19  25 


