
 20  20

  0  30   1  44   2  41   3  32   4  44   5  45   6  40   7  47   8  36   9  33  10  36  11  46  12  36  13  29  14  35  15  37  16  49  17  40  18  50  19  46 
  0  32   1  46   2  36   3  31   4  46   5  43   6  40   7  48   8  36   9  35  10  36  11  47  12  35  13  32  14  35  15  37  16  48  17  39  18  48  19  47 
  0  30   1  44   2  40   3  32   4  46   5  45   6  41   7  46   8  34   9  34  10  36  11  46  12  33  13  31  14  36  15  37  16  50  17  39  18  47  19  49 
  0  29   1  44   2  36   3  32   4  44   5  41   6  39   7  46   8  35   9  31  10  35  11  47  12  33  13  28  14  35  15  37  16  47  17  39  18  46  19  47 
  0  29   1  43   2  36   3  32   4  43   5  43   6  40   7  46   8  34   9  31  10  35  11  48  12  32  13  29  14  35  15  37  16  47  17  39  18  47  19  48 
  0  34   1  44   2  42   3  35   4  44   5  42   6  42   7  47   8  39   9  35  10  37  11  46  12  33  13  31  14  35  15  39  16  50  17  37  18  47  19  47 
  0  31   1  47   2  40   3  32   4  44   5  44   6  42   7  47   8  35   9  36  10  35  11  46  12  34  13  31  14  36  15  37  16  48  17  37  18  51  19  48 
  0  33   1  50   2  41   3  34   4  47   5  42   6  47   7  46   8  38   9  35  10  37  11  48  12  35  13  32  14  36  15  37  16  48  17  40  18  50  19  48 
  0  39   1  50   2  46   3  38   4  47   5  45   6  48   7  46   8  39   9  38  10  37  11  47  12  38  13  37  14  39  15  39  16  51  17  41  18  52  19  50 
  0  39   1  50   2  44   3  37   4  47   5  47   6  48   7  48   8  42   9  41  10  36  11  48  12  37  13  36  14  39  15  39  16  50  17  41  18  51  19  50 
  0  37   1  52   2  44   3  37   4  49   5  47   6  49   7  47   8  41   9  41  10  37  11  47  12  40  13  38  14  37  15  37  16  51  17  41  18  52  19  49 
  0  34   1  46   2  43   3  37   4  45   5  44   6  47   7  46   8  39   9  36  10  37  11  46  12  39  13  34  14  38  15  39  16  51  17  41  18  53  19  50 
  0  37   1  48   2  43   3  36   4  46   5  44   6  47   7  46   8  39   9  36  10  36  11  47  12  38  13  33  14  39  15  38  16  48  17  38  18  50  19  46 
  0  39   1  49   2  46   3  37   4  49   5  46   6  49   7  46   8  42   9  41  10  37  11  48  12  39  13  37  14  39  15  39  16  49  17  41  18  54  19  50 
  0  29   1  42   2  36   3  31   4  46   5  42   6  42   7  48   8  36   9  32  10  35  11  46  12  35  13  28  14  36  15  39  16  47  17  37  18  46  19  46 
  0  36   1  51   2  43   3  37   4  47   5  44   6  49   7  47   8  39   9  40  10  37  11  48  12  37  13  35  14  37  15  38  16  51  17  40  18  54  19  50 
  0  30   1  44   2  39   3  31   4  44   5  41   6  39   7  47   8  35   9  32  10  35  11  46  12  33  13  30  14  37  15  37  16  47  17  38  18  46  19  46 
  0  36   1  48   2  44   3  36   4  49   5  45   6  47   7  48   8  41   9  39  10  37  11  46  12  38  13  36  14  38  15  37  16  51  17  41  18  52  19  50 
  0  36   1  51   2  44   3  36   4  48   5  45   6  44   7  47   8  39   9  40  10  35  11  48  12  37  13  33  14  37  15  39  16  51  17  41  18  52  19  50 
  0  34   1  47   2  45   3  36   4  46   5  47   6  46   7  46   8  41   9  37  10  35  11  47  12  38  13  36  14  39  15  37  16  50  17  41  18  53  19  47 


