
 20  20

  0  61   1  54   2  54   3  63   4  56   5  52   6  62   7  50   8  53   9  55  10  58  11  56  12  64  13  63  14  49  15  53  16  51  17  56  18  51  19  64 
  0  62   1  51   2  54   3  60   4  51   5  53   6  60   7  47   8  51   9  53  10  55  11  52  12  61  13  62  14  47  15  51  16  53  17  55  18  49  19  65 
  0  58   1  51   2  53   3  60   4  50   5  51   6  59   7  47   8  50   9  51  10  55  11  52  12  59  13  59  14  45  15  51  16  50  17  54  18  46  19  62 
  0  66   1  56   2  55   3  64   4  58   5  53   6  64   7  53   8  59   9  55  10  61  11  58  12  67  13  66  14  51  15  53  16  55  17  58  18  50  19  67 
  0  67   1  57   2  54   3  65   4  54   5  52   6  63   7  52   8  58   9  57  10  60  11  58  12  68  13  66  14  51  15  53  16  55  17  55  18  52  19  68 
  0  59   1  53   2  55   3  59   4  51   5  52   6  60   7  47   8  52   9  52  10  58  11  54  12  59  13  59  14  45  15  51  16  51  17  54  18  48  19  62 
  0  66   1  57   2  55   3  65   4  58   5  54   6  63   7  53   8  58   9  54  10  62  11  57  12  67  13  65  14  52  15  52  16  54  17  58  18  51  19  68 
  0  65   1  53   2  53   3  61   4  56   5  53   6  62   7  51   8  57   9  53  10  59  11  56  12  66  13  65  14  52  15  52  16  54  17  55  18  51  19  68 
  0  59   1  53   2  53   3  61   4  53   5  50   6  59   7  47   8  52   9  51  10  58  11  52  12  60  13  62  14  45  15  52  16  51  17  52  18  47  19  62 
  0  64   1  55   2  55   3  60   4  56   5  53   6  61   7  49   8  55   9  55  10  60  11  55  12  64  13  64  14  48  15  51  16  55  17  55  18  51  19  67 
  0  62   1  54   2  53   3  63   4  50   5  50   6  58   7  50   8  51   9  52  10  56  11  55  12  62  13  62  14  48  15  53  16  50  17  56  18  47  19  63 
  0  58   1  51   2  54   3  61   4  50   5  50   6  58   7  47   8  49   9  51  10  57  11  52  12  59  13  59  14  47  15  51  16  50  17  53  18  46  19  62 
  0  59   1  51   2  54   3  59   4  54   5  52   6  59   7  49   8  51   9  51  10  56  11  52  12  63  13  59  14  48  15  51  16  53  17  54  18  46  19  62 
  0  63   1  52   2  55   3  61   4  54   5  51   6  59   7  48   8  54   9  51  10  60  11  53  12  65  13  61  14  50  15  51  16  54  17  56  18  48  19  65 
  0  63   1  56   2  55   3  64   4  52   5  52   6  64   7  50   8  52   9  52  10  61  11  57  12  65  13  64  14  51  15  52  16  55  17  57  18  50  19  67 
  0  58   1  52   2  53   3  59   4  50   5  52   6  58   7  48   8  51   9  51  10  55  11  53  12  59  13  60  14  46  15  52  16  50  17  53  18  46  19  62 
  0  62   1  52   2  53   3  59   4  54   5  54   6  62   7  49   8  54   9  54  10  60  11  53  12  61  13  60  14  46  15  52  16  50  17  55  18  47  19  66 
  0  60   1  52   2  55   3  62   4  54   5  50   6  58   7  48   8  53   9  55  10  57  11  54  12  61  13  62  14  47  15  52  16  51  17  53  18  50  19  66 
  0  60   1  55   2  55   3  60   4  53   5  50   6  61   7  51   8  54   9  54  10  59  11  55  12  64  13  62  14  48  15  53  16  52  17  53  18  46  19  65 
  0  60   1  51   2  53   3  62   4  52   5  53   6  61   7  48   8  55   9  54  10  56  11  55  12  65  13  64  14  47  15  51  16  53  17  55  18  48  19  64 


