
 20  20

  0  59   1  68   2  47   3  49   4  61   5  66   6  49   7  48   8  47   9  49  10  51  11  48  12  48  13  59  14  58  15  63  16  56  17  60  18  53  19  53 
  0  64   1  68   2  48   3  53   4  68   5  67   6  52   7  54   8  53   9  52  10  59  11  52  12  50  13  63  14  65  15  67  16  63  17  60  18  58  19  62 
  0  56   1  67   2  48   3  46   4  61   5  66   6  49   7  48   8  46   9  51  10  51  11  50  12  49  13  60  14  58  15  60  16  55  17  60  18  52  19  54 
  0  61   1  68   2  49   3  52   4  67   5  68   6  55   7  52   8  52   9  53  10  55  11  51  12  50  13  60  14  64  15  69  16  61  17  60  18  55  19  58 
  0  64   1  69   2  50   3  49   4  67   5  66   6  54   7  54   8  50   9  53  10  56  11  51  12  48  13  62  14  63  15  65  16  64  17  62  18  58  19  61 
  0  60   1  67   2  50   3  48   4  65   5  66   6  51   7  48   8  44   9  51  10  51  11  51  12  48  13  59  14  61  15  64  16  59  17  60  18  52  19  55 
  0  63   1  69   2  48   3  50   4  67   5  67   6  53   7  52   8  47   9  51  10  57  11  52  12  48  13  63  14  64  15  67  16  61  17  62  18  53  19  60 
  0  63   1  67   2  50   3  53   4  67   5  67   6  55   7  54   8  54   9  50  10  60  11  52  12  48  13  64  14  68  15  68  16  64  17  62  18  55  19  60 
  0  60   1  69   2  50   3  50   4  65   5  68   6  50   7  48   8  46   9  50  10  54  11  50  12  50  13  62  14  62  15  62  16  61  17  62  18  54  19  56 
  0  61   1  69   2  48   3  52   4  67   5  66   6  52   7  49   8  52   9  52  10  57  11  51  12  48  13  62  14  63  15  66  16  60  17  60  18  53  19  57 
  0  66   1  69   2  51   3  54   4  71   5  68   6  53   7  54   8  54   9  52  10  60  11  54  12  48  13  64  14  67  15  70  16  65  17  61  18  56  19  63 
  0  60   1  67   2  49   3  46   4  63   5  68   6  52   7  48   8  45   9  52  10  53  11  48  12  50  13  62  14  60  15  62  16  57  17  62  18  56  19  54 
  0  60   1  69   2  51   3  50   4  64   5  68   6  52   7  53   8  50   9  49  10  53  11  49  12  49  13  60  14  65  15  63  16  59  17  61  18  54  19  57 
  0  61   1  67   2  49   3  51   4  66   5  66   6  51   7  52   8  47   9  53  10  57  11  49  12  50  13  63  14  65  15  64  16  59  17  62  18  55  19  59 
  0  64   1  68   2  51   3  53   4  69   5  66   6  54   7  54   8  53   9  53  10  60  11  52  12  50  13  62  14  66  15  70  16  65  17  61  18  58  19  63 
  0  60   1  69   2  48   3  47   4  64   5  66   6  53   7  51   8  48   9  51  10  56  11  51  12  50  13  60  14  60  15  62  16  59  17  60  18  55  19  55 
  0  57   1  67   2  48   3  46   4  62   5  68   6  52   7  51   8  46   9  51  10  51  11  50  12  48  13  59  14  61  15  63  16  55  17  60  18  54  19  56 
  0  66   1  67   2  51   3  52   4  69   5  68   6  55   7  54   8  52   9  53  10  60  11  54  12  50  13  64  14  67  15  70  16  65  17  60  18  58  19  61 
  0  59   1  68   2  47   3  48   4  64   5  66   6  50   7  49   8  47   9  50  10  54  11  48  12  48  13  58  14  58  15  63  16  59  17  60  18  54  19  53 
  0  61   1  69   2  51   3  51   4  67   5  66   6  52   7  50   8  50   9  50  10  58  11  50  12  50  13  61  14  65  15  68  16  64  17  62  18  55  19  59 


