
 20  20

  0  80   1  70   2  68   3  77   4  57   5  73   6  71   7  77   8  69   9  63  10  77  11  71  12  71  13  73  14  63  15  72  16  64  17  68  18  72  19  76 
  0  77   1  71   2  68   3  76   4  58   5  76   6  71   7  78   8  67   9  64  10  76  11  75  12  70  13  72  14  67  15  73  16  64  17  70  18  72  19  76 
  0  79   1  72   2  68   3  77   4  59   5  76   6  71   7  77   8  67   9  64  10  78  11  74  12  73  13  72  14  64  15  73  16  63  17  70  18  72  19  75 
  0  79   1  71   2  66   3  75   4  60   5  75   6  70   7  78   8  64   9  59  10  77  11  72  12  71  13  73  14  64  15  74  16  63  17  69  18  70  19  76 
  0  77   1  70   2  68   3  77   4  60   5  74   6  67   7  77   8  68   9  61  10  76  11  73  12  71  13  72  14  64  15  72  16  64  17  69  18  72  19  76 
  0  80   1  70   2  68   3  77   4  59   5  75   6  71   7  79   8  68   9  64  10  79  11  75  12  73  13  71  14  66  15  74  16  62  17  70  18  72  19  76 
  0  71   1  64   2  66   3  75   4  54   5  73   6  63   7  75   8  63   9  55  10  73  11  69  12  65  13  71  14  59  15  67  16  62  17  63  18  71  19  74 
  0  79   1  69   2  66   3  76   4  57   5  75   6  71   7  79   8  69   9  64  10  79  11  73  12  72  13  73  14  64  15  75  16  62  17  69  18  70  19  75 
  0  81   1  71   2  68   3  77   4  60   5  75   6  71   7  79   8  69   9  64  10  79  11  75  12  73  13  73  14  65  15  74  16  64  17  69  18  71  19  76 
  0  79   1  70   2  66   3  77   4  60   5  74   6  71   7  79   8  67   9  64  10  79  11  74  12  74  13  72  14  66  15  75  16  62  17  70  18  72  19  76 
  0  80   1  70   2  68   3  77   4  59   5  75   6  71   7  79   8  69   9  62  10  76  11  72  12  71  13  73  14  67  15  73  16  64  17  67  18  72  19  76 
  0  80   1  72   2  68   3  77   4  58   5  74   6  70   7  78   8  66   9  60  10  79  11  73  12  74  13  71  14  64  15  74  16  64  17  66  18  72  19  76 
  0  77   1  67   2  66   3  74   4  55   5  74   6  69   7  78   8  63   9  61  10  75  11  73  12  71  13  71  14  64  15  69  16  62  17  65  18  72  19  74 
  0  71   1  64   2  66   3  73   4  56   5  72   6  63   7  77   8  61   9  54  10  73  11  69  12  65  13  73  14  60  15  70  16  64  17  63  18  72  19  74 
  0  74   1  65   2  66   3  76   4  58   5  73   6  67   7  78   8  64   9  55  10  75  11  67  12  67  13  72  14  59  15  69  16  62  17  61  18  72  19  74 
  0  81   1  72   2  68   3  75   4  59   5  75   6  71   7  79   8  69   9  62  10  79  11  75  12  72  13  72  14  66  15  75  16  64  17  70  18  70  19  74 
  0  73   1  66   2  66   3  73   4  55   5  73   6  65   7  76   8  65   9  56  10  73  11  69  12  68  13  71  14  60  15  68  16  62  17  60  18  70  19  74 
  0  77   1  67   2  68   3  76   4  57   5  73   6  66   7  78   8  67   9  59  10  77  11  74  12  68  13  73  14  65  15  72  16  62  17  64  18  70  19  74 
  0  80   1  71   2  68   3  77   4  58   5  76   6  69   7  79   8  65   9  59  10  77  11  72  12  69  13  71  14  64  15  74  16  62  17  67  18  70  19  74 
  0  74   1  66   2  66   3  77   4  57   5  72   6  68   7  78   8  63   9  60  10  74  11  70  12  68  13  71  14  62  15  69  16  63  17  66  18  70  19  76 


