
 20  20

  0  77   1  78   2  68   3  75   4  74   5  77   6  79   7  71   8  62   9  72  10  76  11  80  12  78  13  76  14  77  15  74  16  74  17  78  18  69  19  63 
  0  78   1  76   2  70   3  78   4  73   5  77   6  79   7  71   8  61   9  69  10  80  11  81  12  80  13  75  14  77  15  75  16  74  17  75  18  70  19  66 
  0  85   1  77   2  74   3  78   4  75   5  79   6  85   7  73   8  70   9  73  10  80  11  82  12  82  13  76  14  79  15  75  16  76  17  83  18  71  19  71 
  0  84   1  78   2  73   3  77   4  75   5  79   6  82   7  73   8  67   9  72  10  79  11  81  12  82  13  77  14  81  15  76  16  76  17  82  18  71  19  71 
  0  77   1  76   2  68   3  75   4  73   5  78   6  81   7  71   8  62   9  69  10  76  11  78  12  80  13  76  14  74  15  74  16  74  17  78  18  71  19  66 
  0  75   1  76   2  71   3  78   4  72   5  76   6  81   7  69   8  64   9  70  10  79  11  78  12  79  13  75  14  74  15  74  16  74  17  76  18  69  19  63 
  0  78   1  78   2  72   3  78   4  73   5  76   6  79   7  69   8  62   9  72  10  78  11  81  12  78  13  75  14  74  15  76  16  74  17  76  18  70  19  66 
  0  83   1  78   2  70   3  79   4  76   5  79   6  81   7  73   8  65   9  70  10  80  11  84  12  80  13  77  14  80  15  76  16  76  17  82  18  71  19  68 
  0  81   1  76   2  72   3  77   4  74   5  76   6  83   7  70   8  66   9  73  10  81  11  81  12  81  13  76  14  77  15  75  16  76  17  81  18  71  19  67 
  0  82   1  77   2  73   3  79   4  76   5  77   6  84   7  70   8  69   9  73  10  82  11  82  12  79  13  75  14  77  15  74  16  75  17  81  18  70  19  69 
  0  82   1  78   2  74   3  79   4  76   5  78   6  84   7  72   8  68   9  71  10  80  11  81  12  82  13  77  14  78  15  76  16  76  17  79  18  69  19  69 
  0  78   1  76   2  71   3  79   4  75   5  78   6  81   7  72   8  66   9  73  10  81  11  83  12  81  13  76  14  79  15  76  16  76  17  77  18  71  19  67 
  0  80   1  76   2  71   3  78   4  73   5  75   6  82   7  69   8  66   9  69  10  81  11  81  12  81  13  76  14  76  15  74  16  74  17  81  18  71  19  67 
  0  82   1  78   2  72   3  78   4  73   5  79   6  82   7  73   8  68   9  72  10  78  11  83  12  80  13  75  14  77  15  74  16  74  17  78  18  69  19  67 
  0  80   1  76   2  70   3  77   4  75   5  78   6  82   7  70   8  64   9  69  10  82  11  84  12  78  13  75  14  76  15  76  16  76  17  79  18  71  19  67 
  0  75   1  77   2  68   3  77   4  73   5  75   6  79   7  69   8  60   9  71  10  76  11  78  12  80  13  77  14  73  15  74  16  74  17  76  18  69  19  61 
  0  80   1  78   2  68   3  77   4  73   5  75   6  83   7  71   8  61   9  72  10  78  11  77  12  79  13  77  14  75  15  74  16  76  17  77  18  71  19  63 
  0  79   1  78   2  69   3  76   4  72   5  76   6  80   7  69   8  64   9  69  10  78  11  79  12  78  13  77  14  77  15  75  16  74  17  78  18  70  19  66 
  0  80   1  78   2  70   3  76   4  75   5  76   6  81   7  71   8  65   9  69  10  81  11  81  12  81  13  75  14  78  15  74  16  76  17  82  18  71  19  65 
  0  83   1  78   2  70   3  75   4  75   5  75   6  81   7  73   8  67   9  70  10  78  11  83  12  82  13  76  14  77  15  76  16  76  17  78  18  69  19  67 


