
 20  20

  0  26   1  25   2  17   3  30   4  35   5  32   6  33   7  22   8  28   9  25  10  19  11  32  12  33  13  18  14  33  15  29  16  27  17  29  18  20  19  21 
  0  29   1  25   2  17   3  32   4  35   5  33   6  34   7  21   8  30   9  26  10  24  11  35  12  33  13  18  14  35  15  30  16  30  17  29  18  20  19  22 
  0  24   1  25   2  19   3  30   4  36   5  29   6  32   7  16   8  29   9  27  10  21  11  34  12  33  13  19  14  33  15  25  16  26  17  28  18  17  19  19 
  0  21   1  25   2  17   3  25   4  36   5  26   6  28   7  16   8  28   9  24  10  19  11  32  12  32  13  19  14  33  15  21  16  27  17  27  18  19  19  14 
  0  26   1  23   2  17   3  30   4  37   5  30   6  28   7  17   8  29   9  26  10  21  11  34  12  32  13  18  14  34  15  27  16  28  17  29  18  17  19  17 
  0  19   1  23   2  17   3  24   4  33   5  23   6  25   7  14   8  29   9  25  10  14  11  32  12  31  13  18  14  32  15  20  16  26  17  25  18  17  19  15 
  0  25   1  24   2  19   3  30   4  36   5  32   6  32   7  21   8  30   9  27  10  24  11  35  12  33  13  19  14  35  15  30  16  29  17  27  18  20  19  21 
  0  25   1  25   2  17   3  31   4  36   5  29   6  34   7  22   8  27   9  28  10  24  11  35  12  32  13  17  14  35  15  26  16  30  17  27  18  22  19  19 
  0  27   1  25   2  19   3  34   4  37   5  31   6  32   7  20   8  30   9  25  10  21  11  35  12  33  13  19  14  33  15  29  16  30  17  29  18  18  19  22 
  0  26   1  24   2  17   3  32   4  37   5  29   6  34   7  20   8  30   9  28  10  21  11  32  12  31  13  19  14  36  15  30  16  30  17  29  18  21  19  22 
  0  26   1  23   2  18   3  33   4  37   5  31   6  35   7  22   8  30   9  28  10  24  11  35  12  33  13  17  14  35  15  29  16  28  17  29  18  20  19  23 
  0  25   1  25   2  17   3  30   4  36   5  29   6  30   7  21   8  27   9  25  10  20  11  34  12  31  13  17  14  33  15  26  16  30  17  29  18  20  19  18 
  0  28   1  25   2  19   3  30   4  34   5  33   6  34   7  19   8  30   9  28  10  23  11  32  12  33  13  19  14  34  15  26  16  27  17  26  18  21  19  19 
  0  23   1  25   2  18   3  26   4  36   5  28   6  26   7  19   8  27   9  24  10  15  11  34  12  32  13  18  14  32  15  21  16  28  17  27  18  16  19  14 
  0  24   1  24   2  17   3  28   4  36   5  30   6  29   7  20   8  30   9  27  10  20  11  31  12  31  13  19  14  34  15  28  16  28  17  29  18  21  19  20 
  0  25   1  23   2  19   3  32   4  35   5  30   6  33   7  19   8  29   9  25  10  21  11  32  12  31  13  17  14  32  15  25  16  28  17  29  18  21  19  19 
  0  20   1  25   2  17   3  24   4  33   5  24   6  29   7  18   8  27   9  24  10  14  11  31  12  31  13  17  14  34  15  20  16  26  17  25  18  17  19  13 
  0  25   1  25   2  19   3  28   4  37   5  27   6  31   7  18   8  27   9  26  10  18  11  33  12  32  13  19  14  32  15  28  16  29  17  27  18  21  19  19 
  0  22   1  23   2  19   3  29   4  37   5  29   6  30   7  15   8  29   9  25  10  17  11  31  12  32  13  19  14  33  15  26  16  27  17  28  18  16  19  19 
  0  27   1  25   2  17   3  33   4  34   5  30   6  30   7  20   8  28   9  27  10  19  11  35  12  31  13  18  14  34  15  27  16  29  17  28  18  21  19  22 


