
 20  20

  0  77   1  75   2  82   3  92   4  75   5  71   6  80   7  84   8  81   9  87  10  80  11  91  12  87  13  84  14  80  15  87  16  77  17  72  18  74  19  75 
  0  81   1  75   2  86   3  91   4  75   5  76   6  84   7  90   8  82   9  87  10  84  11  91  12  89  13  83  14  82  15  89  16  78  17  72  18  74  19  75 
  0  83   1  82   2  86   3  93   4  79   5  77   6  84   7  93   8  83   9  87  10  86  11  91  12  96  13  85  14  81  15  94  16  80  17  80  18  78  19  76 
  0  84   1  79   2  90   3  93   4  77   5  78   6  83   7  94   8  84   9  89  10  85  11  93  12  97  13  87  14  84  15  96  16  83  17  78  18  80  19  77 
  0  81   1  79   2  85   3  93   4  74   5  75   6  84   7  87   8  84   9  89  10  82  11  92  12  94  13  83  14  81  15  94  16  81  17  77  18  79  19  74 
  0  86   1  79   2  86   3  91   4  79   5  77   6  84   7  93   8  86   9  89  10  87  11  93  12  93  13  88  14  83  15  96  16  83  17  77  18  79  19  76 
  0  86   1  78   2  86   3  91   4  78   5  76   6  84   7  89   8  83   9  87  10  84  11  91  12  93  13  86  14  84  15  92  16  80  17  75  18  78  19  77 
  0  77   1  76   2  82   3  92   4  74   5  70   6  81   7  86   8  80   9  87  10  80  11  92  12  87  13  84  14  80  15  88  16  75  17  70  18  74  19  76 
  0  84   1  77   2  86   3  91   4  79   5  79   6  86   7  89   8  85   9  87  10  85  11  92  12  93  13  88  14  82  15  96  16  80  17  78  18  78  19  78 
  0  81   1  78   2  87   3  93   4  73   5  75   6  84   7  90   8  83   9  89  10  83  11  93  12  90  13  85  14  81  15  92  16  80  17  74  18  74  19  74 
  0  83   1  80   2  87   3  91   4  79   5  77   6  85   7  90   8  86   9  89  10  87  11  91  12  94  13  87  14  84  15  94  16  82  17  78  18  80  19  78 
  0  80   1  78   2  85   3  93   4  76   5  74   6  81   7  88   8  82   9  87  10  85  11  91  12  92  13  83  14  83  15  94  16  80  17  76  18  76  19  75 
  0  78   1  74   2  84   3  91   4  73   5  72   6  80   7  84   8  80   9  88  10  82  11  92  12  91  13  85  14  80  15  87  16  79  17  72  18  74  19  76 
  0  85   1  81   2  89   3  92   4  78   5  79   6  86   7  91   8  86   9  89  10  86  11  92  12  93  13  86  14  84  15  95  16  83  17  80  18  78  19  77 
  0  85   1  80   2  86   3  91   4  75   5  78   6  84   7  90   8  86   9  89  10  85  11  93  12  94  13  84  14  84  15  95  16  79  17  74  18  76  19  74 
  0  82   1  77   2  83   3  93   4  76   5  71   6  81   7  86   8  82   9  89  10  80  11  91  12  92  13  82  14  81  15  89  16  79  17  74  18  74  19  74 
  0  80   1  78   2  87   3  91   4  75   5  73   6  83   7  89   8  81   9  89  10  81  11  91  12  92  13  85  14  83  15  89  16  77  17  75  18  76  19  78 
  0  87   1  81   2  88   3  93   4  78   5  78   6  86   7  93   8  85   9  87  10  87  11  92  12  94  13  87  14  81  15  97  16  80  17  80  18  77  19  78 
  0  78   1  78   2  84   3  93   4  76   5  73   6  83   7  88   8  80   9  87  10  80  11  91  12  87  13  82  14  81  15  87  16  79  17  71  18  74  19  75 
  0  80   1  77   2  87   3  92   4  78   5  73   6  81   7  90   8  85   9  88  10  84  11  93  12  92  13  83  14  84  15  93  16  79  17  75  18  79  19  78 


