
 20  20

  0  28   1  18   2  18   3  13   4  17   5  14   6  24   7  13   8  29   9  14  10  12  11   7  12  20  13  25  14  29  15  12  16  10  17   8  18   8  19  14 
  0  24   1  17   2  18   3  12   4  13   5  14   6  23   7  11   8  24   9  15  10  12  11   8  12  18  13  25  14  25  15  12  16  10  17   9  18   8  19  15 
  0  25   1  16   2  17   3  14   4  15   5  14   6  25   7  13   8  28   9  14  10  15  11   8  12  18  13  23  14  27  15  10  16  10  17   8  18   7  19  16 
  0  24   1  17   2  15   3   9   4  13   5  15   6  22   7   7   8  23   9  12  10  12  11   6  12  13  13  25  14  24  15  10  16   7  17   9  18   9  19  14 
  0  25   1  17   2  15   3  11   4  12   5  12   6  21   7   8   8  27   9  11  10  11  11   8  12  18  13  22  14  27  15  12  16  11  17   9  18   8  19  14 
  0  26   1  18   2  14   3  12   4  14   5  16   6  23   7  10   8  27   9  14  10  12  11   6  12  18  13  23  14  24  15  11  16   9  17   9  18   8  19  15 
  0  28   1  16   2  19   3  12   4  18   5  16   6  25   7  16   8  27   9  14  10  15  11   6  12  18  13  23  14  28  15  11  16  11  17   8  18   8  19  15 
  0  30   1  18   2  19   3  12   4  18   5  16   6  27   7  14   8  27   9  15  10  15  11   8  12  18  13  26  14  29  15  12  16  12  17   8  18   9  19  16 
  0  26   1  16   2  17   3  11   4  13   5  12   6  24   7  12   8  27   9  15  10  12  11   6  12  16  13  24  14  29  15  12  16   8  17   8  18   9  19  14 
  0  28   1  17   2  17   3  14   4  15   5  12   6  25   7  10   8  26   9  16  10  13  11   7  12  16  13  22  14  24  15  12  16  10  17   9  18   7  19  14 
  0  29   1  16   2  19   3  12   4  18   5  15   6  23   7  11   8  26   9  15  10  14  11   6  12  18  13  26  14  27  15  12  16  11  17   7  18   7  19  16 
  0  23   1  16   2  14   3  12   4  14   5  14   6  21   7   9   8  27   9  14  10  14  11   6  12  15  13  26  14  26  15  10  16   9  17   9  18   9  19  14 
  0  21   1  18   2  15   3  10   4  10   5  13   6  23   7   6   8  24   9  14  10  11  11   6  12  14  13  22  14  23  15  11  16  10  17   9  18   9  19  14 
  0  30   1  16   2  16   3  15   4  16   5  15   6  26   7  12   8  29   9  17  10  15  11   6  12  18  13  23  14  28  15  12  16  12  17   9  18   9  19  15 
  0  29   1  18   2  17   3  15   4  17   5  16   6  24   7  13   8  28   9  14  10  15  11   7  12  18  13  26  14  29  15  12  16  11  17   9  18   8  19  14 
  0  25   1  18   2  15   3  12   4  16   5  13   6  22   7  10   8  28   9  16  10  14  11   8  12  17  13  22  14  25  15  10  16  11  17   8  18   8  19  15 
  0  29   1  18   2  17   3  12   4  18   5  16   6  26   7  13   8  27   9  17  10  15  11   8  12  21  13  25  14  28  15  10  16  13  17   9  18   8  19  16 
  0  28   1  16   2  15   3  11   4  13   5  16   6  26   7  10   8  27   9  14  10  12  11   8  12  17  13  25  14  28  15  11  16  13  17   7  18   8  19  16 
  0  28   1  16   2  18   3  11   4  14   5  13   6  25   7  13   8  29   9  15  10  13  11   6  12  20  13  25  14  28  15  12  16  10  17   9  18   9  19  14 
  0  25   1  17   2  13   3   9   4  10   5  15   6  21   7   9   8  26   9  11  10  13  11   6  12  15  13  25  14  24  15  10  16   7  17   8  18   7  19  14 


