
 20  20

  0  55   1  50   2  51   3  50   4  50   5  50   6  48   7  57   8  49   9  42  10  55  11  37  12  50  13  40  14  52  15  48  16  51  17  56  18  48  19  47 
  0  49   1  50   2  50   3  50   4  47   5  47   6  45   7  51   8  49   9  42  10  54  11  38  12  48  13  40  14  49  15  48  16  51  17  54  18  47  19  48 
  0  51   1  51   2  51   3  49   4  49   5  48   6  40   7  50   8  51   9  43  10  52  11  39  12  47  13  40  14  51  15  46  16  51  17  50  18  46  19  47 
  0  51   1  50   2  53   3  52   4  47   5  49   6  48   7  57   8  52   9  44  10  54  11  37  12  48  13  40  14  52  15  48  16  55  17  55  18  48  19  47 
  0  56   1  54   2  52   3  51   4  51   5  49   6  49   7  58   8  52   9  44  10  55  11  39  12  51  13  40  14  50  15  50  16  54  17  56  18  48  19  49 
  0  48   1  49   2  50   3  47   4  46   5  47   6  39   7  48   8  47   9  42  10  52  11  39  12  47  13  40  14  48  15  46  16  46  17  51  18  49  19  46 
  0  48   1  49   2  50   3  47   4  45   5  47   6  41   7  49   8  48   9  43  10  49  11  39  12  47  13  38  14  48  15  46  16  46  17  53  18  46  19  47 
  0  49   1  53   2  52   3  49   4  48   5  47   6  44   7  54   8  48   9  44  10  54  11  39  12  47  13  40  14  50  15  46  16  52  17  53  18  48  19  46 
  0  48   1  51   2  53   3  47   4  47   5  50   6  43   7  51   8  49   9  43  10  53  11  39  12  47  13  38  14  52  15  44  16  49  17  54  18  50  19  49 
  0  53   1  52   2  53   3  51   4  51   5  50   6  47   7  55   8  53   9  44  10  52  11  39  12  50  13  38  14  49  15  50  16  56  17  54  18  47  19  49 
  0  54   1  52   2  52   3  53   4  47   5  51   6  45   7  56   8  52   9  44  10  55  11  39  12  51  13  38  14  50  15  48  16  53  17  52  18  50  19  48 
  0  51   1  51   2  53   3  47   4  49   5  47   6  40   7  50   8  47   9  42  10  50  11  37  12  47  13  39  14  50  15  44  16  48  17  54  18  47  19  49 
  0  56   1  53   2  52   3  53   4  49   5  51   6  48   7  58   8  52   9  43  10  55  11  37  12  51  13  39  14  52  15  50  16  54  17  56  18  48  19  48 
  0  52   1  54   2  52   3  50   4  50   5  48   6  46   7  56   8  52   9  44  10  54  11  39  12  51  13  40  14  52  15  50  16  55  17  55  18  47  19  47 
  0  48   1  48   2  50   3  47   4  45   5  47   6  39   7  48   8  47   9  42  10  49  11  37  12  47  13  38  14  48  15  47  16  46  17  50  18  46  19  46 
  0  53   1  53   2  52   3  52   4  49   5  48   6  48   7  56   8  52   9  44  10  54  11  39  12  51  13  38  14  52  15  49  16  56  17  53  18  48  19  47 
  0  55   1  54   2  54   3  50   4  48   5  50   6  44   7  56   8  52   9  44  10  51  11  39  12  51  13  39  14  51  15  50  16  51  17  56  18  50  19  48 
  0  48   1  49   2  52   3  47   4  45   5  49   6  41   7  48   8  47   9  42  10  49  11  37  12  47  13  38  14  49  15  44  16  47  17  50  18  46  19  46 
  0  52   1  51   2  52   3  51   4  49   5  51   6  48   7  55   8  53   9  43  10  54  11  37  12  51  13  38  14  52  15  49  16  52  17  55  18  47  19  49 
  0  49   1  51   2  53   3  50   4  47   5  48   6  45   7  50   8  51   9  44  10  50  11  39  12  49  13  39  14  48  15  44  16  50  17  51  18  46  19  50 


