
 20  20

  0  77   1  95   2  84   3  88   4  83   5  86   6  97   7  83   8  86   9  91  10  87  11  84  12  93  13  95  14  96  15  83  16  83  17  82  18  91  19  90 
  0  76   1  96   2  85   3  87   4  79   5  86   6  93   7  80   8  87   9  85  10  87  11  87  12  93  13  98  14  96  15  84  16  85  17  78  18  91  19  87 
  0  80   1  94   2  86   3  91   4  81   5  88   6  98   7  84   8  87   9  90  10  88  11  86  12  94  13  98  14  97  15  84  16  83  17  82  18  89  19  89 
  0  81   1  95   2  89   3  90   4  83   5  88   6  98   7  85   8  87   9  91  10  87  11  87  12  95  13  98  14  95  15  84  16  85  17  84  18  91  19  93 
  0  72   1  94   2  80   3  85   4  81   5  84   6  91   7  80   8  85   9  86  10  84  11  83  12  93  13  94  14  97  15  82  16  83  17  75  18  90  19  87 
  0  73   1  94   2  82   3  87   4  79   5  83   6  94   7  77   8  86   9  87  10  85  11  83  12  93  13  95  14  95  15  81  16  82  17  76  18  89  19  87 
  0  77   1  94   2  83   3  86   4  83   5  85   6  98   7  82   8  85   9  86  10  85  11  86  12  93  13  96  14  97  15  84  16  86  17  81  18  91  19  89 
  0  71   1  92   2  82   3  85   4  79   5  82   6  95   7  78   8  87   9  85  10  84  11  83  12  94  13  95  14  96  15  83  16  84  17  79  18  90  19  87 
  0  74   1  94   2  79   3  86   4  79   5  82   6  91   7  79   8  85   9  87  10  87  11  83  12  95  13  96  14  95  15  81  16  81  17  78  18  89  19  89 
  0  79   1  96   2  88   3  91   4  81   5  87   6  96   7  85   8  86   9  90  10  87  11  86  12  95  13  97  14  95  15  82  16  87  17  80  18  89  19  92 
  0  73   1  94   2  81   3  88   4  79   5  85   6  92   7  77   8  85   9  85  10  87  11  86  12  94  13  96  14  95  15  81  16  82  17  78  18  89  19  87 
  0  79   1  98   2  88   3  91   4  83   5  88   6  99   7  85   8  85   9  91  10  88  11  87  12  95  13  96  14  96  15  84  16  85  17  85  18  91  19  93 
  0  78   1  98   2  88   3  91   4  80   5  86   6  99   7  83   8  87   9  90  10  88  11  84  12  95  13  97  14  97  15  82  16  84  17  82  18  91  19  93 
  0  78   1  97   2  89   3  89   4  82   5  88   6  99   7  83   8  87   9  91  10  88  11  87  12  93  13  97  14  96  15  84  16  87  17  82  18  91  19  90 
  0  74   1  94   2  79   3  87   4  79   5  82   6  91   7  78   8  86   9  85  10  87  11  85  12  95  13  95  14  97  15  80  16  84  17  76  18  90  19  88 
  0  75   1  94   2  84   3  87   4  83   5  84   6  94   7  80   8  87   9  87  10  87  11  86  12  95  13  97  14  96  15  81  16  81  17  81  18  90  19  91 
  0  80   1  94   2  84   3  91   4  83   5  85   6  99   7  81   8  85   9  91  10  88  11  86  12  95  13  98  14  97  15  83  16  83  17  84  18  91  19  93 
  0  71   1  94   2  80   3  87   4  79   5  82   6  91   7  78   8  85   9  85  10  86  11  83  12  93  13  95  14  95  15  80  16  81  17  77  18  89  19  88 
  0  72   1  92   2  80   3  85   4  79   5  82   6  92   7  79   8  86   9  85  10  86  11  83  12  93  13  94  14  97  15  80  16  81  17  77  18  90  19  87 
  0  79   1  98   2  89   3  91   4  83   5  88   6  99   7  83   8  87   9  90  10  86  11  87  12  94  13  98  14  97  15  84  16  87  17  85  18  89  19  93 


