
 20  20

  0  20   1   2   2   9   3   8   4  18   5   7   6   7   7  13   8   4   9  17  10   9  11  17  12   6  13  19  14   6  15   5  16  18  17  14  18   9  19   1 
  0  27   1   6   2  13   3  13   4  19   5  13   6  12   7  20   8   7   9  26  10  12  11  19  12   6  13  22  14  15  15  11  16  22  17  16  18  10  19   3 
  0  24   1   7   2  12   3  10   4  20   5  12   6  12   7  17   8   5   9  24  10  12  11  16  12   5  13  22  14  11  15   8  16  18  17  14  18   8  19   2 
  0  18   1   3   2   9   3   7   4  18   5   9   6   7   7  15   8   6   9  17  10  10  11  15  12   3  13  18  14   6  15   3  16  16  17  14  18  10  19   1 
  0  25   1   7   2  10   3  13   4  20   5  11   6  14   7  17   8   7   9  23  10   9  11  17  12   8  13  19  14  15  15  11  16  19  17  16  18  10  19   2 
  0  20   1   2   2   9   3   9   4  20   5  10   6   8   7  17   8   4   9  20  10  11  11  15  12   5  13  18  14  11  15   6  16  20  17  16  18  10  19   1 
  0  26   1   6   2  10   3   9   4  18   5  10   6  13   7  20   8   8   9  25  10  11  11  19  12   8  13  20  14  11  15  10  16  20  17  14  18  10  19   4 
  0  17   1   3   2  11   3   8   4  18   5   7   6   7   7  13   8   4   9  17  10  10  11  17  12   5  13  18  14   6  15   5  16  17  17  14  18   8  19   1 
  0  27   1   8   2  10   3  13   4  20   5  11   6  15   7  18   8   8   9  27  10  12  11  16  12   9  13  22  14  15  15  11  16  19  17  14  18  10  19   2 
  0  25   1   6   2  11   3  11   4  18   5  13   6  14   7  16   8   8   9  25  10  11  11  18  12   9  13  20  14  13  15   9  16  19  17  14  18  10  19   3 
  0  27   1   9   2  13   3  11   4  20   5  12   6  14   7  19   8   7   9  27  10  10  11  17  12   9  13  22  14  16  15   9  16  22  17  16  18  10  19   4 
  0  24   1   9   2  11   3  12   4  18   5   9   6  12   7  21   8   7   9  26  10  12  11  19  12   7  13  21  14  15  15   7  16  22  17  16  18   8  19   3 
  0  27   1   9   2  13   3  11   4  19   5  13   6  14   7  21   8   6   9  27  10  10  11  19  12   9  13  22  14  14  15  11  16  20  17  16  18  10  19   3 
  0  20   1   6   2  12   3   9   4  20   5   7   6   9   7  15   8   4   9  20  10  11  11  15  12   4  13  20  14  10  15   4  16  16  17  14  18  10  19   1 
  0  22   1   4   2  10   3   9   4  20   5  11   6  12   7  19   8   4   9  20  10   9  11  17  12   7  13  18  14  11  15   6  16  19  17  15  18  10  19   3 
  0  23   1   5   2  13   3  10   4  18   5  10   6   9   7  16   8   5   9  20  10   9  11  19  12   7  13  19  14  10  15   7  16  21  17  14  18   9  19   1 
  0  23   1   9   2  10   3  12   4  20   5  13   6  11   7  18   8   6   9  24  10  11  11  17  12   7  13  19  14  12  15   8  16  21  17  15  18   8  19   4 
  0  26   1   9   2  13   3  12   4  19   5  12   6  14   7  21   8   6   9  25  10  11  11  16  12   8  13  22  14  15  15  10  16  19  17  15  18   9  19   2 
  0  24   1   9   2  13   3  12   4  20   5  12   6  12   7  21   8   8   9  25  10  10  11  18  12   6  13  21  14  13  15   8  16  22  17  15  18   8  19   3 
  0  17   1   1   2  10   3   7   4  20   5   9   6   9   7  14   8   4   9  19  10   8  11  15  12   3  13  19  14   7  15   5  16  17  17  14  18   8  19   1 


