
 20  20

  0  78   1  67   2  82   3  70   4  81   5  71   6  71   7  77   8  82   9  74  10  82  11  81  12  79  13  82  14  67  15  67  16  87  17  82  18  80  19  86 
  0  79   1  71   2  83   3  71   4  82   5  77   6  72   7  80   8  86   9  79  10  81  11  80  12  82  13  82  14  71  15  68  16  91  17  87  18  80  19  86 
  0  81   1  70   2  80   3  71   4  82   5  75   6  70   7  78   8  85   9  77  10  84  11  82  12  82  13  81  14  71  15  70  16  89  17  84  18  80  19  88 
  0  78   1  68   2  82   3  71   4  84   5  72   6  72   7  78   8  83   9  75  10  83  11  81  12  83  13  84  14  68  15  71  16  91  17  85  18  81  19  85 
  0  81   1  71   2  83   3  69   4  82   5  77   6  70   7  80   8  85   9  76  10  83  11  83  12  84  13  84  14  69  15  71  16  88  17  87  18  82  19  85 
  0  81   1  69   2  83   3  69   4  78   5  71   6  67   7  75   8  84   9  77  10  81  11  82  12  82  13  81  14  67  15  70  16  87  17  82  18  80  19  83 
  0  80   1  66   2  80   3  69   4  80   5  74   6  71   7  78   8  85   9  77  10  79  11  83  12  82  13  82  14  68  15  67  16  88  17  84  18  80  19  83 
  0  76   1  68   2  80   3  69   4  80   5  70   6  66   7  74   8  82   9  74  10  80  11  82  12  77  13  80  14  66  15  67  16  86  17  81  18  79  19  83 
  0  83   1  70   2  83   3  71   4  84   5  77   6  71   7  80   8  86   9  78  10  84  11  83  12  82  13  84  14  69  15  71  16  91  17  85  18  80  19  86 
  0  77   1  69   2  81   3  69   4  80   5  72   6  67   7  76   8  83   9  77  10  81  11  82  12  82  13  84  14  69  15  67  16  88  17  80  18  80  19  84 
  0  76   1  67   2  81   3  71   4  77   5  67   6  66   7  70   8  82   9  73  10  76  11  79  12  76  13  80  14  65  15  66  16  84  17  77  18  76  19  82 
  0  81   1  68   2  81   3  71   4  80   5  76   6  69   7  79   8  86   9  77  10  80  11  80  12  82  13  84  14  71  15  69  16  91  17  85  18  82  19  87 
  0  76   1  65   2  79   3  69   4  76   5  70   6  69   7  71   8  83   9  74  10  76  11  79  12  76  13  81  14  68  15  68  16  86  17  77  18  76  19  82 
  0  75   1  65   2  79   3  71   4  81   5  70   6  67   7  74   8  85   9  74  10  79  11  79  12  81  13  82  14  68  15  65  16  86  17  82  18  76  19  83 
  0  74   1  65   2  79   3  71   4  76   5  70   6  66   7  71   8  82   9  76  10  77  11  82  12  76  13  81  14  65  15  68  16  85  17  78  18  80  19  86 
  0  76   1  67   2  82   3  69   4  77   5  68   6  68   7  73   8  85   9  73  10  79  11  79  12  76  13  81  14  68  15  69  16  84  17  80  18  76  19  86 
  0  78   1  69   2  82   3  71   4  79   5  70   6  67   7  73   8  82   9  74  10  81  11  79  12  77  13  80  14  67  15  66  16  88  17  79  18  77  19  82 
  0  74   1  65   2  82   3  70   4  78   5  70   6  67   7  70   8  83   9  73  10  79  11  81  12  76  13  81  14  65  15  68  16  83  17  77  18  79  19  85 
  0  79   1  66   2  80   3  70   4  80   5  69   6  68   7  72   8  85   9  75  10  77  11  80  12  79  13  80  14  65  15  66  16  86  17  83  18  80  19  85 
  0  77   1  70   2  81   3  69   4  81   5  70   6  69   7  74   8  82   9  74  10  80  11  79  12  81  13  80  14  70  15  70  16  85  17  80  18  81  19  84 


