
 20  20

  0  59   1  54   2  55   3  63   4  70   5  60   6  58   7  51   8  66   9  54  10  55  11  69  12  69  13  65  14  52  15  58  16  72  17  64  18  60  19  55 
  0  54   1  53   2  55   3  62   4  70   5  59   6  57   7  49   8  67   9  51  10  53  11  70  12  68  13  62  14  47  15  58  16  68  17  62  18  61  19  52 
  0  63   1  59   2  57   3  64   4  73   5  62   6  63   7  57   8  69   9  57  10  53  11  70  12  71  13  70  14  57  15  58  16  74  17  62  18  66  19  56 
  0  60   1  56   2  56   3  66   4  72   5  59   6  63   7  55   8  68   9  55  10  55  11  70  12  72  13  67  14  56  15  59  16  74  17  63  18  64  19  56 
  0  57   1  53   2  55   3  63   4  69   5  57   6  58   7  48   8  66   9  52  10  54  11  71  12  67  13  66  14  47  15  57  16  70  17  62  18  62  19  52 
  0  60   1  58   2  59   3  65   4  69   5  63   6  59   7  53   8  68   9  56  10  55  11  69  12  73  13  66  14  53  15  58  16  70  17  64  18  63  19  58 
  0  59   1  57   2  59   3  66   4  71   5  62   6  62   7  55   8  68   9  56  10  55  11  71  12  73  13  67  14  57  15  58  16  71  17  63  18  66  19  55 
  0  55   1  53   2  57   3  60   4  69   5  57   6  60   7  53   8  68   9  53  10  53  11  69  12  68  13  63  14  50  15  57  16  69  17  62  18  59  19  53 
  0  62   1  55   2  59   3  63   4  73   5  61   6  59   7  57   8  69   9  57  10  55  11  69  12  72  13  66  14  53  15  56  16  74  17  63  18  67  19  58 
  0  54   1  56   2  55   3  60   4  69   5  59   6  57   7  50   8  66   9  53  10  54  11  71  12  67  13  64  14  51  15  57  16  70  17  62  18  60  19  55 
  0  56   1  54   2  58   3  63   4  72   5  57   6  61   7  51   8  68   9  52  10  53  11  69  12  70  13  64  14  49  15  57  16  71  17  62  18  62  19  52 
  0  57   1  54   2  58   3  65   4  72   5  58   6  61   7  52   8  65   9  54  10  55  11  69  12  72  13  68  14  51  15  59  16  72  17  63  18  64  19  53 
  0  61   1  59   2  59   3  66   4  71   5  64   6  62   7  57   8  69   9  57  10  55  11  71  12  73  13  69  14  57  15  59  16  73  17  62  18  68  19  57 
  0  58   1  55   2  55   3  60   4  69   5  60   6  57   7  50   8  65   9  53  10  53  11  70  12  67  13  63  14  48  15  55  16  70  17  62  18  62  19  54 
  0  61   1  57   2  56   3  64   4  72   5  62   6  59   7  52   8  68   9  55  10  53  11  69  12  71  13  66  14  51  15  59  16  73  17  62  18  65  19  58 
  0  61   1  58   2  56   3  62   4  73   5  61   6  61   7  55   8  66   9  57  10  54  11  69  12  73  13  69  14  55  15  59  16  70  17  64  18  64  19  56 
  0  55   1  55   2  55   3  60   4  70   5  56   6  57   7  51   8  68   9  51  10  54  11  69  12  67  13  65  14  47  15  55  16  68  17  62  18  58  19  54 
  0  62   1  59   2  57   3  65   4  73   5  64   6  63   7  57   8  69   9  55  10  53  11  71  12  73  13  67  14  56  15  56  16  74  17  64  18  68  19  56 
  0  62   1  58   2  59   3  66   4  73   5  64   6  61   7  56   8  68   9  57  10  53  11  69  12  72  13  68  14  57  15  59  16  74  17  63  18  68  19  58 
  0  59   1  58   2  59   3  64   4  71   5  59   6  60   7  53   8  68   9  56  10  55  11  69  12  70  13  68  14  55  15  59  16  70  17  64  18  65  19  53 


