
 20  20

  0  79   1  83   2  92   3  85   4  87   5  89   6  80   7  80   8  85   9  83  10  80  11  84  12  79  13  91  14  82  15  87  16  81  17  88  18  90  19  86 
  0  76   1  77   2  93   3  84   4  86   5  83   6  77   7  76   8  81   9  78  10  80  11  79  12  81  13  87  14  77  15  81  16  77  17  84  18  85  19  85 
  0  77   1  82   2  92   3  87   4  87   5  88   6  80   7  78   8  83   9  81  10  80  11  86  12  81  13  91  14  80  15  85  16  79  17  84  18  93  19  83 
  0  77   1  82   2  91   3  83   4  86   5  87   6  80   7  80   8  85   9  84  10  81  11  83  12  80  13  88  14  82  15  86  16  80  17  88  18  91  19  85 
  0  75   1  77   2  90   3  85   4  86   5  88   6  79   7  76   8  82   9  81  10  82  11  80  12  81  13  88  14  78  15  82  16  77  17  83  18  90  19  85 
  0  80   1  80   2  93   3  86   4  87   5  89   6  80   7  80   8  83   9  85  10  81  11  86  12  80  13  89  14  80  15  86  16  81  17  88  18  93  19  86 
  0  81   1  83   2  93   3  86   4  88   5  89   6  80   7  80   8  83   9  85  10  82  11  86  12  80  13  92  14  82  15  87  16  81  17  86  18  90  19  85 
  0  80   1  79   2  93   3  87   4  88   5  89   6  77   7  80   8  82   9  84  10  81  11  86  12  80  13  92  14  79  15  87  16  80  17  85  18  93  19  85 
  0  72   1  75   2  90   3  81   4  87   5  85   6  74   7  77   8  81   9  79  10  80  11  77  12  80  13  85  14  79  15  80  16  78  17  80  18  86  19  84 
  0  71   1  73   2  89   3  79   4  86   5  86   6  76   7  76   8  78   9  77  10  81  11  76  12  80  13  86  14  77  15  78  16  77  17  83  18  83  19  82 
  0  75   1  79   2  89   3  84   4  87   5  85   6  77   7  79   8  81   9  80  10  81  11  83  12  81  13  86  14  77  15  83  16  81  17  82  18  90  19  86 
  0  79   1  81   2  92   3  88   4  88   5  89   6  79   7  78   8  86   9  83  10  81  11  85  12  81  13  92  14  82  15  86  16  79  17  87  18  93  19  86 
  0  78   1  81   2  91   3  84   4  86   5  88   6  78   7  80   8  85   9  79  10  82  11  80  12  79  13  90  14  82  15  83  16  80  17  86  18  89  19  83 
  0  73   1  74   2  92   3  79   4  87   5  86   6  74   7  76   8  81   9  79  10  81  11  78  12  79  13  84  14  76  15  81  16  80  17  80  18  84  19  82 
  0  81   1  81   2  93   3  88   4  88   5  87   6  80   7  80   8  86   9  85  10  82  11  86  12  81  13  92  14  82  15  87  16  80  17  86  18  93  19  84 
  0  76   1  76   2  93   3  81   4  88   5  84   6  77   7  78   8  83   9  80  10  80  11  83  12  79  13  90  14  78  15  84  16  81  17  82  18  90  19  83 
  0  77   1  75   2  90   3  84   4  87   5  87   6  77   7  77   8  79   9  80  10  80  11  81  12  81  13  88  14  79  15  82  16  80  17  81  18  88  19  85 
  0  79   1  83   2  93   3  88   4  87   5  88   6  80   7  80   8  84   9  82  10  82  11  86  12  81  13  90  14  81  15  84  16  81  17  88  18  91  19  86 
  0  73   1  73   2  92   3  80   4  87   5  83   6  74   7  78   8  80   9  78  10  80  11  78  12  79  13  87  14  78  15  78  16  77  17  83  18  83  19  82 
  0  76   1  75   2  91   3  82   4  88   5  83   6  77   7  77   8  81   9  81  10  82  11  78  12  80  13  87  14  77  15  79  16  78  17  81  18  86  19  82 


