
 20  20

  0  37   1  40   2  28   3  38   4  41   5  34   6  45   7  47   8  46   9  39  10  41  11  32  12  44  13  38  14  29  15  34  16  34  17  46  18  33  19  40 
  0  35   1  37   2  28   3  38   4  41   5  33   6  42   7  46   8  47   9  39  10  41  11  32  12  43  13  35  14  29  15  31  16  34  17  48  18  35  19  39 
  0  38   1  41   2  32   3  37   4  42   5  33   6  43   7  47   8  48   9  43  10  42  11  31  12  44  13  35  14  28  15  34  16  37  17  48  18  37  19  39 
  0  39   1  39   2  31   3  38   4  41   5  34   6  45   7  46   8  47   9  44  10  44  11  33  12  44  13  37  14  31  15  31  16  37  17  48  18  35  19  40 
  0  37   1  39   2  31   3  38   4  40   5  35   6  44   7  47   8  50   9  42  10  41  11  31  12  43  13  38  14  27  15  32  16  38  17  47  18  33  19  39 
  0  37   1  38   2  30   3  38   4  40   5  33   6  42   7  46   8  47   9  40  10  40  11  30  12  43  13  37  14  27  15  32  16  34  17  48  18  35  19  39 
  0  36   1  37   2  28   3  37   4  42   5  34   6  42   7  46   8  47   9  40  10  42  11  32  12  44  13  35  14  26  15  31  16  34  17  48  18  36  19  41 
  0  39   1  37   2  32   3  41   4  44   5  34   6  43   7  46   8  50   9  39  10  44  11  33  12  45  13  35  14  28  15  32  16  38  17  47  18  36  19  41 
  0  35   1  38   2  28   3  37   4  40   5  34   6  45   7  46   8  47   9  39  10  42  11  33  12  43  13  37  14  26  15  33  16  34  17  46  18  36  19  39 
  0  43   1  41   2  32   3  40   4  41   5  35   6  44   7  46   8  50   9  44  10  45  11  37  12  44  13  37  14  33  15  32  16  38  17  46  18  40  19  41 
  0  43   1  42   2  33   3  39   4  40   5  34   6  44   7  46   8  47   9  41  10  45  11  37  12  44  13  39  14  29  15  32  16  39  17  48  18  38  19  44 
  0  36   1  37   2  31   3  37   4  41   5  33   6  43   7  48   8  46   9  39  10  41  11  30  12  43  13  37  14  26  15  31  16  34  17  46  18  34  19  39 
  0  37   1  37   2  28   3  37   4  40   5  33   6  42   7  46   8  46   9  39  10  43  11  33  12  43  13  37  14  29  15  33  16  34  17  47  18  33  19  39 
  0  44   1  40   2  32   3  41   4  44   5  35   6  45   7  46   8  52   9  42  10  47  11  39  12  45  13  38  14  33  15  34  16  37  17  48  18  40  19  45 
  0  38   1  37   2  30   3  38   4  43   5  33   6  45   7  48   8  46   9  41  10  41  11  32  12  43  13  35  14  26  15  31  16  34  17  46  18  35  19  40 
  0  45   1  43   2  34   3  41   4  44   5  33   6  46   7  48   8  51   9  43  10  48  11  39  12  43  13  39  14  34  15  35  16  38  17  46  18  39  19  43 
  0  40   1  40   2  32   3  39   4  41   5  33   6  46   7  46   8  50   9  42  10  46  11  37  12  44  13  36  14  30  15  35  16  37  17  48  18  39  19  43 
  0  37   1  40   2  32   3  38   4  41   5  35   6  44   7  48   8  49   9  41  10  44  11  33  12  43  13  39  14  30  15  35  16  38  17  46  18  36  19  39 
  0  45   1  42   2  33   3  40   4  44   5  35   6  45   7  48   8  49   9  43  10  49  11  37  12  44  13  39  14  33  15  35  16  40  17  48  18  39  19  42 
  0  38   1  37   2  28   3  39   4  40   5  33   6  45   7  47   8  49   9  40  10  43  11  32  12  44  13  38  14  27  15  33  16  34  17  46  18  33  19  39 


