
 20  20

  0  71   1  75   2  72   3  67   4  59   5  64   6  75   7  76   8  63   9  64  10  74  11  70  12  67  13  76  14  72  15  63  16  72  17  66  18  80  19  71 
  0  73   1  76   2  76   3  68   4  60   5  64   6  76   7  80   8  63   9  63  10  74  11  68  12  69  13  77  14  73  15  65  16  75  17  67  18  79  19  69 
  0  79   1  79   2  78   3  69   4  68   5  73   6  78   7  81   8  63   9  64  10  81  11  72  12  71  13  80  14  77  15  65  16  76  17  71  18  81  19  77 
  0  77   1  77   2  76   3  69   4  64   5  71   6  79   7  80   8  65   9  64  10  77  11  71  12  69  13  76  14  73  15  63  16  77  17  66  18  81  19  72 
  0  70   1  78   2  74   3  68   4  63   5  65   6  76   7  78   8  65   9  62  10  75  11  68  12  67  13  79  14  71  15  65  16  72  17  63  18  81  19  70 
  0  74   1  75   2  76   3  67   4  62   5  67   6  77   7  80   8  63   9  64  10  75  11  70  12  69  13  79  14  71  15  65  16  71  17  64  18  81  19  69 
  0  73   1  76   2  75   3  67   4  64   5  69   6  73   7  80   8  63   9  62  10  78  11  72  12  67  13  79  14  72  15  65  16  75  17  66  18  77  19  73 
  0  72   1  75   2  76   3  69   4  61   5  67   6  76   7  80   8  65   9  62  10  74  11  68  12  68  13  79  14  73  15  65  16  75  17  67  18  78  19  71 
  0  73   1  76   2  75   3  67   4  59   5  63   6  75   7  77   8  63   9  62  10  72  11  71  12  70  13  76  14  74  15  63  16  73  17  63  18  80  19  69 
  0  74   1  78   2  80   3  69   4  66   5  69   6  76   7  81   8  65   9  64  10  79  11  72  12  69  13  76  14  74  15  65  16  74  17  69  18  78  19  74 
  0  74   1  75   2  76   3  69   4  61   5  67   6  75   7  76   8  63   9  62  10  73  11  68  12  68  13  77  14  73  15  63  16  73  17  63  18  78  19  73 
  0  69   1  77   2  72   3  69   4  60   5  63   6  73   7  77   8  63   9  62  10  72  11  70  12  68  13  76  14  70  15  63  16  70  17  64  18  77  19  70 
  0  79   1  77   2  81   3  69   4  67   5  71   6  80   7  82   8  64   9  63  10  80  11  72  12  69  13  79  14  78  15  65  16  78  17  71  18  81  19  76 
  0  79   1  79   2  79   3  69   4  67   5  70   6  80   7  83   8  63   9  64  10  81  11  70  12  71  13  79  14  78  15  65  16  75  17  70  18  83  19  75 
  0  78   1  79   2  81   3  67   4  68   5  71   6  80   7  84   8  65   9  64  10  82  11  70  12  71  13  80  14  76  15  65  16  78  17  69  18  83  19  78 
  0  69   1  75   2  75   3  67   4  62   5  63   6  74   7  78   8  63   9  62  10  73  11  68  12  67  13  78  14  74  15  64  16  72  17  63  18  77  19  70 
  0  72   1  75   2  76   3  67   4  61   5  68   6  76   7  78   8  65   9  64  10  74  11  70  12  68  13  78  14  71  15  65  16  72  17  67  18  77  19  70 
  0  72   1  79   2  77   3  67   4  61   5  67   6  75   7  81   8  63   9  62  10  75  11  68  12  69  13  78  14  75  15  65  16  72  17  66  18  81  19  71 
  0  74   1  78   2  76   3  69   4  64   5  69   6  74   7  79   8  65   9  62  10  79  11  69  12  71  13  80  14  75  15  65  16  76  17  67  18  79  19  74 
  0  73   1  77   2  75   3  67   4  63   5  65   6  77   7  81   8  64   9  63  10  74  11  69  12  71  13  80  14  74  15  63  16  75  17  67  18  80  19  72 


