
 20  20

  0  64   1  74   2  67   3  55   4  73   5  68   6  62   7  69   8  72   9  69  10  65  11  62  12  74  13  72  14  75  15  68  16  59  17  71  18  72  19  74 
  0  64   1  74   2  69   3  57   4  73   5  65   6  63   7  65   8  73   9  70  10  63  11  62  12  76  13  68  14  74  15  68  16  57  17  71  18  74  19  73 
  0  69   1  75   2  70   3  59   4  78   5  73   6  65   7  72   8  76   9  72  10  64  11  68  12  78  13  75  14  77  15  70  16  59  17  73  18  80  19  81 
  0  60   1  75   2  66   3  56   4  71   5  67   6  60   7  65   8  72   9  69  10  63  11  61  12  73  13  68  14  75  15  65  16  59  17  69  18  72  19  72 
  0  67   1  76   2  69   3  57   4  81   5  75   6  67   7  74   8  75   9  72  10  65  11  68  12  77  13  76  14  77  15  71  16  57  17  74  18  80  19  78 
  0  69   1  75   2  67   3  59   4  77   5  72   6  64   7  70   8  72   9  73  10  65  11  66  12  78  13  75  14  76  15  72  16  57  17  73  18  79  19  77 
  0  65   1  74   2  69   3  55   4  72   5  70   6  62   7  69   8  73   9  70  10  64  11  65  12  76  13  71  14  73  15  67  16  57  17  70  18  74  19  73 
  0  62   1  74   2  66   3  57   4  71   5  67   6  62   7  64   8  72   9  69  10  63  11  61  12  74  13  70  14  73  15  66  16  59  17  69  18  72  19  71 
  0  62   1  76   2  66   3  57   4  72   5  65   6  62   7  66   8  70   9  69  10  65  11  62  12  73  13  68  14  73  15  67  16  57  17  69  18  72  19  74 
  0  62   1  74   2  66   3  57   4  71   5  65   6  61   7  64   8  72   9  70  10  64  11  63  12  74  13  68  14  73  15  67  16  57  17  69  18  73  19  71 
  0  63   1  74   2  67   3  55   4  75   5  71   6  66   7  68   8  73   9  70  10  65  11  67  12  78  13  72  14  73  15  67  16  57  17  73  18  78  19  75 
  0  69   1  76   2  70   3  59   4  81   5  73   6  68   7  74   8  76   9  73  10  63  11  71  12  79  13  78  14  77  15  71  16  57  17  73  18  80  19  81 
  0  68   1  74   2  70   3  56   4  77   5  72   6  66   7  73   8  76   9  73  10  64  11  70  12  79  13  75  14  74  15  70  16  59  17  73  18  80  19  78 
  0  66   1  76   2  70   3  56   4  79   5  71   6  64   7  72   8  74   9  71  10  63  11  68  12  77  13  73  14  75  15  70  16  58  17  73  18  79  19  78 
  0  63   1  75   2  69   3  58   4  75   5  70   6  62   7  70   8  75   9  72  10  65  11  67  12  75  13  73  14  77  15  70  16  57  17  73  18  78  19  76 
  0  65   1  75   2  67   3  56   4  72   5  69   6  63   7  68   8  70   9  69  10  65  11  63  12  74  13  73  14  73  15  70  16  58  17  70  18  77  19  76 
  0  67   1  75   2  66   3  58   4  77   5  68   6  63   7  70   8  75   9  70  10  65  11  65  12  76  13  71  14  75  15  69  16  58  17  73  18  74  19  76 
  0  68   1  74   2  70   3  59   4  79   5  75   6  67   7  74   8  75   9  73  10  65  11  68  12  78  13  76  14  77  15  73  16  58  17  73  18  79  19  81 
  0  68   1  75   2  68   3  59   4  81   5  74   6  68   7  72   8  76   9  71  10  65  11  71  12  77  13  78  14  77  15  72  16  59  17  74  18  80  19  79 
  0  63   1  76   2  68   3  55   4  75   5  70   6  62   7  70   8  70   9  72  10  64  11  65  12  74  13  72  14  76  15  67  16  57  17  72  18  73  19  77 


