
 20  20

  0  39   1  16   2  35   3  25   4  18   5  37   6  23   7  27   8  27   9  25  10  22  11  22  12  33  13  27  14  26  15  33  16  32  17  30  18  28  19  31 
  0  33   1  14   2  35   3  21   4  19   5  34   6  20   7  27   8  25   9  21  10  18  11  22  12  31  13  24  14  21  15  33  16  32  17  32  18  28  19  32 
  0  35   1  15   2  35   3  21   4  18   5  36   6  20   7  27   8  27   9  23  10  22  11  22  12  33  13  25  14  25  15  37  16  34  17  30  18  29  19  31 
  0  39   1  20   2  35   3  25   4  19   5  38   6  21   7  30   8  28   9  26  10  22  11  23  12  32  13  26  14  27  15  34  16  34  17  32  18  30  19  31 
  0  33   1  14   2  37   3  21   4  19   5  34   6  21   7  26   8  25   9  21  10  21  11  25  12  34  13  22  14  21  15  35  16  32  17  30  18  28  19  30 
  0  36   1  17   2  39   3  24   4  18   5  37   6  23   7  30   8  31   9  27  10  20  11  23  12  34  13  29  14  25  15  34  16  34  17  30  18  31  19  32 
  0  41   1  21   2  35   3  27   4  20   5  40   6  23   7  29   8  32   9  26  10  24  11  26  12  33  13  30  14  27  15  39  16  32  17  30  18  32  19  30 
  0  33   1  14   2  35   3  21   4  18   5  34   6  22   7  26   8  26   9  21  10  18  11  22  12  31  13  24  14  22  15  33  16  32  17  30  18  30  19  30 
  0  36   1  16   2  35   3  21   4  18   5  37   6  21   7  29   8  25   9  23  10  19  11  22  12  32  13  24  14  21  15  34  16  32  17  30  18  31  19  31 
  0  35   1  14   2  35   3  23   4  19   5  34   6  23   7  27   8  26   9  23  10  18  11  22  12  32  13  24  14  22  15  35  16  33  17  30  18  31  19  30 
  0  37   1  17   2  37   3  22   4  18   5  38   6  23   7  30   8  31   9  23  10  22  11  26  12  32  13  24  14  26  15  37  16  34  17  32  18  31  19  30 
  0  35   1  14   2  35   3  21   4  19   5  37   6  20   7  27   8  29   9  23  10  19  11  24  12  31  13  23  14  24  15  33  16  32  17  31  18  28  19  31 
  0  38   1  19   2  35   3  23   4  20   5  38   6  22   7  28   8  29   9  26  10  23  11  25  12  33  13  27  14  25  15  34  16  33  17  32  18  28  19  30 
  0  35   1  20   2  38   3  22   4  20   5  38   6  21   7  30   8  27   9  22  10  19  11  24  12  33  13  26  14  26  15  34  16  34  17  32  18  30  19  32 
  0  34   1  16   2  36   3  22   4  19   5  34   6  22   7  28   8  28   9  21  10  20  11  25  12  32  13  23  14  22  15  33  16  32  17  30  18  29  19  32 
  0  39   1  19   2  37   3  25   4  20   5  36   6  24   7  31   8  30   9  25  10  21  11  27  12  32  13  30  14  27  15  37  16  34  17  30  18  30  19  31 
  0  36   1  18   2  38   3  25   4  18   5  36   6  24   7  28   8  29   9  25  10  22  11  26  12  31  13  26  14  28  15  37  16  34  17  32  18  32  19  32 
  0  39   1  23   2  39   3  25   4  20   5  40   6  22   7  30   8  35   9  28  10  22  11  28  12  35  13  29  14  29  15  38  16  34  17  30  18  29  19  31 
  0  36   1  14   2  35   3  24   4  18   5  34   6  21   7  26   8  26   9  25  10  21  11  25  12  34  13  26  14  24  15  33  16  33  17  30  18  30  19  30 
  0  35   1  14   2  37   3  21   4  20   5  34   6  20   7  26   8  28   9  21  10  18  11  25  12  31  13  22  14  24  15  36  16  32  17  30  18  30  19  32 


