
 20  20

  0  94   1  85   2  88   3  73   4  72   5  89   6  79   7  82   8  89   9  81  10  89  11  85  12  75  13  85  14  74  15  91  16  72  17  79  18  82  19  77 
  0  94   1  89   2  88   3  75   4  78   5  94   6  82   7  84   8  92   9  83  10  93  11  87  12  77  13  85  14  76  15  92  16  75  17  81  18  84  19  77 
  0  93   1  89   2  89   3  75   4  77   5  93   6  81   7  84   8  91   9  83  10  92  11  89  12  79  13  85  14  75  15  95  16  77  17  82  18  84  19  78 
  0  91   1  85   2  86   3  75   4  74   5  90   6  77   7  77   8  91   9  78  10  89  11  87  12  76  13  84  14  73  15  89  16  72  17  77  18  83  19  76 
  0  93   1  87   2  90   3  73   4  78   5  90   6  82   7  83   8  90   9  83  10  93  11  86  12  80  13  85  14  76  15  94  16  74  17  84  18  83  19  77 
  0  91   1  88   2  86   3  75   4  76   5  91   6  77   7  80   8  91   9  80  10  89  11  85  12  76  13  84  14  75  15  90  16  72  17  82  18  84  19  78 
  0  97   1  91   2  92   3  75   4  78   5  94   6  82   7  84   8  91   9  82  10  93  11  89  12  79  13  88  14  79  15  94  16  76  17  85  18  83  19  78 
  0  90   1  85   2  86   3  73   4  70   5  90   6  79   7  79   8  88   9  77  10  91  11  87  12  74  13  87  14  73  15  88  16  71  17  79  18  82  19  77 
  0  96   1  89   2  91   3  74   4  75   5  94   6  79   7  81   8  92   9  83  10  93  11  89  12  77  13  87  14  77  15  93  16  75  17  81  18  84  19  78 
  0  90   1  86   2  85   3  73   4  75   5  93   6  81   7  82   8  89   9  82  10  92  11  85  12  75  13  87  14  73  15  91  16  74  17  80  18  84  19  78 
  0  92   1  85   2  88   3  74   4  74   5  91   6  78   7  80   8  91   9  80  10  90  11  87  12  78  13  84  14  71  15  87  16  72  17  79  18  82  19  77 
  0  95   1  87   2  89   3  75   4  74   5  90   6  78   7  82   8  91   9  79  10  90  11  87  12  78  13  87  14  77  15  91  16  76  17  80  18  82  19  76 
  0  91   1  88   2  86   3  74   4  74   5  91   6  81   7  79   8  92   9  81  10  91  11  88  12  80  13  88  14  77  15  89  16  74  17  82  18  82  19  78 
  0  91   1  86   2  87   3  73   4  74   5  92   6  80   7  78   8  91   9  77  10  90  11  85  12  74  13  86  14  74  15  88  16  74  17  81  18  83  19  78 
  0  93   1  88   2  90   3  73   4  76   5  94   6  82   7  81   8  92   9  80  10  93  11  88  12  78  13  85  14  77  15  94  16  75  17  85  18  82  19  77 
  0  95   1  89   2  91   3  74   4  75   5  92   6  78   7  81   8  92   9  83  10  91  11  86  12  76  13  88  14  76  15  92  16  76  17  83  18  84  19  78 
  0  94   1  87   2  91   3  75   4  77   5  93   6  80   7  82   8  89   9  81  10  93  11  89  12  78  13  86  14  78  15  91  16  75  17  82  18  82  19  78 
  0  88   1  83   2  82   3  73   4  70   5  90   6  76   7  77   8  88   9  78  10  90  11  86  12  75  13  87  14  69  15  86  16  70  17  78  18  82  19  76 
  0  92   1  84   2  86   3  75   4  72   5  89   6  76   7  79   8  91   9  80  10  89  11  85  12  75  13  86  14  75  15  91  16  72  17  80  18  84  19  78 
  0  91   1  83   2  86   3  75   4  75   5  93   6  80   7  81   8  91   9  81  10  90  11  89  12  77  13  84  14  73  15  87  16  72  17  81  18  84  19  76 


