
 20  20

  0  43   1  50   2  37   3  41   4  37   5  38   6  38   7  40   8  51   9  33  10  49  11  45  12  36  13  39  14  46  15  35  16  51  17  42  18  39  19  53 
  0  45   1  52   2  37   3  38   4  41   5  38   6  36   7  40   8  48   9  34  10  49  11  48  12  34  13  43  14  48  15  35  16  48  17  39  18  37  19  55 
  0  40   1  47   2  36   3  40   4  35   5  37   6  37   7  42   8  44   9  35  10  46  11  44  12  34  13  40  14  46  15  35  16  49  17  38  18  37  19  53 
  0  44   1  53   2  39   3  38   4  41   5  40   6  38   7  41   8  48   9  33  10  52  11  48  12  37  13  40  14  43  15  39  16  48  17  39  18  34  19  53 
  0  48   1  53   2  38   3  41   4  43   5  42   6  36   7  42   8  50   9  35  10  51  11  51  12  38  13  41  14  46  15  39  16  51  17  41  18  36  19  56 
  0  42   1  47   2  32   3  40   4  38   5  36   6  37   7  42   8  45   9  34  10  46  11  42  12  35  13  39  14  45  15  34  16  50  17  38  18  35  19  54 
  0  42   1  46   2  31   3  38   4  34   5  35   6  38   7  40   8  45   9  33  10  48  11  45  12  34  13  42  14  42  15  35  16  49  17  38  18  35  19  53 
  0  43   1  50   2  35   3  38   4  36   5  37   6  38   7  40   8  44   9  33  10  45  11  45  12  37  13  41  14  42  15  33  16  48  17  40  18  33  19  55 
  0  49   1  52   2  41   3  42   4  41   5  42   6  38   7  42   8  51   9  33  10  52  11  50  12  38  13  43  14  48  15  38  16  51  17  42  18  39  19  56 
  0  47   1  51   2  39   3  39   4  41   5  40   6  36   7  40   8  51   9  35  10  48  11  46  12  38  13  40  14  44  15  37  16  51  17  42  18  35  19  56 
  0  40   1  50   2  32   3  40   4  36   5  37   6  37   7  40   8  49   9  34  10  47  11  45  12  34  13  42  14  45  15  37  16  50  17  41  18  36  19  52 
  0  49   1  53   2  41   3  40   4  39   5  43   6  37   7  40   8  52   9  33  10  52  11  48  12  35  13  41  14  45  15  39  16  52  17  40  18  39  19  53 
  0  39   1  47   2  33   3  39   4  33   5  36   6  38   7  41   8  45   9  33  10  44  11  42  12  34  13  39  14  42  15  32  16  46  17  41  18  34  19  55 
  0  39   1  48   2  33   3  38   4  34   5  33   6  38   7  40   8  46   9  35  10  45  11  41  12  34  13  42  14  42  15  35  16  48  17  41  18  33  19  55 
  0  44   1  51   2  35   3  38   4  38   5  37   6  37   7  40   8  49   9  35  10  50  11  45  12  37  13  42  14  44  15  36  16  47  17  38  18  34  19  56 
  0  39   1  46   2  32   3  38   4  33   5  33   6  37   7  40   8  46   9  34  10  44  11  41  12  36  13  40  14  42  15  34  16  48  17  38  18  33  19  52 
  0  47   1  50   2  38   3  42   4  39   5  42   6  36   7  41   8  51   9  35  10  53  11  47  12  35  13  42  14  46  15  37  16  51  17  39  18  39  19  54 
  0  39   1  46   2  31   3  38   4  36   5  36   6  37   7  40   8  47   9  33  10  44  11  44  12  37  13  42  14  45  15  35  16  48  17  38  18  35  19  55 
  0  45   1  50   2  38   3  42   4  42   5  39   6  38   7  40   8  49   9  34  10  52  11  46  12  38  13  43  14  48  15  39  16  49  17  40  18  39  19  56 
  0  43   1  48   2  33   3  40   4  34   5  34   6  36   7  40   8  47   9  33  10  44  11  42  12  35  13  42  14  43  15  34  16  46  17  41  18  34  19  52 


