
 20  20

  0  59   1  60   2  76   3  75   4  57   5  79   6  64   7  69   8  60   9  63  10  76  11  77  12  65  13  70  14  59  15  72  16  68  17  62  18  68  19  58 
  0  57   1  60   2  75   3  71   4  59   5  75   6  63   7  65   8  61   9  61  10  73  11  75  12  65  13  68  14  61  15  71  16  66  17  62  18  66  19  58 
  0  62   1  63   2  81   3  74   4  57   5  79   6  65   7  73   8  63   9  68  10  76  11  77  12  67  13  70  14  61  15  76  16  73  17  65  18  72  19  64 
  0  59   1  59   2  76   3  75   4  59   5  78   6  65   7  70   8  59   9  64  10  73  11  77  12  66  13  67  14  60  15  76  16  70  17  66  18  70  19  61 
  0  59   1  63   2  81   3  72   4  59   5  81   6  63   7  72   8  61   9  67  10  76  11  77  12  65  13  71  14  60  15  77  16  71  17  67  18  68  19  64 
  0  62   1  63   2  79   3  76   4  58   5  81   6  64   7  72   8  62   9  68  10  76  11  75  12  66  13  71  14  59  15  75  16  73  17  67  18  72  19  64 
  0  61   1  63   2  77   3  72   4  58   5  81   6  65   7  67   8  60   9  64  10  72  11  75  12  65  13  70  14  59  15  76  16  68  17  65  18  70  19  63 
  0  56   1  60   2  73   3  70   4  57   5  76   6  62   7  64   8  57   9  63  10  74  11  76  12  65  13  68  14  59  15  73  16  65  17  63  18  63  19  56 
  0  63   1  63   2  81   3  74   4  59   5  81   6  64   7  73   8  63   9  68  10  76  11  75  12  66  13  68  14  61  15  77  16  73  17  67  18  69  19  61 
  0  58   1  60   2  73   3  71   4  57   5  76   6  61   7  65   8  57   9  64  10  75  11  75  12  65  13  65  14  59  15  71  16  65  17  60  18  63  19  60 
  0  63   1  63   2  80   3  76   4  59   5  79   6  65   7  71   8  63   9  67  10  73  11  75  12  65  13  69  14  60  15  77  16  70  17  67  18  73  19  64 
  0  57   1  61   2  77   3  71   4  57   5  80   6  61   7  66   8  61   9  62  10  73  11  77  12  67  13  67  14  60  15  74  16  69  17  64  18  69  19  60 
  0  58   1  58   2  74   3  72   4  57   5  77   6  64   7  69   8  59   9  63  10  75  11  75  12  65  13  68  14  59  15  74  16  68  17  60  18  67  19  61 
  0  61   1  63   2  81   3  76   4  59   5  81   6  65   7  72   8  61   9  68  10  74  11  77  12  67  13  69  14  59  15  76  16  70  17  66  18  73  19  63 
  0  57   1  60   2  74   3  74   4  57   5  79   6  65   7  68   8  58   9  62  10  75  11  75  12  65  13  67  14  59  15  72  16  66  17  64  18  65  19  58 
  0  54   1  57   2  73   3  71   4  57   5  77   6  62   7  63   8  57   9  62  10  74  11  77  12  65  13  65  14  60  15  73  16  63  17  59  18  65  19  58 
  0  64   1  63   2  81   3  76   4  58   5  81   6  65   7  70   8  61   9  68  10  76  11  75  12  67  13  71  14  59  15  75  16  73  17  67  18  73  19  64 
  0  55   1  60   2  74   3  72   4  59   5  77   6  63   7  66   8  59   9  63  10  72  11  77  12  65  13  65  14  59  15  71  16  64  17  62  18  65  19  57 
  0  59   1  61   2  78   3  75   4  59   5  78   6  63   7  70   8  60   9  67  10  74  11  76  12  66  13  70  14  59  15  74  16  70  17  67  18  68  19  64 
  0  63   1  63   2  80   3  76   4  59   5  81   6  65   7  72   8  63   9  68  10  76  11  76  12  65  13  70  14  60  15  77  16  73  17  64  18  72  19  64 


