
 20  20

  0  37   1  50   2  41   3  51   4  49   5  48   6  53   7  51   8  48   9  45  10  47  11  35  12  45  13  44  14  40  15  46  16  48  17  51  18  47  19  42 
  0  40   1  49   2  43   3  52   4  51   5  51   6  51   7  50   8  47   9  49  10  47  11  38  12  44  13  43  14  42  15  47  16  50  17  51  18  47  19  42 
  0  33   1  45   2  37   3  53   4  48   5  49   6  53   7  48   8  43   9  44  10  46  11  33  12  46  13  43  14  41  15  42  16  49  17  46  18  43  19  40 
  0  37   1  51   2  40   3  53   4  50   5  50   6  53   7  48   8  48   9  45  10  48  11  34  12  45  13  45  14  40  15  43  16  50  17  50  18  43  19  40 
  0  41   1  55   2  41   3  52   4  49   5  53   6  52   7  53   8  48   9  49  10  47  11  39  12  45  13  44  14  43  15  47  16  50  17  54  18  47  19  42 
  0  36   1  47   2  42   3  51   4  49   5  50   6  53   7  51   8  45   9  46  10  48  11  36  12  46  13  44  14  39  15  45  16  49  17  49  18  47  19  40 
  0  37   1  49   2  39   3  52   4  48   5  50   6  53   7  51   8  48   9  46  10  45  11  36  12  43  13  41  14  39  15  46  16  50  17  48  18  44  19  40 
  0  42   1  52   2  41   3  51   4  52   5  53   6  53   7  52   8  52   9  50  10  48  11  38  12  47  13  46  14  44  15  49  16  50  17  54  18  51  19  42 
  0  38   1  51   2  39   3  53   4  48   5  49   6  53   7  51   8  45   9  48  10  47  11  34  12  43  13  41  14  43  15  48  16  48  17  51  18  44  19  42 
  0  38   1  51   2  38   3  53   4  50   5  46   6  53   7  50   8  45   9  46  10  48  11  37  12  44  13  40  14  39  15  44  16  50  17  46  18  43  19  42 
  0  33   1  47   2  39   3  51   4  48   5  46   6  50   7  49   8  42   9  41  10  44  11  33  12  43  13  40  14  40  15  42  16  50  17  45  18  43  19  40 
  0  39   1  48   2  41   3  51   4  46   5  48   6  52   7  47   8  46   9  46  10  46  11  35  12  43  13  40  14  39  15  47  16  49  17  50  18  45  19  40 
  0  39   1  49   2  41   3  52   4  48   5  52   6  50   7  51   8  47   9  49  10  46  11  38  12  46  13  42  14  43  15  47  16  48  17  48  18  48  19  41 
  0  37   1  50   2  42   3  51   4  49   5  49   6  52   7  52   8  49   9  48  10  47  11  35  12  45  13  45  14  40  15  45  16  50  17  48  18  48  19  42 
  0  41   1  52   2  43   3  53   4  50   5  53   6  54   7  52   8  50   9  49  10  48  11  39  12  44  13  45  14  42  15  46  16  48  17  54  18  50  19  42 
  0  38   1  49   2  38   3  52   4  46   5  45   6  53   7  49   8  43   9  44  10  45  11  37  12  43  13  41  14  39  15  44  16  50  17  48  18  42  19  42 
  0  39   1  52   2  40   3  52   4  48   5  50   6  51   7  49   8  49   9  49  10  48  11  39  12  45  13  44  14  41  15  49  16  49  17  51  18  46  19  40 
  0  37   1  46   2  39   3  51   4  48   5  49   6  52   7  50   8  43   9  42  10  44  11  34  12  44  13  41  14  41  15  42  16  48  17  48  18  41  19  40 
  0  39   1  51   2  43   3  52   4  50   5  51   6  54   7  49   8  51   9  49  10  48  11  36  12  44  13  46  14  40  15  49  16  49  17  53  18  48  19  41 
  0  33   1  45   2  37   3  53   4  46   5  45   6  50   7  49   8  42   9  41  10  46  11  34  12  43  13  40  14  40  15  44  16  48  17  44  18  43  19  40 


