
 20  20

  0  95   1  98   2  99   3  91   4  80   5  86   6  89   7  85   8  93   9  90  10  95  11  92  12  80  13  93  14  86  15  85  16  87  17  87  18  93  19  99 
  0  86   1  94   2  95   3  85   4  82   5  84   6  86   7  83   8  88   9  82  10  89  11  85  12  77  13  90  14  80  15  84  16  87  17  81  18  91  19  97 
  0  95   1  98   2  99   3  89   4  82   5  86   6  90   7  85   8  90   9  88  10  96  11  92  12  83  13  95  14  87  15  82  16  88  17  87  18  91  19  97 
  0  85   1  95   2  97   3  83   4  80   5  84   6  85   7  83   8  87   9  80  10  92  11  85  12  75  13  89  14  81  15  81  16  85  17  81  18  91  19  96 
  0  87   1  96   2  94   3  86   4  81   5  84   6  86   7  85   8  87   9  83  10  89  11  85  12  77  13  90  14  82  15  83  16  85  17  81  18  89  19  93 
  0  91   1  95   2  99   3  88   4  80   5  84   6  89   7  85   8  91   9  88  10  96  11  90  12  83  13  96  14  87  15  82  16  86  17  86  18  91  19  99 
  0  89   1  94   2  93   3  85   4  80   5  85   6  86   7  83   8  88   9  80  10  89  11  86  12  77  13  91  14  83  15  81  16  86  17  81  18  90  19  97 
  0  94   1  98   2  98   3  90   4  80   5  86   6  90   7  85   8  89   9  88  10  92  11  91  12  79  13  94  14  86  15  85  16  86  17  87  18  94  19  99 
  0  85   1  95   2  94   3  84   4  80   5  84   6  86   7  83   8  85   9  80  10  90  11  82  12  75  13  90  14  79  15  82  16  85  17  83  18  88  19  94 
  0  85   1  97   2  93   3  84   4  80   5  84   6  85   7  83   8  85   9  84  10  90  11  84  12  77  13  90  14  83  15  83  16  88  17  81  18  88  19  95 
  0  95   1  97   2  99   3  91   4  82   5  86   6  88   7  83   8  93   9  90  10  95  11  90  12  82  13  96  14  89  15  85  16  87  17  84  18  93  19  99 
  0  92   1  97   2  99   3  92   4  82   5  85   6  88   7  85   8  93   9  90  10  94  11  91  12  82  13  95  14  89  15  85  16  89  17  87  18  94  19  99 
  0  87   1  94   2  93   3  85   4  80   5  84   6  85   7  83   8  85   9  80  10  88  11  83  12  73  13  91  14  81  15  82  16  85  17  84  18  89  19  95 
  0  89   1  97   2  93   3  83   4  80   5  84   6  87   7  85   8  88   9  83  10  89  11  84  12  75  13  88  14  83  15  81  16  88  17  81  18  90  19  95 
  0  87   1  97   2  98   3  86   4  82   5  85   6  87   7  83   8  86   9  86  10  90  11  85  12  76  13  90  14  84  15  84  16  89  17  85  18  90  19  97 
  0  95   1  97   2  99   3  91   4  82   5  86   6  88   7  85   8  92   9  87  10  96  11  92  12  81  13  94  14  86  15  84  16  88  17  86  18  94  19  99 
  0  92   1  97   2  99   3  91   4  82   5  84   6  89   7  85   8  90   9  89  10  93  11  88  12  79  13  95  14  84  15  84  16  89  17  84  18  92  19  99 
  0  93   1  96   2  99   3  92   4  82   5  84   6  89   7  85   8  91   9  90  10  94  11  92  12  83  13  96  14  88  15  85  16  89  17  87  18  94  19  99 
  0  86   1  97   2  96   3  86   4  80   5  84   6  85   7  83   8  86   9  84  10  90  11  82  12  73  13  90  14  80  15  84  16  85  17  82  18  88  19  93 
  0  90   1  94   2  97   3  87   4  82   5  86   6  88   7  83   8  86   9  84  10  91  11  87  12  75  13  92  14  84  15  81  16  86  17  84  18  89  19  98 


