
 20  20

  0  28   1  28   2  27   3  25   4  21   5  27   6  14   7  16   8  28   9  21  10  18  11  30  12  18  13  34  14  19  15  27  16  25  17  33  18  19  19  15 
  0  27   1  27   2  26   3  26   4  20   5  29   6  14   7  16   8  30   9  21  10  17  11  30  12  18  13  34  14  19  15  27  16  27  17  36  18  18  19  17 
  0  26   1  27   2  27   3  25   4  21   5  27   6  15   7  14   8  25   9  17  10  13  11  31  12  18  13  32  14  19  15  24  16  21  17  32  18  19  19  16 
  0  22   1  25   2  24   3  24   4  19   5  27   6   8   7  12   8  22   9  14  10  10  11  24  12  16  13  26  14  12  15  21  16  20  17  26  18  15  19  11 
  0  29   1  29   2  25   3  26   4  19   5  27   6  16   7  16   8  27   9  22  10  17  11  31  12  18  13  34  14  20  15  26  16  27  17  34  18  19  19  17 
  0  26   1  29   2  26   3  27   4  21   5  29   6  16   7  16   8  28   9  21  10  18  11  30  12  16  13  31  14  20  15  25  16  25  17  35  18  19  19  14 
  0  20   1  27   2  22   3  23   4  19   5  27   6   8   7  13   8  23   9  17  10  11  11  24  12  18  13  26  14  13  15  24  16  20  17  30  18  17  19  10 
  0  25   1  29   2  22   3  25   4  21   5  29   6  13   7  14   8  23   9  18  10  11  11  28  12  16  13  29  14  13  15  21  16  20  17  30  18  19  19  12 
  0  29   1  28   2  28   3  27   4  20   5  29   6  14   7  14   8  27   9  20  10  18  11  31  12  18  13  34  14  20  15  24  16  27  17  33  18  18  19  17 
  0  23   1  28   2  24   3  23   4  19   5  27   6   9   7  14   8  20   9  18  10  12  11  28  12  16  13  30  14  16  15  21  16  21  17  28  18  16  19   9 
  0  23   1  25   2  25   3  23   4  20   5  29   6  12   7  13   8  22   9  16  10  12  11  28  12  18  13  28  14  12  15  22  16  19  17  30  18  16  19  11 
  0  26   1  27   2  24   3  27   4  19   5  29   6  11   7  15   8  29   9  18  10  17  11  28  12  16  13  33  14  18  15  27  16  26  17  32  18  18  19  12 
  0  27   1  28   2  28   3  27   4  19   5  27   6  12   7  15   8  27   9  18  10  17  11  27  12  18  13  29  14  16  15  24  16  25  17  32  18  16  19  14 
  0  23   1  26   2  27   3  23   4  19   5  27   6  13   7  15   8  28   9  19  10  13  11  29  12  18  13  32  14  18  15  24  16  25  17  30  18  15  19  12 
  0  22   1  29   2  25   3  24   4  19   5  29   6  13   7  12   8  25   9  19  10  11  11  26  12  16  13  27  14  16  15  23  16  23  17  30  18  15  19  11 
  0  26   1  29   2  24   3  26   4  19   5  27   6  12   7  14   8  27   9  19  10  14  11  30  12  18  13  32  14  20  15  27  16  23  17  31  18  17  19  17 
  0  28   1  29   2  28   3  24   4  21   5  29   6  16   7  14   8  29   9  19  10  15  11  30  12  18  13  31  14  19  15  25  16  24  17  35  18  19  19  15 
  0  23   1  29   2  27   3  24   4  21   5  27   6  13   7  13   8  22   9  15  10  14  11  28  12  17  13  28  14  17  15  25  16  19  17  30  18  19  19  14 
  0  22   1  25   2  23   3  23   4  21   5  29   6  10   7  12   8  26   9  19  10  15  11  28  12  16  13  29  14  14  15  26  16  20  17  32  18  19  19  14 
  0  19   1  25   2  22   3  23   4  19   5  29   6   8   7  12   8  20   9  14  10  11  11  24  12  16  13  26  14  12  15  22  16  18  17  28  18  17  19   9 


