
 20  20

  0  83   1  86   2  90   3  83   4  85   5  80   6  73   7  88   8  88   9  73  10  88  11  75  12  84  13  88  14  89  15  78  16  74  17  88  18  73  19  85 
  0  90   1  87   2  93   3  85   4  86   5  81   6  76   7  91   8  93   9  71  10  91  11  80  12  91  13  90  14  89  15  85  16  76  17  92  18  75  19  88 
  0  88   1  86   2  95   3  89   4  87   5  82   6  77   7  93   8  93   9  74  10  89  11  79  12  89  13  90  14  89  15  82  16  74  17  91  18  72  19  89 
  0  81   1  86   2  90   3  80   4  84   5  82   6  71   7  85   8  88   9  72  10  86  11  72  12  83  13  86  14  89  15  75  16  72  17  89  18  71  19  81 
  0  86   1  87   2  95   3  84   4  87   5  81   6  74   7  92   8  89   9  74  10  89  11  76  12  88  13  88  14  91  15  81  16  75  17  89  18  74  19  84 
  0  85   1  87   2  91   3  83   4  84   5  82   6  74   7  89   8  93   9  72  10  90  11  78  12  89  13  89  14  89  15  79  16  75  17  89  18  72  19  85 
  0  82   1  85   2  89   3  81   4  85   5  82   6  73   7  85   8  87   9  71  10  85  11  75  12  84  13  86  14  90  15  76  16  73  17  90  18  71  19  80 
  0  89   1  87   2  93   3  86   4  86   5  81   6  77   7  94   8  91   9  73  10  91  11  79  12  91  13  92  14  91  15  85  16  75  17  92  18  73  19  88 
  0  84   1  85   2  93   3  82   4  83   5  82   6  72   7  89   8  89   9  70  10  85  11  74  12  86  13  88  14  89  15  78  16  72  17  89  18  72  19  85 
  0  86   1  87   2  91   3  84   4  84   5  80   6  74   7  86   8  90   9  73  10  87  11  76  12  85  13  87  14  89  15  77  16  73  17  90  18  73  19  84 
  0  84   1  86   2  91   3  79   4  83   5  81   6  72   7  85   8  90   9  70  10  85  11  72  12  85  13  85  14  89  15  75  16  72  17  88  18  69  19  81 
  0  84   1  85   2  90   3  82   4  83   5  82   6  71   7  87   8  87   9  72  10  87  11  73  12  86  13  84  14  89  15  78  16  72  17  89  18  70  19  82 
  0  90   1  87   2  94   3  88   4  85   5  82   6  75   7  95   8  93   9  74  10  93  11  82  12  90  13  92  14  90  15  84  16  75  17  92  18  74  19  89 
  0  88   1  86   2  95   3  84   4  87   5  80   6  75   7  94   8  89   9  71  10  91  11  79  12  89  13  91  14  91  15  82  16  75  17  89  18  73  19  87 
  0  81   1  85   2  89   3  82   4  83   5  80   6  71   7  86   8  89   9  72  10  87  11  73  12  85  13  86  14  90  15  76  16  72  17  89  18  69  19  80 
  0  90   1  86   2  93   3  88   4  87   5  82   6  75   7  94   8  93   9  74  10  91  11  82  12  90  13  91  14  90  15  82  16  76  17  90  18  75  19  87 
  0  86   1  87   2  94   3  85   4  87   5  80   6  74   7  92   8  89   9  73  10  91  11  80  12  89  13  88  14  91  15  83  16  74  17  92  18  71  19  89 
  0  85   1  86   2  90   3  83   4  83   5  81   6  71   7  87   8  90   9  71  10  87  11  76  12  87  13  86  14  89  15  78  16  74  17  88  18  70  19  81 
  0  86   1  85   2  93   3  81   4  86   5  82   6  71   7  87   8  88   9  73  10  87  11  73  12  85  13  86  14  89  15  77  16  73  17  88  18  72  19  82 
  0  82   1  87   2  91   3  83   4  85   5  82   6  72   7  90   8  89   9  70  10  85  11  74  12  85  13  87  14  91  15  78  16  72  17  88  18  70  19  81 


