
 20  20

  0  79   1  71   2  71   3  65   4  68   5  72   6  73   7  74   8  81   9  71  10  76  11  80  12  67  13  79  14  75  15  71  16  84  17  68  18  79  19  79 
  0  79   1  73   2  71   3  65   4  67   5  72   6  72   7  73   8  84   9  73  10  78  11  80  12  69  13  79  14  74  15  71  16  84  17  68  18  78  19  81 
  0  82   1  75   2  68   3  67   4  66   5  71   6  72   7  74   8  82   9  73  10  78  11  81  12  67  13  79  14  75  15  70  16  83  17  69  18  79  19  79 
  0  78   1  73   2  69   3  65   4  63   5  73   6  72   7  73   8  78   9  66  10  77  11  79  12  65  13  74  14  69  15  69  16  80  17  63  18  78  19  81 
  0  73   1  68   2  65   3  66   4  65   5  73   6  72   7  70   8  79   9  65  10  72  11  75  12  63  13  71  14  70  15  66  16  81  17  62  18  75  19  78 
  0  76   1  68   2  68   3  66   4  64   5  71   6  71   7  71   8  80   9  66  10  73  11  76  12  67  13  73  14  71  15  66  16  81  17  65  18  76  19  78 
  0  82   1  73   2  70   3  66   4  67   5  73   6  73   7  74   8  84   9  71  10  78  11  78  12  69  13  79  14  75  15  70  16  84  17  67  18  79  19  79 
  0  80   1  75   2  69   3  66   4  66   5  73   6  72   7  72   8  82   9  69  10  75  11  80  12  66  13  77  14  76  15  71  16  81  17  66  18  76  19  78 
  0  72   1  67   2  65   3  63   4  64   5  71   6  69   7  70   8  75   9  63  10  72  11  74  12  65  13  69  14  66  15  64  16  80  17  62  18  75  19  77 
  0  82   1  73   2  71   3  67   4  66   5  73   6  73   7  74   8  85   9  73  10  78  11  80  12  69  13  76  14  76  15  70  16  84  17  66  18  79  19  81 
  0  76   1  70   2  65   3  65   4  65   5  72   6  71   7  72   8  80   9  66  10  72  11  77  12  65  13  74  14  67  15  66  16  78  17  64  18  75  19  77 
  0  81   1  74   2  69   3  64   4  68   5  71   6  70   7  72   8  84   9  71  10  77  11  81  12  68  13  76  14  74  15  68  16  84  17  66  18  79  19  80 
  0  80   1  75   2  69   3  67   4  66   5  72   6  72   7  72   8  85   9  70  10  77  11  78  12  68  13  79  14  73  15  69  16  83  17  69  18  79  19  81 
  0  80   1  74   2  68   3  67   4  65   5  72   6  73   7  72   8  81   9  70  10  76  11  80  12  66  13  78  14  72  15  68  16  82  17  64  18  79  19  79 
  0  75   1  68   2  63   3  65   4  64   5  71   6  70   7  70   8  75   9  66  10  75  11  73  12  63  13  71  14  66  15  62  16  81  17  63  18  75  19  77 
  0  76   1  68   2  64   3  65   4  62   5  73   6  71   7  71   8  80   9  65  10  73  11  76  12  65  13  74  14  69  15  66  16  82  17  64  18  77  19  78 
  0  82   1  75   2  70   3  67   4  67   5  71   6  71   7  74   8  83   9  71  10  76  11  81  12  69  13  77  14  75  15  72  16  84  17  69  18  78  19  80 
  0  81   1  75   2  69   3  65   4  68   5  73   6  73   7  72   8  84   9  73  10  78  11  81  12  68  13  79  14  76  15  72  16  84  17  68  18  77  19  80 
  0  78   1  70   2  67   3  67   4  67   5  71   6  73   7  70   8  82   9  70  10  75  11  78  12  65  13  75  14  73  15  66  16  80  17  67  18  76  19  79 
  0  82   1  72   2  71   3  67   4  68   5  73   6  70   7  74   8  81   9  72  10  75  11  79  12  69  13  79  14  75  15  68  16  81  17  66  18  76  19  80 


