
 20  20

  0  62   1  66   2  54   3  56   4  66   5  67   6  65   7  50   8  63   9  62  10  47  11  63  12  64  13  51  14  62  15  58  16  59  17  54  18  62  19  66 
  0  55   1  64   2  45   3  54   4  61   5  58   6  63   7  46   8  58   9  61  10  41  11  61  12  61  13  47  14  60  15  54  16  59  17  49  18  58  19  64 
  0  52   1  64   2  44   3  55   4  59   5  57   6  64   7  43   8  60   9  61  10  42  11  63  12  59  13  46  14  58  15  54  16  60  17  49  18  58  19  64 
  0  56   1  65   2  46   3  54   4  60   5  62   6  64   7  46   8  60   9  59  10  41  11  63  12  59  13  50  14  58  15  54  16  60  17  51  18  59  19  66 
  0  62   1  65   2  54   3  55   4  68   5  66   6  65   7  52   8  62   9  62  10  49  11  63  12  62  13  54  14  64  15  56  16  61  17  55  18  61  19  66 
  0  53   1  64   2  48   3  54   4  61   5  61   6  63   7  47   8  59   9  60  10  41  11  62  12  61  13  46  14  57  15  55  16  59  17  50  18  58  19  64 
  0  56   1  66   2  48   3  54   4  63   5  61   6  63   7  47   8  59   9  61  10  46  11  61  12  61  13  48  14  62  15  56  16  59  17  52  18  62  19  64 
  0  57   1  66   2  49   3  56   4  60   5  62   6  63   7  48   8  59   9  63  10  45  11  63  12  61  13  51  14  58  15  56  16  59  17  52  18  61  19  64 
  0  62   1  66   2  52   3  56   4  65   5  64   6  65   7  51   8  64   9  62  10  47  11  63  12  63  13  52  14  62  15  58  16  60  17  52  18  62  19  66 
  0  53   1  64   2  44   3  54   4  61   5  57   6  63   7  43   8  58   9  61  10  41  11  61  12  59  13  47  14  56  15  56  16  61  17  49  18  58  19  65 
  0  62   1  65   2  54   3  56   4  68   5  64   6  63   7  51   8  63   9  63  10  48  11  62  12  65  13  51  14  64  15  58  16  61  17  53  18  61  19  66 
  0  57   1  66   2  51   3  54   4  63   5  64   6  65   7  47   8  59   9  62  10  46  11  63  12  63  13  50  14  61  15  54  16  61  17  53  18  59  19  66 
  0  58   1  64   2  51   3  55   4  62   5  62   6  63   7  49   8  59   9  60  10  43  11  63  12  62  13  50  14  58  15  54  16  60  17  53  18  62  19  66 
  0  62   1  66   2  52   3  56   4  68   5  65   6  65   7  53   8  61   9  63  10  49  11  63  12  65  13  53  14  63  15  57  16  61  17  55  18  60  19  66 
  0  56   1  64   2  45   3  56   4  61   5  60   6  64   7  47   8  59   9  62  10  43  11  63  12  61  13  49  14  58  15  55  16  59  17  51  18  58  19  64 
  0  62   1  66   2  53   3  56   4  67   5  66   6  65   7  52   8  64   9  63  10  48  11  63  12  65  13  53  14  64  15  58  16  61  17  54  18  61  19  65 
  0  58   1  66   2  48   3  56   4  65   5  62   6  63   7  47   8  63   9  62  10  43  11  61  12  63  13  51  14  60  15  55  16  59  17  53  18  58  19  64 
  0  56   1  64   2  48   3  54   4  62   5  59   6  65   7  47   8  61   9  63  10  44  11  62  12  63  13  51  14  57  15  57  16  61  17  52  18  58  19  64 
  0  56   1  64   2  48   3  54   4  62   5  61   6  64   7  47   8  58   9  61  10  41  11  62  12  59  13  47  14  56  15  55  16  59  17  49  18  61  19  64 
  0  56   1  65   2  46   3  56   4  61   5  61   6  65   7  45   8  61   9  59  10  41  11  63  12  62  13  48  14  58  15  54  16  59  17  53  18  58  19  64 


