
 20  20

  0  18   1   8   2  11   3  26   4  17   5  19   6  15   7  19   8  28   9  11  10  10  11  19  12  19  13  12  14  16  15  21  16  14  17  11  18  19  19  28 
  0  19   1  11   2  10   3  28   4  20   5  24   6  15   7  20   8  27   9  14  10  13  11  21  12  18  13  13  14  17  15  22  16  17  17  13  18  18  19  26 
  0  21   1  11   2  14   3  26   4  16   5  21   6  17   7  23   8  27   9  14  10  17  11  18  12  20  13  14  14  20  15  22  16  17  17  11  18  18  19  27 
  0  15   1  11   2  11   3  26   4  16   5  20   6  15   7  22   8  27   9   7  10  12  11  21  12  16  13  14  14  15  15  18  16  14  17  13  18  18  19  28 
  0  24   1  15   2  16   3  26   4  19   5  26   6  17   7  23   8  28   9  17  10  17  11  20  12  23  13  13  14  21  15  25  16  17  17  11  18  22  19  28 
  0  22   1  14   2  16   3  26   4  20   5  25   6  17   7  26   8  29   9  17  10  17  11  22  12  22  13  14  14  18  15  23  16  17  17  13  18  21  19  28 
  0  22   1  13   2  11   3  26   4  21   5  22   6  16   7  23   8  27   9  11  10  17  11  22  12  19  13  12  14  18  15  21  16  17  17  11  18  21  19  26 
  0  15   1   7   2   8   3  28   4  16   5  20   6  15   7  20   8  29   9   9  10  10  11  18  12  15  13  12  14  16  15  17  16  13  17  11  18  15  19  28 
  0  15   1   9   2   9   3  26   4  15   5  18   6  16   7  20   8  29   9   7  10  10  11  19  12  16  13  12  14  17  15  17  16  15  17  12  18  16  19  26 
  0  22   1  15   2  16   3  26   4  21   5  28   6  17   7  24   8  28   9  17  10  18  11  21  12  25  13  12  14  18  15  25  16  17  17  12  18  21  19  28 
  0  14   1   9   2   8   3  26   4  15   5  18   6  15   7  18   8  27   9   8  10  12  11  21  12  19  13  14  14  17  15  21  16  13  17  11  18  18  19  26 
  0  21   1  16   2  13   3  28   4  19   5  28   6  17   7  26   8  29   9  15  10  20  11  21  12  24  13  14  14  20  15  22  16  15  17  13  18  21  19  28 
  0  20   1  16   2  16   3  28   4  17   5  24   6  16   7  24   8  27   9  15  10  17  11  21  12  22  13  14  14  20  15  25  16  15  17  13  18  21  19  28 
  0  22   1  15   2  14   3  28   4  19   5  27   6  17   7  23   8  29   9  17  10  17  11  22  12  23  13  12  14  18  15  25  16  16  17  13  18  20  19  26 
  0  17   1  12   2  10   3  27   4  18   5  20   6  17   7  19   8  27   9  11  10  11  11  18  12  18  13  12  14  17  15  20  16  16  17  13  18  18  19  26 
  0  18   1  15   2  14   3  26   4  16   5  26   6  15   7  23   8  27   9  14  10  15  11  19  12  20  13  13  14  17  15  20  16  16  17  13  18  22  19  26 
  0  14   1   7   2   9   3  27   4  18   5  19   6  15   7  20   8  27   9  10  10  11  11  19  12  17  13  13  14  16  15  18  16  15  17  13  18  16  19  26 
  0  21   1  14   2  14   3  27   4  18   5  27   6  16   7  23   8  27   9  15  10  18  11  22  12  24  13  12  14  18  15  25  16  17  17  13  18  23  19  28 
  0  22   1  13   2  14   3  26   4  19   5  24   6  15   7  21   8  28   9  11  10  14  11  18  12  23  13  14  14  20  15  19  16  16  17  11  18  21  19  28 
  0  22   1  12   2  14   3  28   4  21   5  24   6  16   7  22   8  28   9  15  10  18  11  18  12  22  13  13  14  18  15  23  16  13  17  11  18  20  19  26 


