
 20  20

  0  66   1  71   2  65   3  67   4  73   5  65   6  74   7  74   8  67   9  73  10  60  11  63  12  64  13  75  14  71  15  66  16  64  17  79  18  67  19  68 
  0  65   1  70   2  62   3  64   4  71   5  66   6  74   7  70   8  67   9  70  10  60  11  63  12  61  13  75  14  68  15  66  16  67  17  77  18  64  19  69 
  0  66   1  72   2  64   3  68   4  71   5  68   6  77   7  74   8  68   9  73  10  60  11  63  12  66  13  75  14  72  15  64  16  67  17  79  18  65  19  69 
  0  65   1  72   2  66   3  68   4  69   5  65   6  74   7  73   8  69   9  72  10  59  11  61  12  66  13  72  14  69  15  65  16  67  17  78  18  65  19  70 
  0  63   1  72   2  66   3  67   4  72   5  68   6  77   7  71   8  70   9  71  10  60  11  63  12  64  13  72  14  69  15  66  16  65  17  77  18  67  19  67 
  0  65   1  70   2  63   3  68   4  73   5  65   6  75   7  73   8  68   9  71  10  58  11  61  12  66  13  75  14  72  15  65  16  65  17  79  18  63  19  67 
  0  66   1  70   2  66   3  68   4  73   5  67   6  76   7  74   8  70   9  73  10  60  11  63  12  66  13  73  14  70  15  64  16  67  17  79  18  65  19  70 
  0  59   1  67   2  63   3  63   4  66   5  62   6  71   7  67   8  64   9  65  10  58  11  63  12  56  13  70  14  64  15  60  16  61  17  77  18  59  19  66 
  0  62   1  69   2  62   3  65   4  65   5  62   6  74   7  67   8  67   9  69  10  59  11  63  12  61  13  68  14  67  15  60  16  64  17  79  18  60  19  69 
  0  57   1  64   2  62   3  64   4  66   5  63   6  74   7  66   8  67   9  66  10  59  11  63  12  57  13  67  14  65  15  58  16  64  17  77  18  60  19  68 
  0  58   1  64   2  63   3  65   4  63   5  61   6  74   7  65   8  66   9  65  10  58  11  61  12  58  13  67  14  66  15  61  16  63  17  77  18  61  19  67 
  0  61   1  65   2  62   3  66   4  64   5  62   6  72   7  67   8  67   9  66  10  60  11  62  12  60  13  68  14  64  15  59  16  62  17  78  18  58  19  68 
  0  58   1  66   2  60   3  62   4  63   5  60   6  73   7  66   8  64   9  65  10  58  11  61  12  57  13  68  14  64  15  61  16  61  17  77  18  59  19  66 
  0  63   1  71   2  63   3  65   4  71   5  65   6  75   7  70   8  70   9  68  10  58  11  62  12  61  13  75  14  69  15  64  16  67  17  78  18  66  19  69 
  0  67   1  72   2  66   3  66   4  71   5  66   6  77   7  74   8  70   9  72  10  60  11  63  12  63  13  75  14  70  15  66  16  66  17  78  18  67  19  69 
  0  62   1  72   2  63   3  68   4  69   5  65   6  75   7  71   8  68   9  70  10  60  11  61  12  65  13  73  14  70  15  63  16  67  17  77  18  63  19  70 
  0  61   1  66   2  60   3  64   4  65   5  64   6  72   7  68   8  67   9  65  10  58  11  62  12  59  13  68  14  65  15  62  16  63  17  78  18  59  19  67 
  0  64   1  66   2  63   3  64   4  69   5  63   6  72   7  71   8  65   9  67  10  60  11  62  12  62  13  70  14  69  15  60  16  66  17  77  18  60  19  66 
  0  66   1  72   2  66   3  66   4  73   5  65   6  76   7  74   8  69   9  73  10  59  11  62  12  66  13  71  14  72  15  64  16  64  17  79  18  65  19  70 
  0  63   1  68   2  62   3  68   4  69   5  63   6  73   7  71   8  68   9  68  10  58  11  63  12  61  13  74  14  67  15  64  16  65  17  77  18  65  19  70 


