
 20  20

  0  21   1  15   2  18   3  26   4  24   5  25   6  18   7  19   8  26   9  25  10  13  11  17  12  29  13  26  14  23  15  20  16  10  17  17  18  16  19  21 
  0  20   1  17   2  18   3  26   4  23   5  26   6  21   7  22   8  23   9  24  10  11  11  15  12  28  13  25  14  20  15  20  16   8  17  16  18  18  19  22 
  0  18   1  17   2  20   3  22   4  27   5  25   6  22   7  18   8  28   9  25  10  10  11  17  12  28  13  29  14  23  15  22  16   8  17  20  18  21  19  22 
  0  16   1  15   2  18   3  24   4  24   5  24   6  15   7  20   8  22   9  26  10   8  11  12  12  25  13  24  14  19  15  20  16  10  17  12  18  17  19  16 
  0  18   1  17   2  20   3  24   4  24   5  24   6  16   7  18   8  24   9  24  10   9  11  17  12  26  13  27  14  22  15  21  16   8  17  14  18  18  19  20 
  0  19   1  16   2  20   3  26   4  27   5  24   6  21   7  22   8  29   9  28  10  14  11  18  12  27  13  29  14  25  15  20  16   8  17  18  18  17  19  25 
  0  22   1  17   2  19   3  25   4  25   5  25   6  22   7  22   8  27   9  28  10  14  11  22  12  30  13  30  14  26  15  21  16  10  17  22  18  21  19  24 
  0  20   1  17   2  18   3  22   4  23   5  25   6  20   7  19   8  24   9  26  10  11  11  20  12  30  13  29  14  21  15  20  16   9  17  17  18  17  19  21 
  0  14   1  16   2  18   3  23   4  26   5  24   6  16   7  21   8  22   9  24  10  10  11  14  12  25  13  24  14  17  15  22  16   8  17  15  18  15  19  16 
  0  19   1  17   2  18   3  24   4  25   5  24   6  17   7  19   8  24   9  27  10   9  11  17  12  26  13  24  14  19  15  22  16   9  17  14  18  15  19  18 
  0  20   1  15   2  20   3  22   4  25   5  25   6  17   7  20   8  25   9  26  10  10  11  18  12  25  13  26  14  21  15  20  16   9  17  17  18  17  19  18 
  0  21   1  17   2  18   3  26   4  27   5  25   6  21   7  20   8  28   9  27  10  12  11  19  12  29  13  30  14  27  15  22  16   8  17  20  18  19  19  24 
  0  19   1  17   2  20   3  24   4  24   5  26   6  21   7  19   8  24   9  24  10  12  11  17  12  29  13  29  14  24  15  20  16  10  17  15  18  16  19  19 
  0  17   1  15   2  18   3  25   4  24   5  25   6  15   7  21   8  21   9  27  10  10  11  13  12  25  13  24  14  20  15  22  16   8  17  16  18  18  19  16 
  0  15   1  15   2  18   3  23   4  23   5  24   6  15   7  18   8  21   9  26  10   9  11  13  12  24  13  25  14  19  15  20  16   8  17  12  18  18  19  16 
  0  19   1  16   2  20   3  25   4  27   5  24   6  19   7  21   8  25   9  27  10  14  11  19  12  31  13  29  14  22  15  21  16   9  17  21  18  18  19  24 
  0  20   1  15   2  20   3  25   4  27   5  25   6  21   7  19   8  26   9  28  10  14  11  20  12  31  13  30  14  24  15  22  16  10  17  18  18  20  19  24 
  0  20   1  16   2  19   3  26   4  27   5  26   6  21   7  22   8  24   9  25  10  10  11  17  12  29  13  27  14  25  15  22  16   8  17  21  18  21  19  22 
  0  22   1  16   2  18   3  26   4  27   5  25   6  21   7  20   8  26   9  28  10  12  11  18  12  30  13  27  14  25  15  20  16   9  17  18  18  18  19  24 
  0  24   1  17   2  20   3  25   4  27   5  26   6  23   7  22   8  29   9  28  10  15  11  22  12  31  13  29  14  25  15  22  16   8  17  21  18  21  19  25 


