
 20  20

  0  83   1  72   2  82   3  88   4  86   5  76   6  81   7  80   8  74   9  86  10  94  11  92  12  87  13  71  14  73  15  76  16  89  17  71  18  78  19  78 
  0  77   1  72   2  79   3  84   4  80   5  75   6  77   7  76   8  71   9  87  10  90  11  87  12  87  13  73  14  68  15  75  16  88  17  68  18  72  19  78 
  0  83   1  70   2  83   3  87   4  84   5  76   6  81   7  80   8  75   9  88  10  94  11  92  12  91  13  72  14  73  15  75  16  86  17  71  18  78  19  78 
  0  78   1  68   2  77   3  86   4  82   5  77   6  74   7  78   8  68   9  86  10  88  11  89  12  86  13  71  14  68  15  75  16  87  17  70  18  71  19  77 
  0  82   1  71   2  82   3  89   4  86   5  77   6  78   7  77   8  72   9  88  10  94  11  91  12  90  13  73  14  73  15  77  16  88  17  74  18  76  19  81 
  0  82   1  73   2  83   3  87   4  83   5  76   6  79   7  78   8  75   9  89  10  92  11  93  12  89  13  73  14  73  15  75  16  87  17  73  18  77  19  81 
  0  80   1  69   2  78   3  85   4  83   5  77   6  79   7  77   8  72   9  89  10  90  11  90  12  89  13  72  14  73  15  77  16  85  17  69  18  73  19  80 
  0  81   1  69   2  79   3  85   4  86   5  75   6  80   7  80   8  74   9  88  10  89  11  91  12  86  13  73  14  75  15  77  16  89  17  69  18  75  19  78 
  0  80   1  71   2  82   3  84   4  83   5  75   6  79   7  77   8  70   9  85  10  88  11  90  12  89  13  72  14  71  15  77  16  85  17  73  18  73  19  77 
  0  85   1  73   2  84   3  89   4  87   5  77   6  82   7  80   8  76   9  90  10  94  11  92  12  89  13  73  14  77  15  77  16  88  17  74  18  79  19  81 
  0  76   1  68   2  78   3  83   4  81   5  77   6  74   7  77   8  68   9  84  10  85  11  86  12  87  13  71  14  70  15  76  16  87  17  68  18  71  19  76 
  0  79   1  70   2  80   3  86   4  82   5  75   6  76   7  80   8  74   9  88  10  88  11  89  12  89  13  71  14  74  15  77  16  87  17  73  18  74  19  76 
  0  78   1  69   2  76   3  83   4  82   5  75   6  73   7  77   8  68   9  84  10  85  11  87  12  85  13  71  14  69  15  77  16  85  17  68  18  72  19  76 
  0  86   1  74   2  84   3  89   4  87   5  77   6  83   7  79   8  76   9  89  10  95  11  94  12  91  13  71  14  76  15  77  16  88  17  74  18  79  19  80 
  0  86   1  72   2  82   3  87   4  87   5  77   6  83   7  80   8  75   9  90  10  95  11  94  12  89  13  73  14  77  15  77  16  89  17  72  18  79  19  80 
  0  81   1  72   2  84   3  85   4  83   5  75   6  79   7  80   8  75   9  90  10  92  11  92  12  87  13  72  14  75  15  75  16  86  17  73  18  76  19  79 
  0  86   1  74   2  82   3  89   4  87   5  77   6  81   7  80   8  76   9  90  10  93  11  94  12  91  13  73  14  77  15  77  16  90  17  73  18  79  19  79 
  0  85   1  71   2  83   3  89   4  85   5  75   6  80   7  78   8  75   9  89  10  90  11  89  12  91  13  71  14  74  15  77  16  87  17  72  18  75  19  77 
  0  81   1  71   2  80   3  85   4  82   5  75   6  77   7  78   8  70   9  85  10  90  11  90  12  89  13  73  14  73  15  76  16  84  17  72  18  75  19  77 
  0  85   1  71   2  84   3  89   4  85   5  77   6  79   7  77   8  75   9  87  10  91  11  91  12  91  13  73  14  77  15  77  16  90  17  74  18  79  19  79 


