
 20  20

  0  60   1  49   2  53   3  45   4  51   5  44   6  54   7  45   8  46   9  63  10  47  11  47  12  56  13  53  14  44  15  63  16  53  17  44  18  54  19  51 
  0  64   1  50   2  53   3  50   4  53   5  48   6  53   7  51   8  47   9  66  10  51  11  47  12  56  13  55  14  45  15  63  16  57  17  49  18  52  19  52 
  0  55   1  50   2  52   3  41   4  48   5  45   6  52   7  45   8  43   9  60  10  50  11  45  12  56  13  50  14  44  15  61  16  52  17  43  18  51  19  50 
  0  62   1  50   2  55   3  44   4  51   5  46   6  55   7  48   8  46   9  65  10  49  11  47  12  56  13  55  14  43  15  66  16  54  17  46  18  52  19  52 
  0  56   1  48   2  50   3  43   4  47   5  44   6  52   7  43   8  43   9  60  10  49  11  45  12  56  13  50  14  43  15  62  16  50  17  40  18  51  19  47 
  0  57   1  50   2  52   3  41   4  47   5  44   6  52   7  43   8  42   9  60  10  49  11  46  12  55  13  50  14  43  15  63  16  52  17  40  18  53  19  48 
  0  61   1  54   2  58   3  50   4  55   5  48   6  55   7  52   8  48   9  65  10  51  11  47  12  57  13  55  14  47  15  67  16  58  17  47  18  53  19  55 
  0  60   1  52   2  52   3  46   4  50   5  44   6  55   7  45   8  42   9  64  10  47  11  47  12  57  13  49  14  43  15  63  16  50  17  42  18  51  19  50 
  0  62   1  52   2  52   3  47   4  53   5  44   6  53   7  50   8  46   9  64  10  51  11  46  12  57  13  52  14  47  15  63  16  52  17  43  18  55  19  50 
  0  65   1  52   2  58   3  51   4  54   5  48   6  54   7  52   8  47   9  68  10  53  11  46  12  56  13  58  14  47  15  67  16  58  17  49  18  55  19  55 
  0  58   1  49   2  51   3  44   4  47   5  44   6  52   7  44   8  42   9  62  10  49  11  45  12  55  13  48  14  43  15  62  16  54  17  44  18  52  19  48 
  0  59   1  50   2  54   3  42   4  48   5  44   6  52   7  46   8  42   9  61  10  51  11  47  12  57  13  51  14  46  15  65  16  53  17  43  18  53  19  52 
  0  58   1  51   2  53   3  42   4  48   5  44   6  52   7  45   8  44   9  62  10  47  11  45  12  57  13  49  14  43  15  61  16  54  17  44  18  54  19  50 
  0  61   1  54   2  57   3  50   4  54   5  47   6  56   7  51   8  48   9  64  10  53  11  47  12  57  13  58  14  46  15  66  16  55  17  46  18  53  19  54 
  0  61   1  54   2  58   3  49   4  54   5  48   6  56   7  52   8  46   9  64  10  52  11  47  12  57  13  55  14  45  15  65  16  55  17  50  18  55  19  53 
  0  61   1  52   2  54   3  47   4  50   5  48   6  55   7  49   8  43   9  65  10  50  11  47  12  55  13  54  14  46  15  65  16  54  17  46  18  55  19  52 
  0  64   1  53   2  54   3  51   4  52   5  47   6  56   7  49   8  48   9  66  10  52  11  47  12  57  13  55  14  47  15  67  16  54  17  49  18  55  19  51 
  0  65   1  52   2  57   3  49   4  51   5  48   6  53   7  50   8  45   9  65  10  51  11  45  12  57  13  54  14  44  15  66  16  54  17  46  18  54  19  54 
  0  58   1  50   2  51   3  42   4  50   5  44   6  55   7  46   8  45   9  60  10  48  11  45  12  56  13  53  14  46  15  64  16  53  17  42  18  51  19  51 
  0  56   1  50   2  52   3  41   4  47   5  44   6  54   7  43   8  42   9  61  10  47  11  45  12  57  13  48  14  43  15  63  16  52  17  42  18  51  19  47 


