
 20  20

  0  45   1  30   2  44   3  26   4  40   5  42   6  37   7  47   8  30   9  39  10  27  11  38  12  27  13  32  14  41  15  40  16  30  17  26  18  31  19  45 
  0  42   1  30   2  41   3  27   4  38   5  40   6  36   7  44   8  30   9  37  10  23  11  36  12  26  13  33  14  38  15  39  16  27  17  22  18  31  19  41 
  0  42   1  29   2  40   3  25   4  35   5  38   6  35   7  43   8  30   9  35  10  25  11  36  12  22  13  29  14  37  15  38  16  25  17  25  18  27  19  43 
  0  44   1  29   2  42   3  28   4  38   5  39   6  37   7  42   8  29   9  35  10  24  11  38  12  25  13  30  14  39  15  37  16  27  17  24  18  31  19  44 
  0  43   1  28   2  42   3  29   4  38   5  44   6  37   7  44   8  30   9  39  10  27  11  37  12  24  13  34  14  40  15  43  16  30  17  23  18  28  19  46 
  0  46   1  29   2  46   3  27   4  36   5  43   6  37   7  43   8  28   9  39  10  25  11  38  12  27  13  31  14  43  15  43  16  26  17  24  18  29  19  43 
  0  44   1  30   2  46   3  26   4  37   5  43   6  36   7  44   8  29   9  39  10  24  11  38  12  24  13  36  14  44  15  42  16  30  17  24  18  30  19  47 
  0  45   1  28   2  45   3  28   4  41   5  43   6  36   7  46   8  30   9  39  10  24  11  36  12  28  13  34  14  44  15  41  16  26  17  24  18  30  19  46 
  0  47   1  29   2  44   3  29   4  41   5  44   6  35   7  46   8  30   9  39  10  26  11  37  12  28  13  35  14  43  15  44  16  30  17  25  18  29  19  48 
  0  40   1  28   2  38   3  23   4  32   5  38   6  36   7  40   8  30   9  36  10  21  11  36  12  21  13  27  14  36  15  34  16  20  17  22  18  27  19  38 
  0  39   1  28   2  41   3  24   4  31   5  38   6  36   7  42   8  30   9  35  10  21  11  37  12  20  13  26  14  36  15  34  16  22  17  25  18  27  19  39 
  0  47   1  29   2  43   3  27   4  38   5  42   6  37   7  47   8  29   9  38  10  25  11  38  12  26  13  36  14  43  15  43  16  30  17  26  18  31  19  46 
  0  41   1  30   2  41   3  27   4  35   5  40   6  37   7  45   8  30   9  39  10  23  11  38  12  24  13  34  14  43  15  39  16  26  17  22  18  27  19  45 
  0  46   1  28   2  46   3  28   4  39   5  42   6  37   7  47   8  30   9  39  10  25  11  38  12  27  13  33  14  44  15  44  16  27  17  23  18  31  19  48 
  0  40   1  28   2  42   3  24   4  36   5  41   6  35   7  41   8  28   9  35  10  22  11  37  12  22  13  33  14  39  15  39  16  26  17  22  18  30  19  42 
  0  45   1  28   2  45   3  27   4  37   5  40   6  37   7  45   8  30   9  39  10  26  11  38  12  28  13  33  14  40  15  42  16  27  17  25  18  29  19  46 
  0  42   1  28   2  44   3  26   4  36   5  44   6  35   7  44   8  29   9  39  10  23  11  35  12  26  13  33  14  39  15  39  16  25  17  22  18  28  19  45 
  0  42   1  28   2  42   3  24   4  38   5  40   6  35   7  44   8  28   9  37  10  26  11  35  12  27  13  31  14  41  15  40  16  27  17  26  18  27  19  42 
  0  37   1  30   2  38   3  23   4  33   5  40   6  37   7  42   8  28   9  35  10  21  11  36  12  21  13  26  14  39  15  37  16  20  17  23  18  27  19  39 
  0  39   1  29   2  38   3  24   4  31   5  38   6  36   7  40   8  28   9  37  10  23  11  35  12  24  13  27  14  40  15  36  16  23  17  23  18  30  19  40 


