
 20  20

  0  72   1  60   2  70   3  64   4  72   5  62   6  71   7  56   8  73   9  74  10  64  11  72  12  74  13  63  14  61  15  60  16  74  17  67  18  67  19  65 
  0  70   1  57   2  70   3  60   4  71   5  60   6  72   7  58   8  68   9  70  10  59  11  70  12  73  13  61  14  60  15  60  16  75  17  68  18  65  19  62 
  0  68   1  57   2  69   3  59   4  72   5  57   6  72   7  55   8  66   9  69  10  58  11  71  12  71  13  61  14  59  15  59  16  73  17  66  18  67  19  59 
  0  77   1  61   2  70   3  66   4  71   5  63   6  72   7  57   8  75   9  78  10  64  11  77  12  77  13  65  14  65  15  59  16  76  17  71  18  67  19  66 
  0  72   1  57   2  71   3  61   4  73   5  60   6  73   7  55   8  71   9  73  10  61  11  70  12  75  13  62  14  62  15  58  16  72  17  66  18  67  19  64 
  0  72   1  57   2  69   3  58   4  71   5  59   6  73   7  57   8  68   9  71  10  62  11  71  12  72  13  62  14  60  15  58  16  73  17  68  18  65  19  59 
  0  70   1  57   2  71   3  61   4  73   5  61   6  71   7  55   8  73   9  73  10  61  11  75  12  75  13  63  14  60  15  60  16  75  17  70  18  65  19  64 
  0  77   1  61   2  70   3  63   4  73   5  63   6  73   7  56   8  72   9  78  10  62  11  77  12  76  13  63  14  63  15  60  16  75  17  71  18  65  19  67 
  0  73   1  57   2  69   3  64   4  73   5  61   6  73   7  56   8  70   9  74  10  62  11  75  12  74  13  62  14  61  15  58  16  75  17  68  18  67  19  66 
  0  74   1  60   2  69   3  65   4  71   5  60   6  72   7  59   8  71   9  77  10  64  11  77  12  74  13  63  14  65  15  58  16  76  17  68  18  66  19  66 
  0  68   1  57   2  69   3  58   4  73   5  57   6  73   7  55   8  66   9  69  10  59  11  70  12  71  13  61  14  59  15  59  16  72  17  66  18  65  19  61 
  0  71   1  59   2  71   3  64   4  73   5  61   6  71   7  57   8  72   9  72  10  59  11  72  12  75  13  63  14  63  15  58  16  74  17  68  18  67  19  63 
  0  69   1  57   2  70   3  58   4  71   5  58   6  72   7  56   8  66   9  72  10  58  11  70  12  74  13  63  14  62  15  60  16  72  17  67  18  65  19  63 
  0  75   1  60   2  70   3  61   4  71   5  60   6  71   7  59   8  73   9  74  10  63  11  72  12  74  13  62  14  64  15  59  16  75  17  69  18  67  19  66 
  0  74   1  60   2  71   3  64   4  72   5  60   6  73   7  59   8  76   9  75  10  63  11  77  12  77  13  63  14  66  15  59  16  76  17  71  18  66  19  65 
  0  67   1  58   2  69   3  62   4  73   5  57   6  71   7  56   8  69   9  70  10  58  11  73  12  72  13  62  14  58  15  60  16  72  17  66  18  65  19  63 
  0  68   1  57   2  71   3  58   4  72   5  57   6  71   7  55   8  70   9  68  10  61  11  73  12  73  13  64  14  59  15  58  16  75  17  67  18  67  19  62 
  0  73   1  57   2  70   3  63   4  71   5  63   6  73   7  59   8  73   9  74  10  62  11  76  12  77  13  61  14  63  15  59  16  73  17  71  18  65  19  66 
  0  70   1  57   2  71   3  58   4  71   5  57   6  73   7  55   8  66   9  69  10  60  11  69  12  73  13  61  14  58  15  58  16  72  17  65  18  65  19  59 
  0  76   1  60   2  69   3  66   4  73   5  60   6  72   7  59   8  74   9  76  10  62  11  75  12  76  13  65  14  64  15  58  16  75  17  70  18  65  19  64 


