
 20  20

  0   6   1   4   2   3   3  17   4   8   5  17   6  14   7   8   8   7   9  10  10  15  11   7  12  20  13  18  14  14  15  14  16  16  17   5  18  21  19  18 
  0  13   1  11   2  10   3  24   4  10   5  23   6  18   7  10   8   8   9  10  10  13  11  11  12  19  13  23  14  20  15  20  16  22  17   9  18  24  19  16 
  0  10   1  11   2   7   3  21   4   9   5  22   6  16   7  10   8   9   9  10  10  13  11   8  12  19  13  20  14  20  15  19  16  21  17   9  18  24  19  17 
  0   5   1   3   2   6   3  20   4   7   5  18   6  15   7   5   8   7   9  12  10  14  11   8  12  18  13  17  14  12  15  14  16  18  17   6  18  20  19  15 
  0  12   1   7   2  11   3  24   4  10   5  21   6  18   7   8   8   9   9  12  10  15  11   9  12  21  13  24  14  19  15  19  16  21  17   8  18  23  19  18 
  0   6   1   5   2   4   3  18   4   5   5  19   6  17   7   8   8   7   9  10  10  13  11   7  12  17  13  16  14  13  15  17  16  16  17   5  18  18  19  15 
  0  11   1   8   2   7   3  23   4   6   5  22   6  17   7   6   8   9   9  10  10  15  11  10  12  19  13  22  14  14  15  19  16  23  17   9  18  19  19  15 
  0   7   1   7   2   5   3  21   4   5   5  20   6  18   7   7   8   7   9  12  10  13  11   8  12  17  13  15  14  16  15  18  16  20  17   8  18  20  19  17 
  0   8   1   3   2   6   3  20   4   8   5  18   6  17   7   9   8   7   9  10  10  13  11   7  12  18  13  16  14  12  15  17  16  16  17   7  18  19  19  15 
  0  13   1   9   2  11   3  25   4   8   5  25   6  17   7  11   8   9   9  12  10  15  11  11  12  20  13  22  14  19  15  22  16  23  17   9  18  25  19  17 
  0   5   1   4   2   7   3  18   4   6   5  18   6  15   7   7   8   7   9  11  10  14  11   5  12  20  13  16  14  14  15  17  16  17  17   5  18  21  19  16 
  0   5   1   3   2   3   3  19   4   5   5  18   6  14   7   5   8   8   9  10  10  13  11   7  12  17  13  17  14  14  15  16  16  16  17   5  18  19  19  15 
  0   9   1   6   2   8   3  21   4   8   5  24   6  16   7  11   8   7   9  11  10  15  11   8  12  18  13  22  14  18  15  17  16  19  17   7  18  23  19  18 
  0  12   1   9   2  11   3  25   4  11   5  25   6  20   7  11   8   9   9  11  10  15  11  11  12  21  13  24  14  18  15  22  16  24  17   9  18  25  19  19 
  0   5   1   5   2   3   3  19   4   5   5  17   6  14   7   7   8   7   9  10  10  13  11   5  12  17  13  15  14  14  15  16  16  17  17   6  18  17  19  17 
  0   3   1   3   2   5   3  19   4   6   5  19   6  14   7   5   8   7   9  10  10  13  11   5  12  18  13  17  14  15  15  14  16  19  17   8  18  20  19  18 
  0  11   1  10   2   9   3  25   4  11   5  22   6  17   7  10   8   8   9  11  10  15  11  11  12  18  13  20  14  17  15  21  16  24  17   9  18  25  19  19 
  0  13   1  10   2   9   3  25   4  10   5  23   6  19   7  11   8   9   9  11  10  15  11  11  12  18  13  20  14  18  15  18  16  24  17   8  18  21  19  16 
  0  13   1  11   2  10   3  25   4   9   5  23   6  18   7  11   8   8   9  11  10  15  11  10  12  21  13  23  14  20  15  22  16  25  17   9  18  25  19  19 
  0   5   1   5   2   7   3  17   4   5   5  21   6  14   7   6   8   7   9  10  10  13  11   8  12  17  13  15  14  13  15  15  16  19  17   7  18  21  19  16 


