
 20  20

  0  67   1  63   2  61   3  72   4  68   5  52   6  69   7  63   8  67   9  57  10  53  11  59  12  68  13  59  14  61  15  70  16  67  17  59  18  53  19  65 
  0  60   1  58   2  59   3  65   4  67   5  50   6  67   7  63   8  63   9  55  10  50  11  56  12  64  13  53  14  60  15  63  16  65  17  58  18  52  19  63 
  0  62   1  57   2  57   3  65   4  64   5  48   6  67   7  61   8  61   9  55  10  53  11  54  12  64  13  55  14  60  15  66  16  64  17  58  18  49  19  61 
  0  67   1  60   2  60   3  67   4  66   5  52   6  69   7  63   8  68   9  57  10  55  11  58  12  69  13  59  14  61  15  69  16  67  17  59  18  52  19  65 
  0  67   1  60   2  62   3  69   4  67   5  48   6  69   7  62   8  64   9  55  10  56  11  59  12  70  13  56  14  60  15  69  16  69  17  58  18  49  19  65 
  0  62   1  58   2  55   3  63   4  64   5  50   6  67   7  62   8  65   9  55  10  50  11  55  12  65  13  53  14  60  15  66  16  63  17  59  18  51  19  64 
  0  59   1  59   2  55   3  64   4  64   5  48   6  67   7  62   8  61   9  55  10  50  11  52  12  64  13  52  14  62  15  63  16  62  17  59  18  51  19  61 
  0  59   1  60   2  56   3  63   4  65   5  48   6  67   7  61   8  61   9  57  10  53  11  54  12  64  13  54  14  60  15  64  16  65  17  58  18  51  19  61 
  0  62   1  58   2  59   3  63   4  64   5  48   6  69   7  61   8  63   9  55  10  51  11  53  12  67  13  53  14  60  15  65  16  62  17  58  18  49  19  64 
  0  69   1  63   2  63   3  70   4  67   5  52   6  69   7  63   8  69   9  57  10  56  11  59  12  70  13  61  14  60  15  68  16  70  17  60  18  52  19  63 
  0  69   1  63   2  65   3  73   4  69   5  52   6  67   7  62   8  68   9  57  10  54  11  62  12  68  13  60  14  62  15  69  16  70  17  60  18  53  19  65 
  0  59   1  58   2  56   3  63   4  64   5  49   6  67   7  63   8  61   9  57  10  52  11  52  12  65  13  54  14  61  15  63  16  62  17  58  18  49  19  62 
  0  61   1  61   2  61   3  68   4  65   5  51   6  68   7  61   8  62   9  57  10  53  11  57  12  67  13  56  14  61  15  66  16  67  17  58  18  49  19  64 
  0  61   1  58   2  59   3  63   4  64   5  51   6  67   7  61   8  63   9  56  10  53  11  56  12  64  13  54  14  60  15  63  16  65  17  58  18  50  19  63 
  0  62   1  57   2  58   3  63   4  65   5  48   6  67   7  61   8  63   9  55  10  50  11  52  12  64  13  55  14  60  15  64  16  62  17  58  18  49  19  62 
  0  67   1  63   2  62   3  69   4  69   5  52   6  68   7  61   8  67   9  55  10  56  11  59  12  66  13  57  14  61  15  70  16  69  17  60  18  53  19  64 
  0  69   1  63   2  61   3  71   4  68   5  50   6  67   7  62   8  69   9  57  10  53  11  60  12  68  13  62  14  62  15  71  16  69  17  58  18  50  19  65 
  0  62   1  61   2  58   3  67   4  69   5  52   6  67   7  63   8  64   9  55  10  55  11  58  12  67  13  55  14  60  15  68  16  64  17  60  18  52  19  63 
  0  62   1  57   2  56   3  64   4  64   5  48   6  67   7  61   8  63   9  55  10  51  11  52  12  67  13  55  14  60  15  63  16  62  17  59  18  50  19  63 
  0  60   1  58   2  55   3  63   4  65   5  48   6  67   7  63   8  61   9  55  10  52  11  52  12  66  13  52  14  60  15  65  16  62  17  58  18  49  19  61 


