
 20  20

  0  52   1  53   2  55   3  64   4  67   5  51   6  50   7  47   8  57   9  62  10  64  11  58  12  58  13  56  14  68  15  46  16  47  17  50  18  64  19  63 
  0  56   1  56   2  60   3  68   4  69   5  56   6  51   7  53   8  59   9  65  10  68  11  64  12  62  13  56  14  72  15  53  16  54  17  53  18  68  19  67 
  0  51   1  51   2  56   3  63   4  67   5  51   6  50   7  49   8  54   9  61  10  64  11  57  12  57  13  54  14  66  15  45  16  48  17  50  18  67  19  61 
  0  54   1  51   2  54   3  66   4  68   5  52   6  51   7  48   8  55   9  64  10  66  11  61  12  61  13  54  14  66  15  46  16  50  17  53  18  66  19  63 
  0  55   1  54   2  55   3  64   4  68   5  54   6  52   7  52   8  57   9  61  10  64  11  58  12  58  13  54  14  67  15  49  16  49  17  52  18  66  19  62 
  0  53   1  54   2  60   3  67   4  69   5  54   6  52   7  48   8  58   9  64  10  69  11  59  12  59  13  56  14  68  15  47  16  49  17  52  18  68  19  61 
  0  57   1  54   2  62   3  69   4  67   5  56   6  52   7  50   8  61   9  67  10  69  11  63  12  65  13  55  14  69  15  50  16  54  17  53  18  69  19  66 
  0  59   1  56   2  60   3  69   4  67   5  57   6  50   7  53   8  61   9  67  10  68  11  65  12  65  13  56  14  72  15  53  16  52  17  54  18  72  19  66 
  0  49   1  53   2  55   3  62   4  68   5  51   6  51   7  47   8  55   9  60  10  62  11  57  12  60  13  55  14  66  15  47  16  46  17  53  18  64  19  61 
  0  56   1  54   2  58   3  70   4  69   5  55   6  52   7  51   8  58   9  68  10  66  11  64  12  65  13  55  14  68  15  49  16  50  17  56  18  70  19  65 
  0  51   1  50   2  59   3  65   4  69   5  52   6  50   7  50   8  58   9  63  10  65  11  58  12  59  13  56  14  68  15  47  16  49  17  50  18  68  19  64 
  0  58   1  56   2  61   3  69   4  69   5  57   6  52   7  51   8  59   9  66  10  70  11  62  12  65  13  56  14  71  15  53  16  51  17  54  18  69  19  67 
  0  58   1  54   2  60   3  72   4  68   5  56   6  50   7  51   8  62   9  68  10  71  11  65  12  65  13  56  14  72  15  53  16  53  17  55  18  70  19  67 
  0  55   1  52   2  60   3  68   4  67   5  56   6  52   7  51   8  58   9  65  10  66  11  64  12  60  13  56  14  71  15  49  16  53  17  54  18  69  19  64 
  0  57   1  56   2  61   3  69   4  67   5  56   6  50   7  52   8  62   9  68  10  71  11  65  12  65  13  56  14  72  15  52  16  54  17  55  18  70  19  67 
  0  53   1  52   2  54   3  66   4  69   5  51   6  51   7  47   8  54   9  60  10  65  11  57  12  61  13  55  14  67  15  48  16  47  17  53  18  64  19  63 
  0  55   1  55   2  56   3  69   4  69   5  56   6  50   7  49   8  56   9  66  10  66  11  62  12  61  13  54  14  70  15  49  16  49  17  53  18  68  19  65 
  0  50   1  52   2  55   3  63   4  67   5  52   6  52   7  49   8  55   9  63  10  61  11  59  12  57  13  54  14  66  15  45  16  50  17  50  18  67  19  59 
  0  59   1  56   2  61   3  72   4  69   5  57   6  50   7  53   8  61   9  66  10  71  11  65  12  65  13  55  14  72  15  53  16  54  17  56  18  70  19  67 
  0  50   1  52   2  56   3  62   4  67   5  53   6  52   7  49   8  53   9  64  10  62  11  61  12  59  13  54  14  69  15  46  16  48  17  53  18  67  19  59 


