
 20  20

  0  45   1  37   2  47   3  44   4  36   5  39   6  43   7  53   8  55   9  51  10  52  11  42  12  39  13  49  14  50  15  35  16  47  17  43  18  44  19  52 
  0  39   1  35   2  43   3  42   4  34   5  29   6  40   7  47   8  50   9  51  10  52  11  37  12  39  13  42  14  48  15  29  16  39  17  41  18  35  19  47 
  0  37   1  34   2  46   3  42   4  36   5  31   6  39   7  47   8  47   9  49  10  50  11  39  12  38  13  41  14  49  15  32  16  40  17  41  18  36  19  47 
  0  43   1  37   2  47   3  43   4  35   5  37   6  45   7  50   8  52   9  49  10  50  11  41  12  39  13  48  14  50  15  36  16  42  17  43  18  43  19  49 
  0  46   1  38   2  47   3  44   4  38   5  39   6  45   7  52   8  57   9  50  10  52  11  42  12  39  13  49  14  50  15  37  16  46  17  43  18  44  19  52 
  0  40   1  35   2  46   3  42   4  37   5  30   6  42   7  47   8  49   9  51  10  51  11  39  12  37  13  43  14  49  15  32  16  40  17  42  18  38  19  45 
  0  42   1  38   2  47   3  44   4  38   5  35   6  42   7  49   8  55   9  49  10  50  11  41  12  38  13  48  14  47  15  33  16  44  17  43  18  42  19  52 
  0  46   1  35   2  47   3  44   4  37   5  39   6  42   7  53   8  57   9  50  10  51  11  42  12  37  13  49  14  50  15  35  16  45  17  42  18  42  19  49 
  0  39   1  36   2  46   3  44   4  36   5  29   6  39   7  47   8  51   9  51  10  50  11  40  12  37  13  41  14  48  15  30  16  39  17  44  18  35  19  44 
  0  38   1  37   2  46   3  44   4  34   5  31   6  42   7  51   8  48   9  51  10  52  11  40  12  38  13  41  14  47  15  29  16  40  17  41  18  39  19  47 
  0  37   1  34   2  43   3  44   4  34   5  30   6  41   7  51   8  48   9  49  10  51  11  40  12  37  13  44  14  46  15  31  16  42  17  41  18  39  19  46 
  0  37   1  36   2  45   3  42   4  36   5  29   6  39   7  48   8  48   9  51  10  50  11  37  12  37  13  41  14  47  15  31  16  39  17  42  18  36  19  45 
  0  39   1  35   2  43   3  42   4  37   5  33   6  43   7  49   8  52   9  51  10  52  11  41  12  37  13  46  14  48  15  33  16  43  17  41  18  38  19  46 
  0  40   1  37   2  44   3  44   4  37   5  34   6  39   7  49   8  51   9  49  10  52  11  38  12  39  13  44  14  47  15  31  16  41  17  42  18  36  19  48 
  0  41   1  36   2  45   3  42   4  34   5  31   6  40   7  50   8  50   9  50  10  52  11  39  12  37  13  42  14  46  15  34  16  40  17  42  18  37  19  49 
  0  46   1  36   2  45   3  42   4  38   5  38   6  45   7  53   8  56   9  49  10  52  11  41  12  39  13  49  14  50  15  34  16  45  17  45  18  44  19  52 
  0  45   1  37   2  45   3  44   4  38   5  39   6  45   7  53   8  57   9  51  10  51  11  43  12  37  13  47  14  50  15  37  16  47  17  45  18  44  19  52 
  0  41   1  36   2  46   3  44   4  36   5  35   6  40   7  52   8  55   9  51  10  52  11  38  12  37  13  45  14  46  15  31  16  43  17  42  18  40  19  49 
  0  45   1  37   2  45   3  42   4  37   5  37   6  41   7  51   8  52   9  51  10  52  11  43  12  37  13  46  14  50  15  33  16  43  17  45  18  43  19  48 
  0  43   1  38   2  44   3  42   4  35   5  35   6  43   7  50   8  57   9  51  10  51  11  41  12  39  13  45  14  50  15  35  16  43  17  43  18  40  19  48 


