
 20  20

  0  16   1  30   2  23   3  18   4  16   5  17   6  33   7  20   8  23   9  26  10  37  11  29  12  29  13  20  14  22  15  37  16  35  17  27  18  25  19  36 
  0  21   1  32   2  26   3  19   4  18   5  21   6  36   7  20   8  27   9  31  10  41  11  34  12  31  13  23  14  21  15  37  16  37  17  29  18  27  19  39 
  0  18   1  31   2  26   3  19   4  20   5  21   6  35   7  19   8  25   9  29  10  37  11  33  12  30  13  23  14  23  15  39  16  40  17  28  18  27  19  39 
  0  20   1  31   2  23   3  19   4  17   5  21   6  36   7  19   8  24   9  26  10  39  11  31  12  29  13  24  14  21  15  36  16  35  17  29  18  25  19  35 
  0  16   1  32   2  25   3  17   4  18   5  20   6  35   7  19   8  25   9  26  10  37  11  27  12  29  13  23  14  22  15  36  16  35  17  27  18  25  19  37 
  0  23   1  35   2  25   3  20   4  20   5  22   6  38   7  19   8  26   9  30  10  37  11  33  12  32  13  23  14  21  15  40  16  39  17  29  18  25  19  37 
  0  16   1  33   2  22   3  16   4  16   5  20   6  33   7  19   8  22   9  26  10  37  11  30  12  28  13  20  14  22  15  36  16  38  17  29  18  26  19  36 
  0  18   1  34   2  26   3  21   4  19   5  18   6  38   7  21   8  23   9  28  10  38  11  33  12  29  13  23  14  21  15  36  16  38  17  28  18  27  19  35 
  0  18   1  32   2  22   3  16   4  16   5  17   6  33   7  19   8  22   9  27  10  37  11  27  12  28  13  22  14  23  15  38  16  36  17  28  18  25  19  34 
  0  20   1  34   2  25   3  23   4  19   5  20   6  37   7  21   8  25   9  32  10  38  11  33  12  32  13  24  14  21  15  36  16  37  17  28  18  25  19  38 
  0  20   1  30   2  26   3  19   4  19   5  20   6  38   7  20   8  26   9  29  10  41  11  33  12  28  13  23  14  21  15  38  16  36  17  27  18  26  19  35 
  0  26   1  36   2  29   3  25   4  24   5  22   6  41   7  19   8  27   9  34  10  41  11  37  12  32  13  25  14  21  15  38  16  40  17  28  18  27  19  40 
  0  18   1  32   2  23   3  19   4  18   5  20   6  36   7  20   8  27   9  28  10  37  11  32  12  31  13  20  14  21  15  38  16  36  17  28  18  27  19  35 
  0  16   1  33   2  22   3  17   4  17   5  18   6  36   7  19   8  23   9  29  10  37  11  27  12  31  13  20  14  21  15  39  16  35  17  27  18  25  19  34 
  0  17   1  32   2  25   3  18   4  16   5  19   6  38   7  20   8  22   9  27  10  39  11  32  12  28  13  20  14  22  15  39  16  35  17  29  18  27  19  38 
  0  26   1  36   2  32   3  26   4  21   5  23   6  43   7  21   8  29   9  34  10  38  11  37  12  33  13  26  14  23  15  38  16  41  17  29  18  27  19  39 
  0  18   1  30   2  24   3  18   4  20   5  20   6  35   7  21   8  24   9  29  10  37  11  30  12  28  13  22  14  23  15  37  16  35  17  27  18  25  19  38 
  0  19   1  31   2  26   3  19   4  19   5  18   6  38   7  20   8  27   9  28  10  40  11  31  12  32  13  22  14  21  15  37  16  40  17  29  18  25  19  37 
  0  20   1  32   2  23   3  19   4  20   5  20   6  34   7  20   8  23   9  28  10  38  11  28  12  28  13  22  14  22  15  39  16  39  17  28  18  25  19  35 
  0  20   1  32   2  27   3  20   4  19   5  21   6  38   7  21   8  28   9  30  10  38  11  35  12  30  13  22  14  23  15  39  16  41  17  28  18  25  19  40 


