
 20  20

  0  21   1  28   2  33   3  16   4  31   5  21   6  28   7  24   8  22   9  32  10  31  11  17  12  27  13  13  14  13  15  13  16  24  17  23  18  29  19  22 
  0  11   1  23   2  24   3  16   4  26   5  13   6  22   7  19   8  24   9  28  10  31  11  13  12  25  13   6  14   9  15  12  16  18  17  15  18  22  19  16 
  0  17   1  24   2  28   3  16   4  28   5  17   6  25   7  21   8  23   9  28  10  31  11  17  12  27  13  10  14  13  15  14  16  19  17  20  18  26  19  21 
  0  20   1  28   2  32   3  15   4  32   5  21   6  30   7  27   8  23   9  33  10  31  11  19  12  27  13  16  14  15  15  16  16  24  17  23  18  30  19  22 
  0  21   1  27   2  30   3  16   4  32   5  19   6  27   7  26   8  24   9  33  10  30  11  18  12  27  13  12  14  12  15  13  16  21  17  23  18  30  19  20 
  0  14   1  24   2  27   3  14   4  26   5  15   6  24   7  19   8  22   9  28  10  30  11  14  12  25  13   7  14   8  15  12  16  18  17  15  18  23  19  16 
  0  13   1  24   2  28   3  15   4  29   5  15   6  23   7  19   8  23   9  29  10  32  11  17  12  27  13  10  14   9  15  14  16  19  17  16  18  23  19  17 
  0  12   1  23   2  25   3  14   4  26   5  14   6  22   7  19   8  22   9  30  10  31  11  16  12  27  13   7  14   9  15  10  16  18  17  17  18  22  19  16 
  0  16   1  27   2  26   3  14   4  27   5  18   6  24   7  22   8  22   9  27  10  30  11  13  12  25  13  10  14   8  15  14  16  18  17  19  18  25  19  20 
  0  21   1  28   2  32   3  16   4  34   5  21   6  29   7  25   8  23   9  33  10  31  11  18  12  27  13  16  14  15  15  16  16  24  17  21  18  30  19  20 
  0  18   1  27   2  34   3  14   4  32   5  21   6  28   7  24   8  24   9  32  10  31  11  19  12  27  13  16  14  13  15  16  16  23  17  23  18  30  19  21 
  0  13   1  26   2  24   3  15   4  26   5  14   6  22   7  19   8  23   9  30  10  30  11  13  12  25  13   9  14  10  15  10  16  18  17  18  18  25  19  16 
  0  20   1  29   2  32   3  16   4  33   5  21   6  31   7  27   8  24   9  33  10  31  11  18  12  25  13  16  14  15  15  16  16  24  17  23  18  29  19  20 
  0  19   1  28   2  34   3  14   4  33   5  20   6  31   7  27   8  22   9  33  10  30  11  19  12  25  13  16  14  15  15  16  16  24  17  23  18  28  19  22 
  0  17   1  28   2  33   3  16   4  33   5  21   6  27   7  24   8  24   9  32  10  30  11  17  12  27  13  15  14  14  15  13  16  24  17  20  18  30  19  20 
  0  20   1  28   2  34   3  16   4  33   5  20   6  29   7  27   8  24   9  33  10  30  11  17  12  27  13  15  14  15  15  15  16  23  17  22  18  29  19  21 
  0  18   1  27   2  34   3  16   4  34   5  20   6  31   7  27   8  24   9  30  10  30  11  19  12  27  13  13  14  13  15  16  16  24  17  23  18  30  19  20 
  0  14   1  24   2  28   3  16   4  30   5  15   6  28   7  21   8  24   9  28  10  32  11  15  12  25  13  13  14  13  15  11  16  21  17  18  18  25  19  17 
  0  15   1  24   2  29   3  16   4  31   5  16   6  24   7  25   8  22   9  32  10  32  11  16  12  26  13  10  14  10  15  11  16  20  17  19  18  26  19  18 
  0  21   1  29   2  31   3  16   4  34   5  21   6  29   7  27   8  24   9  31  10  32  11  18  12  27  13  16  14  14  15  13  16  22  17  21  18  27  19  19 


