
 20  20

  0  58   1  41   2  50   3  48   4  57   5  44   6  41   7  58   8  44   9  51  10  46  11  54  12  46  13  53  14  53  15  39  16  42  17  54  18  52  19  43 
  0  52   1  39   2  47   3  40   4  51   5  43   6  40   7  50   8  42   9  49  10  45  11  56  12  41  13  45  14  47  15  38  16  36  17  49  18  51  19  34 
  0  52   1  37   2  49   3  40   4  52   5  43   6  37   7  48   8  45   9  50  10  43  11  55  12  39  13  45  14  47  15  38  16  37  17  46  18  51  19  35 
  0  55   1  39   2  48   3  41   4  51   5  42   6  40   7  50   8  45   9  49  10  46  11  54  12  41  13  45  14  51  15  38  16  39  17  48  18  51  19  37 
  0  54   1  38   2  51   3  40   4  55   5  43   6  37   7  54   8  43   9  49  10  47  11  54  12  41  13  48  14  49  15  40  16  40  17  49  18  51  19  35 
  0  60   1  39   2  51   3  45   4  57   5  41   6  38   7  58   8  43   9  51  10  49  11  56  12  43  13  51  14  53  15  40  16  43  17  53  18  53  19  42 
  0  58   1  38   2  51   3  46   4  55   5  41   6  41   7  55   8  44   9  51  10  45  11  56  12  46  13  50  14  51  15  38  16  39  17  51  18  54  19  40 
  0  55   1  37   2  49   3  43   4  56   5  43   6  38   7  52   8  46   9  51  10  45  11  54  12  44  13  47  14  49  15  39  16  39  17  49  18  54  19  38 
  0  56   1  41   2  49   3  45   4  57   5  42   6  40   7  56   8  46   9  51  10  49  11  56  12  46  13  51  14  53  15  38  16  41  17  55  18  54  19  41 
  0  52   1  37   2  47   3  38   4  51   5  40   6  37   7  48   8  44   9  50  10  45  11  54  12  39  13  46  14  47  15  38  16  36  17  49  18  51  19  35 
  0  56   1  40   2  51   3  43   4  55   5  40   6  38   7  52   8  44   9  49  10  45  11  55  12  43  13  46  14  51  15  38  16  42  17  52  18  51  19  40 
  0  55   1  38   2  50   3  43   4  56   5  43   6  40   7  53   8  45   9  49  10  49  11  56  12  42  13  47  14  50  15  39  16  42  17  52  18  52  19  37 
  0  50   1  39   2  48   3  41   4  49   5  41   6  39   7  51   8  42   9  49  10  43  11  54  12  42  13  43  14  48  15  38  16  36  17  48  18  53  19  34 
  0  54   1  39   2  48   3  40   4  50   5  40   6  37   7  52   8  45   9  50  10  47  11  56  12  43  13  46  14  49  15  38  16  40  17  51  18  51  19  36 
  0  54   1  38   2  51   3  45   4  55   5  43   6  39   7  52   8  45   9  49  10  44  11  56  12  45  13  49  14  49  15  38  16  41  17  53  18  54  19  36 
  0  53   1  39   2  47   3  43   4  55   5  44   6  40   7  53   8  45   9  51  10  44  11  56  12  42  13  50  14  52  15  38  16  40  17  50  18  55  19  36 
  0  56   1  41   2  51   3  45   4  54   5  44   6  39   7  53   8  46   9  49  10  45  11  54  12  43  13  52  14  51  15  38  16  43  17  52  18  54  19  39 
  0  51   1  39   2  47   3  40   4  49   5  40   6  39   7  48   8  42   9  49  10  44  11  54  12  40  13  43  14  47  15  38  16  36  17  46  18  51  19  33 
  0  56   1  41   2  48   3  43   4  53   5  42   6  39   7  53   8  44   9  51  10  44  11  54  12  45  13  48  14  50  15  40  16  38  17  52  18  54  19  35 
  0  60   1  41   2  51   3  45   4  57   5  43   6  40   7  56   8  46   9  49  10  47  11  56  12  45  13  50  14  52  15  38  16  44  17  55  18  54  19  43 


