
 20  20

  0  31   1  43   2  40   3  24   4  36   5  23   6  40   7  27   8  40   9  23  10  35  11  40  12  39  13  29  14  29  15  41  16  30  17  36  18  40  19  43 
  0  28   1  38   2  40   3  22   4  36   5  20   6  40   7  29   8  41   9  24  10  32  11  38  12  39  13  25  14  27  15  36  16  25  17  34  18  43  19  42 
  0  31   1  39   2  38   3  22   4  34   5  24   6  41   7  29   8  41   9  23  10  37  11  38  12  38  13  29  14  27  15  37  16  29  17  37  18  40  19  42 
  0  27   1  40   2  38   3  22   4  35   5  22   6  39   7  29   8  42   9  21  10  34  11  38  12  39  13  27  14  29  15  38  16  25  17  36  18  43  19  43 
  0  32   1  44   2  40   3  24   4  38   5  24   6  41   7  33   8  41   9  24  10  37  11  42  12  37  13  31  14  29  15  43  16  31  17  38  18  45  19  42 
  0  27   1  40   2  38   3  23   4  34   5  20   6  39   7  26   8  40   9  22  10  32  11  38  12  37  13  26  14  27  15  36  16  25  17  36  18  40  19  42 
  0  33   1  46   2  38   3  25   4  35   5  24   6  39   7  33   8  42   9  27  10  40  11  42  12  39  13  33  14  29  15  40  16  29  17  39  18  45  19  44 
  0  36   1  43   2  39   3  23   4  38   5  27   6  39   7  34   8  46   9  24  10  38  11  39  12  37  13  32  14  27  15  42  16  31  17  41  18  44  19  44 
  0  35   1  48   2  43   3  26   4  38   5  28   6  41   7  33   8  46   9  26  10  40  11  39  12  39  13  35  14  28  15  46  16  35  17  42  18  45  19  43 
  0  35   1  46   2  41   3  27   4  37   5  25   6  41   7  36   8  44   9  29  10  39  11  42  12  39  13  34  14  27  15  43  16  34  17  42  18  46  19  44 
  0  34   1  41   2  39   3  22   4  38   5  26   6  41   7  31   8  41   9  24  10  38  11  40  12  37  13  31  14  27  15  42  16  29  17  36  18  46  19  44 
  0  33   1  45   2  43   3  25   4  38   5  25   6  41   7  32   8  42   9  28  10  38  11  42  12  37  13  31  14  27  15  41  16  34  17  39  18  47  19  42 
  0  28   1  38   2  38   3  23   4  34   5  22   6  39   7  29   8  43   9  21  10  33  11  38  12  37  13  29  14  27  15  38  16  29  17  35  18  41  19  42 
  0  30   1  43   2  41   3  24   4  34   5  22   6  40   7  31   8  43   9  24  10  35  11  40  12  38  13  28  14  29  15  37  16  27  17  36  18  43  19  44 
  0  31   1  39   2  41   3  22   4  34   5  22   6  41   7  28   8  40   9  24  10  37  11  38  12  37  13  30  14  28  15  38  16  29  17  36  18  43  19  42 
  0  32   1  40   2  37   3  21   4  36   5  24   6  39   7  30   8  41   9  25  10  37  11  38  12  39  13  31  14  27  15  40  16  30  17  37  18  43  19  44 
  0  28   1  42   2  40   3  24   4  38   5  22   6  40   7  28   8  42   9  21  10  35  11  38  12  39  13  26  14  29  15  38  16  26  17  35  18  43  19  44 
  0  31   1  40   2  39   3  21   4  38   5  23   6  39   7  29   8  40   9  21  10  33  11  38  12  38  13  30  14  28  15  41  16  28  17  35  18  40  19  44 
  0  37   1  47   2  41   3  27   4  40   5  25   6  41   7  33   8  46   9  29  10  39  11  42  12  38  13  34  14  29  15  43  16  35  17  41  18  47  19  44 
  0  28   1  39   2  38   3  22   4  34   5  23   6  39   7  27   8  43   9  24  10  34  11  38  12  39  13  27  14  28  15  38  16  30  17  35  18  45  19  43 


