
 20  20

  0  20   1  25   2  24   3  21   4  27   5  20   6  24   7  25   8  26   9  16  10  16  11  19  12  21  13  21  14  30  15  35  16  29  17  37  18  26  19  24 
  0  12   1  23   2  19   3  14   4  22   5  16   6  23   7  25   8  24   9  16  10  14  11  17  12  18  13  18  14  26  15  34  16  23  17  30  18  26  19  20 
  0  16   1  23   2  21   3  20   4  22   5  19   6  23   7  27   8  29   9  18  10  15  11  19  12  20  13  18  14  27  15  36  16  28  17  32  18  28  19  25 
  0  14   1  22   2  21   3  17   4  23   5  17   6  23   7  27   8  24   9  17  10  14  11  19  12  17  13  17  14  28  15  34  16  23  17  31  18  28  19  20 
  0  19   1  24   2  23   3  21   4  27   5  16   6  23   7  25   8  27   9  17  10  16  11  21  12  18  13  20  14  29  15  35  16  28  17  35  18  27  19  27 
  0  17   1  21   2  23   3  16   4  24   5  16   6  23   7  27   8  24   9  18  10  17  11  20  12  18  13  17  14  29  15  36  16  23  17  33  18  27  19  22 
  0  19   1  25   2  26   3  22   4  30   5  18   6  25   7  26   8  30   9  18  10  17  11  25  12  21  13  20  14  30  15  36  16  30  17  40  18  26  19  28 
  0  19   1  21   2  24   3  19   4  27   5  19   6  23   7  27   8  29   9  16  10  16  11  20  12  18  13  17  14  27  15  34  16  29  17  35  18  26  19  27 
  0  14   1  21   2  23   3  15   4  25   5  15   6  24   7  27   8  27   9  18  10  16  11  17  12  18  13  20  14  28  15  36  16  27  17  32  18  26  19  24 
  0  17   1  24   2  23   3  19   4  26   5  16   6  24   7  27   8  29   9  18  10  15  11  22  12  19  13  21  14  29  15  36  16  29  17  34  18  28  19  28 
  0  17   1  23   2  22   3  18   4  24   5  17   6  25   7  26   8  29   9  16  10  17  11  22  12  19  13  20  14  29  15  36  16  26  17  35  18  26  19  27 
  0  14   1  22   2  19   3  16   4  22   5  14   6  24   7  27   8  26   9  17  10  17  11  17  12  17  13  17  14  26  15  36  16  23  17  31  18  26  19  22 
  0  16   1  22   2  19   3  14   4  20   5  14   6  23   7  27   8  25   9  16  10  14  11  16  12  20  13  20  14  28  15  34  16  23  17  31  18  27  19  23 
  0  20   1  24   2  27   3  19   4  29   5  16   6  25   7  27   8  29   9  16  10  16  11  20  12  21  13  20  14  28  15  35  16  30  17  35  18  26  19  29 
  0  21   1  25   2  27   3  24   4  28   5  18   6  25   7  27   8  30   9  17  10  17  11  23  12  21  13  21  14  30  15  36  16  31  17  40  18  28  19  30 
  0  19   1  25   2  26   3  20   4  28   5  20   6  23   7  27   8  30   9  18  10  18  11  25  12  20  13  18  14  30  15  36  16  30  17  37  18  28  19  30 
  0  12   1  21   2  19   3  17   4  24   5  17   6  25   7  26   8  24   9  16  10  17  11  18  12  18  13  17  14  28  15  35  16  26  17  33  18  28  19  20 
  0  17   1  25   2  22   3  22   4  28   5  16   6  24   7  25   8  30   9  16  10  18  11  24  12  18  13  21  14  28  15  34  16  26  17  36  18  26  19  28 
  0  15   1  21   2  21   3  16   4  23   5  15   6  25   7  27   8  25   9  17  10  14  11  17  12  19  13  18  14  27  15  34  16  26  17  33  18  26  19  23 
  0  16   1  23   2  25   3  21   4  27   5  17   6  25   7  26   8  29   9  18  10  18  11  19  12  18  13  17  14  29  15  36  16  27  17  33  18  28  19  27 


