
 20  20

  0  66   1  60   2  54   3  71   4  63   5  71   6  64   7  68   8  69   9  63  10  59  11  60  12  60  13  66  14  59  15  66  16  70  17  53  18  53  19  68 
  0  60   1  58   2  53   3  70   4  60   5  69   6  65   7  63   8  69   9  63  10  57  11  61  12  59  13  63  14  55  15  67  16  69  17  54  18  53  19  66 
  0  61   1  57   2  50   3  71   4  57   5  70   6  64   7  64   8  68   9  60  10  55  11  60  12  58  13  63  14  53  15  68  16  67  17  55  18  51  19  66 
  0  66   1  58   2  57   3  74   4  65   5  71   6  65   7  69   8  70   9  64  10  63  11  64  12  61  13  67  14  61  15  69  16  74  17  54  18  56  19  72 
  0  65   1  57   2  49   3  73   4  61   5  71   6  64   7  63   8  70   9  62  10  56  11  63  12  60  13  64  14  57  15  66  16  70  17  55  18  55  19  68 
  0  66   1  60   2  51   3  72   4  62   5  71   6  68   7  66   8  69   9  63  10  58  11  64  12  61  13  66  14  59  15  70  16  70  17  53  18  56  19  70 
  0  65   1  60   2  52   3  74   4  60   5  69   6  66   7  68   8  70   9  66  10  63  11  64  12  64  13  67  14  60  15  69  16  73  17  54  18  56  19  71 
  0  66   1  60   2  54   3  71   4  64   5  71   6  64   7  64   8  68   9  63  10  61  11  64  12  60  13  63  14  60  15  68  16  73  17  53  18  54  19  72 
  0  60   1  58   2  50   3  70   4  59   5  69   6  67   7  64   8  70   9  59  10  54  11  60  12  58  13  63  14  55  15  66  16  69  17  56  18  54  19  69 
  0  64   1  59   2  54   3  73   4  60   5  70   6  65   7  65   8  68   9  65  10  60  11  62  12  62  13  63  14  58  15  70  16  73  17  56  18  54  19  71 
  0  69   1  57   2  57   3  76   4  62   5  69   6  68   7  68   8  69   9  65  10  60  11  63  12  64  13  66  14  61  15  67  16  74  17  56  18  55  19  74 
  0  60   1  56   2  50   3  72   4  58   5  69   6  64   7  63   8  68   9  61  10  54  11  60  12  60  13  61  14  53  15  67  16  67  17  55  18  51  19  67 
  0  67   1  60   2  56   3  76   4  60   5  71   6  68   7  66   8  68   9  63  10  60  11  63  12  61  13  65  14  57  15  67  16  72  17  57  18  54  19  72 
  0  70   1  60   2  57   3  74   4  62   5  71   6  68   7  69   8  70   9  66  10  61  11  63  12  64  13  66  14  61  15  70  16  77  17  55  18  57  19  74 
  0  65   1  59   2  52   3  74   4  61   5  69   6  66   7  67   8  70   9  63  10  56  11  60  12  59  13  64  14  53  15  66  16  71  17  54  18  51  19  66 
  0  67   1  56   2  53   3  75   4  63   5  69   6  66   7  66   8  70   9  61  10  59  11  62  12  62  13  62  14  59  15  68  16  71  17  56  18  54  19  69 
  0  64   1  56   2  51   3  72   4  58   5  70   6  64   7  66   8  70   9  59  10  58  11  61  12  61  13  64  14  53  15  67  16  69  17  56  18  51  19  68 
  0  65   1  58   2  56   3  76   4  60   5  71   6  68   7  68   8  68   9  64  10  60  11  63  12  62  13  66  14  58  15  70  16  75  17  57  18  55  19  69 
  0  60   1  56   2  49   3  70   4  59   5  69   6  66   7  63   8  70   9  60  10  54  11  60  12  58  13  61  14  53  15  66  16  67  17  54  18  51  19  66 
  0  69   1  57   2  57   3  75   4  63   5  69   6  68   7  67   8  68   9  65  10  59  11  64  12  62  13  64  14  60  15  69  16  73  17  54  18  54  19  70 


