
 20  20

  0  58   1  71   2  66   3  57   4  68   5  60   6  56   7  65   8  62   9  58  10  50  11  54  12  62  13  60  14  71  15  60  16  55  17  59  18  58  19  63 
  0  66   1  71   2  70   3  62   4  76   5  69   6  57   7  65   8  62   9  62  10  56  11  56  12  70  13  63  14  70  15  62  16  56  17  66  18  63  19  61 
  0  57   1  71   2  64   3  57   4  68   5  60   6  56   7  65   8  63   9  58  10  49  11  54  12  62  13  60  14  70  15  60  16  56  17  57  18  59  19  61 
  0  61   1  73   2  68   3  62   4  74   5  64   6  57   7  68   8  64   9  61  10  55  11  59  12  69  13  64  14  70  15  62  16  55  17  64  18  62  19  61 
  0  61   1  71   2  65   3  57   4  68   5  60   6  56   7  65   8  62   9  61  10  50  11  54  12  62  13  61  14  70  15  60  16  57  17  59  18  58  19  61 
  0  62   1  72   2  68   3  61   4  72   5  64   6  57   7  65   8  64   9  60  10  56  11  60  12  70  13  60  14  70  15  61  16  57  17  62  18  60  19  61 
  0  60   1  71   2  69   3  62   4  73   5  64   6  55   7  65   8  64   9  59  10  51  11  54  12  66  13  61  14  70  15  60  16  58  17  59  18  59  19  63 
  0  63   1  73   2  72   3  63   4  75   5  66   6  56   7  66   8  62   9  60  10  55  11  59  12  67  13  62  14  72  15  61  16  59  17  65  18  64  19  61 
  0  60   1  72   2  71   3  62   4  72   5  67   6  57   7  64   8  62   9  59  10  55  11  58  12  68  13  63  14  70  15  61  16  59  17  60  18  62  19  63 
  0  64   1  72   2  67   3  60   4  75   5  63   6  56   7  68   8  63   9  62  10  56  11  57  12  67  13  61  14  72  15  60  16  55  17  62  18  62  19  63 
  0  59   1  71   2  68   3  61   4  70   5  66   6  57   7  66   8  63   9  60  10  51  11  55  12  66  13  63  14  71  15  62  16  55  17  63  18  59  19  61 
  0  61   1  73   2  67   3  57   4  73   5  65   6  55   7  63   8  63   9  59  10  50  11  55  12  66  13  60  14  72  15  62  16  56  17  58  18  62  19  62 
  0  67   1  73   2  71   3  62   4  76   5  70   6  55   7  68   8  63   9  59  10  57  11  59  12  72  13  64  14  71  15  60  16  59  17  67  18  62  19  63 
  0  59   1  71   2  64   3  57   4  68   5  60   6  57   7  63   8  62   9  58  10  49  11  54  12  62  13  62  14  72  15  61  16  57  17  59  18  59  19  62 
  0  65   1  72   2  70   3  62   4  78   5  70   6  56   7  69   8  64   9  62  10  56  11  58  12  68  13  61  14  71  15  61  16  59  17  67  18  61  19  61 
  0  64   1  73   2  73   3  64   4  75   5  70   6  57   7  67   8  63   9  60  10  57  11  58  12  70  13  64  14  70  15  62  16  59  17  66  18  64  19  61 
  0  67   1  73   2  74   3  64   4  76   5  70   6  57   7  66   8  64   9  61  10  57  11  60  12  72  13  63  14  70  15  62  16  59  17  67  18  63  19  63 
  0  62   1  71   2  68   3  60   4  71   5  62   6  56   7  67   8  64   9  58  10  52  11  58  12  66  13  62  14  71  15  62  16  55  17  59  18  58  19  62 
  0  66   1  73   2  74   3  65   4  78   5  68   6  57   7  69   8  64   9  61  10  59  11  59  12  72  13  64  14  72  15  61  16  59  17  67  18  64  19  63 
  0  57   1  72   2  64   3  57   4  69   5  60   6  56   7  63   8  62   9  60  10  51  11  54  12  62  13  61  14  71  15  61  16  55  17  57  18  58  19  63 


