
 20  20

  0  73   1  71   2  61   3  76   4  79   5  73   6  59   7  63   8  68   9  77  10  64  11  75  12  77  13  70  14  75  15  75  16  69  17  72  18  74  19  63 
  0  71   1  68   2  62   3  76   4  80   5  72   6  60   7  61   8  68   9  75  10  63  11  74  12  74  13  69  14  73  15  74  16  65  17  71  18  74  19  61 
  0  64   1  64   2  54   3  72   4  75   5  72   6  57   7  56   8  68   9  75  10  57  11  71  12  69  13  65  14  71  15  70  16  60  17  66  18  70  19  59 
  0  73   1  70   2  61   3  77   4  79   5  74   6  60   7  62   8  68   9  76  10  63  11  75  12  77  13  71  14  75  15  75  16  68  17  72  18  76  19  63 
  0  71   1  71   2  62   3  76   4  80   5  74   6  61   7  63   8  68   9  77  10  62  11  75  12  78  13  71  14  75  15  73  16  66  17  72  18  76  19  63 
  0  72   1  69   2  59   3  75   4  77   5  74   6  58   7  63   8  67   9  76  10  63  11  75  12  76  13  68  14  72  15  74  16  67  17  69  18  75  19  63 
  0  71   1  71   2  59   3  77   4  79   5  74   6  58   7  64   8  68   9  77  10  62  11  75  12  75  13  71  14  73  15  74  16  65  17  71  18  75  19  63 
  0  70   1  69   2  57   3  74   4  78   5  74   6  60   7  57   8  66   9  75  10  61  11  74  12  72  13  69  14  72  15  71  16  62  17  67  18  70  19  63 
  0  74   1  70   2  60   3  76   4  77   5  74   6  61   7  61   8  70   9  76  10  65  11  73  12  75  13  71  14  75  15  75  16  68  17  70  18  74  19  62 
  0  68   1  68   2  56   3  76   4  74   5  74   6  57   7  59   8  68   9  77  10  62  11  72  12  74  13  65  14  70  15  70  16  65  17  66  18  74  19  60 
  0  67   1  70   2  56   3  73   4  78   5  73   6  61   7  61   8  67   9  77  10  62  11  73  12  74  13  69  14  72  15  73  16  64  17  70  18  75  19  60 
  0  72   1  70   2  61   3  78   4  76   5  74   6  58   7  63   8  70   9  77  10  62  11  74  12  76  13  70  14  74  15  76  16  68  17  72  18  75  19  62 
  0  69   1  72   2  62   3  76   4  77   5  72   6  59   7  64   8  68   9  75  10  64  11  72  12  73  13  70  14  74  15  74  16  64  17  68  18  74  19  63 
  0  67   1  69   2  55   3  74   4  77   5  72   6  57   7  59   8  69   9  75  10  58  11  72  12  74  13  69  14  73  15  70  16  65  17  67  18  74  19  63 
  0  71   1  68   2  60   3  76   4  80   5  74   6  58   7  61   8  66   9  77  10  63  11  75  12  76  13  68  14  75  15  72  16  64  17  70  18  73  19  61 
  0  68   1  67   2  60   3  77   4  76   5  72   6  59   7  59   8  67   9  77  10  63  11  73  12  73  13  70  14  73  15  74  16  66  17  67  18  73  19  61 
  0  65   1  65   2  56   3  72   4  76   5  72   6  59   7  56   8  69   9  75  10  58  11  71  12  70  13  65  14  69  15  69  16  63  17  66  18  70  19  60 
  0  67   1  68   2  56   3  76   4  79   5  72   6  57   7  57   8  68   9  76  10  62  11  71  12  71  13  69  14  73  15  73  16  63  17  68  18  74  19  62 
  0  72   1  72   2  60   3  78   4  77   5  74   6  59   7  61   8  70   9  77  10  63  11  72  12  77  13  69  14  75  15  74  16  69  17  69  18  76  19  60 
  0  74   1  71   2  60   3  78   4  80   5  72   6  60   7  64   8  70   9  75  10  64  11  74  12  75  13  69  14  75  15  74  16  68  17  71  18  75  19  63 


