
 20  20

  0  24   1  26   2  27   3  17   4  13   5  11   6  13   7  21   8  11   9  12  10  20  11  25  12  23  13  10  14  11  15   8  16  27  17  13  18  13  19  10 
  0  27   1  26   2  30   3  17   4  11   5  10   6  12   7  22   8  14   9  11  10  20  11  24  12  23  13   9  14  11  15   8  16  27  17  13  18  14  19  11 
  0  22   1  21   2  26   3  15   4  13   5   7   6   9   7  22   8  11   9  11  10  17  11  23  12  18  13   7  14   8  15   8  16  23  17  10  18  13  19   6 
  0  17   1  20   2  23   3  15   4  11   5  10   6   5   7  21   8  10   9   6  10  15  11  20  12  17  13   6  14   7  15   6  16  24  17  11  18  12  19   6 
  0  22   1  24   2  23   3  14   4  11   5   8   6   9   7  22   8   7   9  10  10  16  11  20  12  17  13   9  14   7  15   6  16  25  17  12  18  12  19   9 
  0  23   1  25   2  27   3  17   4  11   5  10   6   8   7  20   8  11   9  10  10  15  11  20  12  21  13   9  14   7  15   9  16  26  17  10  18  14  19   6 
  0  21   1  24   2  24   3  16   4  11   5  10   6   7   7  21   8  11   9   6  10  17  11  21  12  19  13   9  14   5  15   8  16  23  17  10  18  11  19   8 
  0  23   1  21   2  27   3  15   4  13   5  10   6   6   7  22   8  12   9   9  10  17  11  20  12  18  13  10  14   6  15   6  16  23  17  12  18  14  19  10 
  0  23   1  26   2  29   3  17   4  12   5  11   6  13   7  20   8  11   9  11  10  17  11  22  12  20  13   8  14   8  15   9  16  28  17  13  18  12  19   9 
  0  18   1  23   2  24   3  16   4  11   5   9   6   4   7  21   8   8   9   8  10  13  11  21  12  20  13   4  14   6  15   7  16  20  17  10  18  13  19   5 
  0  25   1  24   2  25   3  15   4  12   5  11   6   8   7  21   8  11   9   9  10  18  11  21  12  21  13   9  14  11  15   7  16  24  17  11  18  13  19  11 
  0  24   1  24   2  26   3  16   4  12   5  11   6  11   7  21   8  11   9  11  10  17  11  24  12  21  13  10  14   9  15   9  16  26  17  10  18  13  19  10 
  0  19   1  20   2  23   3  13   4  11   5   8   6   6   7  18   8   6   9   6  10  16  11  20  12  17  13   7  14   8  15   6  16  21  17   9  18  10  19   8 
  0  20   1  20   2  23   3  14   4  12   5   9   6   6   7  18   8   8   9   6  10  15  11  18  12  19  13   6  14   6  15   8  16  20  17  11  18  12  19   5 
  0  24   1  26   2  25   3  15   4  11   5  11   6  11   7  22   8   9   9   8  10  18  11  20  12  22  13  11  14   9  15  10  16  23  17  13  18  14  19   7 
  0  22   1  20   2  25   3  13   4  12   5  10   6   4   7  19   8   8   9   7  10  15  11  20  12  18  13   4  14   8  15   6  16  20  17   9  18  10  19   8 
  0  17   1  23   2  22   3  13   4  13   5   7   6   3   7  20   8   6   9   7  10  12  11  17  12  20  13   4  14   6  15   6  16  21  17   9  18  10  19   6 
  0  17   1  21   2  21   3  13   4  11   5   7   6   3   7  20   8   6   9   6  10  14  11  18  12  17  13   4  14   7  15   6  16  21  17   9  18  10  19   7 
  0  24   1  26   2  28   3  14   4  13   5  10   6  13   7  22   8  14   9  12  10  19  11  21  12  20  13  11  14   9  15   8  16  24  17  11  18  14  19   9 
  0  24   1  22   2  27   3  16   4  13   5  10   6   8   7  22   8  10   9   8  10  19  11  21  12  23  13  12  14  11  15  10  16  28  17  11  18  11  19   9 


