
 20  20

  0  85   1  68   2  77   3  79   4  69   5  82   6  75   7  87   8  85   9  84  10  84  11  72  12  71  13  79  14  75  15  81  16  69  17  74  18  69  19  80 
  0  89   1  69   2  78   3  81   4  71   5  84   6  75   7  90   8  87   9  86  10  87  11  75  12  74  13  79  14  76  15  81  16  67  17  74  18  69  19  79 
  0  89   1  70   2  81   3  82   4  71   5  82   6  78   7  90   8  86   9  86  10  85  11  75  12  73  13  81  14  76  15  79  16  69  17  73  18  71  19  83 
  0  90   1  69   2  81   3  80   4  69   5  84   6  76   7  90   8  87   9  89  10  87  11  75  12  72  13  80  14  73  15  81  16  68  17  73  18  71  19  80 
  0  89   1  69   2  81   3  82   4  70   5  84   6  78   7  90   8  87   9  87  10  87  11  75  12  75  13  81  14  74  15  81  16  69  17  75  18  71  19  83 
  0  82   1  70   2  74   3  82   4  71   5  84   6  78   7  86   8  85   9  84  10  81  11  70  12  71  13  81  14  74  15  76  16  69  17  75  18  69  19  79 
  0  85   1  68   2  77   3  82   4  71   5  81   6  77   7  86   8  87   9  83  10  85  11  70  12  73  13  79  14  74  15  79  16  69  17  74  18  69  19  77 
  0  83   1  70   2  75   3  79   4  71   5  80   6  77   7  89   8  85   9  83  10  83  11  73  12  72  13  79  14  75  15  80  16  69  17  75  18  69  19  81 
  0  82   1  70   2  75   3  81   4  70   5  80   6  74   7  86   8  85   9  85  10  83  11  69  12  71  13  80  14  72  15  79  16  68  17  75  18  69  19  80 
  0  87   1  69   2  77   3  81   4  70   5  82   6  76   7  87   8  85   9  89  10  86  11  72  12  73  13  81  14  74  15  80  16  69  17  75  18  71  19  79 
  0  85   1  68   2  74   3  78   4  69   5  80   6  75   7  87   8  87   9  84  10  84  11  70  12  72  13  81  14  70  15  77  16  69  17  74  18  70  19  77 
  0  83   1  67   2  75   3  81   4  69   5  80   6  74   7  84   8  85   9  85  10  83  11  69  12  70  13  81  14  72  15  76  16  67  17  73  18  69  19  76 
  0  88   1  68   2  78   3  79   4  69   5  84   6  78   7  89   8  87   9  86  10  83  11  75  12  74  13  81  14  74  15  81  16  69  17  73  18  69  19  82 
  0  80   1  66   2  73   3  80   4  71   5  80   6  75   7  85   8  86   9  81  10  81  11  69  12  70  13  80  14  70  15  78  16  67  17  73  18  69  19  75 
  0  87   1  70   2  78   3  80   4  71   5  82   6  78   7  90   8  87   9  86  10  87  11  75  12  75  13  81  14  76  15  82  16  69  17  74  18  69  19  83 
  0  81   1  68   2  73   3  80   4  69   5  80   6  74   7  84   8  86   9  81  10  82  11  70  12  71  13  80  14  72  15  76  16  67  17  73  18  69  19  75 
  0  82   1  67   2  74   3  78   4  70   5  83   6  74   7  88   8  85   9  83  10  85  11  72  12  69  13  79  14  73  15  80  16  67  17  75  18  69  19  76 
  0  83   1  68   2  74   3  78   4  71   5  82   6  74   7  84   8  87   9  81  10  81  11  69  12  71  13  81  14  72  15  76  16  69  17  73  18  70  19  76 
  0  85   1  67   2  74   3  81   4  69   5  83   6  76   7  86   8  85   9  83  10  86  11  71  12  71  13  79  14  75  15  77  16  67  17  73  18  69  19  76 
  0  87   1  67   2  79   3  80   4  71   5  81   6  78   7  87   8  86   9  87  10  86  11  73  12  74  13  80  14  74  15  80  16  67  17  74  18  70  19  79 


