
 20  20

  0  71   1  80   2  75   3  79   4  70   5  84   6  80   7  72   8  77   9  73  10  75  11  75  12  81  13  80  14  76  15  80  16  72  17  85  18  84  19  78 
  0  76   1  80   2  77   3  76   4  70   5  85   6  80   7  76   8  77   9  74  10  76  11  77  12  86  13  79  14  79  15  80  16  71  17  86  18  84  19  77 
  0  77   1  81   2  78   3  79   4  73   5  87   6  82   7  79   8  80   9  75  10  78  11  75  12  89  13  81  14  86  15  82  16  72  17  91  18  88  19  78 
  0  77   1  81   2  78   3  80   4  71   5  86   6  81   7  76   8  80   9  74  10  77  11  74  12  85  13  81  14  82  15  79  16  73  17  87  18  88  19  77 
  0  77   1  82   2  76   3  80   4  74   5  90   6  82   7  77   8  80   9  72  10  79  11  75  12  87  13  81  14  85  15  81  16  73  17  91  18  86  19  77 
  0  77   1  81   2  79   3  77   4  74   5  88   6  79   7  78   8  79   9  74  10  80  11  78  12  87  13  80  14  84  15  82  16  73  17  88  18  89  19  79 
  0  70   1  82   2  76   3  77   4  70   5  82   6  79   7  72   8  79   9  71  10  73  11  74  12  83  13  79  14  79  15  82  16  71  17  88  18  83  19  77 
  0  73   1  82   2  76   3  79   4  68   5  84   6  79   7  71   8  76   9  72  10  74  11  76  12  82  13  79  14  79  15  81  16  73  17  87  18  83  19  79 
  0  74   1  80   2  77   3  78   4  67   5  82   6  78   7  72   8  76   9  71  10  73  11  74  12  84  13  81  14  78  15  82  16  73  17  87  18  87  19  79 
  0  78   1  81   2  78   3  76   4  74   5  85   6  79   7  75   8  78   9  75  10  78  11  78  12  88  13  81  14  83  15  81  16  71  17  90  18  88  19  78 
  0  75   1  82   2  77   3  80   4  73   5  90   6  81   7  75   8  77   9  74  10  77  11  78  12  86  13  80  14  85  15  83  16  71  17  90  18  87  19  78 
  0  70   1  81   2  73   3  76   4  66   5  82   6  80   7  70   8  78   9  71  10  72  11  74  12  81  13  79  14  76  15  80  16  71  17  87  18  83  19  77 
  0  76   1  82   2  75   3  76   4  69   5  83   6  78   7  75   8  79   9  72  10  73  11  74  12  86  13  81  14  82  15  81  16  71  17  85  18  83  19  79 
  0  73   1  82   2  78   3  76   4  73   5  84   6  80   7  77   8  77   9  71  10  76  11  74  12  87  13  79  14  82  15  79  16  73  17  89  18  84  19  77 
  0  79   1  82   2  78   3  77   4  72   5  86   6  81   7  80   8  79   9  75  10  78  11  75  12  91  13  81  14  82  15  83  16  73  17  90  18  86  19  79 
  0  78   1  82   2  79   3  79   4  73   5  88   6  81   7  76   8  79   9  74  10  79  11  75  12  89  13  79  14  85  15  81  16  73  17  87  18  87  19  79 
  0  72   1  80   2  73   3  77   4  66   5  82   6  78   7  71   8  76   9  71  10  71  11  75  12  81  13  79  14  76  15  80  16  73  17  85  18  84  19  77 
  0  76   1  80   2  79   3  78   4  72   5  87   6  79   7  77   8  77   9  75  10  77  11  75  12  90  13  81  14  86  15  80  16  73  17  91  18  88  19  78 
  0  72   1  82   2  77   3  79   4  70   5  82   6  78   7  74   8  78   9  71  10  76  11  76  12  82  13  81  14  79  15  79  16  73  17  89  18  85  19  77 
  0  76   1  81   2  79   3  77   4  74   5  88   6  80   7  75   8  79   9  74  10  76  11  76  12  88  13  80  14  81  15  81  16  71  17  87  18  87  19  77 


