
 20  20

  0  66   1  52   2  28   3  55   4  40   5  32   6  33   7  39   8  58   9  35  10  31  11  60  12  49  13  56  14  51  15  40  16  41  17  56  18  34  19  40 
  0  66   1  51   2  30   3  54   4  39   5  32   6  33   7  39   8  57   9  36  10  31  11  60  12  50  13  60  14  52  15  40  16  43  17  54  18  33  19  40 
  0  67   1  53   2  30   3  58   4  44   5  37   6  33   7  39   8  56   9  36  10  32  11  62  12  50  13  62  14  54  15  43  16  47  17  60  18  35  19  42 
  0  66   1  50   2  30   3  54   4  39   5  29   6  33   7  40   8  57   9  32  10  30  11  60  12  48  13  58  14  50  15  42  16  42  17  56  18  34  19  41 
  0  69   1  54   2  34   3  58   4  45   5  33   6  33   7  39   8  56   9  35  10  31  11  61  12  51  13  63  14  56  15  41  16  47  17  60  18  34  19  41 
  0  73   1  54   2  34   3  63   4  47   5  36   6  33   7  40   8  58   9  40  10  31  11  63  12  52  13  63  14  56  15  42  16  48  17  60  18  34  19  40 
  0  71   1  54   2  32   3  61   4  45   5  38   6  35   7  41   8  57   9  40  10  32  11  63  12  52  13  63  14  57  15  44  16  49  17  60  18  34  19  42 
  0  73   1  54   2  33   3  61   4  47   5  37   6  33   7  41   8  58   9  39  10  32  11  61  12  52  13  66  14  58  15  42  16  49  17  63  18  35  19  40 
  0  67   1  52   2  30   3  60   4  44   5  35   6  34   7  40   8  58   9  35  10  28  11  59  12  51  13  60  14  54  15  43  16  44  17  58  18  35  19  42 
  0  64   1  52   2  28   3  54   4  42   5  32   6  33   7  39   8  58   9  33  10  28  11  61  12  49  13  59  14  48  15  41  16  43  17  53  18  33  19  40 
  0  63   1  52   2  28   3  56   4  39   5  30   6  33   7  41   8  58   9  32  10  28  11  59  12  48  13  56  14  51  15  40  16  41  17  55  18  35  19  40 
  0  71   1  52   2  32   3  60   4  42   5  33   6  35   7  39   8  58   9  36  10  29  11  60  12  52  13  61  14  56  15  43  16  45  17  58  18  34  19  42 
  0  63   1  52   2  28   3  57   4  42   5  32   6  33   7  39   8  56   9  35  10  28  11  60  12  48  13  56  14  51  15  40  16  42  17  56  18  33  19  42 
  0  65   1  53   2  30   3  60   4  43   5  32   6  35   7  40   8  56   9  33  10  31  11  62  12  51  13  62  14  52  15  43  16  44  17  57  18  34  19  42 
  0  71   1  54   2  34   3  64   4  45   5  39   6  35   7  39   8  56   9  40  10  32  11  61  12  52  13  66  14  58  15  44  16  49  17  63  18  35  19  40 
  0  66   1  50   2  31   3  58   4  45   5  32   6  33   7  39   8  56   9  34  10  29  11  63  12  48  13  59  14  54  15  43  16  46  17  60  18  33  19  42 
  0  68   1  52   2  29   3  58   4  42   5  31   6  35   7  41   8  58   9  34  10  31  11  59  12  50  13  61  14  51  15  40  16  46  17  57  18  33  19  41 
  0  68   1  50   2  32   3  56   4  43   5  30   6  33   7  41   8  57   9  36  10  30  11  62  12  48  13  59  14  51  15  40  16  44  17  58  18  33  19  40 
  0  66   1  51   2  28   3  57   4  43   5  32   6  34   7  39   8  58   9  36  10  30  11  62  12  48  13  61  14  52  15  41  16  41  17  55  18  34  19  40 
  0  73   1  54   2  33   3  64   4  44   5  39   6  35   7  39   8  56   9  40  10  29  11  62  12  52  13  66  14  58  15  41  16  46  17  62  18  35  19  40 


