
 20  20

  0  90   1  85   2  65   3  77   4  96   5  95   6  68   7  87   8  81   9  66  10  97  11  66  12  97  13  71  14  67  15  63  16  62  17  64  18  68  19  87 
  0  88   1  83   2  63   3  76   4  92   5  92   6  64   7  86   8  81   9  65  10  96  11  66  12  92  13  69  14  68  15  61  16  63  17  62  18  70  19  83 
  0  90   1  86   2  62   3  78   4  92   5  93   6  67   7  87   8  80   9  65  10  94  11  68  12  92  13  69  14  67  15  61  16  62  17  62  18  69  19  83 
  0  91   1  89   2  65   3  80   4  94   5  96   6  71   7  87   8  81   9  68  10  95  11  66  12  99  13  71  14  70  15  62  16  64  17  67  18  68  19  86 
  0  96   1  93   2  68   3  80   4  97   5  95   6  69   7  87   8  81   9  66  10  98  11  67  12  99  13  73  14  72  15  61  16  64  17  71  18  70  19  86 
  0  95   1  87   2  67   3  77   4  95   5  96   6  68   7  90   8  80   9  68  10  96  11  66  12  96  13  75  14  72  15  62  16  63  17  69  18  69  19  86 
  0  88   1  83   2  63   3  77   4  93   5  90   6  66   7  86   8  79   9  65  10  94  11  66  12  95  13  69  14  67  15  61  16  62  17  62  18  70  19  86 
  0  87   1  85   2  65   3  76   4  92   5  94   6  66   7  89   8  81   9  65  10  96  11  68  12  95  13  71  14  68  15  62  16  62  17  65  18  69  19  85 
  0  97   1  93   2  71   3  80   4  98   5  98   6  72   7  89   8  83   9  68  10  99  11  68  12  99  13  73  14  72  15  63  16  64  17  71  18  70  19  89 
  0  92   1  87   2  67   3  76   4  94   5  95   6  68   7  87   8  79   9  67  10  98  11  67  12  98  13  71  14  68  15  62  16  64  17  68  18  69  19  85 
  0  89   1  88   2  66   3  76   4  96   5  92   6  65   7  86   8  79   9  65  10  97  11  68  12  94  13  70  14  68  15  63  16  62  17  65  18  70  19  87 
  0  87   1  83   2  65   3  76   4  95   5  90   6  67   7  88   8  79   9  67  10  95  11  66  12  94  13  69  14  70  15  61  16  64  17  61  18  70  19  83 
  0  93   1  87   2  64   3  76   4  96   5  92   6  66   7  86   8  79   9  68  10  97  11  68  12  96  13  72  14  71  15  61  16  63  17  63  18  69  19  84 
  0  96   1  93   2  68   3  77   4  98   5  97   6  68   7  90   8  82   9  69  10  99  11  67  12  99  13  72  14  73  15  61  16  64  17  68  18  70  19  87 
  0  90   1  84   2  63   3  79   4  95   5  91   6  64   7  89   8  79   9  65  10  94  11  66  12  96  13  72  14  67  15  61  16  62  17  66  18  70  19  86 
  0  95   1  88   2  70   3  78   4  97   5  95   6  70   7  88   8  80   9  67  10  99  11  68  12  99  13  72  14  73  15  63  16  62  17  67  18  70  19  89 
  0  90   1  86   2  63   3  79   4  92   5  94   6  67   7  89   8  79   9  66  10  98  11  68  12  94  13  73  14  71  15  63  16  62  17  67  18  70  19  87 
  0  89   1  87   2  66   3  76   4  93   5  91   6  67   7  86   8  79   9  67  10  96  11  66  12  95  13  73  14  67  15  62  16  63  17  64  18  69  19  87 
  0  95   1  90   2  69   3  77   4  98   5  97   6  68   7  87   8  83   9  68  10  99  11  68  12  99  13  72  14  71  15  63  16  62  17  67  18  69  19  85 
  0  94   1  90   2  69   3  77   4  98   5  96   6  71   7  87   8  81   9  69  10  97  11  68  12  99  13  72  14  72  15  61  16  63  17  71  18  70  19  89 


