
 20  20

  0  62   1  41   2  34   3  64   4  36   5  56   6  58   7  45   8  41   9  43  10  60  11  40  12  32  13  61  14  58  15  32  16  63  17  38  18  51  19  45 
  0  61   1  37   2  31   3  61   4  34   5  57   6  60   7  42   8  41   9  42  10  60  11  40  12  32  13  60  14  57  15  33  16  61  17  38  18  51  19  43 
  0  66   1  44   2  37   3  67   4  37   5  56   6  59   7  46   8  44   9  45  10  63  11  46  12  33  13  61  14  57  15  32  16  70  17  40  18  51  19  48 
  0  70   1  45   2  40   3  70   4  35   5  57   6  59   7  47   8  44   9  46  10  63  11  44  12  37  13  66  14  58  15  35  16  71  17  41  18  53  19  48 
  0  69   1  45   2  38   3  70   4  35   5  57   6  60   7  47   8  46   9  45  10  63  11  46  12  37  13  66  14  59  15  34  16  71  17  41  18  53  19  47 
  0  65   1  40   2  35   3  61   4  36   5  56   6  60   7  45   8  43   9  43  10  60  11  44  12  35  13  62  14  59  15  32  16  65  17  40  18  53  19  44 
  0  65   1  41   2  34   3  65   4  33   5  57   6  58   7  42   8  42   9  45  10  60  11  43  12  31  13  59  14  57  15  33  16  64  17  38  18  51  19  45 
  0  64   1  38   2  31   3  65   4  35   5  56   6  59   7  44   8  43   9  44  10  58  11  40  12  34  13  62  14  58  15  31  16  64  17  38  18  53  19  46 
  0  63   1  42   2  33   3  67   4  37   5  56   6  60   7  47   8  46   9  43  10  58  11  43  12  36  13  63  14  57  15  33  16  64  17  39  18  53  19  44 
  0  65   1  39   2  35   3  66   4  37   5  55   6  58   7  43   8  42   9  44  10  58  11  43  12  32  13  63  14  57  15  33  16  67  17  41  18  51  19  46 
  0  63   1  37   2  34   3  63   4  36   5  57   6  58   7  46   8  42   9  43  10  58  11  41  12  35  13  58  14  58  15  31  16  64  17  39  18  51  19  45 
  0  60   1  37   2  31   3  60   4  33   5  56   6  60   7  42   8  41   9  43  10  58  11  40  12  31  13  58  14  57  15  31  16  61  17  40  18  51  19  44 
  0  68   1  45   2  39   3  70   4  37   5  57   6  60   7  47   8  44   9  46  10  60  11  44  12  35  13  63  14  59  15  32  16  71  17  42  18  51  19  45 
  0  63   1  40   2  36   3  65   4  33   5  56   6  58   7  44   8  44   9  43  10  60  11  42  12  36  13  63  14  57  15  31  16  68  17  38  18  53  19  45 
  0  61   1  39   2  34   3  64   4  33   5  55   6  58   7  45   8  42   9  43  10  58  11  42  12  32  13  60  14  57  15  33  16  65  17  41  18  53  19  44 
  0  61   1  38   2  34   3  61   4  34   5  55   6  60   7  43   8  45   9  42  10  59  11  40  12  32  13  60  14  58  15  31  16  62  17  41  18  53  19  43 
  0  69   1  45   2  40   3  70   4  36   5  55   6  59   7  46   8  47   9  47  10  61  11  46  12  36  13  64  14  59  15  34  16  70  17  42  18  52  19  48 
  0  68   1  42   2  39   3  67   4  36   5  56   6  60   7  48   8  45   9  46  10  62  11  44  12  37  13  65  14  59  15  34  16  71  17  42  18  53  19  45 
  0  65   1  40   2  34   3  65   4  35   5  57   6  60   7  45   8  43   9  42  10  61  11  41  12  33  13  61  14  58  15  31  16  69  17  41  18  53  19  45 
  0  66   1  40   2  39   3  66   4  35   5  55   6  59   7  47   8  43   9  45  10  59  11  46  12  37  13  65  14  59  15  34  16  69  17  39  18  53  19  45 


