
 20  20

  0  23   1  48   2  50   3  42   4  17   5  15   6  36   7  12   8  50   9  42  10  39  11  21  12  34  13  32  14  41  15  22  16  51  17  12  18  15  19  44 
  0  16   1  45   2  42   3  34   4  10   5  11   6  27   7  12   8  46   9  35  10  37  11  19  12  28  13  29  14  34  15  19  16  45  17  12  18   8  19  42 
  0  25   1  46   2  52   3  42   4  17   5  13   6  33   7  14   8  49   9  42  10  37  11  21  12  31  13  31  14  40  15  23  16  51  17  13  18  15  19  44 
  0  25   1  46   2  52   3  43   4  17   5  14   6  34   7  14   8  49   9  43  10  38  11  21  12  31  13  33  14  41  15  20  16  48  17  12  18  13  19  43 
  0  24   1  47   2  49   3  42   4  15   5  15   6  33   7  12   8  49   9  39  10  37  11  21  12  32  13  32  14  36  15  20  16  49  17  14  18  13  19  42 
  0  20   1  46   2  46   3  39   4  14   5  13   6  29   7  12   8  50   9  39  10  38  11  21  12  31  13  32  14  35  15  19  16  48  17  12  18  11  19  44 
  0  18   1  44   2  44   3  37   4  12   5  13   6  27   7  12   8  47   9  35  10  38  11  21  12  29  13  32  14  35  15  19  16  43  17  13  18  11  19  42 
  0  17   1  44   2  42   3  36   4  10   5  12   6  27   7  12   8  47   9  35  10  38  11  19  12  26  13  29  14  33  15  20  16  43  17  12  18   7  19  42 
  0  25   1  46   2  52   3  44   4  14   5  15   6  35   7  14   8  50   9  43  10  39  11  19  12  34  13  33  14  41  15  23  16  48  17  13  18  14  19  42 
  0  19   1  45   2  49   3  39   4  16   5  15   6  31   7  14   8  50   9  40  10  38  11  19  12  33  13  33  14  36  15  23  16  48  17  12  18  12  19  43 
  0  19   1  45   2  45   3  36   4   9   5  13   6  30   7  12   8  46   9  36  10  37  11  21  12  27  13  31  14  37  15  19  16  46  17  12  18  11  19  42 
  0  15   1  47   2  46   3  37   4  12   5  12   6  29   7  13   8  49   9  38  10  37  11  19  12  26  13  29  14  36  15  22  16  46  17  12  18   7  19  42 
  0  18   1  44   2  44   3  34   4  13   5  12   6  29   7  12   8  48   9  39  10  37  11  19  12  26  13  31  14  37  15  20  16  46  17  12  18   7  19  42 
  0  25   1  47   2  52   3  43   4  15   5  14   6  32   7  14   8  50   9  43  10  37  11  19  12  33  13  33  14  38  15  20  16  48  17  14  18  13  19  43 
  0  17   1  45   2  45   3  38   4  13   5  12   6  31   7  14   8  50   9  40  10  37  11  21  12  29  13  31  14  39  15  19  16  46  17  12  18  12  19  44 
  0  22   1  46   2  52   3  43   4  17   5  15   6  33   7  13   8  49   9  42  10  37  11  19  12  31  13  31  14  41  15  21  16  51  17  12  18  13  19  43 
  0  23   1  46   2  50   3  43   4  15   5  12   6  33   7  14   8  48   9  42  10  39  11  21  12  31  13  33  14  40  15  22  16  51  17  14  18  15  19  43 
  0  24   1  48   2  52   3  42   4  17   5  15   6  36   7  14   8  49   9  43  10  37  11  21  12  34  13  31  14  41  15  21  16  50  17  14  18  15  19  42 
  0  19   1  47   2  46   3  34   4   9   5  11   6  30   7  12   8  48   9  36  10  37  11  21  12  29  13  31  14  34  15  21  16  44  17  13  18  10  19  43 
  0  17   1  48   2  48   3  39   4  14   5  11   6  31   7  12   8  47   9  38  10  37  11  21  12  31  13  33  14  34  15  23  16  48  17  12  18   9  19  42 


