
 20  20

  0  61   1  50   2  74   3  56   4  41   5  38   6  53   7  58   8  63   9  66  10  49  11  59  12  45  13  40  14  47  15  43  16  55  17  68  18  44  19  68 
  0  66   1  56   2  80   3  60   4  45   5  44   6  56   7  60   8  69   9  70  10  54  11  63  12  51  13  42  14  54  15  47  16  56  17  71  18  46  19  70 
  0  64   1  50   2  77   3  56   4  41   5  38   6  52   7  58   8  65   9  65  10  50  11  59  12  46  13  40  14  49  15  44  16  55  17  68  18  43  19  69 
  0  69   1  53   2  80   3  57   4  45   5  44   6  53   7  59   8  68   9  71  10  52  11  66  12  50  13  40  14  54  15  48  16  57  17  70  18  47  19  70 
  0  62   1  52   2  74   3  58   4  41   5  38   6  52   7  57   8  65   9  65  10  47  11  57  12  46  13  40  14  46  15  44  16  56  17  68  18  44  19  69 
  0  61   1  50   2  72   3  58   4  43   5  40   6  51   7  57   8  63   9  68  10  50  11  59  12  45  13  42  14  45  15  44  16  55  17  70  18  45  19  68 
  0  69   1  56   2  80   3  60   4  45   5  43   6  55   7  60   8  67   9  69  10  54  11  64  12  51  13  40  14  54  15  49  16  57  17  70  18  47  19  68 
  0  62   1  52   2  74   3  56   4  44   5  39   6  52   7  57   8  65   9  65  10  47  11  57  12  47  13  42  14  45  15  42  16  57  17  70  18  44  19  70 
  0  68   1  56   2  79   3  57   4  44   5  40   6  56   7  61   8  69   9  68  10  52  11  63  12  49  13  40  14  52  15  46  16  56  17  71  18  44  19  68 
  0  68   1  53   2  79   3  60   4  43   5  42   6  56   7  61   8  66   9  69  10  52  11  65  12  48  13  42  14  53  15  49  16  57  17  72  18  46  19  68 
  0  59   1  52   2  72   3  56   4  41   5  38   6  50   7  58   8  66   9  65  10  50  11  59  12  46  13  40  14  45  15  42  16  56  17  68  18  43  19  69 
  0  67   1  54   2  77   3  59   4  45   5  42   6  53   7  61   8  69   9  70  10  53  11  63  12  51  13  42  14  51  15  49  16  57  17  71  18  46  19  70 
  0  69   1  56   2  80   3  60   4  45   5  43   6  56   7  61   8  67   9  71  10  55  11  66  12  51  13  40  14  52  15  48  16  55  17  72  18  46  19  69 
  0  60   1  50   2  73   3  58   4  43   5  38   6  53   7  55   8  63   9  68  10  48  11  60  12  45  13  40  14  46  15  42  16  55  17  70  18  46  19  68 
  0  60   1  52   2  74   3  56   4  44   5  39   6  51   7  56   8  65   9  65  10  51  11  57  12  49  13  42  14  48  15  45  16  55  17  71  18  43  19  70 
  0  65   1  52   2  77   3  57   4  42   5  44   6  52   7  58   8  68   9  71  10  54  11  61  12  50  13  42  14  48  15  47  16  57  17  68  18  47  19  69 
  0  64   1  53   2  75   3  56   4  42   5  41   6  55   7  57   8  68   9  68  10  52  11  61  12  47  13  40  14  49  15  44  16  57  17  69  18  46  19  70 
  0  69   1  55   2  79   3  59   4  42   5  41   6  56   7  58   8  66   9  69  10  52  11  66  12  51  13  40  14  51  15  49  16  56  17  70  18  47  19  70 
  0  64   1  54   2  77   3  57   4  43   5  42   6  51   7  60   8  66   9  70  10  50  11  61  12  49  13  41  14  50  15  46  16  55  17  68  18  47  19  69 
  0  63   1  51   2  77   3  58   4  41   5  42   6  53   7  58   8  67   9  68  10  49  11  58  12  49  13  42  14  47  15  46  16  57  17  68  18  45  19  68 


