
 20  20

  0  43   1  20   2  42   3  43   4  31   5  23   6  19   7  10   8  42   9  41  10  26  11  13  12  46  13  30  14  33  15  30  16  38  17  22  18  10  19  27 
  0  34   1  11   2  41   3  35   4  29   5  17   6  17   7   6   8  39   9  31  10  21  11  13  12  36  13  26  14  32  15  20  16  33  17  22  18  10  19  19 
  0  40   1  18   2  43   3  42   4  33   5  20   6  19   7   8   8  41   9  38  10  24  11  15  12  46  13  28  14  31  15  30  16  41  17  23  18  10  19  27 
  0  38   1  16   2  40   3  36   4  31   5  20   6  19   7   9   8  40   9  35  10  23  11  13  12  38  13  26  14  29  15  22  16  36  17  21  18   8  19  20 
  0  43   1  21   2  42   3  43   4  32   5  21   6  19   7  10   8  42   9  40  10  26  11  15  12  45  13  30  14  33  15  27  16  41  17  21  18  10  19  27 
  0  36   1  16   2  39   3  36   4  28   5  21   6  17   7   6   8  41   9  38  10  21  11  13  12  40  13  30  14  33  15  25  16  37  17  23  18  10  19  24 
  0  42   1  20   2  43   3  40   4  31   5  23   6  19   7   9   8  42   9  40  10  24  11  15  12  42  13  27  14  31  15  27  16  41  17  23  18   9  19  24 
  0  35   1  11   2  41   3  33   4  26   5  16   6  17   7   6   8  38   9  31  10  22  11  13  12  36  13  28  14  29  15  21  16  33  17  19  18   8  19  19 
  0  35   1  14   2  40   3  33   4  26   5  15   6  17   7   6   8  40   9  32  10  20  11  13  12  37  13  26  14  29  15  22  16  34  17  20  18  10  19  19 
  0  39   1  16   2  43   3  39   4  31   5  20   6  18   7   8   8  42   9  36  10  23  11  15  12  43  13  26  14  32  15  26  16  37  17  23  18   8  19  21 
  0  41   1  21   2  43   3  43   4  34   5  20   6  17   7   9   8  42   9  38  10  25  11  15  12  46  13  27  14  30  15  27  16  39  17  21  18  10  19  24 
  0  33   1  14   2  41   3  33   4  30   5  15   6  17   7   6   8  38   9  32  10  20  11  15  12  37  13  26  14  29  15  20  16  33  17  21  18   8  19  21 
  0  41   1  19   2  43   3  41   4  34   5  23   6  19   7  10   8  41   9  39  10  22  11  15  12  42  13  29  14  30  15  27  16  37  17  21  18   8  19  27 
  0  41   1  17   2  42   3  42   4  34   5  19   6  19   7  10   8  42   9  37  10  24  11  14  12  44  13  27  14  32  15  30  16  37  17  23  18   9  19  26 
  0  43   1  21   2  43   3  43   4  32   5  23   6  19   7  10   8  42   9  40  10  26  11  13  12  46  13  30  14  31  15  30  16  41  17  23  18   9  19  25 
  0  40   1  14   2  39   3  37   4  30   5  19   6  19   7   7   8  41   9  37  10  23  11  14  12  39  13  29  14  33  15  27  16  36  17  22  18   9  19  22 
  0  40   1  18   2  40   3  38   4  32   5  21   6  17   7   7   8  39   9  35  10  23  11  15  12  43  13  30  14  29  15  26  16  36  17  23  18  10  19  23 
  0  42   1  19   2  43   3  42   4  33   5  23   6  17   7  10   8  41   9  40  10  26  11  15  12  46  13  30  14  33  15  30  16  40  17  23  18  10  19  25 
  0  33   1  15   2  42   3  37   4  27   5  15   6  17   7   6   8  40   9  32  10  23  11  13  12  37  13  26  14  31  15  20  16  34  17  19  18   9  19  21 
  0  40   1  17   2  43   3  38   4  31   5  18   6  19   7   9   8  41   9  38  10  22  11  13  12  39  13  29  14  31  15  27  16  39  17  21  18   8  19  23 


