
 20  20

  0  56   1  53   2  59   3  42   4  33   5  42   6  57   7  60   8  37   9  54  10  51  11  58  12  28  13  55  14  61  15  55  16  57  17  30  18  33  19  53 
  0  55   1  51   2  59   3  42   4  30   5  39   6  55   7  63   8  37   9  53  10  48  11  55  12  26  13  54  14  60  15  52  16  59  17  28  18  31  19  51 
  0  59   1  51   2  65   3  43   4  33   5  44   6  57   7  63   8  38   9  58  10  52  11  58  12  28  13  58  14  60  15  58  16  59  17  31  18  33  19  53 
  0  57   1  52   2  62   3  44   4  33   5  41   6  57   7  60   8  40   9  59  10  48  11  57  12  27  13  58  14  61  15  56  16  58  17  31  18  32  19  52 
  0  53   1  51   2  60   3  42   4  31   5  42   6  57   7  61   8  38   9  54  10  49  11  57  12  27  13  53  14  58  15  55  16  57  17  27  18  30  19  51 
  0  54   1  53   2  59   3  42   4  32   5  41   6  55   7  62   8  37   9  55  10  49  11  58  12  26  13  55  14  60  15  52  16  57  17  30  18  30  19  51 
  0  62   1  53   2  64   3  43   4  36   5  45   6  56   7  64   8  41   9  63  10  54  11  62  12  31  13  59  14  61  15  61  16  58  17  33  18  34  19  53 
  0  56   1  51   2  62   3  42   4  32   5  46   6  55   7  63   8  39   9  60  10  52  11  56  12  27  13  55  14  61  15  60  16  59  17  33  18  33  19  51 
  0  53   1  51   2  59   3  42   4  29   5  42   6  57   7  60   8  37   9  54  10  49  11  57  12  26  13  55  14  58  15  54  16  57  17  27  18  31  19  51 
  0  56   1  51   2  63   3  42   4  35   5  45   6  57   7  63   8  40   9  59  10  49  11  60  12  30  13  55  14  63  15  57  16  59  17  34  18  33  19  51 
  0  54   1  51   2  60   3  42   4  31   5  40   6  55   7  63   8  38   9  55  10  49  11  54  12  28  13  56  14  59  15  54  16  59  17  30  18  32  19  51 
  0  56   1  51   2  63   3  42   4  33   5  45   6  57   7  61   8  41   9  59  10  50  11  57  12  27  13  56  14  59  15  58  16  57  17  34  18  32  19  53 
  0  62   1  53   2  66   3  44   4  37   5  46   6  56   7  62   8  39   9  62  10  54  11  62  12  30  13  57  14  64  15  62  16  58  17  34  18  34  19  51 
  0  54   1  52   2  56   3  42   4  29   5  41   6  55   7  62   8  37   9  54  10  47  11  54  12  27  13  56  14  58  15  53  16  59  17  29  18  30  19  51 
  0  58   1  52   2  58   3  43   4  30   5  41   6  55   7  60   8  37   9  56  10  50  11  59  12  29  13  55  14  61  15  57  16  57  17  29  18  34  19  51 
  0  60   1  52   2  61   3  44   4  33   5  45   6  55   7  62   8  41   9  61  10  53  11  61  12  28  13  56  14  64  15  56  16  59  17  31  18  32  19  53 
  0  60   1  51   2  63   3  44   4  36   5  43   6  55   7  60   8  39   9  60  10  49  11  60  12  31  13  55  14  61  15  60  16  59  17  31  18  31  19  53 
  0  62   1  53   2  62   3  44   4  37   5  45   6  55   7  64   8  41   9  60  10  50  11  58  12  30  13  57  14  63  15  60  16  58  17  35  18  34  19  53 
  0  57   1  51   2  63   3  42   4  33   5  43   6  55   7  62   8  41   9  60  10  50  11  58  12  29  13  57  14  62  15  57  16  59  17  32  18  34  19  53 
  0  61   1  51   2  63   3  44   4  34   5  47   6  57   7  61   8  41   9  61  10  53  11  62  12  29  13  57  14  64  15  59  16  59  17  35  18  31  19  53 


