
 20  20

  0  53   1  49   2  39   3  37   4  63   5  51   6  60   7  56   8  52   9  59  10  60  11  35  12  65  13  63  14  44  15  59  16  44  17  31  18  50  19  55 
  0  51   1  51   2  38   3  38   4  63   5  50   6  60   7  55   8  53   9  58  10  60  11  38  12  66  13  63  14  45  15  61  16  42  17  34  18  52  19  54 
  0  54   1  50   2  39   3  40   4  65   5  53   6  62   7  58   8  53   9  60  10  63  11  40  12  66  13  65  14  45  15  59  16  44  17  36  18  52  19  56 
  0  57   1  51   2  38   3  45   4  65   5  57   6  63   7  58   8  54   9  63  10  68  11  42  12  69  13  63  14  44  15  62  16  44  17  38  18  54  19  56 
  0  55   1  50   2  40   3  38   4  64   5  54   6  63   7  54   8  55   9  58  10  62  11  39  12  67  13  65  14  44  15  63  16  46  17  32  18  52  19  54 
  0  51   1  47   2  38   3  38   4  61   5  50   6  60   7  54   8  51   9  59  10  62  11  37  12  66  13  63  14  46  15  61  16  42  17  32  18  52  19  54 
  0  50   1  47   2  38   3  35   4  61   5  53   6  62   7  54   8  51   9  57  10  60  11  37  12  65  13  63  14  44  15  60  16  43  17  31  18  52  19  54 
  0  56   1  51   2  39   3  40   4  62   5  53   6  63   7  58   8  54   9  63  10  67  11  40  12  68  13  65  14  44  15  60  16  46  17  37  18  52  19  56 
  0  58   1  51   2  40   3  43   4  65   5  58   6  64   7  58   8  55   9  61  10  67  11  41  12  69  13  65  14  46  15  63  16  46  17  35  18  54  19  56 
  0  59   1  50   2  40   3  45   4  65   5  56   6  62   7  57   8  53   9  61  10  65  11  41  12  69  13  65  14  46  15  62  16  46  17  37  18  53  19  56 
  0  58   1  50   2  39   3  43   4  62   5  56   6  62   7  57   8  53   9  61  10  68  11  41  12  66  13  65  14  44  15  63  16  45  17  36  18  54  19  55 
  0  53   1  47   2  38   3  36   4  61   5  52   6  60   7  54   8  52   9  60  10  62  11  34  12  65  13  63  14  44  15  62  16  45  17  33  18  53  19  54 
  0  54   1  50   2  38   3  41   4  64   5  52   6  63   7  55   8  53   9  58  10  65  11  41  12  68  13  65  14  44  15  61  16  44  17  32  18  52  19  55 
  0  56   1  52   2  40   3  45   4  65   5  56   6  62   7  56   8  53   9  60  10  68  11  44  12  66  13  65  14  46  15  60  16  44  17  38  18  52  19  56 
  0  55   1  47   2  40   3  37   4  62   5  51   6  63   7  54   8  54   9  57  10  63  11  36  12  65  13  63  14  46  15  59  16  43  17  31  18  50  19  56 
  0  60   1  53   2  38   3  42   4  65   5  54   6  61   7  56   8  54   9  63  10  66  11  42  12  67  13  65  14  45  15  61  16  46  17  35  18  52  19  56 
  0  53   1  47   2  40   3  40   4  62   5  54   6  62   7  56   8  53   9  58  10  64  11  38  12  68  13  65  14  44  15  60  16  43  17  35  18  50  19  55 
  0  54   1  50   2  38   3  40   4  63   5  51   6  60   7  57   8  51   9  60  10  63  11  38  12  68  13  63  14  46  15  62  16  45  17  34  18  52  19  55 
  0  52   1  49   2  38   3  35   4  63   5  54   6  62   7  54   8  52   9  57  10  64  11  38  12  65  13  64  14  46  15  61  16  42  17  34  18  50  19  56 
  0  56   1  51   2  39   3  44   4  62   5  58   6  61   7  58   8  55   9  60  10  68  11  43  12  69  13  63  14  44  15  62  16  43  17  34  18  51  19  54 


