
 20  20

  0  68   1  44   2  53   3  65   4  71   5  72   6  68   7  43   8  60   9  48  10  37  11  65  12  34  13  33  14  44  15  42  16  54  17  45  18  34  19  49 
  0  62   1  39   2  55   3  61   4  66   5  64   6  65   7  40   8  58   9  46  10  32  11  59  12  30  13  29  14  42  15  37  16  49  17  45  18  30  19  45 
  0  65   1  38   2  53   3  60   4  66   5  67   6  63   7  42   8  58   9  48  10  36  11  63  12  32  13  31  14  43  15  40  16  52  17  45  18  31  19  47 
  0  60   1  37   2  53   3  59   4  66   5  63   6  65   7  40   8  57   9  45  10  34  11  59  12  31  13  32  14  42  15  38  16  49  17  44  18  31  19  45 
  0  61   1  36   2  53   3  59   4  63   5  63   6  65   7  41   8  57   9  46  10  31  11  62  12  30  13  29  14  40  15  36  16  49  17  43  18  30  19  45 
  0  60   1  34   2  53   3  61   4  62   5  65   6  63   7  40   8  55   9  46  10  33  11  62  12  31  13  31  14  41  15  33  16  48  17  44  18  31  19  47 
  0  63   1  38   2  55   3  65   4  65   5  66   6  68   7  42   8  57   9  45  10  38  11  65  12  34  13  32  14  42  15  41  16  55  17  44  18  30  19  48 
  0  64   1  38   2  53   3  63   4  64   5  67   6  65   7  39   8  56   9  48  10  33  11  61  12  30  13  31  14  39  15  35  16  50  17  44  18  32  19  48 
  0  59   1  39   2  53   3  62   4  64   5  64   6  64   7  40   8  56   9  44  10  35  11  61  12  30  13  32  14  39  15  37  16  49  17  43  18  30  19  48 
  0  63   1  39   2  55   3  64   4  66   5  70   6  67   7  43   8  58   9  46  10  35  11  63  12  32  13  33  14  40  15  39  16  55  17  43  18  33  19  49 
  0  65   1  40   2  55   3  66   4  69   5  72   6  66   7  41   8  57   9  46  10  37  11  65  12  32  13  33  14  41  15  41  16  53  17  44  18  33  19  48 
  0  66   1  38   2  54   3  62   4  66   5  69   6  64   7  42   8  59   9  45  10  38  11  64  12  30  13  31  14  41  15  37  16  52  17  45  18  33  19  45 
  0  63   1  39   2  53   3  59   4  66   5  67   6  66   7  40   8  56   9  45  10  32  11  62  12  33  13  32  14  41  15  35  16  53  17  44  18  32  19  46 
  0  59   1  34   2  53   3  58   4  62   5  62   6  62   7  39   8  55   9  46  10  34  11  59  12  30  13  30  14  41  15  34  16  48  17  43  18  31  19  47 
  0  58   1  34   2  53   3  59   4  62   5  62   6  62   7  39   8  54   9  44  10  31  11  62  12  32  13  30  14  39  15  33  16  47  17  45  18  31  19  45 
  0  60   1  38   2  54   3  62   4  63   5  66   6  62   7  38   8  56   9  45  10  36  11  63  12  32  13  33  14  42  15  36  16  53  17  45  18  34  19  46 
  0  66   1  42   2  55   3  64   4  69   5  69   6  68   7  42   8  59   9  47  10  38  11  67  12  33  13  33  14  42  15  42  16  56  17  43  18  32  19  47 
  0  65   1  37   2  55   3  64   4  68   5  65   6  66   7  42   8  58   9  48  10  37  11  64  12  31  13  30  14  43  15  38  16  50  17  45  18  30  19  49 
  0  61   1  37   2  55   3  58   4  65   5  64   6  62   7  37   8  57   9  45  10  31  11  61  12  30  13  29  14  41  15  35  16  48  17  43  18  30  19  46 
  0  61   1  39   2  53   3  61   4  64   5  67   6  67   7  40   8  55   9  45  10  35  11  62  12  32  13  33  14  43  15  40  16  50  17  43  18  32  19  49 


