
 20  20

  0  79   1  87   2  76   3  61   4  73   5  75   6  94   7  66   8  77   9  90  10  88  11  83  12  75  13  74  14  61  15  81  16  62  17  81  18  87  19  59 
  0  78   1  88   2  73   3  58   4  72   5  72   6  95   7  63   8  76   9  91  10  88  11  83  12  75  13  76  14  59  15  81  16  59  17  81  18  85  19  59 
  0  77   1  88   2  75   3  58   4  72   5  72   6  92   7  63   8  78   9  90  10  88  11  82  12  73  13  76  14  59  15  81  16  61  17  82  18  85  19  59 
  0  78   1  88   2  76   3  59   4  74   5  73   6  97   7  68   8  77   9  90  10  91  11  87  12  73  13  78  14  64  15  83  16  62  17  82  18  86  19  61 
  0  83   1  87   2  77   3  59   4  81   5  77   6  99   7  66   8  79   9  92  10  98  11  88  12  75  13  80  14  65  15  83  16  65  17  85  18  91  19  63 
  0  84   1  89   2  77   3  61   4  82   5  78   6  99   7  69   8  80   9  92  10  97  11  90  12  75  13  79  14  63  15  82  16  63  17  86  18  88  19  63 
  0  77   1  88   2  73   3  61   4  75   5  73   6  95   7  63   8  76   9  91  10  92  11  85  12  75  13  76  14  62  15  81  16  62  17  83  18  86  19  61 
  0  85   1  89   2  78   3  61   4  81   5  78   6  99   7  69   8  82   9  92  10  95  11  89  12  75  13  82  14  63  15  83  16  63  17  85  18  90  19  62 
  0  81   1  87   2  77   3  58   4  80   5  76   6  99   7  67   8  80   9  90  10  95  11  86  12  73  13  79  14  64  15  82  16  62  17  82  18  86  19  63 
  0  77   1  88   2  73   3  61   4  73   5  75   6  93   7  64   8  77   9  90  10  91  11  85  12  73  13  75  14  59  15  81  16  62  17  81  18  85  19  59 
  0  85   1  87   2  79   3  62   4  82   5  78   6  99   7  69   8  81   9  90  10  97  11  91  12  75  13  82  14  65  15  82  16  63  17  87  18  91  19  61 
  0  81   1  89   2  79   3  59   4  82   5  78   6  98   7  69   8  82   9  91  10  97  11  89  12  75  13  78  14  62  15  83  16  64  17  87  18  89  19  62 
  0  80   1  87   2  76   3  62   4  80   5  76   6  99   7  65   8  78   9  92  10  97  11  87  12  75  13  80  14  62  15  81  16  63  17  84  18  90  19  63 
  0  78   1  88   2  74   3  58   4  75   5  75   6  95   7  64   8  78   9  92  10  92  11  83  12  74  13  74  14  62  15  81  16  60  17  83  18  88  19  59 
  0  80   1  89   2  77   3  61   4  77   5  77   6  97   7  65   8  78   9  92  10  96  11  86  12  75  13  78  14  62  15  81  16  62  17  86  18  88  19  62 
  0  84   1  89   2  79   3  61   4  82   5  78   6  99   7  68   8  82   9  90  10  98  11  89  12  75  13  82  14  65  15  81  16  65  17  87  18  91  19  61 
  0  81   1  88   2  77   3  59   4  78   5  73   6  96   7  66   8  76   9  91  10  94  11  84  12  73  13  75  14  62  15  81  16  59  17  82  18  85  19  62 
  0  80   1  89   2  74   3  61   4  73   5  73   6  96   7  64   8  80   9  91  10  90  11  84  12  75  13  77  14  60  15  83  16  63  17  83  18  89  19  59 
  0  83   1  88   2  75   3  61   4  79   5  76   6  98   7  69   8  79   9  92  10  92  11  85  12  75  13  78  14  64  15  81  16  61  17  87  18  88  19  62 
  0  83   1  87   2  77   3  59   4  78   5  75   6  96   7  65   8  78   9  90  10  96  11  85  12  74  13  79  14  64  15  82  16  62  17  85  18  88  19  63 


