
 20  20

  0  40   1  26   2  35   3  43   4  21   5  42   6  38   7  21   8  17   9  54  10  18  11  30  12  44  13  47  14  35  15  54  16  23  17  35  18  50  19  30 
  0  34   1  24   2  35   3  41   4  20   5  35   6  32   7  18   8  17   9  51  10  14  11  28  12  39  13  40  14  28  15  54  16  23  17  35  18  50  19  24 
  0  40   1  25   2  35   3  44   4  19   5  42   6  38   7  24   8  21   9  52  10  23  11  32  12  44  13  47  14  33  15  56  16  25  17  35  18  52  19  32 
  0  41   1  22   2  37   3  46   4  21   5  38   6  39   7  20   8  16   9  51  10  20  11  29  12  43  13  45  14  32  15  54  16  23  17  33  18  51  19  32 
  0  33   1  22   2  36   3  44   4  21   5  38   6  32   7  18   8  15   9  53  10  17  11  29  12  39  13  40  14  31  15  54  16  23  17  33  18  48  19  24 
  0  37   1  23   2  37   3  44   4  19   5  41   6  37   7  19   8  19   9  52  10  18  11  31  12  41  13  43  14  30  15  56  16  23  17  33  18  53  19  27 
  0  35   1  24   2  37   3  44   4  19   5  35   6  33   7  18   8  15   9  50  10  16  11  30  12  39  13  41  14  31  15  54  16  23  17  33  18  48  19  24 
  0  36   1  23   2  37   3  43   4  20   5  40   6  35   7  23   8  18   9  54  10  17  11  29  12  40  13  47  14  31  15  56  16  23  17  33  18  51  19  27 
  0  38   1  25   2  37   3  43   4  21   5  39   6  36   7  22   8  21   9  54  10  20  11  30  12  45  13  48  14  34  15  54  16  24  17  34  18  52  19  32 
  0  35   1  23   2  37   3  44   4  19   5  35   6  35   7  21   8  17   9  51  10  16  11  32  12  42  13  43  14  29  15  54  16  23  17  33  18  48  19  27 
  0  38   1  23   2  37   3  42   4  21   5  40   6  35   7  18   8  15   9  51  10  17  11  29  12  42  13  44  14  33  15  56  16  25  17  35  18  52  19  27 
  0  33   1  22   2  37   3  41   4  19   5  36   6  34   7  18   8  15   9  50  10  17  11  28  12  38  13  40  14  28  15  54  16  24  17  35  18  49  19  24 
  0  43   1  24   2  36   3  47   4  21   5  43   6  41   7  23   8  21   9  53  10  23  11  34  12  46  13  50  14  36  15  56  16  25  17  34  18  54  19  33 
  0  40   1  24   2  35   3  46   4  19   5  40   6  35   7  21   8  17   9  51  10  17  11  31  12  42  13  47  14  32  15  54  16  23  17  34  18  49  19  30 
  0  34   1  22   2  36   3  44   4  19   5  38   6  33   7  20   8  17   9  50  10  14  11  31  12  40  13  43  14  29  15  56  16  24  17  33  18  51  19  25 
  0  34   1  24   2  36   3  43   4  19   5  37   6  31   7  18   8  16   9  50  10  14  11  30  12  40  13  41  14  30  15  54  16  23  17  33  18  49  19  27 
  0  40   1  25   2  35   3  46   4  21   5  40   6  36   7  21   8  17   9  54  10  19  11  29  12  41  13  43  14  30  15  54  16  25  17  35  18  51  19  31 
  0  34   1  23   2  36   3  41   4  20   5  37   6  34   7  18   8  15   9  51  10  18  11  31  12  40  13  40  14  28  15  55  16  25  17  34  18  51  19  28 
  0  33   1  24   2  37   3  41   4  19   5  35   6  31   7  18   8  15   9  50  10  16  11  28  12  39  13  42  14  28  15  54  16  23  17  33  18  48  19  27 
  0  34   1  23   2  36   3  41   4  19   5  35   6  31   7  18   8  17   9  51  10  14  11  28  12  39  13  40  14  30  15  56  16  23  17  34  18  48  19  26 


