
 20  20

  0  56   1  71   2  69   3  38   4  58   5  53   6  57   7  63   8  42   9  69  10  74  11  75  12  42  13  82  14  41  15  61  16  50  17  63  18  77  19  61 
  0  54   1  70   2  71   3  36   4  58   5  50   6  55   7  63   8  42   9  69  10  67  11  71  12  43  13  77  14  39  15  58  16  47  17  65  18  76  19  58 
  0  52   1  71   2  71   3  38   4  58   5  49   6  56   7  60   8  44   9  68  10  72  11  72  12  42  13  77  14  40  15  63  16  48  17  63  18  77  19  55 
  0  54   1  70   2  70   3  39   4  60   5  51   6  57   7  60   8  43   9  68  10  72  11  75  12  44  13  79  14  41  15  61  16  49  17  64  18  76  19  57 
  0  55   1  69   2  68   3  39   4  60   5  51   6  57   7  61   8  42   9  68  10  69  11  71  12  44  13  79  14  40  15  59  16  48  17  65  18  72  19  56 
  0  56   1  72   2  71   3  38   4  58   5  53   6  55   7  66   8  43   9  69  10  73  11  72  12  42  13  82  14  41  15  64  16  51  17  64  18  76  19  58 
  0  52   1  66   2  70   3  36   4  58   5  48   6  54   7  59   8  42   9  68  10  69  11  73  12  44  13  75  14  39  15  58  16  47  17  63  18  72  19  53 
  0  56   1  70   2  72   3  41   4  58   5  50   6  56   7  65   8  44   9  67  10  73  11  72  12  42  13  81  14  41  15  61  16  51  17  65  18  74  19  61 
  0  53   1  70   2  71   3  40   4  58   5  48   6  54   7  63   8  44   9  69  10  71  11  73  12  44  13  75  14  37  15  58  16  45  17  63  18  72  19  54 
  0  51   1  68   2  68   3  36   4  59   5  49   6  54   7  61   8  43   9  68  10  67  11  72  12  43  13  76  14  37  15  62  16  46  17  63  18  73  19  55 
  0  51   1  67   2  68   3  36   4  59   5  48   6  54   7  60   8  42   9  67  10  68  11  71  12  43  13  74  14  37  15  60  16  45  17  63  18  72  19  53 
  0  57   1  68   2  69   3  38   4  58   5  50   6  57   7  61   8  42   9  69  10  69  11  71  12  44  13  76  14  41  15  59  16  47  17  63  18  77  19  58 
  0  60   1  72   2  72   3  42   4  60   5  52   6  58   7  68   8  42   9  67  10  74  11  75  12  42  13  81  14  39  15  64  16  51  17  64  18  76  19  61 
  0  53   1  68   2  68   3  39   4  60   5  48   6  57   7  61   8  42   9  67  10  68  11  73  12  42  13  78  14  37  15  61  16  45  17  63  18  76  19  57 
  0  52   1  68   2  69   3  37   4  59   5  48   6  54   7  61   8  44   9  69  10  66  11  72  12  42  13  74  14  37  15  58  16  46  17  65  18  74  19  56 
  0  58   1  70   2  71   3  41   4  58   5  52   6  58   7  64   8  44   9  67  10  75  11  73  12  44  13  78  14  39  15  62  16  49  17  65  18  77  19  57 
  0  60   1  72   2  72   3  39   4  60   5  53   6  58   7  67   8  44   9  68  10  74  11  75  12  44  13  81  14  41  15  64  16  50  17  65  18  78  19  61 
  0  53   1  66   2  70   3  38   4  58   5  49   6  54   7  58   8  42   9  69  10  66  11  71  12  42  13  77  14  37  15  60  16  45  17  65  18  73  19  55 
  0  59   1  72   2  70   3  42   4  58   5  54   6  55   7  67   8  44   9  69  10  76  11  75  12  44  13  79  14  41  15  62  16  50  17  65  18  78  19  61 
  0  54   1  67   2  71   3  40   4  58   5  51   6  57   7  61   8  42   9  69  10  73  11  75  12  42  13  78  14  39  15  63  16  49  17  65  18  73  19  56 


