
 20  20

  0  60   1  42   2  57   3  44   4  50   5  45   6  37   7  40   8  46   9  41  10  53  11  48  12  54  13  55  14  39  15  59  16  40  17  51  18  40  19  34 
  0  56   1  41   2  60   3  46   4  47   5  44   6  33   7  40   8  47   9  41  10  52  11  44  12  51  13  56  14  40  15  55  16  38  17  50  18  43  19  33 
  0  59   1  40   2  60   3  44   4  49   5  45   6  37   7  38   8  47   9  39  10  51  11  45  12  53  13  55  14  41  15  57  16  40  17  52  18  42  19  37 
  0  54   1  38   2  55   3  46   4  48   5  43   6  36   7  40   8  46   9  38  10  48  11  43  12  54  13  51  14  36  15  55  16  39  17  51  18  40  19  34 
  0  54   1  37   2  58   3  46   4  50   5  41   6  35   7  38   8  45   9  39  10  52  11  46  12  51  13  57  14  38  15  58  16  39  17  49  18  40  19  34 
  0  51   1  33   2  54   3  44   4  44   5  37   6  33   7  38   8  45   9  38  10  45  11  38  12  50  13  51  14  34  15  52  16  38  17  46  18  40  19  33 
  0  58   1  41   2  59   3  44   4  47   5  45   6  36   7  39   8  45   9  40  10  51  11  46  12  54  13  57  14  41  15  55  16  40  17  53  18  40  19  34 
  0  58   1  40   2  57   3  46   4  49   5  44   6  37   7  40   8  46   9  41  10  49  11  44  12  51  13  55  14  40  15  60  16  38  17  53  18  41  19  37 
  0  55   1  37   2  55   3  46   4  49   5  40   6  33   7  39   8  46   9  38  10  47  11  41  12  50  13  55  14  40  15  55  16  39  17  52  18  39  19  36 
  0  55   1  38   2  56   3  46   4  51   5  45   6  37   7  39   8  45   9  40  10  49  11  46  12  51  13  54  14  38  15  56  16  40  17  53  18  41  19  36 
  0  55   1  38   2  58   3  44   4  45   5  40   6  36   7  40   8  46   9  38  10  48  11  41  12  54  13  56  14  40  15  58  16  40  17  50  18  40  19  33 
  0  59   1  40   2  60   3  45   4  52   5  45   6  34   7  38   8  47   9  41  10  51  11  48  12  52  13  54  14  41  15  57  16  40  17  54  18  40  19  35 
  0  59   1  42   2  60   3  46   4  52   5  45   6  37   7  40   8  47   9  38  10  51  11  48  12  52  13  57  14  39  15  58  16  39  17  51  18  43  19  37 
  0  56   1  40   2  60   3  44   4  50   5  44   6  37   7  40   8  46   9  41  10  49  11  43  12  52  13  54  14  37  15  55  16  39  17  51  18  40  19  35 
  0  50   1  36   2  54   3  46   4  42   5  40   6  34   7  39   8  45   9  37  10  45  11  41  12  52  13  53  14  35  15  53  16  38  17  46  18  39  19  34 
  0  56   1  38   2  56   3  46   4  49   5  44   6  33   7  38   8  46   9  38  10  50  11  46  12  50  13  56  14  37  15  58  16  40  17  49  18  40  19  36 
  0  56   1  36   2  57   3  44   4  49   5  42   6  37   7  40   8  45   9  38  10  50  11  45  12  50  13  54  14  36  15  54  16  39  17  52  18  39  19  36 
  0  52   1  33   2  55   3  44   4  42   5  40   6  33   7  38   8  45   9  37  10  45  11  39  12  50  13  51  14  34  15  53  16  38  17  46  18  40  19  33 
  0  60   1  41   2  60   3  46   4  48   5  47   6  37   7  40   8  47   9  40  10  50  11  45  12  54  13  56  14  39  15  58  16  39  17  50  18  41  19  37 
  0  59   1  42   2  60   3  46   4  52   5  45   6  34   7  40   8  45   9  41  10  49  11  48  12  52  13  54  14  41  15  57  16  39  17  51  18  40  19  37 


