
 20  20

  0  59   1  75   2  57   3  83   4  69   5  47   6  72   7  50   8  81   9  58  10  78  11  54  12  84  13  50  14  53  15  58  16  78  17  76  18  69  19  84 
  0  59   1  75   2  59   3  82   4  68   5  49   6  72   7  49   8  78   9  58  10  77  11  55  12  84  13  52  14  55  15  59  16  75  17  74  18  69  19  85 
  0  52   1  73   2  57   3  81   4  70   5  45   6  67   7  44   8  79   9  58  10  76  11  52  12  83  13  49  14  50  15  58  16  73  17  71  18  63  19  80 
  0  58   1  71   2  58   3  83   4  68   5  46   6  68   7  47   8  80   9  58  10  76  11  55  12  81  13  49  14  52  15  58  16  76  17  75  18  70  19  83 
  0  58   1  71   2  59   3  83   4  68   5  47   6  70   7  47   8  78   9  58  10  78  11  55  12  84  13  52  14  50  15  59  16  77  17  73  18  70  19  85 
  0  49   1  69   2  57   3  81   4  69   5  48   6  68   7  47   8  77   9  57  10  74  11  49  12  79  13  51  14  49  15  59  16  70  17  70  18  61  19  78 
  0  59   1  73   2  57   3  83   4  70   5  48   6  70   7  50   8  78   9  58  10  77  11  55  12  83  13  50  14  53  15  60  16  77  17  73  18  71  19  86 
  0  51   1  69   2  56   3  82   4  68   5  46   6  66   7  44   8  75   9  57  10  74  11  49  12  80  13  48  14  47  15  56  16  70  17  71  18  61  19  79 
  0  59   1  75   2  58   3  81   4  68   5  49   6  72   7  49   8  78   9  58  10  77  11  55  12  82  13  52  14  52  15  58  16  78  17  74  18  68  19  86 
  0  58   1  72   2  57   3  81   4  70   5  46   6  70   7  49   8  80   9  58  10  78  11  55  12  85  13  49  14  53  15  57  16  76  17  76  18  71  19  86 
  0  52   1  72   2  59   3  81   4  70   5  47   6  70   7  46   8  77   9  57  10  76  11  52  12  81  13  48  14  50  15  58  16  75  17  71  18  64  19  80 
  0  50   1  69   2  55   3  81   4  70   5  46   6  69   7  47   8  77   9  56  10  76  11  50  12  81  13  50  14  47  15  59  16  74  17  72  18  63  19  80 
  0  55   1  71   2  56   3  82   4  70   5  45   6  69   7  46   8  76   9  58  10  74  11  51  12  81  13  48  14  49  15  59  16  71  17  70  18  65  19  82 
  0  52   1  70   2  56   3  83   4  68   5  46   6  70   7  46   8  78   9  56  10  75  11  50  12  84  13  48  14  51  15  60  16  74  17  71  18  65  19  84 
  0  55   1  75   2  57   3  83   4  68   5  47   6  68   7  46   8  79   9  58  10  78  11  52  12  85  13  51  14  51  15  60  16  77  17  73  18  68  19  84 
  0  53   1  71   2  58   3  81   4  70   5  48   6  71   7  47   8  79   9  58  10  77  11  51  12  81  13  51  14  52  15  57  16  75  17  76  18  66  19  85 
  0  50   1  71   2  55   3  82   4  68   5  46   6  66   7  45   8  78   9  58  10  76  11  50  12  79  13  48  14  47  15  57  16  73  17  72  18  62  19  79 
  0  57   1  74   2  57   3  82   4  68   5  49   6  72   7  50   8  81   9  56  10  77  11  55  12  84  13  52  14  55  15  58  16  78  17  76  18  71  19  86 
  0  53   1  73   2  55   3  83   4  68   5  47   6  68   7  48   8  80   9  57  10  76  11  52  12  81  13  51  14  50  15  56  16  73  17  71  18  67  19  80 
  0  52   1  69   2  58   3  81   4  68   5  45   6  68   7  44   8  78   9  56  10  76  11  49  12  81  13  50  14  50  15  57  16  70  17  73  18  61  19  82 


