
 20  20

  0  70   1  88   2  62   3  85   4  67   5  85   6  77   7  89   8  62   9  73  10  71  11  85  12  90  13  72  14  71  15  59  16  76  17  55  18  88  19  73 
  0  71   1  91   2  68   3  86   4  72   5  85   6  85   7  92   8  66   9  74  10  71  11  86  12  92  13  76  14  70  15  62  16  76  17  60  18  89  19  73 
  0  65   1  86   2  61   3  83   4  62   5  82   6  75   7  85   8  60   9  70  10  71  11  84  12  90  13  73  14  70  15  54  16  74  17  54  18  86  19  69 
  0  74   1  91   2  69   3  83   4  69   5  84   6  81   7  91   8  63   9  73  10  73  11  85  12  92  13  73  14  71  15  60  16  76  17  60  18  91  19  71 
  0  67   1  86   2  63   3  85   4  67   5  82   6  77   7  88   8  61   9  70  10  73  11  83  12  91  13  71  14  71  15  55  16  74  17  58  18  87  19  72 
  0  66   1  83   2  61   3  82   4  64   5  82   6  78   7  84   8  59   9  71  10  71  11  84  12  90  13  70  14  70  15  54  16  74  17  54  18  83  19  71 
  0  67   1  86   2  62   3  82   4  62   5  82   6  75   7  84   8  61   9  73  10  71  11  84  12  90  13  70  14  70  15  57  16  74  17  56  18  83  19  69 
  0  69   1  89   2  65   3  83   4  70   5  82   6  80   7  90   8  62   9  74  10  73  11  83  12  90  13  71  14  71  15  58  16  74  17  55  18  86  19  70 
  0  67   1  88   2  62   3  83   4  64   5  84   6  78   7  86   8  63   9  72  10  72  11  85  12  92  13  74  14  69  15  55  16  75  17  56  18  87  19  69 
  0  69   1  88   2  67   3  83   4  67   5  86   6  84   7  89   8  63   9  72  10  72  11  86  12  92  13  74  14  71  15  59  16  74  17  57  18  91  19  70 
  0  67   1  83   2  60   3  83   4  62   5  82   6  76   7  86   8  60   9  70  10  73  11  82  12  90  13  73  14  69  15  54  16  74  17  54  18  84  19  69 
  0  70   1  91   2  65   3  86   4  67   5  85   6  80   7  93   8  62   9  73  10  73  11  83  12  94  13  73  14  69  15  61  16  74  17  57  18  88  19  73 
  0  68   1  87   2  68   3  84   4  69   5  85   6  80   7  91   8  64   9  71  10  71  11  83  12  92  13  73  14  71  15  60  16  74  17  59  18  87  19  69 
  0  72   1  93   2  67   3  86   4  69   5  85   6  82   7  94   8  63   9  73  10  73  11  84  12  93  13  73  14  71  15  60  16  76  17  60  18  91  19  73 
  0  64   1  84   2  63   3  82   4  62   5  84   6  78   7  84   8  61   9  73  10  72  11  85  12  92  13  70  14  71  15  54  16  75  17  55  18  84  19  70 
  0  64   1  85   2  60   3  83   4  64   5  81   6  75   7  84   8  58   9  71  10  71  11  82  12  92  13  70  14  69  15  54  16  76  17  56  18  83  19  69 
  0  68   1  91   2  65   3  86   4  67   5  85   6  83   7  91   8  65   9  74  10  71  11  86  12  91  13  73  14  71  15  57  16  74  17  56  18  86  19  69 
  0  73   1  90   2  67   3  85   4  70   5  86   6  85   7  90   8  62   9  71  10  73  11  85  12  94  13  74  14  69  15  62  16  76  17  59  18  89  19  72 
  0  74   1  91   2  70   3  86   4  72   5  86   6  83   7  94   8  65   9  74  10  73  11  86  12  94  13  76  14  71  15  60  16  76  17  58  18  91  19  71 
  0  72   1  90   2  64   3  83   4  68   5  83   6  81   7  88   8  63   9  74  10  71  11  83  12  94  13  72  14  71  15  60  16  76  17  60  18  89  19  71 


