
 20  20

  0  77   1  43   2  55   3  79   4  52   5  56   6  57   7  85   8  74   9  54  10  64  11  48  12  55  13  49  14  48  15  63  16  67  17  83  18  66  19  63 
  0  77   1  43   2  56   3  81   4  51   5  55   6  55   7  83   8  72   9  56  10  64  11  47  12  56  13  48  14  46  15  61  16  67  17  80  18  66  19  64 
  0  71   1  43   2  50   3  79   4  46   5  52   6  52   7  81   8  72   9  53  10  60  11  44  12  52  13  47  14  44  15  61  16  62  17  78  18  62  19  60 
  0  67   1  41   2  51   3  80   4  46   5  52   6  53   7  80   8  71   9  53  10  60  11  43  12  50  13  49  14  46  15  61  16  60  17  76  18  65  19  60 
  0  77   1  43   2  57   3  81   4  52   5  58   6  58   7  84   8  74   9  54  10  62  11  48  12  55  13  50  14  48  15  63  16  68  17  82  18  65  19  64 
  0  70   1  43   2  48   3  79   4  46   5  51   6  54   7  80   8  69   9  55  10  60  11  44  12  53  13  46  14  44  15  61  16  63  17  78  18  62  19  60 
  0  73   1  43   2  53   3  80   4  46   5  55   6  55   7  83   8  71   9  52  10  58  11  47  12  54  13  47  14  44  15  63  16  62  17  78  18  62  19  62 
  0  67   1  41   2  47   3  81   4  42   5  52   6  53   7  77   8  67   9  52  10  56  11  42  12  50  13  46  14  46  15  61  16  60  17  75  18  63  19  61 
  0  69   1  42   2  47   3  81   4  42   5  52   6  55   7  80   8  68   9  52  10  57  11  45  12  50  13  46  14  45  15  61  16  60  17  77  18  63  19  60 
  0  76   1  41   2  54   3  79   4  48   5  58   6  55   7  82   8  73   9  54  10  64  11  45  12  55  13  48  14  45  15  63  16  67  17  81  18  66  19  63 
  0  67   1  42   2  50   3  80   4  45   5  53   6  55   7  80   8  69   9  52  10  57  11  42  12  52  13  47  14  45  15  61  16  60  17  75  18  64  19  63 
  0  69   1  41   2  48   3  79   4  47   5  52   6  52   7  79   8  68   9  55  10  59  11  43  12  53  13  46  14  44  15  61  16  61  17  78  18  62  19  63 
  0  77   1  43   2  57   3  80   4  52   5  58   6  58   7  85   8  72   9  56  10  64  11  45  12  56  13  47  14  46  15  63  16  67  17  83  18  65  19  62 
  0  74   1  42   2  55   3  81   4  47   5  56   6  53   7  81   8  71   9  55  10  59  11  43  12  54  13  47  14  47  15  63  16  63  17  77  18  62  19  61 
  0  67   1  41   2  47   3  79   4  44   5  50   6  52   7  79   8  70   9  52  10  56  11  44  12  51  13  46  14  45  15  62  16  60  17  76  18  62  19  60 
  0  70   1  43   2  51   3  80   4  44   5  51   6  55   7  78   8  70   9  52  10  57  11  43  12  53  13  46  14  46  15  62  16  64  17  78  18  63  19  63 
  0  76   1  42   2  53   3  81   4  51   5  56   6  58   7  83   8  75   9  56  10  64  11  48  12  56  13  47  14  48  15  63  16  66  17  83  18  65  19  64 
  0  76   1  41   2  57   3  81   4  52   5  56   6  57   7  84   8  75   9  56  10  64  11  48  12  54  13  48  14  47  15  63  16  68  17  82  18  66  19  64 
  0  72   1  43   2  50   3  79   4  48   5  53   6  56   7  80   8  69   9  53  10  59  11  47  12  53  13  46  14  46  15  61  16  64  17  79  18  65  19  64 
  0  68   1  41   2  51   3  81   4  43   5  52   6  53   7  78   8  68   9  55  10  60  11  43  12  52  13  47  14  44  15  61  16  60  17  76  18  65  19  60 


