
 20  20

  0  48   1  46   2  23   3  23   4  48   5  16   6  25   7  19   8  27   9  47  10  22  11  34  12  48  13  40  14  13  15  32  16  42  17  33  18  40  19  36 
  0  50   1  47   2  22   3  25   4  54   5  18   6  27   7  19   8  26   9  47  10  23  11  35  12  46  13  41  14  17  15  34  16  46  17  37  18  42  19  36 
  0  53   1  52   2  24   3  27   4  56   5  18   6  31   7  21   8  26   9  53  10  26  11  39  12  48  13  41  14  20  15  38  16  45  17  37  18  42  19  36 
  0  50   1  50   2  22   3  26   4  53   5  18   6  29   7  19   8  27   9  51  10  26  11  36  12  49  13  42  14  18  15  33  16  48  17  37  18  39  19  38 
  0  51   1  52   2  22   3  24   4  51   5  18   6  29   7  21   8  28   9  48  10  24  11  40  12  49  13  42  14  19  15  36  16  45  17  37  18  39  19  38 
  0  44   1  47   2  24   3  21   4  48   5  16   6  21   7  21   8  26   9  45  10  20  11  32  12  48  13  36  14  12  15  30  16  42  17  35  18  39  19  37 
  0  51   1  51   2  24   3  29   4  54   5  18   6  31   7  21   8  28   9  51  10  27  11  42  12  51  13  40  14  19  15  38  16  46  17  37  18  42  19  38 
  0  53   1  52   2  24   3  29   4  55   5  18   6  29   7  21   8  28   9  54  10  27  11  39  12  49  13  41  14  20  15  38  16  48  17  37  18  42  19  36 
  0  48   1  47   2  24   3  23   4  51   5  17   6  25   7  21   8  26   9  47  10  21  11  36  12  46  13  38  14  17  15  32  16  44  17  35  18  38  19  36 
  0  48   1  48   2  24   3  25   4  53   5  18   6  25   7  19   8  28   9  50  10  23  11  37  12  48  13  41  14  18  15  37  16  48  17  35  18  41  19  37 
  0  52   1  53   2  24   3  27   4  53   5  18   6  31   7  21   8  28   9  53  10  26  11  41  12  49  13  39  14  17  15  38  16  48  17  37  18  42  19  36 
  0  52   1  52   2  24   3  27   4  56   5  17   6  31   7  21   8  28   9  54  10  27  11  39  12  49  13  39  14  17  15  37  16  46  17  35  18  42  19  36 
  0  49   1  48   2  22   3  24   4  54   5  18   6  25   7  21   8  27   9  51  10  24  11  39  12  47  13  41  14  18  15  36  16  46  17  37  18  38  19  36 
  0  50   1  50   2  24   3  27   4  53   5  16   6  28   7  21   8  26   9  52  10  26  11  38  12  47  13  39  14  16  15  34  16  48  17  37  18  42  19  38 
  0  48   1  47   2  23   3  25   4  53   5  16   6  27   7  19   8  26   9  47  10  23  11  38  12  49  13  40  14  15  15  31  16  43  17  35  18  42  19  36 
  0  51   1  50   2  24   3  29   4  56   5  18   6  27   7  20   8  28   9  54  10  26  11  38  12  51  13  39  14  17  15  37  16  48  17  37  18  42  19  38 
  0  50   1  49   2  23   3  26   4  54   5  16   6  25   7  20   8  26   9  49  10  21  11  38  12  48  13  40  14  14  15  32  16  45  17  37  18  38  19  36 
  0  47   1  50   2  24   3  22   4  49   5  16   6  25   7  19   8  28   9  48  10  21  11  38  12  47  13  38  14  17  15  33  16  45  17  33  18  39  19  38 
  0  46   1  45   2  23   3  21   4  50   5  18   6  25   7  20   8  28   9  49  10  20  11  33  12  49  13  40  14  16  15  32  16  45  17  33  18  38  19  36 
  0  43   1  45   2  22   3  21   4  48   5  16   6  21   7  19   8  27   9  47  10  19  11  33  12  48  13  37  14  13  15  32  16  44  17  35  18  40  19  36 


