
 20  20

  0  57   1  60   2  57   3  64   4  79   5  94   6  80   7  95   8  78   9  68  10  89  11  53  12  83  13  69  14  58  15  70  16  65  17  90  18  77  19  59 
  0  61   1  62   2  59   3  66   4  81   5  96   6  85   7  96   8  78   9  69  10  93  11  58  12  85  13  69  14  59  15  73  16  69  17  93  18  78  19  59 
  0  59   1  63   2  57   3  64   4  80   5  95   6  84   7  93   8  78   9  70  10  91  11  56  12  85  13  69  14  60  15  71  16  65  17  90  18  76  19  59 
  0  61   1  64   2  58   3  67   4  80   5  94   6  84   7  93   8  78   9  70  10  90  11  57  12  86  13  71  14  60  15  71  16  66  17  93  18  76  19  59 
  0  63   1  66   2  62   3  68   4  83   5  97   6  83   7  94   8  79   9  74  10  95  11  56  12  90  13  71  14  60  15  74  16  69  17  91  18  77  19  60 
  0  63   1  64   2  63   3  67   4  83   5  97   6  85   7  97   8  78   9  74  10  94  11  56  12  88  13  69  14  61  15  72  16  70  17  94  18  78  19  59 
  0  60   1  64   2  57   3  63   4  83   5  94   6  81   7  93   8  78   9  70  10  92  11  56  12  84  13  71  14  60  15  71  16  65  17  90  18  76  19  60 
  0  57   1  60   2  57   3  64   4  79   5  96   6  80   7  93   8  78   9  68  10  89  11  53  12  84  13  69  14  59  15  69  16  65  17  90  18  78  19  59 
  0  67   1  70   2  60   3  66   4  87   5  98   6  87   7  95   8  82   9  77  10  92  11  59  12  90  13  69  14  64  15  77  16  68  17  94  18  78  19  61 
  0  59   1  62   2  57   3  65   4  80   5  95   6  80   7  95   8  79   9  69  10  90  11  56  12  85  13  69  14  59  15  70  16  67  17  91  18  78  19  60 
  0  57   1  60   2  57   3  63   4  79   5  96   6  80   7  94   8  78   9  69  10  90  11  55  12  83  13  70  14  58  15  69  16  67  17  90  18  76  19  61 
  0  63   1  65   2  58   3  65   4  83   5  97   6  85   7  95   8  81   9  72  10  91  11  54  12  88  13  69  14  59  15  73  16  69  17  90  18  78  19  60 
  0  63   1  68   2  61   3  67   4  86   5  94   6  85   7  97   8  80   9  76  10  94  11  60  12  87  13  70  14  64  15  73  16  70  17  92  18  78  19  61 
  0  57   1  60   2  59   3  63   4  79   5  94   6  82   7  93   8  78   9  69  10  89  11  55  12  83  13  69  14  58  15  71  16  66  17  90  18  76  19  59 
  0  67   1  70   2  61   3  69   4  85   5  98   6  88   7  97   8  81   9  78  10  93  11  60  12  91  13  71  14  64  15  77  16  71  17  93  18  78  19  61 
  0  58   1  60   2  57   3  63   4  81   5  95   6  80   7  93   8  78   9  68  10  89  11  53  12  85  13  69  14  58  15  69  16  67  17  91  18  76  19  59 
  0  67   1  67   2  63   3  69   4  87   5  98   6  88   7  95   8  82   9  78  10  95  11  59  12  93  13  71  14  62  15  77  16  71  17  93  18  78  19  59 
  0  59   1  62   2  58   3  65   4  79   5  94   6  80   7  93   8  78   9  69  10  90  11  53  12  84  13  69  14  58  15  69  16  66  17  90  18  76  19  60 
  0  57   1  61   2  58   3  65   4  80   5  95   6  80   7  95   8  79   9  70  10  90  11  56  12  87  13  70  14  60  15  71  16  65  17  92  18  77  19  60 
  0  65   1  67   2  63   3  65   4  86   5  98   6  86   7  96   8  82   9  75  10  91  11  61  12  88  13  71  14  64  15  75  16  69  17  93  18  76  19  59 


