
 20  20

  0  71   1  54   2  53   3  60   4  36   5  49   6  43   7  34   8  74   9  41  10  46  11  43  12  49  13  69  14  39  15  52  16  75  17  67  18  54  19  43 
  0  67   1  48   2  51   3  54   4  33   5  42   6  38   7  35   8  66   9  38  10  43  11  41  12  47  13  69  14  36  15  49  16  71  17  62  18  55  19  45 
  0  66   1  49   2  52   3  57   4  33   5  47   6  42   7  35   8  69   9  40  10  46  11  41  12  49  13  70  14  35  15  48  16  68  17  61  18  55  19  43 
  0  66   1  52   2  52   3  57   4  35   5  44   6  43   7  33   8  68   9  39  10  46  11  43  12  49  13  71  14  37  15  50  16  68  17  60  18  55  19  43 
  0  70   1  52   2  54   3  60   4  36   5  49   6  41   7  35   8  74   9  41  10  45  11  44  12  49  13  70  14  40  15  51  16  74  17  67  18  55  19  44 
  0  69   1  54   2  50   3  58   4  34   5  47   6  44   7  35   8  74   9  41  10  46  11  45  12  49  13  72  14  39  15  52  16  71  17  67  18  55  19  44 
  0  64   1  49   2  46   3  52   4  32   5  44   6  39   7  33   8  66   9  37  10  43  11  39  12  48  13  68  14  36  15  47  16  66  17  58  18  53  19  44 
  0  62   1  46   2  46   3  52   4  32   5  42   6  38   7  35   8  64   9  38  10  42  11  39  12  47  13  66  14  35  15  44  16  65  17  59  18  53  19  45 
  0  62   1  49   2  46   3  55   4  32   5  43   6  38   7  33   8  65   9  37  10  44  11  40  12  47  13  68  14  34  15  44  16  67  17  58  18  53  19  43 
  0  67   1  49   2  49   3  56   4  33   5  44   6  40   7  35   8  66   9  38  10  42  11  40  12  49  13  69  14  34  15  46  16  69  17  61  18  55  19  45 
  0  65   1  53   2  52   3  55   4  32   5  46   6  41   7  33   8  71   9  37  10  45  11  44  12  49  13  71  14  39  15  47  16  69  17  64  18  53  19  43 
  0  65   1  47   2  46   3  54   4  35   5  41   6  38   7  35   8  65   9  39  10  44  11  41  12  49  13  68  14  37  15  44  16  65  17  57  18  55  19  43 
  0  66   1  51   2  52   3  56   4  36   5  44   6  44   7  35   8  72   9  41  10  45  11  45  12  47  13  72  14  39  15  48  16  73  17  63  18  55  19  43 
  0  61   1  46   2  46   3  52   4  32   5  41   6  40   7  35   8  66   9  37  10  42  11  39  12  47  13  68  14  34  15  44  16  67  17  58  18  53  19  43 
  0  68   1  52   2  53   3  60   4  35   5  49   6  43   7  33   8  70   9  39  10  48  11  45  12  47  13  71  14  40  15  52  16  71  17  65  18  54  19  45 
  0  66   1  52   2  51   3  59   4  35   5  47   6  41   7  33   8  73   9  39  10  48  11  42  12  47  13  69  14  36  15  52  16  73  17  66  18  53  19  45 
  0  61   1  48   2  48   3  53   4  32   5  42   6  38   7  33   8  66   9  39  10  42  11  42  12  49  13  67  14  34  15  46  16  65  17  57  18  53  19  43 
  0  70   1  53   2  53   3  58   4  34   5  49   6  44   7  35   8  74   9  39  10  46  11  44  12  49  13  71  14  40  15  52  16  75  17  67  18  55  19  43 
  0  71   1  51   2  54   3  58   4  34   5  46   6  41   7  33   8  73   9  39  10  46  11  44  12  49  13  69  14  40  15  52  16  75  17  67  18  55  19  44 
  0  67   1  50   2  54   3  60   4  36   5  45   6  43   7  35   8  70   9  41  10  46  11  45  12  47  13  71  14  40  15  49  16  72  17  65  18  54  19  45 


