
 20  20

  0  44   1  16   2  14   3  18   4  18   5  30   6  40   7  49   8  35   9  42  10  33  11  11  12  23  13  33  14  49  15  42  16  25  17  49  18  20  19  32 
  0  48   1  21   2  18   3  17   4  17   5  36   6  41   7  53   8  38   9  43  10  33  11  15  12  22  13  36  14  51  15  45  16  23  17  55  18  20  19  35 
  0  52   1  22   2  20   3  22   4  19   5  39   6  44   7  56   8  42   9  42  10  35  11  18  12  23  13  40  14  55  15  45  16  26  17  53  18  21  19  37 
  0  54   1  24   2  22   3  22   4  18   5  39   6  43   7  56   8  39   9  43  10  36  11  17  12  24  13  40  14  52  15  44  16  26  17  54  18  22  19  37 
  0  48   1  20   2  18   3  16   4  17   5  32   6  37   7  52   8  37   9  41  10  31  11  12  12  23  13  36  14  48  15  41  16  24  17  48  18  21  19  33 
  0  51   1  24   2  20   3  22   4  17   5  39   6  45   7  55   8  40   9  43  10  33  11  18  12  23  13  38  14  51  15  46  16  23  17  57  18  22  19  33 
  0  51   1  21   2  20   3  20   4  17   5  35   6  40   7  51   8  40   9  41  10  32  11  12  12  23  13  34  14  52  15  44  16  24  17  51  18  20  19  34 
  0  52   1  20   2  19   3  17   4  19   5  36   6  43   7  53   8  39   9  42  10  31  11  16  12  22  13  35  14  49  15  44  16  26  17  52  18  20  19  33 
  0  44   1  16   2  17   3  14   4  17   5  32   6  36   7  50   8  35   9  41  10  30  11  11  12  22  13  32  14  48  15  40  16  22  17  47  18  22  19  32 
  0  45   1  18   2  16   3  16   4  19   5  31   6  41   7  50   8  36   9  42  10  32  11  12  12  24  13  35  14  50  15  38  16  25  17  52  18  22  19  30 
  0  50   1  21   2  20   3  19   4  19   5  34   6  45   7  54   8  39   9  41  10  34  11  16  12  24  13  36  14  53  15  42  16  26  17  53  18  20  19  35 
  0  48   1  20   2  18   3  18   4  18   5  33   6  41   7  54   8  35   9  42  10  32  11  12  12  22  13  34  14  52  15  41  16  22  17  52  18  20  19  30 
  0  52   1  20   2  21   3  20   4  19   5  35   6  43   7  57   8  42   9  42  10  36  11  15  12  24  13  40  14  55  15  42  16  25  17  57  18  22  19  33 
  0  49   1  22   2  18   3  17   4  17   5  33   6  44   7  53   8  40   9  42  10  33  11  15  12  22  13  37  14  52  15  45  16  24  17  53  18  22  19  32 
  0  46   1  16   2  15   3  17   4  19   5  29   6  37   7  50   8  34   9  41  10  31  11  12  12  22  13  34  14  50  15  41  16  24  17  47  18  21  19  32 
  0  45   1  16   2  16   3  16   4  17   5  32   6  36   7  49   8  34   9  42  10  31  11  12  12  22  13  34  14  47  15  38  16  22  17  49  18  20  19  31 
  0  53   1  23   2  20   3  22   4  18   5  38   6  46   7  56   8  41   9  43  10  36  11  18  12  24  13  38  14  54  15  46  16  23  17  57  18  20  19  34 
  0  50   1  20   2  20   3  19   4  19   5  35   6  46   7  53   8  42   9  43  10  35  11  16  12  24  13  39  14  55  15  43  16  25  17  53  18  21  19  33 
  0  54   1  24   2  21   3  21   4  19   5  38   6  46   7  56   8  41   9  43  10  35  11  18  12  24  13  40  14  53  15  46  16  24  17  57  18  20  19  35 
  0  47   1  17   2  15   3  19   4  19   5  30   6  41   7  53   8  38   9  41  10  30  11  11  12  24  13  34  14  50  15  39  16  22  17  48  18  22  19  34 


