
 20  20

  0  22   1  34   2  27   3   6   4  36   5  42   6   6   7  37   8  40   9  19  10  24  11  24  12  20  13  25  14  32  15  15  16  46  17  29  18  42  19  25 
  0  18   1  33   2  27   3   5   4  38   5  38   6   3   7  36   8  41   9  18  10  22  11  22  12  15  13  20  14  32  15  17  16  43  17  29  18  38  19  20 
  0  18   1  29   2  23   3   4   4  34   5  37   6   1   7  37   8  40   9  15  10  22  11  20  12  12  13  19  14  28  15  14  16  39  17  30  18  37  19  20 
  0  17   1  32   2  23   3   6   4  37   5  36   6   3   7  37   8  41   9  17  10  24  11  24  12  12  13  19  14  31  15  15  16  41  17  28  18  35  19  22 
  0  24   1  33   2  27   3   5   4  38   5  41   6   6   7  37   8  42   9  21  10  24  11  26  12  18  13  24  14  32  15  19  16  44  17  30  18  41  19  24 
  0  22   1  32   2  26   3   6   4  36   5  40   6   2   7  36   8  40   9  17  10  22  11  24  12  13  13  20  14  32  15  15  16  44  17  28  18  38  19  20 
  0  22   1  37   2  27   3   6   4  36   5  41   6   4   7  37   8  42   9  19  10  23  11  28  12  19  13  22  14  31  15  19  16  43  17  29  18  39  19  22 
  0  16   1  29   2  23   3   4   4  34   5  36   6   1   7  35   8  40   9  18  10  23  11  19  12  14  13  17  14  30  15  15  16  40  17  30  18  35  19  19 
  0  23   1  31   2  24   3   5   4  35   5  39   6   2   7  36   8  40   9  20  10  23  11  22  12  15  13  22  14  30  15  14  16  41  17  28  18  40  19  24 
  0  21   1  31   2  23   3   4   4  38   5  38   6   2   7  37   8  40   9  18  10  23  11  24  12  13  13  18  14  32  15  17  16  41  17  28  18  39  19  21 
  0  26   1  37   2  25   3   4   4  36   5  44   6   7   7  37   8  42   9  21  10  24  11  28  12  18  13  25  14  34  15  18  16  45  17  29  18  42  19  25 
  0  26   1  37   2  25   3   6   4  38   5  44   6   8   7  37   8  42   9  21  10  24  11  29  12  19  13  23  14  31  15  16  16  46  17  29  18  42  19  23 
  0  24   1  34   2  27   3   4   4  38   5  42   6   7   7  37   8  40   9  20  10  22  11  25  12  18  13  23  14  33  15  16  16  44  17  29  18  40  19  23 
  0  21   1  35   2  27   3   6   4  37   5  41   6   6   7  35   8  40   9  20  10  24  11  25  12  20  13  23  14  33  15  16  16  44  17  29  18  40  19  25 
  0  17   1  29   2  24   3   4   4  34   5  36   6   2   7  35   8  42   9  19  10  24  11  21  12  12  13  21  14  31  15  15  16  39  17  28  18  39  19  20 
  0  25   1  36   2  27   3   4   4  38   5  41   6   4   7  35   8  41   9  20  10  22  11  26  12  15  13  20  14  32  15  19  16  42  17  30  18  39  19  21 
  0  17   1  29   2  23   3   4   4  35   5  36   6   1   7  37   8  40   9  15  10  22  11  21  12  12  13  18  14  28  15  13  16  41  17  30  18  35  19  20 
  0  22   1  32   2  24   3   5   4  38   5  42   6   5   7  36   8  42   9  19  10  24  11  25  12  16  13  21  14  31  15  19  16  42  17  28  18  38  19  23 
  0  22   1  36   2  25   3   6   4  37   5  41   6   4   7  37   8  42   9  21  10  22  11  24  12  18  13  23  14  34  15  18  16  44  17  30  18  39  19  24 
  0  21   1  35   2  24   3   5   4  38   5  41   6   6   7  35   8  41   9  16  10  22  11  22  12  16  13  22  14  33  15  18  16  41  17  29  18  38  19  24 


