
 20  20

  0  42   1  38   2  61   3  40   4  38   5  51   6  64   7  41   8  26   9  35  10  35  11  30  12  59  13  55  14  38  15  63  16  27  17  59  18  63  19  50 
  0  38   1  41   2  59   3  38   4  36   5  52   6  64   7  38   8  29   9  33  10  35  11  28  12  56  13  57  14  37  15  64  16  27  17  59  18  65  19  51 
  0  40   1  39   2  60   3  38   4  37   5  50   6  65   7  40   8  27   9  34  10  34  11  28  12  56  13  57  14  37  15  64  16  29  17  60  18  62  19  50 
  0  35   1  34   2  57   3  39   4  36   5  51   6  63   7  38   8  24   9  33  10  33  11  25  12  51  13  52  14  37  15  59  16  29  17  59  18  60  19  48 
  0  33   1  33   2  55   3  38   4  35   5  49   6  64   7  38   8  23   9  31  10  33  11  25  12  53  13  52  14  39  15  58  16  28  17  58  18  58  19  49 
  0  41   1  37   2  58   3  38   4  37   5  51   6  65   7  41   8  24   9  34  10  34  11  26  12  59  13  54  14  38  15  62  16  28  17  58  18  60  19  50 
  0  37   1  40   2  60   3  40   4  37   5  51   6  65   7  42   8  28   9  35  10  35  11  30  12  56  13  57  14  37  15  61  16  28  17  59  18  65  19  51 
  0  37   1  36   2  59   3  40   4  37   5  50   6  63   7  36   8  25   9  31  10  33  11  24  12  56  13  52  14  37  15  58  16  29  17  59  18  62  19  47 
  0  33   1  33   2  56   3  38   4  35   5  49   6  64   7  39   8  21   9  33  10  35  11  26  12  51  13  52  14  37  15  59  16  28  17  60  18  58  19  47 
  0  39   1  36   2  58   3  40   4  35   5  52   6  65   7  40   8  23   9  33  10  33  11  26  12  57  13  53  14  39  15  60  16  27  17  58  18  64  19  50 
  0  41   1  36   2  58   3  40   4  39   5  49   6  64   7  40   8  27   9  32  10  33  11  29  12  59  13  56  14  37  15  63  16  28  17  60  18  63  19  52 
  0  37   1  36   2  57   3  39   4  36   5  52   6  65   7  40   8  25   9  34  10  33  11  24  12  53  13  52  14  39  15  62  16  27  17  60  18  62  19  51 
  0  38   1  40   2  61   3  39   4  39   5  50   6  65   7  38   8  25   9  33  10  35  11  29  12  55  13  54  14  39  15  63  16  29  17  58  18  61  19  53 
  0  40   1  38   2  56   3  40   4  34   5  52   6  65   7  41   8  24   9  33  10  34  11  27  12  56  13  54  14  37  15  64  16  27  17  60  18  62  19  52 
  0  35   1  35   2  57   3  39   4  36   5  49   6  65   7  37   8  25   9  34  10  35  11  23  12  55  13  53  14  39  15  59  16  29  17  59  18  61  19  50 
  0  38   1  35   2  58   3  38   4  35   5  49   6  63   7  37   8  24   9  34  10  35  11  24  12  56  13  55  14  37  15  61  16  27  17  58  18  60  19  47 
  0  37   1  35   2  57   3  38   4  35   5  51   6  64   7  36   8  23   9  34  10  34  11  26  12  52  13  53  14  37  15  60  16  29  17  60  18  62  19  49 
  0  36   1  38   2  57   3  40   4  34   5  52   6  65   7  39   8  27   9  34  10  33  11  29  12  54  13  57  14  37  15  63  16  27  17  58  18  64  19  49 
  0  40   1  39   2  59   3  39   4  34   5  52   6  63   7  40   8  23   9  34  10  34  11  28  12  55  13  53  14  37  15  61  16  28  17  58  18  61  19  51 
  0  42   1  42   2  60   3  40   4  37   5  53   6  64   7  42   8  29   9  33  10  35  11  31  12  61  13  56  14  38  15  66  16  29  17  60  18  64  19  52 


