
 20  20

  0  53   1  69   2  47   3  77   4  49   5  62   6  64   7  59   8  57   9  71  10  44  11  55  12  80  13  45  14  63  15  65  16  71  17  67  18  55  19  60 
  0  54   1  68   2  46   3  75   4  48   5  63   6  61   7  58   8  57   9  72  10  45  11  53  12  79  13  45  14  62  15  67  16  74  17  66  18  54  19  62 
  0  51   1  65   2  46   3  75   4  45   5  63   6  63   7  58   8  53   9  70  10  46  11  55  12  80  13  47  14  60  15  66  16  70  17  66  18  56  19  59 
  0  54   1  71   2  51   3  77   4  51   5  61   6  62   7  58   8  58   9  73  10  46  11  57  12  83  13  47  14  66  15  67  16  76  17  68  18  60  19  61 
  0  57   1  67   2  48   3  76   4  49   5  61   6  62   7  59   8  60   9  70  10  46  11  57  12  84  13  48  14  65  15  66  16  76  17  68  18  58  19  61 
  0  51   1  66   2  46   3  77   4  51   5  61   6  64   7  57   8  57   9  72  10  46  11  52  12  81  13  48  14  61  15  66  16  73  17  66  18  54  19  60 
  0  49   1  67   2  49   3  75   4  46   5  62   6  59   7  57   8  54   9  66  10  46  11  51  12  79  13  45  14  59  15  65  16  70  17  68  18  53  19  58 
  0  56   1  70   2  51   3  77   4  53   5  62   6  64   7  59   8  59   9  73  10  46  11  54  12  84  13  47  14  67  15  66  16  77  17  68  18  60  19  64 
  0  48   1  62   2  47   3  77   4  46   5  63   6  60   7  58   8  51   9  68  10  44  11  53  12  76  13  45  14  59  15  65  16  69  17  66  18  53  19  58 
  0  54   1  67   2  47   3  77   4  52   5  63   6  61   7  57   8  59   9  70  10  46  11  56  12  84  13  46  14  62  15  67  16  72  17  68  18  58  19  63 
  0  54   1  68   2  47   3  75   4  47   5  62   6  64   7  57   8  54   9  68  10  44  11  55  12  79  13  45  14  62  15  66  16  75  17  66  18  56  19  59 
  0  50   1  62   2  45   3  75   4  45   5  61   6  59   7  59   8  54   9  66  10  44  11  51  12  78  13  46  14  59  15  66  16  72  17  66  18  52  19  59 
  0  52   1  66   2  46   3  75   4  51   5  61   6  61   7  59   8  55   9  72  10  44  11  53  12  82  13  45  14  65  15  67  16  71  17  68  18  56  19  58 
  0  49   1  62   2  47   3  75   4  45   5  63   6  60   7  58   8  51   9  66  10  44  11  51  12  77  13  46  14  61  15  65  16  70  17  66  18  54  19  56 
  0  58   1  72   2  51   3  76   4  52   5  61   6  63   7  59   8  61   9  74  10  44  11  55  12  86  13  48  14  67  15  67  16  75  17  68  18  59  19  64 
  0  58   1  72   2  49   3  76   4  53   5  63   6  62   7  58   8  59   9  72  10  45  11  57  12  86  13  47  14  67  15  67  16  75  17  68  18  60  19  64 
  0  53   1  68   2  50   3  75   4  48   5  63   6  60   7  57   8  58   9  72  10  46  11  56  12  83  13  47  14  64  15  66  16  75  17  66  18  54  19  61 
  0  55   1  67   2  47   3  77   4  51   5  62   6  65   7  57   8  60   9  69  10  46  11  56  12  85  13  49  14  63  15  65  16  74  17  68  18  56  19  61 
  0  54   1  65   2  49   3  76   4  48   5  62   6  62   7  59   8  54   9  67  10  44  11  52  12  80  13  46  14  60  15  66  16  70  17  66  18  53  19  61 
  0  49   1  65   2  45   3  77   4  46   5  63   6  63   7  57   8  53   9  69  10  44  11  52  12  80  13  46  14  63  15  65  16  71  17  68  18  57  19  57 


