
 20  20

  0  67   1  62   2  75   3  67   4  75   5  61   6  72   7  72   8  87   9  86  10  88  11  80  12  88  13  59  14  88  15  77  16  82  17  86  18  88  19  74 
  0  66   1  62   2  75   3  68   4  73   5  62   6  73   7  73   8  84   9  85  10  88  11  78  12  88  13  61  14  89  15  78  16  82  17  86  18  88  19  76 
  0  59   1  62   2  71   3  65   4  71   5  60   6  72   7  67   8  80   9  81  10  88  11  77  12  85  13  55  14  90  15  74  16  81  17  81  18  83  19  74 
  0  58   1  60   2  70   3  62   4  71   5  60   6  68   7  68   8  80   9  81  10  88  11  77  12  87  13  57  14  88  15  73  16  81  17  81  18  85  19  74 
  0  60   1  62   2  70   3  66   4  74   5  62   6  70   7  68   8  81   9  84  10  88  11  77  12  87  13  59  14  89  15  73  16  81  17  83  18  87  19  76 
  0  60   1  62   2  73   3  61   4  73   5  59   6  71   7  70   8  80   9  81  10  86  11  76  12  85  13  55  14  88  15  71  16  81  17  80  18  87  19  74 
  0  63   1  60   2  72   3  64   4  72   5  61   6  70   7  68   8  82   9  83  10  86  11  79  12  85  13  57  14  88  15  76  16  83  17  82  18  88  19  74 
  0  65   1  60   2  74   3  67   4  77   5  61   6  74   7  75   8  86   9  87  10  86  11  77  12  87  13  60  14  88  15  77  16  84  17  85  18  90  19  75 
  0  61   1  62   2  73   3  65   4  73   5  59   6  71   7  69   8  83   9  83  10  87  11  76  12  89  13  58  14  88  15  76  16  81  17  82  18  86  19  76 
  0  62   1  60   2  73   3  67   4  75   5  63   6  74   7  74   8  86   9  85  10  88  11  78  12  88  13  61  14  88  15  75  16  82  17  84  18  87  19  74 
  0  62   1  60   2  73   3  67   4  72   5  59   6  72   7  70   8  82   9  85  10  86  11  79  12  88  13  56  14  88  15  75  16  81  17  86  18  88  19  74 
  0  64   1  62   2  73   3  69   4  73   5  62   6  74   7  74   8  84   9  87  10  88  11  80  12  90  13  58  14  88  15  80  16  82  17  87  18  88  19  75 
  0  59   1  62   2  70   3  64   4  73   5  61   6  71   7  71   8  81   9  79  10  87  11  76  12  87  13  56  14  89  15  72  16  81  17  81  18  85  19  75 
  0  67   1  62   2  76   3  67   4  77   5  64   6  74   7  75   8  88   9  86  10  86  11  79  12  89  13  58  14  90  15  80  16  84  17  87  18  91  19  74 
  0  63   1  62   2  72   3  62   4  70   5  60   6  69   7  71   8  84   9  85  10  86  11  80  12  89  13  60  14  90  15  77  16  82  17  85  18  88  19  74 
  0  58   1  62   2  70   3  63   4  69   5  58   6  69   7  68   8  82   9  80  10  86  11  77  12  85  13  57  14  88  15  72  16  82  17  81  18  87  19  74 
  0  63   1  60   2  71   3  64   4  73   5  60   6  70   7  70   8  86   9  82  10  88  11  79  12  88  13  57  14  90  15  78  16  81  17  82  18  86  19  74 
  0  60   1  61   2  71   3  61   4  70   5  61   6  68   7  70   8  80   9  80  10  87  11  78  12  88  13  56  14  89  15  74  16  80  17  80  18  83  19  74 
  0  62   1  62   2  74   3  65   4  72   5  59   6  73   7  73   8  83   9  84  10  88  11  76  12  86  13  57  14  88  15  77  16  81  17  82  18  87  19  75 
  0  68   1  61   2  76   3  70   4  77   5  62   6  74   7  75   8  86   9  89  10  87  11  80  12  91  13  61  14  90  15  81  16  83  17  88  18  91  19  76 


