
 20  20

  0  41   1  60   2  21   3  56   4  59   5  41   6  60   7  32   8  49   9  31  10  52  11  55  12  60  13  54  14  46  15  42  16  34  17  26  18  31  19  61 
  0  44   1  62   2  22   3  54   4  60   5  41   6  59   7  32   8  49   9  35  10  55  11  52  12  59  13  54  14  45  15  45  16  37  17  24  18  34  19  59 
  0  46   1  64   2  28   3  57   4  60   5  39   6  62   7  34   8  48   9  37  10  54  11  55  12  59  13  58  14  46  15  45  16  37  17  26  18  34  19  64 
  0  49   1  64   2  24   3  60   4  59   5  41   6  62   7  32   8  50   9  33  10  55  11  53  12  59  13  57  14  48  15  48  16  35  17  25  18  34  19  63 
  0  48   1  65   2  29   3  58   4  61   5  43   6  62   7  33   8  49   9  35  10  57  11  54  12  62  13  60  14  51  15  47  16  39  17  26  18  36  19  62 
  0  41   1  57   2  20   3  54   4  56   5  39   6  58   7  32   8  49   9  32  10  52  11  52  12  61  13  52  14  47  15  40  16  34  17  24  18  30  19  58 
  0  47   1  65   2  26   3  59   4  62   5  42   6  62   7  34   8  50   9  34  10  54  11  52  12  60  13  56  14  47  15  47  16  37  17  24  18  34  19  62 
  0  51   1  66   2  30   3  60   4  64   5  43   6  61   7  32   8  50   9  38  10  60  11  54  12  61  13  59  14  51  15  47  16  37  17  25  18  34  19  63 
  0  46   1  62   2  24   3  58   4  58   5  39   6  61   7  34   8  48   9  32  10  54  11  54  12  63  13  59  14  48  15  43  16  38  17  26  18  32  19  60 
  0  44   1  60   2  22   3  52   4  58   5  40   6  58   7  34   8  50   9  30  10  50  11  52  12  59  13  52  14  47  15  40  16  35  17  26  18  32  19  61 
  0  48   1  63   2  27   3  57   4  62   5  43   6  61   7  33   8  48   9  34  10  56  11  53  12  63  13  59  14  47  15  46  16  36  17  26  18  34  19  62 
  0  50   1  64   2  26   3  61   4  63   5  43   6  59   7  33   8  48   9  36  10  56  11  53  12  60  13  59  14  47  15  49  16  37  17  26  18  32  19  61 
  0  49   1  61   2  25   3  58   4  63   5  41   6  60   7  34   8  48   9  37  10  54  11  52  12  61  13  60  14  51  15  44  16  35  17  25  18  33  19  63 
  0  46   1  59   2  22   3  58   4  57   5  43   6  58   7  34   8  50   9  32  10  56  11  55  12  62  13  58  14  48  15  44  16  34  17  26  18  30  19  61 
  0  47   1  60   2  23   3  55   4  61   5  41   6  62   7  34   8  50   9  36  10  54  11  55  12  60  13  55  14  50  15  43  16  38  17  26  18  32  19  62 
  0  44   1  61   2  23   3  55   4  58   5  41   6  58   7  32   8  48   9  31  10  54  11  52  12  62  13  54  14  48  15  41  16  32  17  25  18  31  19  60 
  0  49   1  66   2  28   3  61   4  62   5  43   6  62   7  34   8  50   9  36  10  60  11  55  12  63  13  62  14  51  15  48  16  38  17  26  18  36  19  66 
  0  46   1  58   2  25   3  55   4  57   5  39   6  59   7  33   8  50   9  32  10  51  11  52  12  59  13  53  14  47  15  44  16  35  17  26  18  30  19  60 
  0  44   1  61   2  25   3  53   4  58   5  39   6  58   7  34   8  48   9  33  10  53  11  52  12  59  13  54  14  49  15  44  16  33  17  26  18  31  19  59 
  0  50   1  67   2  29   3  61   4  64   5  41   6  61   7  33   8  50   9  35  10  58  11  56  12  63  13  61  14  48  15  50  16  37  17  26  18  35  19  64 


