
 20  20

  0  29   1  29   2  34   3  22   4  47   5  29   6  23   7  11   8  16   9  35  10  44  11  28  12  38  13  25  14  22  15  40  16  30  17  16  18  39  19  10 
  0  32   1  29   2  34   3  18   4  45   5  28   6  22   7  15   8  19   9  35  10  40  11  24  12  34  13  26  14  24  15  42  16  28  17  14  18  39  19  12 
  0  34   1  36   2  38   3  25   4  48   5  31   6  26   7  17   8  22   9  39  10  47  11  27  12  38  13  26  14  25  15  44  16  29  17  17  18  40  19  14 
  0  34   1  36   2  35   3  22   4  48   5  30   6  24   7  16   8  22   9  36  10  46  11  27  12  37  13  25  14  24  15  42  16  31  17  17  18  40  19  11 
  0  27   1  26   2  31   3  18   4  45   5  27   6  19   7   9   8  12   9  34  10  39  11  24  12  36  13  24  14  17  15  35  16  30  17  14  18  38  19  10 
  0  27   1  26   2  28   3  15   4  43   5  27   6  18   7   9   8  12   9  34  10  38  11  24  12  34  13  26  14  17  15  35  16  29  17  14  18  36  19   8 
  0  34   1  36   2  36   3  24   4  48   5  32   6  25   7  17   8  19   9  36  10  47  11  28  12  36  13  26  14  25  15  45  16  31  17  15  18  41  19  12 
  0  31   1  31   2  35   3  20   4  46   5  29   6  22   7  13   8  18   9  37  10  41  11  24  12  35  13  26  14  20  15  41  16  29  17  16  18  37  19  11 
  0  29   1  34   2  36   3  19   4  48   5  28   6  23   7  12   8  16   9  35  10  44  11  27  12  35  13  25  14  25  15  41  16  28  17  16  18  42  19  12 
  0  33   1  36   2  38   3  23   4  47   5  33   6  26   7  16   8  20   9  39  10  47  11  28  12  36  13  24  14  27  15  45  16  29  17  16  18  40  19  14 
  0  34   1  35   2  37   3  23   4  46   5  31   6  22   7  16   8  18   9  37  10  44  11  28  12  38  13  24  14  23  15  43  16  31  17  15  18  41  19  14 
  0  35   1  36   2  38   3  25   4  48   5  31   6  26   7  16   8  22   9  39  10  44  11  28  12  37  13  24  14  27  15  43  16  31  17  17  18  42  19  13 
  0  30   1  33   2  34   3  23   4  48   5  32   6  21   7  17   8  19   9  36  10  45  11  27  12  38  13  26  14  22  15  40  16  31  17  17  18  42  19  11 
  0  35   1  36   2  37   3  25   4  48   5  33   6  24   7  17   8  22   9  38  10  47  11  28  12  37  13  26  14  25  15  44  16  31  17  16  18  41  19  13 
  0  32   1  33   2  34   3  22   4  45   5  32   6  26   7  13   8  21   9  36  10  47  11  28  12  36  13  25  14  27  15  41  16  31  17  15  18  42  19  12 
  0  29   1  33   2  32   3  22   4  44   5  32   6  22   7  13   8  20   9  34  10  43  11  26  12  34  13  26  14  21  15  41  16  27  17  15  18  38  19  12 
  0  33   1  32   2  37   3  23   4  46   5  33   6  26   7  16   8  19   9  36  10  44  11  26  12  37  13  26  14  24  15  42  16  31  17  14  18  40  19  13 
  0  27   1  29   2  28   3  18   4  42   5  26   6  18   7  11   8  14   9  36  10  39  11  24  12  34  13  24  14  19  15  38  16  27  17  13  18  37  19   8 
  0  28   1  28   2  32   3  17   4  42   5  28   6  20   7  14   8  18   9  33  10  42  11  27  12  34  13  26  14  23  15  40  16  30  17  16  18  39  19   8 
  0  31   1  31   2  34   3  20   4  47   5  27   6  21   7  11   8  15   9  37  10  44  11  28  12  34  13  24  14  23  15  41  16  30  17  14  18  41  19  11 


