
 20  20

  0  31   1  36   2  44   3  37   4  44   5  47   6  34   7  62   8  60   9  60  10  40  11  41  12  54  13  66  14  48  15  57  16  51  17  65  18  51  19  32 
  0  32   1  37   2  43   3  38   4  44   5  46   6  37   7  62   8  61   9  60  10  41  11  45  12  54  13  66  14  47  15  55  16  53  17  65  18  50  19  32 
  0  39   1  41   2  47   3  44   4  44   5  46   6  37   7  62   8  61   9  64  10  39  11  48  12  57  13  68  14  52  15  60  16  54  17  69  18  56  19  35 
  0  33   1  40   2  47   3  43   4  44   5  48   6  38   7  62   8  60   9  61  10  40  11  46  12  58  13  67  14  51  15  59  16  54  17  70  18  54  19  33 
  0  34   1  40   2  47   3  38   4  44   5  48   6  34   7  64   8  62   9  64  10  39  11  46  12  56  13  68  14  48  15  60  16  54  17  69  18  51  19  33 
  0  41   1  44   2  49   3  45   4  46   5  48   6  37   7  62   8  61   9  66  10  40  11  51  12  56  13  67  14  52  15  63  16  55  17  69  18  59  19  37 
  0  34   1  39   2  45   3  42   4  48   5  48   6  38   7  62   8  61   9  65  10  39  11  47  12  57  13  66  14  50  15  61  16  51  17  67  18  53  19  37 
  0  36   1  40   2  45   3  44   4  46   5  48   6  36   7  64   8  61   9  64  10  42  11  45  12  55  13  67  14  52  15  58  16  53  17  68  18  57  19  34 
  0  37   1  42   2  49   3  43   4  48   5  47   6  37   7  63   8  61   9  65  10  40  11  50  12  57  13  67  14  52  15  63  16  53  17  70  18  55  19  38 
  0  38   1  45   2  49   3  45   4  46   5  48   6  38   7  64   8  60   9  66  10  40  11  50  12  58  13  68  14  53  15  63  16  55  17  71  18  58  19  38 
  0  31   1  38   2  43   3  37   4  44   5  46   6  34   7  64   8  62   9  61  10  39  11  43  12  55  13  66  14  50  15  55  16  51  17  66  18  50  19  33 
  0  34   1  35   2  43   3  37   4  44   5  46   6  36   7  63   8  60   9  61  10  39  11  42  12  56  13  68  14  47  15  56  16  52  17  65  18  49  19  34 
  0  41   1  45   2  47   3  43   4  48   5  48   6  38   7  64   8  62   9  64  10  42  11  50  12  58  13  66  14  52  15  63  16  55  17  70  18  59  19  38 
  0  38   1  40   2  45   3  41   4  47   5  48   6  38   7  62   8  60   9  65  10  42  11  50  12  56  13  68  14  52  15  59  16  54  17  71  18  57  19  34 
  0  38   1  44   2  47   3  45   4  48   5  48   6  38   7  64   8  62   9  66  10  40  11  50  12  57  13  68  14  52  15  61  16  53  17  68  18  58  19  37 
  0  32   1  39   2  46   3  39   4  44   5  46   6  37   7  62   8  60   9  61  10  41  11  41  12  54  13  66  14  47  15  57  16  51  17  66  18  49  19  35 
  0  40   1  41   2  45   3  41   4  48   5  48   6  38   7  64   8  62   9  64  10  42  11  47  12  56  13  68  14  52  15  60  16  52  17  71  18  54  19  35 
  0  34   1  41   2  46   3  40   4  44   5  46   6  36   7  64   8  60   9  61  10  38  11  44  12  58  13  68  14  51  15  57  16  54  17  70  18  54  19  36 
  0  33   1  37   2  44   3  39   4  44   5  46   6  34   7  62   8  60   9  60  10  38  11  43  12  57  13  66  14  49  15  56  16  51  17  66  18  50  19  35 
  0  38   1  43   2  47   3  41   4  46   5  47   6  36   7  64   8  61   9  62  10  42  11  49  12  57  13  67  14  52  15  60  16  53  17  70  18  54  19  38 


