
 20  20

  0  68   1  78   2  93   3  60   4  88   5  73   6  63   7  94   8  93   9  65  10  63  11  77  12  65  13  70  14  98  15  83  16  88  17  69  18  64  19  99 
  0  65   1  76   2  94   3  57   4  90   5  72   6  59   7  87   8  89   9  66  10  63  11  73  12  63  13  67  14  97  15  79  16  85  17  69  18  57  19  96 
  0  58   1  74   2  95   3  56   4  88   5  71   6  56   7  87   8  88   9  64  10  62  11  73  12  62  13  67  14  94  15  77  16  83  17  68  18  54  19  91 
  0  65   1  78   2  93   3  59   4  88   5  71   6  62   7  89   8  93   9  64  10  62  11  74  12  65  13  70  14  94  15  82  16  86  17  67  18  58  19  94 
  0  60   1  73   2  94   3  56   4  90   5  71   6  58   7  89   8  86   9  64  10  63  11  74  12  63  13  69  14  94  15  80  16  86  17  68  18  59  19  95 
  0  59   1  75   2  93   3  59   4  88   5  71   6  59   7  87   8  87   9  65  10  60  11  74  12  62  13  66  14  95  15  81  16  84  17  67  18  55  19  94 
  0  65   1  78   2  95   3  61   4  90   5  73   6  63   7  93   8  91   9  65  10  63  11  77  12  63  13  70  14  98  15  83  16  89  17  69  18  63  19  98 
  0  62   1  76   2  95   3  62   4  88   5  73   6  60   7  92   8  92   9  66  10  62  11  73  12  65  13  67  14  98  15  82  16  86  17  69  18  61  19  97 
  0  64   1  77   2  94   3  58   4  90   5  73   6  59   7  92   8  90   9  66  10  64  11  73  12  63  13  70  14  96  15  83  16  87  17  69  18  61  19  95 
  0  67   1  75   2  95   3  62   4  90   5  72   6  63   7  94   8  93   9  66  10  64  11  77  12  63  13  69  14  97  15  83  16  88  17  67  18  60  19  97 
  0  64   1  75   2  95   3  60   4  89   5  72   6  62   7  93   8  95   9  65  10  64  11  74  12  67  13  70  14  97  15  82  16  89  17  69  18  61  19  98 
  0  68   1  76   2  93   3  60   4  89   5  73   6  63   7  94   8  93   9  64  10  63  11  76  12  67  13  69  14  98  15  85  16  89  17  69  18  62  19  99 
  0  65   1  78   2  93   3  62   4  90   5  73   6  63   7  94   8  95   9  64  10  61  11  74  12  65  13  69  14  98  15  84  16  89  17  69  18  62  19  98 
  0  67   1  78   2  95   3  62   4  90   5  71   6  62   7  93   8  95   9  65  10  64  11  75  12  65  13  70  14  97  15  84  16  88  17  69  18  64  19  99 
  0  65   1  74   2  93   3  61   4  88   5  72   6  59   7  88   8  89   9  66  10  63  11  73  12  65  13  68  14  94  15  82  16  88  17  69  18  61  19  96 
  0  62   1  73   2  93   3  57   4  88   5  73   6  59   7  87   8  89   9  64  10  60  11  71  12  62  13  70  14  93  15  82  16  85  17  69  18  60  19  93 
  0  60   1  72   2  94   3  60   4  88   5  72   6  56   7  85   8  86   9  64  10  62  11  72  12  61  13  67  14  95  15  79  16  84  17  67  18  57  19  96 
  0  62   1  73   2  93   3  57   4  90   5  73   6  58   7  86   8  90   9  66  10  64  11  76  12  60  13  67  14  97  15  78  16  85  17  67  18  56  19  96 
  0  65   1  78   2  94   3  62   4  88   5  71   6  63   7  93   8  92   9  65  10  63  11  77  12  67  13  69  14  98  15  85  16  87  17  68  18  62  19  98 
  0  68   1  75   2  95   3  62   4  90   5  72   6  61   7  94   8  95   9  64  10  62  11  76  12  67  13  70  14  95  15  85  16  89  17  69  18  63  19  96 


