
 20  20

  0  55   1  62   2  82   3  88   4  56   5  81   6  60   7  91   8  83   9  68  10  81  11  55  12  64  13  64  14  82  15  57  16  84  17  61  18  66  19  88 
  0  55   1  59   2  82   3  89   4  56   5  81   6  62   7  92   8  82   9  70  10  84  11  57  12  68  13  62  14  82  15  60  16  86  17  64  18  65  19  89 
  0  47   1  59   2  82   3  81   4  55   5  81   6  57   7  87   8  77   9  64  10  80  11  55  12  66  13  60  14  81  15  55  16  78  17  59  18  66  19  87 
  0  54   1  61   2  82   3  87   4  56   5  79   6  62   7  91   8  85   9  68  10  81  11  56  12  67  13  64  14  82  15  57  16  84  17  62  18  66  19  89 
  0  47   1  59   2  80   3  82   4  55   5  79   6  60   7  84   8  80   9  67  10  78  11  55  12  63  13  59  14  80  15  55  16  79  17  61  18  66  19  89 
  0  48   1  60   2  82   3  84   4  52   5  81   6  57   7  86   8  77   9  67  10  81  11  56  12  63  13  60  14  78  15  55  16  77  17  60  18  65  19  89 
  0  51   1  62   2  80   3  86   4  55   5  79   6  60   7  89   8  78   9  65  10  83  11  57  12  63  13  63  14  79  15  56  16  81  17  61  18  65  19  89 
  0  50   1  60   2  82   3  85   4  52   5  79   6  59   7  89   8  80   9  65  10  83  11  55  12  63  13  62  14  81  15  55  16  82  17  60  18  64  19  87 
  0  53   1  59   2  80   3  86   4  56   5  79   6  64   7  92   8  83   9  70  10  81  11  57  12  66  13  62  14  81  15  60  16  84  17  64  18  66  19  89 
  0  48   1  59   2  82   3  84   4  53   5  81   6  60   7  86   8  77   9  66  10  81  11  55  12  65  13  62  14  78  15  56  16  80  17  60  18  64  19  88 
  0  47   1  59   2  80   3  83   4  54   5  81   6  59   7  86   8  76   9  64  10  80  11  55  12  62  13  60  14  79  15  52  16  77  17  58  18  65  19  87 
  0  47   1  60   2  80   3  85   4  52   5  79   6  56   7  85   8  79   9  64  10  78  11  56  12  65  13  57  14  79  15  51  16  80  17  56  18  65  19  88 
  0  53   1  61   2  81   3  87   4  55   5  81   6  59   7  91   8  80   9  67  10  84  11  56  12  64  13  61  14  78  15  56  16  81  17  62  18  66  19  87 
  0  49   1  59   2  80   3  81   4  55   5  79   6  57   7  86   8  76   9  63  10  79  11  56  12  64  13  57  14  81  15  54  16  78  17  59  18  65  19  89 
  0  55   1  60   2  82   3  88   4  55   5  81   6  61   7  93   8  83   9  69  10  81  11  57  12  68  13  64  14  79  15  58  16  84  17  63  18  66  19  87 
  0  53   1  60   2  81   3  86   4  56   5  79   6  61   7  87   8  81   9  65  10  80  11  55  12  65  13  60  14  82  15  57  16  82  17  61  18  66  19  88 
  0  49   1  61   2  82   3  87   4  53   5  81   6  58   7  86   8  82   9  65  10  81  11  55  12  66  13  60  14  81  15  55  16  83  17  60  18  64  19  87 
  0  47   1  58   2  82   3  81   4  52   5  81   6  57   7  86   8  78   9  63  10  79  11  55  12  62  13  57  14  80  15  51  16  77  17  56  18  64  19  87 
  0  50   1  61   2  82   3  83   4  52   5  80   6  61   7  88   8  81   9  68  10  78  11  55  12  63  13  58  14  80  15  52  16  80  17  57  18  64  19  87 
  0  56   1  59   2  82   3  89   4  55   5  79   6  61   7  91   8  85   9  71  10  81  11  57  12  67  13  65  14  79  15  57  16  82  17  64  18  66  19  89 


