
 20  20

  0  52   1  72   2  76   3  77   4  61   5  62   6  75   7  82   8  52   9  61  10  51  11  73  12  79  13  59  14  76  15  63  16  61  17  78  18  89  19  87 
  0  56   1  74   2  80   3  82   4  63   5  63   6  79   7  85   8  55   9  62  10  53  11  78  12  80  13  64  14  76  15  66  16  63  17  79  18  91  19  88 
  0  50   1  66   2  72   3  76   4  58   5  53   6  74   7  80   8  49   9  54  10  50  11  68  12  78  13  58  14  74  15  60  16  54  17  73  18  82  19  83 
  0  47   1  67   2  74   3  76   4  57   5  53   6  72   7  81   8  49   9  57  10  49  11  70  12  81  13  55  14  76  15  58  16  54  17  75  18  84  19  82 
  0  54   1  75   2  80   3  81   4  64   5  63   6  77   7  85   8  55   9  64  10  51  11  78  12  82  13  63  14  74  15  68  16  64  17  78  18  90  19  88 
  0  54   1  75   2  78   3  80   4  63   5  62   6  79   7  84   8  55   9  64  10  52  11  77  12  82  13  64  14  76  15  68  16  64  17  77  18  91  19  87 
  0  46   1  67   2  73   3  77   4  58   5  56   6  71   7  79   8  49   9  57  10  49  11  71  12  80  13  57  14  74  15  61  16  57  17  73  18  83  19  83 
  0  46   1  66   2  75   3  76   4  56   5  56   6  73   7  79   8  50   9  57  10  49  11  68  12  78  13  56  14  74  15  59  16  57  17  76  18  84  19  81 
  0  53   1  69   2  76   3  77   4  62   5  58   6  76   7  82   8  54   9  61  10  53  11  76  12  80  13  62  14  74  15  63  16  62  17  76  18  88  19  85 
  0  49   1  68   2  72   3  75   4  57   5  55   6  71   7  79   8  51   9  54  10  51  11  68  12  78  13  57  14  74  15  61  16  54  17  73  18  81  19  80 
  0  48   1  65   2  72   3  75   4  56   5  53   6  72   7  80   8  49   9  54  10  50  11  69  12  79  13  55  14  74  15  60  16  54  17  75  18  81  19  82 
  0  53   1  75   2  76   3  79   4  63   5  61   6  75   7  85   8  53   9  64  10  53  11  77  12  82  13  61  14  74  15  65  16  63  17  78  18  91  19  87 
  0  54   1  74   2  77   3  82   4  64   5  61   6  76   7  85   8  54   9  64  10  51  11  78  12  79  13  62  14  74  15  68  16  62  17  79  18  91  19  85 
  0  48   1  69   2  75   3  75   4  58   5  53   6  74   7  82   8  50   9  58  10  51  11  71  12  79  13  55  14  74  15  60  16  58  17  73  18  82  19  80 
  0  52   1  70   2  75   3  80   4  60   5  58   6  77   7  80   8  51   9  59  10  53  11  74  12  80  13  60  14  75  15  62  16  58  17  75  18  85  19  84 
  0  52   1  72   2  78   3  81   4  62   5  60   6  79   7  83   8  52   9  60  10  51  11  77  12  80  13  64  14  76  15  66  16  61  17  79  18  88  19  88 
  0  56   1  74   2  79   3  82   4  64   5  63   6  79   7  85   8  53   9  63  10  52  11  77  12  81  13  61  14  74  15  66  16  63  17  78  18  89  19  86 
  0  53   1  70   2  76   3  77   4  62   5  60   6  77   7  84   8  51   9  60  10  52  11  72  12  81  13  59  14  76  15  63  16  58  17  76  18  86  19  86 
  0  48   1  65   2  75   3  75   4  57   5  53   6  73   7  80   8  50   9  56  10  49  11  68  12  78  13  57  14  74  15  58  16  56  17  74  18  81  19  80 
  0  46   1  66   2  72   3  74   4  56   5  54   6  73   7  81   8  51   9  54  10  49  11  68  12  78  13  55  14  74  15  59  16  54  17  73  18  83  19  81 


