
 20  20

  0  50   1  55   2  55   3  44   4  45   5  45   6  49   7  62   8  47   9  78  10  77  11  77  12  64  13  50  14  68  15  59  16  55  17  49  18  74  19  63 
  0  49   1  55   2  55   3  45   4  44   5  43   6  49   7  62   8  44   9  77  10  75  11  78  12  66  13  50  14  68  15  58  16  53  17  49  18  74  19  63 
  0  52   1  56   2  55   3  44   4  41   5  44   6  46   7  64   8  43   9  75  10  75  11  74  12  64  13  48  14  66  15  59  16  53  17  51  18  72  19  65 
  0  54   1  56   2  55   3  43   4  43   5  47   6  50   7  62   8  45   9  80  10  76  11  77  12  66  13  48  14  68  15  58  16  56  17  49  18  76  19  63 
  0  49   1  55   2  53   3  43   4  41   5  44   6  47   7  61   8  44   9  74  10  74  11  73  12  64  13  47  14  64  15  57  16  51  17  49  18  69  19  63 
  0  55   1  59   2  55   3  44   4  43   5  47   6  51   7  66   8  46   9  82  10  77  11  79  12  64  13  51  14  72  15  59  16  59  17  51  18  79  19  63 
  0  53   1  57   2  54   3  45   4  43   5  47   6  50   7  65   8  46   9  78  10  75  11  80  12  66  13  49  14  69  15  57  16  59  17  53  18  78  19  64 
  0  48   1  56   2  54   3  43   4  43   5  43   6  45   7  61   8  43   9  77  10  73  11  74  12  64  13  48  14  65  15  57  16  52  17  51  18  73  19  63 
  0  50   1  55   2  53   3  45   4  43   5  45   6  45   7  61   8  42   9  77  10  74  11  77  12  64  13  49  14  68  15  59  16  55  17  49  18  73  19  63 
  0  55   1  59   2  55   3  45   4  45   5  44   6  50   7  65   8  45   9  80  10  77  11  81  12  66  13  49  14  71  15  59  16  57  17  51  18  78  19  63 
  0  52   1  59   2  55   3  43   4  44   5  44   6  51   7  65   8  46   9  79  10  74  11  79  12  66  13  51  14  73  15  59  16  58  17  53  18  78  19  65 
  0  53   1  59   2  53   3  43   4  43   5  43   6  46   7  65   8  44   9  78  10  76  11  76  12  66  13  49  14  68  15  58  16  53  17  52  18  72  19  65 
  0  48   1  57   2  53   3  43   4  43   5  45   6  45   7  64   8  45   9  77  10  76  11  77  12  65  13  47  14  68  15  57  16  51  17  52  18  70  19  63 
  0  48   1  56   2  53   3  44   4  41   5  45   6  45   7  62   8  44   9  76  10  73  11  76  12  65  13  48  14  65  15  57  16  51  17  51  18  69  19  64 
  0  50   1  55   2  55   3  43   4  41   5  43   6  47   7  64   8  46   9  77  10  73  11  75  12  64  13  47  14  66  15  59  16  51  17  49  18  72  19  63 
  0  53   1  59   2  54   3  43   4  42   5  47   6  50   7  63   8  47   9  78  10  74  11  76  12  64  13  51  14  71  15  59  16  57  17  52  18  74  19  65 
  0  49   1  57   2  53   3  43   4  41   5  46   6  47   7  61   8  44   9  75  10  73  11  75  12  64  13  50  14  64  15  59  16  52  17  49  18  69  19  64 
  0  50   1  58   2  54   3  43   4  41   5  44   6  47   7  61   8  43   9  74  10  74  11  73  12  64  13  48  14  65  15  57  16  55  17  52  18  71  19  63 
  0  55   1  56   2  53   3  43   4  45   5  47   6  51   7  67   8  47   9  78  10  75  11  78  12  66  13  51  14  73  15  57  16  57  17  53  18  75  19  63 
  0  48   1  57   2  53   3  43   4  41   5  43   6  45   7  63   8  42   9  74  10  73  11  75  12  66  13  48  14  66  15  58  16  54  17  50  18  72  19  63 


