
 20  20

  0   5   1  46   2  35   3  18   4  39   5  21   6  10   7  34   8  30   9  18  10  15  11  16  12  10  13  28  14  44  15  34  16  19  17  25  18   8  19  12 
  0  15   1  47   2  35   3  28   4  47   5  23   6  18   7  39   8  33   9  24  10  19  11  20  12   8  13  28  14  46  15  40  16  20  17  31  18  10  19  14 
  0   5   1  45   2  35   3  19   4  39   5  19   6  11   7  35   8  28   9  16  10  16  11  15  12   8  13  26  14  44  15  33  16  18  17  23  18   8  19  12 
  0   7   1  46   2  35   3  20   4  39   5  20   6  13   7  37   8  29   9  17  10  17  11  14  12  10  13  28  14  42  15  34  16  18  17  26  18   8  19  12 
  0   9   1  46   2  36   3  19   4  43   5  19   6  10   7  36   8  32   9  19  10  15  11  18  12   9  13  26  14  42  15  34  16  18  17  24  18   9  19  12 
  0  12   1  47   2  37   3  23   4  47   5  20   6  17   7  38   8  30   9  23  10  21  11  16  12  10  13  26  14  46  15  36  16  22  17  31  18  10  19  14 
  0   5   1  45   2  35   3  21   4  42   5  19   6  12   7  33   8  28   9  16  10  15  11  16  12   8  13  27  14  42  15  31  16  18  17  24  18   8  19  12 
  0  10   1  45   2  36   3  26   4  42   5  20   6  13   7  36   8  32   9  21  10  17  11  16  12  10  13  28  14  44  15  38  16  20  17  26  18   8  19  12 
  0  12   1  45   2  35   3  23   4  45   5  20   6  17   7  36   8  34   9  23  10  20  11  19  12   8  13  26  14  43  15  37  16  22  17  31  18   8  19  14 
  0   7   1  46   2  37   3  19   4  41   5  20   6  12   7  33   8  30   9  17  10  16  11  14  12  10  13  26  14  42  15  33  16  19  17  22  18   8  19  12 
  0   8   1  47   2  35   3  24   4  44   5  22   6  11   7  33   8  31   9  20  10  19  11  16  12  10  13  27  14  43  15  34  16  18  17  25  18  10  19  12 
  0   5   1  46   2  35   3  19   4  39   5  19   6  12   7  33   8  31   9  16  10  15  11  17  12   8  13  26  14  42  15  33  16  20  17  25  18   8  19  12 
  0   7   1  45   2  35   3  20   4  42   5  19   6  10   7  33   8  28   9  16  10  17  11  14  12  10  13  27  14  42  15  34  16  18  17  25  18   9  19  12 
  0  10   1  47   2  36   3  22   4  41   5  23   6  14   7  38   8  29   9  20  10  20  11  18  12   8  13  28  14  46  15  34  16  21  17  25  18   9  19  14 
  0  15   1  45   2  37   3  26   4  46   5  23   6  16   7  39   8  34   9  25  10  19  11  19  12   8  13  26  14  46  15  39  16  22  17  29  18  10  19  14 
  0  12   1  47   2  37   3  25   4  44   5  23   6  17   7  38   8  33   9  23  10  21  11  18  12   8  13  28  14  44  15  41  16  22  17  31  18   8  19  14 
  0   7   1  46   2  37   3  18   4  41   5  19   6  11   7  34   8  28   9  19  10  17  11  14  12   8  13  26  14  42  15  32  16  18  17  24  18   9  19  12 
  0   8   1  47   2  37   3  23   4  42   5  19   6  14   7  37   8  31   9  19  10  17  11  17  12   9  13  28  14  44  15  33  16  19  17  27  18   9  19  13 
  0  12   1  46   2  37   3  25   4  42   5  19   6  14   7  36   8  32   9  20  10  19  11  16  12   8  13  26  14  43  15  37  16  18  17  29  18   8  19  12 
  0  11   1  45   2  36   3  23   4  44   5  23   6  11   7  35   8  33   9  18  10  17  11  15  12   8  13  26  14  43  15  33  16  20  17  26  18  10  19  14 


