
 20  20

  0  37   1  18   2  48   3  43   4  50   5  41   6  22   7  37   8  20   9  25  10  14  11  12  12  43  13  33  14  20  15  18  16  38  17  25  18  20  19  43 
  0  39   1  19   2  49   3  42   4  50   5  44   6  23   7  35   8  24   9  25  10  12  11  13  12  43  13  34  14  19  15  19  16  37  17  24  18  19  19  47 
  0  45   1  24   2  48   3  47   4  49   5  46   6  27   7  42   8  27   9  25  10  15  11  11  12  45  13  32  14  21  15  18  16  39  17  30  18  22  19  48 
  0  37   1  18   2  48   3  41   4  48   5  42   6  22   7  36   8  17   9  25  10  10  11  11  12  42  13  30  14  21  15  17  16  35  17  26  18  18  19  41 
  0  45   1  24   2  48   3  45   4  50   5  46   6  29   7  42   8  24   9  24  10  17  11  13  12  44  13  33  14  21  15  17  16  39  17  30  18  21  19  50 
  0  35   1  18   2  49   3  38   4  50   5  40   6  19   7  35   8  19   9  23  10  11  11  11  12  39  13  30  14  18  15  18  16  32  17  24  18  20  19  40 
  0  39   1  22   2  48   3  40   4  50   5  43   6  24   7  34   8  21   9  23  10  14  11  13  12  43  13  34  14  20  15  20  16  38  17  24  18  21  19  44 
  0  36   1  18   2  49   3  38   4  48   5  38   6  19   7  33   8  19   9  24  10  11  11  11  12  41  13  32  14  21  15  18  16  32  17  23  18  18  19  41 
  0  37   1  18   2  48   3  39   4  49   5  40   6  19   7  34   8  18   9  23  10  11  11  11  12  40  13  30  14  20  15  16  16  34  17  23  18  18  19  40 
  0  44   1  21   2  50   3  47   4  49   5  44   6  26   7  41   8  25   9  25  10  15  11  13  12  45  13  34  14  19  15  20  16  38  17  30  18  20  19  46 
  0  44   1  24   2  49   3  48   4  50   5  44   6  29   7  40   8  27   9  25  10  17  11  12  12  42  13  31  14  19  15  17  16  38  17  27  18  19  19  50 
  0  40   1  21   2  50   3  42   4  50   5  41   6  25   7  34   8  19   9  25  10  11  11  11  12  40  13  32  14  18  15  17  16  38  17  24  18  19  19  42 
  0  40   1  24   2  48   3  42   4  50   5  43   6  23   7  38   8  23   9  25  10  13  11  11  12  41  13  33  14  20  15  18  16  37  17  27  18  18  19  45 
  0  40   1  22   2  50   3  41   4  50   5  41   6  21   7  35   8  18   9  25  10  14  11  11  12  42  13  31  14  18  15  18  16  37  17  26  18  20  19  43 
  0  41   1  21   2  50   3  44   4  50   5  44   6  27   7  38   8  21   9  23  10  13  11  11  12  41  13  32  14  21  15  16  16  38  17  29  18  22  19  48 
  0  36   1  18   2  48   3  39   4  48   5  39   6  20   7  33   8  21   9  23  10   9  11  12  12  39  13  33  14  20  15  17  16  34  17  22  18  21  19  40 
  0  37   1  21   2  48   3  38   4  49   5  40   6  19   7  34   8  17   9  23  10   9  11  11  12  42  13  31  14  19  15  17  16  32  17  23  18  18  19  40 
  0  40   1  19   2  49   3  43   4  50   5  41   6  24   7  37   8  18   9  23  10  13  11  12  12  43  13  31  14  20  15  17  16  35  17  22  18  18  19  43 
  0  38   1  18   2  48   3  39   4  48   5  39   6  20   7  34   8  19   9  24  10  14  11  11  12  39  13  30  14  21  15  17  16  36  17  27  18  19  19  44 
  0  38   1  20   2  50   3  43   4  50   5  43   6  21   7  36   8  19   9  25  10  12  11  11  12  39  13  33  14  20  15  16  16  36  17  25  18  18  19  42 


