
 20  20

  0  48   1  66   2  32   3  64   4  40   5  64   6  67   7  61   8  31   9  59  10  46  11  52  12  64  13  61  14  35  15  37  16  36  17  28  18  42  19  41 
  0  49   1  69   2  32   3  62   4  38   5  66   6  65   7  61   8  29   9  61  10  48  11  53  12  65  13  64  14  36  15  39  16  35  17  29  18  43  19  44 
  0  45   1  66   2  33   3  61   4  38   5  64   6  65   7  62   8  33   9  61  10  47  11  51  12  62  13  60  14  36  15  38  16  37  17  32  18  41  19  42 
  0  47   1  64   2  34   3  60   4  40   5  64   6  67   7  59   8  29   9  60  10  45  11  51  12  60  13  58  14  33  15  37  16  33  17  30  18  43  19  44 
  0  49   1  68   2  35   3  63   4  39   5  67   6  67   7  64   8  33   9  59  10  45  11  51  12  66  13  63  14  36  15  37  16  35  17  31  18  43  19  46 
  0  46   1  65   2  35   3  61   4  40   5  64   6  67   7  64   8  32   9  61  10  45  11  50  12  64  13  61  14  36  15  39  16  37  17  30  18  44  19  44 
  0  41   1  63   2  32   3  57   4  38   5  62   6  65   7  57   8  26   9  61  10  41  11  52  12  57  13  55  14  32  15  35  16  33  17  27  18  39  19  40 
  0  41   1  63   2  31   3  57   4  38   5  64   6  65   7  59   8  27   9  59  10  39  11  49  12  57  13  58  14  32  15  35  16  32  17  25  18  42  19  38 
  0  48   1  65   2  35   3  63   4  38   5  65   6  67   7  62   8  32   9  61  10  42  11  51  12  64  13  58  14  37  15  38  16  34  17  31  18  44  19  40 
  0  42   1  65   2  31   3  59   4  39   5  61   6  65   7  57   8  28   9  60  10  40  11  49  12  59  13  60  14  33  15  36  16  32  17  29  18  39  19  42 
  0  50   1  65   2  32   3  61   4  38   5  66   6  65   7  62   8  32   9  60  10  47  11  53  12  62  13  62  14  34  15  37  16  38  17  30  18  41  19  45 
  0  49   1  67   2  36   3  63   4  40   5  67   6  67   7  63   8  34   9  59  10  47  11  51  12  63  13  64  14  35  15  36  16  37  17  31  18  43  19  46 
  0  47   1  65   2  35   3  63   4  40   5  65   6  67   7  61   8  29   9  61  10  43  11  50  12  61  13  58  14  34  15  35  16  33  17  30  18  41  19  44 
  0  48   1  69   2  37   3  66   4  40   5  67   6  67   7  64   8  32   9  59  10  48  11  53  12  67  13  63  14  37  15  38  16  36  17  31  18  45  19  43 
  0  42   1  64   2  29   3  58   4  38   5  64   6  65   7  60   8  26   9  61  10  39  11  50  12  58  13  56  14  33  15  35  16  33  17  25  18  42  19  38 
  0  48   1  67   2  34   3  66   4  40   5  66   6  67   7  63   8  34   9  60  10  48  11  53  12  64  13  65  14  37  15  39  16  38  17  33  18  42  19  45 
  0  50   1  66   2  33   3  65   4  40   5  65   6  66   7  60   8  31   9  59  10  46  11  53  12  64  13  62  14  36  15  36  16  34  17  28  18  44  19  43 
  0  47   1  66   2  35   3  60   4  39   5  66   6  65   7  64   8  30   9  59  10  45  11  50  12  63  13  59  14  37  15  39  16  36  17  29  18  42  19  44 
  0  47   1  67   2  30   3  59   4  38   5  62   6  67   7  62   8  30   9  61  10  44  11  51  12  59  13  59  14  32  15  36  16  34  17  28  18  39  19  40 
  0  47   1  68   2  34   3  62   4  39   5  66   6  67   7  62   8  30   9  59  10  48  11  53  12  67  13  65  14  36  15  37  16  39  17  32  18  45  19  42 


