
 20  20

  0  42   1  70   2  43   3  63   4  56   5  54   6  48   7  66   8  59   9  78  10  55  11  48  12  57  13  42  14  57  15  73  16  46  17  44  18  63  19  49 
  0  44   1  72   2  51   3  67   4  61   5  58   6  54   7  70   8  65   9  80  10  55  11  48  12  65  13  47  14  61  15  72  16  47  17  47  18  64  19  56 
  0  45   1  71   2  47   3  65   4  58   5  56   6  49   7  68   8  62   9  78  10  54  11  50  12  60  13  46  14  57  15  72  16  47  17  47  18  65  19  51 
  0  40   1  70   2  44   3  64   4  54   5  54   6  49   7  67   8  58   9  76  10  53  11  48  12  57  13  41  14  59  15  72  16  46  17  44  18  65  19  47 
  0  44   1  70   2  48   3  63   4  55   5  57   6  48   7  69   8  61   9  76  10  56  11  48  12  60  13  42  14  57  15  74  16  47  17  46  18  65  19  52 
  0  43   1  71   2  49   3  66   4  60   5  57   6  49   7  69   8  63   9  78  10  56  11  49  12  59  13  46  14  61  15  74  16  46  17  48  18  64  19  51 
  0  46   1  72   2  51   3  64   4  60   5  56   6  54   7  74   8  66   9  80  10  58  11  50  12  64  13  51  14  61  15  74  16  48  17  46  18  64  19  56 
  0  45   1  72   2  50   3  67   4  62   5  56   6  54   7  69   8  63   9  80  10  57  11  48  12  60  13  47  14  58  15  72  16  46  17  48  18  64  19  54 
  0  46   1  72   2  50   3  66   4  60   5  58   6  50   7  74   8  63   9  79  10  54  11  48  12  63  13  50  14  60  15  74  16  48  17  48  18  65  19  54 
  0  41   1  71   2  45   3  63   4  55   5  57   6  51   7  66   8  59   9  77  10  56  11  50  12  61  13  43  14  60  15  74  16  48  17  46  18  64  19  51 
  0  46   1  73   2  47   3  67   4  62   5  57   6  54   7  71   8  65   9  79  10  58  11  48  12  62  13  50  14  61  15  72  16  46  17  48  18  65  19  53 
  0  41   1  73   2  45   3  66   4  54   5  54   6  51   7  66   8  61   9  78  10  53  11  48  12  61  13  41  14  57  15  73  16  47  17  45  18  63  19  50 
  0  43   1  71   2  43   3  63   4  58   5  54   6  49   7  65   8  61   9  76  10  53  11  48  12  58  13  42  14  60  15  72  16  47  17  45  18  63  19  51 
  0  43   1  70   2  47   3  64   4  58   5  57   6  48   7  69   8  62   9  79  10  56  11  49  12  59  13  42  14  57  15  74  16  48  17  44  18  63  19  49 
  0  39   1  71   2  46   3  63   4  54   5  56   6  50   7  65   8  57   9  76  10  54  11  50  12  59  13  42  14  59  15  72  16  46  17  44  18  65  19  49 
  0  48   1  72   2  48   3  67   4  59   5  56   6  53   7  71   8  62   9  80  10  55  11  48  12  60  13  50  14  61  15  74  16  47  17  46  18  63  19  52 
  0  43   1  74   2  47   3  64   4  58   5  57   6  51   7  70   8  62   9  77  10  57  11  48  12  59  13  45  14  59  15  73  16  46  17  46  18  63  19  52 
  0  42   1  72   2  45   3  67   4  58   5  54   6  53   7  70   8  63   9  79  10  55  11  50  12  60  13  45  14  58  15  72  16  48  17  46  18  63  19  51 
  0  47   1  72   2  51   3  66   4  63   5  56   6  54   7  75   8  67   9  78  10  55  11  50  12  64  13  49  14  58  15  74  16  48  17  46  18  63  19  56 
  0  41   1  72   2  44   3  63   4  56   5  54   6  48   7  65   8  59   9  79  10  52  11  48  12  57  13  42  14  60  15  72  16  47  17  44  18  63  19  48 


