
 20  20

  0  36   1  66   2  42   3  43   4  59   5  43   6  55   7  41   8  66   9  44  10  42  11  30  12  40  13  66  14  66  15  60  16  37  17  48  18  61  19  58 
  0  38   1  66   2  43   3  48   4  60   5  44   6  57   7  39   8  66   9  44  10  39  11  31  12  41  13  64  14  67  15  57  16  37  17  48  18  64  19  61 
  0  34   1  64   2  43   3  45   4  61   5  45   6  56   7  39   8  66   9  47  10  39  11  29  12  39  13  66  14  68  15  60  16  35  17  44  18  64  19  57 
  0  34   1  66   2  40   3  45   4  59   5  45   6  55   7  41   8  68   9  43  10  41  11  31  12  38  13  66  14  66  15  58  16  35  17  44  18  60  19  58 
  0  36   1  69   2  43   3  46   4  62   5  44   6  57   7  41   8  67   9  44  10  42  11  29  12  40  13  66  14  69  15  61  16  35  17  48  18  63  19  59 
  0  35   1  69   2  43   3  47   4  61   5  46   6  54   7  41   8  68   9  48  10  42  11  31  12  40  13  66  14  67  15  60  16  35  17  48  18  64  19  57 
  0  30   1  64   2  40   3  43   4  58   5  46   6  53   7  41   8  66   9  41  10  38  11  31  12  35  13  64  14  64  15  56  16  34  17  44  18  61  19  55 
  0  39   1  68   2  44   3  47   4  63   5  47   6  57   7  41   8  68   9  47  10  42  11  30  12  40  13  66  14  71  15  58  16  36  17  45  18  64  19  61 
  0  29   1  62   2  40   3  40   4  56   5  44   6  54   7  39   8  67   9  40  10  39  11  29  12  34  13  64  14  63  15  56  16  33  17  44  18  59  19  53 
  0  29   1  63   2  42   3  40   4  56   5  43   6  53   7  39   8  67   9  39  10  38  11  29  12  35  13  66  14  63  15  55  16  33  17  44  18  57  19  53 
  0  31   1  62   2  43   3  45   4  60   5  45   6  53   7  41   8  68   9  42  10  38  11  31  12  40  13  64  14  65  15  58  16  33  17  44  18  59  19  54 
  0  32   1  62   2  41   3  42   4  61   5  44   6  53   7  40   8  68   9  43  10  40  11  29  12  35  13  65  14  65  15  57  16  36  17  44  18  62  19  54 
  0  39   1  66   2  44   3  48   4  64   5  47   6  55   7  40   8  67   9  49  10  41  11  31  12  44  13  66  14  71  15  60  16  34  17  48  18  66  19  61 
  0  30   1  65   2  43   3  43   4  60   5  45   6  54   7  39   8  67   9  40  10  40  11  31  12  35  13  64  14  65  15  58  16  33  17  46  18  60  19  57 
  0  34   1  63   2  42   3  43   4  58   5  44   6  54   7  39   8  66   9  45  10  42  11  31  12  40  13  64  14  67  15  56  16  35  17  48  18  62  19  55 
  0  32   1  64   2  42   3  42   4  58   5  44   6  53   7  39   8  68   9  42  10  39  11  29  12  35  13  64  14  63  15  56  16  33  17  44  18  57  19  55 
  0  36   1  66   2  41   3  45   4  62   5  44   6  56   7  41   8  67   9  43  10  40  11  30  12  41  13  65  14  68  15  60  16  37  17  47  18  65  19  58 
  0  34   1  67   2  41   3  47   4  61   5  47   6  56   7  41   8  68   9  44  10  41  11  30  12  39  13  66  14  70  15  57  16  37  17  45  18  65  19  61 
  0  31   1  66   2  41   3  41   4  61   5  45   6  55   7  41   8  66   9  41  10  41  11  30  12  37  13  64  14  65  15  57  16  35  17  44  18  63  19  58 
  0  36   1  65   2  40   3  43   4  59   5  45   6  56   7  39   8  68   9  45  10  40  11  29  12  42  13  64  14  68  15  60  16  37  17  45  18  61  19  56 


