
 20  20

  0  17   1  48   2  30   3  40   4  20   5  47   6  39   7  36   8  40   9  25  10  43  11  38  12  30  13  40  14  48  15  20  16  27  17  19  18  40  19  27 
  0  21   1  49   2  37   3  41   4  23   5  47   6  47   7  39   8  45   9  28  10  45  11  42  12  31  13  44  14  50  15  20  16  32  17  24  18  42  19  28 
  0  21   1  48   2  39   3  44   4  24   5  47   6  45   7  40   8  45   9  32  10  47  11  42  12  31  13  46  14  49  15  19  16  37  17  22  18  40  19  28 
  0  14   1  48   2  33   3  40   4  18   5  48   6  41   7  38   8  42   9  26  10  43  11  39  12  30  13  42  14  48  15  19  16  31  17  19  18  40  19  28 
  0  22   1  50   2  37   3  44   4  24   5  48   6  48   7  42   8  48   9  33  10  47  11  42  12  31  13  48  14  50  15  19  16  37  17  25  18  42  19  28 
  0  22   1  50   2  38   3  44   4  24   5  49   6  49   7  41   8  48   9  33  10  44  11  42  12  29  13  48  14  48  15  18  16  34  17  22  18  42  19  28 
  0  16   1  50   2  29   3  38   4  18   5  47   6  39   7  34   8  40   9  25  10  41  11  40  12  29  13  39  14  50  15  18  16  28  17  19  18  40  19  26 
  0  17   1  48   2  31   3  42   4  22   5  47   6  40   7  34   8  42   9  27  10  42  11  38  12  31  13  44  14  48  15  20  16  30  17  23  18  41  19  26 
  0  21   1  48   2  33   3  39   4  20   5  48   6  42   7  37   8  46   9  29  10  44  11  42  12  29  13  43  14  49  15  20  16  33  17  21  18  41  19  28 
  0  16   1  49   2  31   3  38   4  21   5  49   6  40   7  36   8  43   9  26  10  41  11  38  12  29  13  40  14  48  15  18  16  29  17  20  18  40  19  27 
  0  20   1  48   2  35   3  44   4  23   5  48   6  47   7  40   8  45   9  31  10  47  11  42  12  29  13  45  14  50  15  20  16  33  17  25  18  42  19  28 
  0  23   1  50   2  39   3  43   4  26   5  49   6  49   7  41   8  46   9  33  10  47  11  42  12  30  13  49  14  50  15  20  16  36  17  24  18  42  19  26 
  0  22   1  49   2  35   3  43   4  25   5  49   6  45   7  38   8  47   9  30  10  45  11  42  12  31  13  47  14  48  15  19  16  35  17  22  18  41  19  26 
  0  24   1  48   2  37   3  42   4  26   5  49   6  47   7  42   8  46   9  32  10  46  11  42  12  31  13  49  14  50  15  19  16  37  17  25  18  42  19  27 
  0  24   1  49   2  36   3  42   4  26   5  49   6  48   7  42   8  48   9  33  10  47  11  41  12  31  13  49  14  50  15  20  16  37  17  25  18  42  19  27 
  0  22   1  50   2  34   3  41   4  24   5  47   6  45   7  39   8  45   9  29  10  43  11  42  12  31  13  48  14  50  15  18  16  35  17  22  18  42  19  26 
  0  17   1  48   2  29   3  38   4  21   5  47   6  42   7  35   8  42   9  25  10  44  11  38  12  29  13  41  14  50  15  18  16  29  17  19  18  40  19  28 
  0  23   1  50   2  39   3  43   4  26   5  47   6  47   7  40   8  47   9  30  10  44  11  42  12  31  13  49  14  48  15  19  16  37  17  23  18  42  19  28 
  0  24   1  50   2  39   3  42   4  23   5  49   6  46   7  41   8  48   9  30  10  47  11  42  12  31  13  46  14  48  15  20  16  34  17  22  18  42  19  28 
  0  14   1  50   2  32   3  38   4  18   5  49   6  41   7  34   8  40   9  26  10  43  11  38  12  29  13  39  14  48  15  18  16  27  17  20  18  40  19  28 


