
 20  20

  0  40   1  38   2  42   3  58   4  63   5  72   6  64   7  61   8  70   9  69  10  64  11  64  12  74  13  45  14  52  15  77  16  65  17  61  18  41  19  46 
  0  48   1  47   2  42   3  58   4  69   5  74   6  68   7  65   8  76   9  71  10  66  11  72  12  77  13  45  14  54  15  87  16  66  17  67  18  51  19  51 
  0  45   1  41   2  41   3  57   4  64   5  72   6  68   7  61   8  73   9  69  10  64  11  68  12  77  13  43  14  52  15  83  16  65  17  60  18  45  19  47 
  0  46   1  42   2  42   3  57   4  63   5  72   6  67   7  61   8  71   9  69  10  66  11  69  12  76  13  43  14  52  15  82  16  65  17  63  18  47  19  50 
  0  50   1  46   2  45   3  61   4  69   5  74   6  70   7  67   8  76   9  72  10  68  11  73  12  80  13  44  14  56  15  87  16  66  17  66  18  49  19  50 
  0  43   1  38   2  41   3  57   4  63   5  72   6  64   7  63   8  70   9  70  10  64  11  63  12  74  13  44  14  53  15  78  16  66  17  58  18  43  19  48 
  0  46   1  40   2  41   3  57   4  63   5  72   6  65   7  62   8  73   9  70  10  65  11  69  12  76  13  45  14  52  15  82  16  64  17  60  18  45  19  49 
  0  42   1  41   2  44   3  57   4  63   5  72   6  65   7  63   8  73   9  71  10  67  11  64  12  75  13  44  14  52  15  79  16  65  17  59  18  43  19  50 
  0  47   1  41   2  45   3  59   4  65   5  74   6  68   7  65   8  73   9  72  10  64  11  67  12  77  13  45  14  52  15  80  16  64  17  61  18  47  19  47 
  0  48   1  48   2  43   3  61   4  68   5  74   6  70   7  67   8  74   9  73  10  68  11  73  12  79  13  44  14  56  15  87  16  66  17  66  18  51  19  51 
  0  42   1  42   2  41   3  57   4  65   5  74   6  69   7  63   8  73   9  70  10  68  11  66  12  75  13  45  14  53  15  83  16  64  17  61  18  46  19  51 
  0  47   1  45   2  43   3  59   4  69   5  74   6  70   7  65   8  75   9  71  10  66  11  70  12  80  13  44  14  56  15  86  16  66  17  68  18  50  19  52 
  0  45   1  41   2  43   3  58   4  68   5  74   6  67   7  62   8  72   9  71  10  67  11  70  12  76  13  43  14  56  15  81  16  65  17  64  18  45  19  50 
  0  43   1  41   2  43   3  60   4  63   5  73   6  65   7  64   8  70   9  71  10  64  11  67  12  75  13  43  14  53  15  79  16  64  17  61  18  41  19  48 
  0  48   1  48   2  45   3  61   4  67   5  74   6  67   7  66   8  73   9  72  10  66  11  72  12  78  13  45  14  55  15  87  16  64  17  67  18  50  19  50 
  0  50   1  47   2  44   3  61   4  69   5  73   6  70   7  66   8  76   9  73  10  67  11  73  12  80  13  45  14  56  15  86  16  64  17  67  18  51  19  52 
  0  50   1  48   2  43   3  58   4  69   5  74   6  70   7  66   8  76   9  73  10  68  11  69  12  79  13  43  14  53  15  83  16  66  17  65  18  49  19  52 
  0  50   1  48   2  45   3  59   4  69   5  72   6  68   7  66   8  73   9  73  10  68  11  72  12  80  13  45  14  55  15  85  16  66  17  67  18  48  19  51 
  0  45   1  45   2  44   3  60   4  68   5  74   6  68   7  63   8  73   9  69  10  64  11  71  12  76  13  43  14  53  15  81  16  64  17  65  18  49  19  49 
  0  46   1  42   2  45   3  61   4  64   5  74   6  68   7  63   8  72   9  71  10  64  11  65  12  77  13  43  14  56  15  83  16  64  17  63  18  45  19  46 


