
 20  20

  0  64   1  54   2  57   3  60   4  52   5  66   6  46   7  61   8  51   9  66  10  34  11  41  12  48  13  70  14  63  15  41  16  70  17  67  18  62  19  67 
  0  71   1  55   2  61   3  61   4  53   5  71   6  49   7  67   8  54   9  66  10  36  11  40  12  54  13  74  14  67  15  41  16  72  17  68  18  63  19  67 
  0  66   1  56   2  57   3  61   4  52   5  67   6  45   7  63   8  51   9  67  10  37  11  38  12  48  13  74  14  64  15  41  16  71  17  66  18  63  19  67 
  0  64   1  54   2  57   3  58   4  52   5  67   6  48   7  61   8  53   9  66  10  33  11  40  12  50  13  73  14  64  15  40  16  69  17  65  18  65  19  65 
  0  71   1  55   2  60   3  63   4  54   5  74   6  46   7  64   8  52   9  70  10  40  11  42  12  54  13  74  14  66  15  41  16  76  17  66  18  64  19  67 
  0  65   1  56   2  57   3  61   4  50   5  65   6  47   7  63   8  53   9  66  10  37  11  40  12  50  13  70  14  63  15  39  16  71  17  66  18  62  19  67 
  0  69   1  54   2  60   3  63   4  56   5  74   6  49   7  67   8  55   9  69  10  36  11  43  12  51  13  75  14  67  15  41  16  74  17  68  18  66  19  66 
  0  62   1  54   2  55   3  57   4  50   5  64   6  45   7  62   8  50   9  66  10  32  11  37  12  47  13  70  14  63  15  39  16  66  17  66  18  62  19  67 
  0  71   1  56   2  61   3  62   4  57   5  73   6  48   7  65   8  54   9  69  10  40  11  42  12  53  13  76  14  67  15  41  16  75  17  68  18  66  19  67 
  0  65   1  54   2  58   3  63   4  56   5  72   6  47   7  63   8  55   9  67  10  35  11  43  12  52  13  74  14  66  15  41  16  74  17  66  18  66  19  67 
  0  67   1  56   2  56   3  58   4  55   5  69   6  45   7  63   8  50   9  65  10  37  11  40  12  48  13  74  14  66  15  39  16  70  17  66  18  66  19  67 
  0  64   1  54   2  57   3  58   4  52   5  66   6  47   7  65   8  50   9  62  10  36  11  40  12  50  13  74  14  66  15  39  16  71  17  66  18  62  19  67 
  0  64   1  56   2  57   3  60   4  55   5  68   6  46   7  63   8  53   9  67  10  36  11  38  12  52  13  71  14  63  15  39  16  73  17  67  18  65  19  67 
  0  69   1  54   2  59   3  59   4  51   5  70   6  48   7  65   8  51   9  66  10  38  11  38  12  51  13  72  14  67  15  41  16  73  17  66  18  66  19  67 
  0  67   1  56   2  58   3  58   4  52   5  67   6  47   7  63   8  53   9  65  10  37  11  41  12  49  13  71  14  65  15  39  16  72  17  68  18  65  19  67 
  0  65   1  56   2  59   3  61   4  54   5  68   6  49   7  63   8  50   9  68  10  35  11  41  12  50  13  74  14  66  15  41  16  71  17  64  18  66  19  66 
  0  70   1  55   2  61   3  59   4  57   5  69   6  47   7  66   8  54   9  70  10  36  11  41  12  50  13  73  14  67  15  41  16  72  17  68  18  65  19  65 
  0  62   1  55   2  55   3  60   4  51   5  66   6  48   7  61   8  52   9  66  10  35  11  38  12  46  13  71  14  66  15  40  16  67  17  64  18  62  19  67 
  0  69   1  55   2  61   3  63   4  55   5  72   6  49   7  65   8  53   9  70  10  40  11  43  12  54  13  75  14  65  15  40  16  76  17  68  18  66  19  67 
  0  69   1  56   2  59   3  60   4  53   5  70   6  47   7  66   8  54   9  69  10  39  11  42  12  50  13  75  14  63  15  41  16  72  17  67  18  65  19  67 


