
 20  20

  0  32   1  15   2  26   3  37   4  36   5  12   6  31   7  28   8  31   9  23  10  23  11  32  12  40  13  39  14  39  15  19  16  18  17  26  18  37  19  46 
  0  39   1  22   2  30   3  41   4  39   5  14   6  31   7  34   8  37   9  26  10  31  11  35  12  40  13  44  14  46  15  23  16  26  17  30  18  40  19  50 
  0  40   1  19   2  30   3  40   4  41   5  16   6  31   7  33   8  37   9  28  10  33  11  35  12  39  13  43  14  47  15  26  16  27  17  30  18  43  19  51 
  0  37   1  22   2  28   3  41   4  40   5  15   6  29   7  33   8  39   9  30  10  28  11  32  12  41  13  43  14  45  15  24  16  24  17  33  18  40  19  50 
  0  36   1  15   2  26   3  39   4  38   5  15   6  29   7  29   8  33   9  25  10  27  11  32  12  39  13  37  14  40  15  18  16  22  17  27  18  39  19  44 
  0  39   1  23   2  29   3  41   4  43   5  15   6  31   7  35   8  41   9  31  10  33  11  34  12  42  13  46  14  46  15  25  16  28  17  32  18  42  19  50 
  0  41   1  19   2  29   3  39   4  41   5  14   6  29   7  35   8  39   9  28  10  32  11  35  12  41  13  43  14  45  15  25  16  24  17  30  18  42  19  48 
  0  35   1  17   2  29   3  37   4  39   5  13   6  29   7  29   8  34   9  25  10  26  11  31  12  38  13  38  14  42  15  22  16  23  17  27  18  40  19  43 
  0  41   1  22   2  28   3  42   4  41   5  17   6  29   7  35   8  37   9  26  10  31  11  32  12  42  13  44  14  43  15  25  16  23  17  31  18  43  19  51 
  0  35   1  17   2  28   3  37   4  37   5  12   6  30   7  28   8  33   9  21  10  23  11  31  12  38  13  38  14  41  15  20  16  21  17  25  18  38  19  43 
  0  36   1  19   2  27   3  38   4  38   5  16   6  31   7  29   8  36   9  24  10  25  11  32  12  39  13  41  14  44  15  22  16  24  17  26  18  38  19  47 
  0  41   1  23   2  30   3  43   4  44   5  17   6  29   7  37   8  41   9  28  10  33  11  34  12  41  13  43  14  45  15  26  16  28  17  32  18  43  19  50 
  0  34   1  18   2  28   3  37   4  38   5  12   6  30   7  29   8  33   9  22  10  23  11  31  12  39  13  38  14  39  15  19  16  19  17  25  18  38  19  45 
  0  42   1  23   2  30   3  43   4  43   5  17   6  31   7  37   8  39   9  31  10  32  11  35  12  42  13  46  14  47  15  25  16  28  17  33  18  43  19  51 
  0  38   1  21   2  29   3  40   4  40   5  15   6  31   7  33   8  38   9  24  10  27  11  34  12  40  13  40  14  45  15  22  16  25  17  31  18  39  19  48 
  0  35   1  19   2  26   3  40   4  38   5  16   6  30   7  30   8  35   9  25  10  27  11  31  12  39  13  39  14  40  15  22  16  21  17  30  18  41  19  44 
  0  39   1  23   2  30   3  40   4  41   5  18   6  31   7  34   8  39   9  31  10  33  11  34  12  39  13  44  14  46  15  24  16  28  17  30  18  41  19  48 
  0  42   1  21   2  30   3  43   4  42   5  15   6  31   7  37   8  40   9  30  10  32  11  35  12  40  13  44  14  47  15  26  16  28  17  30  18  43  19  49 
  0  42   1  22   2  30   3  43   4  44   5  18   6  31   7  34   8  41   9  31  10  32  11  35  12  42  13  45  14  45  15  26  16  26  17  32  18  43  19  51 
  0  32   1  18   2  29   3  40   4  38   5  12   6  30   7  29   8  33   9  24  10  27  11  32  12  40  13  40  14  42  15  19  16  18  17  27  18  37  19  43 


