
 20  20

  0  48   1  71   2  61   3  66   4  50   5  63   6  40   7  48   8  65   9  49  10  52  11  74  12  63  13  75  14  52  15  36  16  66  17  40  18  78  19  71 
  0  44   1  68   2  56   3  61   4  48   5  57   6  37   7  46   8  66   9  49  10  48  11  67  12  62  13  71  14  45  15  36  16  60  17  36  18  72  19  63 
  0  45   1  68   2  59   3  65   4  50   5  60   6  37   7  45   8  66   9  47  10  50  11  71  12  64  13  73  14  46  15  34  16  62  17  39  18  73  19  66 
  0  46   1  68   2  63   3  65   4  48   5  63   6  37   7  47   8  66   9  51  10  49  11  72  12  63  13  73  14  50  15  36  16  66  17  38  18  77  19  70 
  0  41   1  69   2  56   3  60   4  49   5  57   6  36   7  45   8  64   9  48  10  48  11  66  12  60  13  71  14  44  15  34  16  56  17  32  18  70  19  62 
  0  40   1  67   2  57   3  60   4  48   5  57   6  36   7  44   8  64   9  47  10  48  11  66  12  62  13  71  14  42  15  35  16  58  17  32  18  68  19  62 
  0  48   1  71   2  63   3  65   4  50   5  63   6  40   7  48   8  67   9  51  10  51  11  74  12  64  13  75  14  52  15  36  16  65  17  42  18  78  19  71 
  0  46   1  67   2  60   3  63   4  50   5  59   6  37   7  44   8  64   9  48  10  51  11  67  12  62  13  71  14  46  15  34  16  62  17  38  18  70  19  68 
  0  40   1  67   2  56   3  60   4  48   5  57   6  36   7  44   8  63   9  48  10  49  11  66  12  60  13  71  14  44  15  35  16  59  17  35  18  71  19  64 
  0  49   1  68   2  62   3  64   4  49   5  60   6  39   7  45   8  66   9  50  10  52  11  71  12  63  13  74  14  50  15  36  16  64  17  39  18  78  19  69 
  0  40   1  70   2  58   3  61   4  48   5  58   6  36   7  47   8  65   9  48  10  48  11  69  12  63  13  71  14  46  15  36  16  58  17  33  18  68  19  65 
  0  47   1  67   2  60   3  61   4  49   5  58   6  40   7  46   8  65   9  51  10  48  11  71  12  64  13  72  14  45  15  36  16  59  17  35  18  75  19  68 
  0  50   1  69   2  64   3  65   4  50   5  60   6  40   7  46   8  67   9  50  10  50  11  74  12  64  13  72  14  52  15  34  16  64  17  42  18  78  19  72 
  0  43   1  67   2  58   3  60   4  48   5  59   6  38   7  44   8  63   9  47  10  49  11  66  12  61  13  72  14  44  15  35  16  57  17  32  18  71  19  62 
  0  46   1  69   2  59   3  62   4  50   5  60   6  40   7  44   8  66   9  50  10  52  11  70  12  60  13  71  14  47  15  34  16  64  17  39  18  76  19  70 
  0  48   1  71   2  61   3  63   4  49   5  63   6  40   7  46   8  65   9  51  10  50  11  71  12  64  13  73  14  51  15  36  16  64  17  38  18  77  19  69 
  0  40   1  67   2  58   3  61   4  48   5  58   6  36   7  46   8  64   9  48  10  49  11  66  12  61  13  73  14  44  15  35  16  56  17  32  18  68  19  62 
  0  47   1  68   2  62   3  63   4  49   5  62   6  36   7  44   8  65   9  48  10  50  11  70  12  62  13  74  14  49  15  34  16  59  17  39  18  72  19  65 
  0  41   1  68   2  59   3  61   4  48   5  59   6  38   7  46   8  66   9  49  10  49  11  66  12  63  13  74  14  44  15  34  16  56  17  35  18  68  19  63 
  0  44   1  70   2  59   3  64   4  48   5  59   6  40   7  45   8  66   9  47  10  49  11  68  12  62  13  71  14  47  15  36  16  60  17  35  18  73  19  68 


