
 20  20

  0  32   1  40   2  53   3  25   4  28   5  22   6  47   7  25   8  53   9  58  10  56  11  25  12  36  13  51  14  49  15  39  16  44  17  35  18  26  19  63 
  0  27   1  38   2  50   3  23   4  27   5  20   6  46   7  23   8  49   9  55  10  55  11  24  12  35  13  49  14  45  15  36  16  42  17  34  18  23  19  62 
  0  32   1  41   2  51   3  25   4  25   5  21   6  47   7  25   8  51   9  55  10  53  11  25  12  36  13  51  14  48  15  36  16  45  17  34  18  26  19  63 
  0  26   1  38   2  50   3  23   4  24   5  22   6  47   7  19   8  50   9  53  10  53  11  23  12  34  13  50  14  48  15  35  16  43  17  31  18  21  19  59 
  0  27   1  39   2  49   3  25   4  28   5  23   6  45   7  22   8  49   9  56  10  54  11  23  12  35  13  51  14  45  15  39  16  41  17  35  18  22  19  62 
  0  32   1  40   2  53   3  25   4  28   5  22   6  45   7  25   8  51   9  57  10  56  11  25  12  36  13  51  14  50  15  38  16  44  17  34  18  23  19  63 
  0  28   1  35   2  47   3  21   4  27   5  20   6  45   7  23   8  48   9  53  10  52  11  25  12  36  13  50  14  48  15  34  16  43  17  33  18  21  19  59 
  0  22   1  33   2  43   3  22   4  24   5  21   6  45   7  18   8  43   9  52  10  52  11  23  12  34  13  49  14  44  15  35  16  37  17  27  18  17  19  57 
  0  32   1  41   2  53   3  25   4  28   5  21   6  45   7  24   8  52   9  57  10  56  11  25  12  36  13  50  14  48  15  38  16  44  17  35  18  26  19  63 
  0  29   1  41   2  53   3  25   4  28   5  22   6  45   7  23   8  50   9  58  10  55  11  24  12  36  13  50  14  50  15  38  16  44  17  34  18  25  19  62 
  0  29   1  38   2  53   3  23   4  28   5  20   6  47   7  24   8  50   9  57  10  55  11  23  12  35  13  50  14  49  15  38  16  45  17  36  18  23  19  63 
  0  25   1  36   2  48   3  21   4  27   5  20   6  47   7  18   8  47   9  52  10  52  11  25  12  34  13  50  14  43  15  36  16  42  17  30  18  20  19  57 
  0  26   1  38   2  48   3  21   4  28   5  20   6  47   7  22   8  50   9  57  10  56  11  25  12  36  13  51  14  46  15  34  16  40  17  34  18  22  19  58 
  0  24   1  36   2  47   3  21   4  26   5  19   6  45   7  18   8  45   9  56  10  52  11  25  12  34  13  49  14  46  15  37  16  39  17  28  18  18  19  59 
  0  28   1  38   2  53   3  23   4  28   5  22   6  47   7  24   8  53   9  58  10  55  11  25  12  36  13  49  14  48  15  39  16  42  17  34  18  26  19  63 
  0  27   1  37   2  47   3  23   4  26   5  21   6  45   7  19   8  46   9  54  10  53  11  23  12  36  13  51  14  44  15  34  16  38  17  33  18  19  19  59 
  0  30   1  39   2  51   3  25   4  28   5  23   6  47   7  21   8  49   9  54  10  55  11  23  12  36  13  50  14  45  15  36  16  43  17  33  18  24  19  61 
  0  30   1  39   2  52   3  25   4  27   5  21   6  47   7  26   8  51   9  57  10  56  11  25  12  36  13  51  14  49  15  37  16  43  17  36  18  26  19  63 
  0  31   1  40   2  50   3  22   4  26   5  22   6  47   7  25   8  50   9  57  10  53  11  24  12  36  13  51  14  50  15  37  16  42  17  34  18  25  19  61 
  0  29   1  41   2  53   3  25   4  26   5  23   6  47   7  26   8  51   9  58  10  55  11  25  12  35  13  51  14  49  15  39  16  44  17  37  18  26  19  63 


