
 20  20

  0  77   1  85   2  88   3  55   4  66   5  77   6  81   7  77   8  79   9  63  10  85  11  66  12  71  13  65  14  89  15  84  16  74  17  74  18  55  19  74 
  0  83   1  83   2  88   3  58   4  66   5  81   6  85   7  80   8  81   9  64  10  89  11  65  12  76  13  66  14  89  15  86  16  77  17  77  18  57  19  78 
  0  78   1  84   2  88   3  56   4  68   5  77   6  81   7  77   8  80   9  62  10  86  11  65  12  72  13  63  14  89  15  84  16  74  17  76  18  57  19  74 
  0  80   1  83   2  88   3  55   4  68   5  79   6  82   7  79   8  77   9  63  10  86  11  67  12  73  13  64  14  89  15  83  16  75  17  76  18  55  19  76 
  0  81   1  87   2  89   3  56   4  66   5  82   6  86   7  80   8  80   9  63  10  87  11  67  12  75  13  66  14  89  15  85  16  77  17  77  18  56  19  75 
  0  82   1  85   2  86   3  56   4  67   5  80   6  86   7  80   8  79   9  64  10  88  11  66  12  73  13  63  14  90  15  83  16  77  17  76  18  55  19  77 
  0  80   1  83   2  90   3  56   4  66   5  78   6  86   7  83   8  81   9  64  10  85  11  65  12  74  13  63  14  91  15  85  16  75  17  78  18  55  19  74 
  0  82   1  86   2  88   3  57   4  66   5  79   6  87   7  82   8  84   9  62  10  88  11  66  12  74  13  65  14  91  15  86  16  78  17  75  18  59  19  77 
  0  85   1  86   2  90   3  61   4  68   5  80   6  87   7  84   8  86   9  63  10  88  11  68  12  76  13  66  14  89  15  87  16  78  17  76  18  57  19  77 
  0  86   1  84   2  88   3  61   4  67   5  83   6  85   7  85   8  84   9  62  10  90  11  69  12  79  13  67  14  89  15  84  16  78  17  78  18  59  19  75 
  0  81   1  84   2  87   3  59   4  66   5  81   6  85   7  81   8  81   9  62  10  88  11  68  12  73  13  64  14  91  15  87  16  76  17  78  18  58  19  76 
  0  79   1  85   2  88   3  55   4  66   5  78   6  81   7  80   8  78   9  62  10  83  11  64  12  71  13  63  14  89  15  83  16  76  17  74  18  56  19  75 
  0  79   1  83   2  87   3  56   4  68   5  77   6  85   7  79   8  82   9  62  10  88  11  67  12  73  13  63  14  89  15  83  16  74  17  74  18  55  19  74 
  0  87   1  85   2  92   3  61   4  67   5  83   6  89   7  87   8  87   9  64  10  91  11  68  12  79  13  67  14  91  15  85  16  77  17  78  18  59  19  78 
  0  79   1  85   2  87   3  55   4  68   5  77   6  82   7  81   8  79   9  62  10  83  11  66  12  71  13  66  14  89  15  83  16  77  17  74  18  55  19  77 
  0  77   1  83   2  86   3  56   4  68   5  77   6  83   7  77   8  78   9  62  10  84  11  64  12  71  13  63  14  89  15  83  16  76  17  74  18  55  19  74 
  0  87   1  87   2  91   3  61   4  68   5  82   6  89   7  87   8  85   9  64  10  91  11  70  12  77  13  67  14  90  15  87  16  78  17  76  18  59  19  76 
  0  81   1  87   2  86   3  57   4  66   5  77   6  86   7  83   8  82   9  62  10  85  11  64  12  72  13  67  14  91  15  85  16  75  17  78  18  59  19  77 
  0  85   1  87   2  89   3  61   4  68   5  83   6  87   7  84   8  84   9  62  10  90  11  68  12  79  13  67  14  89  15  86  16  78  17  78  18  58  19  78 
  0  87   1  85   2  92   3  61   4  67   5  83   6  87   7  85   8  85   9  63  10  90  11  70  12  79  13  66  14  91  15  87  16  78  17  77  18  58  19  77 


