
 20  20

  0  32   1  24   2  52   3  43   4  47   5  50   6  40   7  52   8  31   9  53  10  34  11  48  12  39  13  54  14  55  15  57  16  50  17  38  18  30  19  30 
  0  33   1  21   2  53   3  42   4  46   5  50   6  40   7  55   8  28   9  49  10  35  11  48  12  36  13  53  14  54  15  59  16  48  17  34  18  31  19  30 
  0  39   1  22   2  56   3  43   4  53   5  50   6  44   7  54   8  30   9  57  10  35  11  54  12  41  13  55  14  56  15  62  16  50  17  39  18  31  19  31 
  0  30   1  21   2  52   3  42   4  46   5  48   6  40   7  52   8  30   9  49  10  33  11  47  12  35  13  50  14  56  15  57  16  48  17  33  18  27  19  28 
  0  32   1  24   2  56   3  42   4  48   5  50   6  41   7  55   8  31   9  53  10  33  11  50  12  38  13  51  14  56  15  61  16  48  17  36  18  31  19  34 
  0  31   1  23   2  52   3  42   4  51   5  48   6  41   7  54   8  31   9  53  10  33  11  50  12  40  13  54  14  54  15  59  16  48  17  35  18  29  19  30 
  0  37   1  21   2  56   3  43   4  48   5  50   6  41   7  57   8  30   9  54  10  34  11  53  12  41  13  55  14  54  15  60  16  50  17  37  18  30  19  30 
  0  34   1  23   2  56   3  41   4  48   5  48   6  42   7  57   8  31   9  53  10  33  11  50  12  39  13  53  14  54  15  62  16  48  17  38  18  29  19  34 
  0  33   1  23   2  54   3  43   4  48   5  48   6  40   7  53   8  30   9  55  10  33  11  48  12  36  13  50  14  56  15  60  16  50  17  37  18  32  19  31 
  0  35   1  22   2  56   3  41   4  50   5  50   6  44   7  55   8  32   9  53  10  33  11  50  12  38  13  52  14  54  15  58  16  48  17  40  18  31  19  33 
  0  40   1  25   2  53   3  43   4  53   5  52   6  44   7  57   8  34   9  57  10  35  11  55  12  40  13  55  14  56  15  60  16  50  17  43  18  33  19  34 
  0  34   1  23   2  56   3  42   4  50   5  51   6  41   7  57   8  30   9  57  10  33  11  54  12  38  13  55  14  54  15  62  16  48  17  40  18  31  19  32 
  0  37   1  25   2  56   3  41   4  51   5  50   6  42   7  55   8  33   9  53  10  34  11  49  12  38  13  54  14  55  15  60  16  50  17  36  18  33  19  33 
  0  30   1  19   2  54   3  41   4  47   5  49   6  41   7  52   8  28   9  52  10  33  11  47  12  35  13  53  14  54  15  58  16  49  17  35  18  27  19  31 
  0  40   1  25   2  56   3  43   4  54   5  52   6  44   7  58   8  34   9  59  10  33  11  54  12  41  13  56  14  56  15  62  16  49  17  43  18  35  19  36 
  0  32   1  20   2  53   3  41   4  50   5  48   6  40   7  52   8  28   9  50  10  33  11  47  12  35  13  53  14  54  15  58  16  48  17  33  18  29  19  32 
  0  32   1  22   2  53   3  43   4  48   5  48   6  40   7  55   8  29   9  51  10  33  11  47  12  36  13  53  14  56  15  60  16  48  17  34  18  29  19  31 
  0  40   1  25   2  56   3  42   4  51   5  51   6  44   7  56   8  34   9  59  10  35  11  52  12  39  13  56  14  55  15  63  16  49  17  42  18  34  19  35 
  0  35   1  23   2  55   3  43   4  52   5  49   6  44   7  58   8  30   9  55  10  33  11  53  12  41  13  56  14  56  15  62  16  50  17  41  18  33  19  35 
  0  38   1  24   2  54   3  43   4  54   5  52   6  44   7  56   8  31   9  59  10  35  11  55  12  41  13  53  14  55  15  60  16  50  17  40  18  32  19  36 


