
 20  20

  0  25   1  34   2  41   3  20   4  48   5  38   6  41   7  31   8  27   9  29  10  24  11  25  12  34  13  47  14  18  15  42  16  40  17  29  18  51  19  38 
  0  21   1  32   2  41   3  17   4  45   5  36   6  41   7  31   8  24   9  28  10  23  11  27  12  33  13  47  14  16  15  44  16  37  17  24  18  48  19  37 
  0  26   1  32   2  39   3  20   4  47   5  36   6  39   7  30   8  28   9  27  10  22  11  27  12  34  13  45  14  18  15  44  16  42  17  26  18  53  19  39 
  0  28   1  33   2  39   3  20   4  47   5  38   6  41   7  30   8  27   9  29  10  24  11  25  12  34  13  48  14  16  15  44  16  43  17  26  18  52  19  41 
  0  26   1  34   2  41   3  19   4  48   5  38   6  39   7  33   8  28   9  29  10  22  11  25  12  34  13  48  14  19  15  44  16  43  17  26  18  54  19  38 
  0  25   1  34   2  39   3  17   4  45   5  37   6  39   7  30   8  24   9  29  10  23  11  26  12  30  13  46  14  14  15  42  16  41  17  25  18  50  19  37 
  0  29   1  34   2  41   3  19   4  50   5  37   6  39   7  32   8  28   9  29  10  24  11  27  12  34  13  48  14  21  15  44  16  43  17  28  18  53  19  41 
  0  29   1  34   2  40   3  19   4  50   5  38   6  40   7  30   8  27   9  27  10  24  11  26  12  33  13  48  14  19  15  44  16  42  17  30  18  55  19  38 
  0  21   1  32   2  39   3  16   4  41   5  36   6  39   7  29   8  26   9  29  10  24  11  25  12  30  13  44  14  15  15  43  16  37  17  24  18  47  19  38 
  0  30   1  32   2  41   3  20   4  47   5  38   6  39   7  33   8  27   9  27  10  22  11  26  12  35  13  47  14  19  15  44  16  39  17  27  18  51  19  39 
  0  31   1  34   2  41   3  18   4  47   5  37   6  41   7  32   8  28   9  27  10  22  11  26  12  36  13  46  14  20  15  44  16  43  17  30  18  54  19  38 
  0  21   1  32   2  39   3  19   4  41   5  36   6  39   7  29   8  27   9  28  10  24  11  26  12  30  13  44  14  13  15  42  16  40  17  26  18  48  19  37 
  0  27   1  33   2  39   3  19   4  48   5  36   6  39   7  29   8  28   9  29  10  24  11  26  12  32  13  47  14  17  15  42  16  40  17  29  18  54  19  40 
  0  31   1  34   2  39   3  18   4  51   5  38   6  40   7  32   8  28   9  27  10  24  11  25  12  36  13  48  14  17  15  42  16  43  17  29  18  55  19  41 
  0  21   1  32   2  40   3  18   4  44   5  36   6  39   7  29   8  24   9  28  10  23  11  26  12  31  13  45  14  16  15  42  16  38  17  27  18  47  19  40 
  0  27   1  33   2  39   3  19   4  48   5  38   6  40   7  30   8  24   9  29  10  22  11  27  12  35  13  47  14  19  15  43  16  43  17  28  18  54  19  39 
  0  28   1  34   2  41   3  19   4  48   5  37   6  41   7  31   8  28   9  28  10  22  11  27  12  36  13  48  14  21  15  44  16  43  17  30  18  55  19  41 
  0  27   1  34   2  40   3  17   4  50   5  37   6  39   7  30   8  26   9  28  10  24  11  25  12  35  13  48  14  16  15  42  16  39  17  28  18  50  19  39 
  0  27   1  32   2  39   3  20   4  48   5  37   6  39   7  33   8  28   9  27  10  24  11  25  12  35  13  47  14  20  15  44  16  43  17  28  18  55  19  39 
  0  22   1  32   2  39   3  16   4  44   5  36   6  41   7  31   8  25   9  27  10  22  11  25  12  30  13  44  14  13  15  43  16  37  17  25  18  49  19  38 


