
 20  20

  0  84   1  75   2  69   3  68   4  55   5  68   6  62   7  67   8  79   9  85  10  73  11  71  12  61  13  57  14  89  15  80  16  74  17  52  18  86  19  59 
  0  85   1  75   2  68   3  68   4  55   5  70   6  62   7  70   8  78   9  83  10  74  11  70  12  62  13  55  14  88  15  81  16  75  17  53  18  86  19  60 
  0  80   1  70   2  62   3  60   4  48   5  65   6  57   7  65   8  72   9  81  10  68  11  69  12  60  13  52  14  82  15  75  16  71  17  50  18  86  19  52 
  0  81   1  73   2  69   3  64   4  53   5  67   6  60   7  65   8  76   9  81  10  71  11  70  12  62  13  56  14  86  15  78  16  71  17  50  18  86  19  55 
  0  85   1  72   2  69   3  66   4  52   5  68   6  60   7  66   8  76   9  84  10  71  11  73  12  60  13  58  14  84  15  77  16  72  17  52  18  84  19  58 
  0  78   1  71   2  64   3  61   4  47   5  63   6  58   7  65   8  76   9  80  10  71  11  70  12  60  13  53  14  80  15  77  16  74  17  51  18  86  19  54 
  0  78   1  68   2  63   3  58   4  49   5  64   6  54   7  61   8  72   9  76  10  70  11  70  12  57  13  52  14  79  15  76  16  71  17  49  18  84  19  53 
  0  85   1  73   2  70   3  66   4  54   5  69   6  58   7  66   8  78   9  81  10  73  11  71  12  61  13  54  14  88  15  78  16  72  17  53  18  86  19  58 
  0  82   1  71   2  67   3  63   4  53   5  67   6  60   7  67   8  78   9  80  10  72  11  70  12  61  13  53  14  85  15  80  16  75  17  53  18  84  19  58 
  0  82   1  70   2  67   3  65   4  51   5  66   6  56   7  67   8  77   9  80  10  72  11  69  12  59  13  53  14  85  15  80  16  73  17  49  18  86  19  58 
  0  78   1  69   2  63   3  58   4  48   5  64   6  58   7  64   8  73   9  77  10  68  11  69  12  60  13  53  14  81  15  78  16  74  17  51  18  84  19  52 
  0  84   1  75   2  68   3  64   4  51   5  69   6  58   7  71   8  79   9  82  10  74  11  72  12  63  13  57  14  86  15  78  16  74  17  51  18  86  19  60 
  0  83   1  72   2  69   3  65   4  54   5  69   6  62   7  67   8  76   9  81  10  72  11  73  12  63  13  54  14  87  15  77  16  75  17  51  18  86  19  57 
  0  84   1  75   2  70   3  68   4  52   5  71   6  59   7  68   8  81   9  85  10  72  11  72  12  60  13  55  14  89  15  79  16  74  17  52  18  85  19  59 
  0  87   1  75   2  71   3  68   4  55   5  72   6  61   7  70   8  79   9  85  10  74  11  72  12  62  13  57  14  88  15  81  16  75  17  51  18  86  19  60 
  0  87   1  75   2  68   3  65   4  55   5  71   6  62   7  68   8  80   9  85  10  74  11  73  12  61  13  56  14  86  15  81  16  73  17  50  18  84  19  57 
  0  81   1  70   2  65   3  59   4  47   5  62   6  54   7  61   8  75   9  80  10  69  11  69  12  57  13  52  14  80  15  75  16  72  17  49  18  84  19  53 
  0  79   1  67   2  61   3  61   4  49   5  65   6  56   7  62   8  71   9  79  10  68  11  69  12  58  13  52  14  80  15  75  16  71  17  49  18  84  19  52 
  0  82   1  72   2  66   3  62   4  53   5  69   6  57   7  66   8  76   9  81  10  72  11  72  12  60  13  55  14  84  15  77  16  73  17  52  18  85  19  56 
  0  77   1  67   2  62   3  58   4  47   5  62   6  54   7  63   8  71   9  78  10  68  11  70  12  58  13  52  14  79  15  77  16  71  17  49  18  84  19  54 


