
 20  20

  0  29   1  35   2  26   3  60   4  60   5  32   6  51   7  55   8  63   9  59  10  32  11  47  12  35  13  61  14  29  15  44  16  28  17  36  18  40  19  64 
  0  26   1  35   2  28   3  63   4  60   5  36   6  52   7  55   8  66   9  59  10  28  11  46  12  37  13  58  14  31  15  41  16  28  17  35  18  42  19  65 
  0  26   1  35   2  26   3  61   4  59   5  32   6  50   7  58   8  64   9  57  10  28  11  44  12  32  13  58  14  29  15  43  16  26  17  34  18  42  19  62 
  0  30   1  37   2  26   3  63   4  61   5  37   6  53   7  60   8  67   9  57  10  31  11  45  12  38  13  63  14  31  15  44  16  29  17  39  18  42  19  65 
  0  29   1  35   2  27   3  64   4  61   5  37   6  54   7  60   8  67   9  58  10  32  11  47  12  38  13  63  14  29  15  44  16  27  17  40  18  42  19  65 
  0  28   1  35   2  26   3  63   4  56   5  35   6  54   7  58   8  64   9  59  10  28  11  47  12  34  13  61  14  29  15  41  16  25  17  39  18  42  19  65 
  0  26   1  37   2  27   3  61   4  60   5  36   6  51   7  58   8  66   9  57  10  30  11  47  12  36  13  59  14  29  15  41  16  26  17  40  18  42  19  63 
  0  20   1  35   2  26   3  57   4  51   5  27   6  50   7  53   8  58   9  55  10  27  11  43  12  29  13  53  14  31  15  35  16  24  17  31  18  40  19  63 
  0  27   1  35   2  28   3  61   4  57   5  35   6  54   7  54   8  61   9  58  10  29  11  46  12  36  13  59  14  31  15  42  16  27  17  35  18  40  19  63 
  0  22   1  36   2  28   3  57   4  52   5  31   6  51   7  54   8  59   9  55  10  26  11  45  12  28  13  53  14  31  15  35  16  23  17  33  18  42  19  63 
  0  21   1  35   2  26   3  58   4  53   5  28   6  51   7  55   8  58   9  55  10  29  11  44  12  32  13  54  14  30  15  36  16  23  17  34  18  42  19  64 
  0  29   1  36   2  28   3  64   4  61   5  37   6  52   7  60   8  65   9  59  10  31  11  45  12  35  13  63  14  30  15  43  16  29  17  38  18  40  19  63 
  0  30   1  37   2  26   3  65   4  61   5  36   6  52   7  60   8  66   9  59  10  30  11  47  12  38  13  63  14  31  15  43  16  29  17  40  18  41  19  65 
  0  30   1  37   2  27   3  65   4  58   5  37   6  53   7  60   8  65   9  59  10  32  11  47  12  38  13  61  14  31  15  43  16  27  17  38  18  41  19  65 
  0  25   1  35   2  28   3  59   4  55   5  33   6  52   7  56   8  64   9  58  10  30  11  45  12  32  13  57  14  31  15  40  16  28  17  35  18  41  19  65 
  0  26   1  35   2  26   3  59   4  56   5  30   6  51   7  54   8  64   9  57  10  31  11  46  12  31  13  57  14  31  15  40  16  27  17  36  18  40  19  63 
  0  23   1  37   2  26   3  60   4  54   5  29   6  51   7  55   8  60   9  58  10  27  11  43  12  29  13  55  14  29  15  37  16  22  17  31  18  42  19  62 
  0  27   1  35   2  28   3  61   4  59   5  34   6  54   7  56   8  63   9  58  10  32  11  44  12  34  13  59  14  30  15  40  16  26  17  34  18  40  19  64 
  0  26   1  37   2  28   3  57   4  56   5  29   6  50   7  54   8  62   9  58  10  29  11  47  12  32  13  59  14  29  15  40  16  25  17  36  18  42  19  62 
  0  30   1  36   2  27   3  64   4  61   5  37   6  54   7  59   8  65   9  58  10  32  11  47  12  38  13  62  14  31  15  42  16  29  17  36  18  42  19  63 


