
 20  20

  0  65   1  77   2  73   3  98   4  80   5  86   6  65   7  84   8  68   9  69  10  80  11  97  12  65  13  79  14  81  15  85  16  73  17  72  18  78  19  99 
  0  60   1  73   2  75   3  96   4  83   5  83   6  64   7  85   8  66   9  71  10  77  11  95  12  65  13  75  14  82  15  87  16  73  17  72  18  78  19  99 
  0  66   1  76   2  75   3  98   4  84   5  89   6  70   7  87   8  67   9  72  10  80  11  97  12  63  13  81  14  84  15  87  16  74  17  77  18  81  19  99 
  0  56   1  70   2  71   3  94   4  76   5  81   6  60   7  79   8  60   9  64  10  76  11  91  12  59  13  71  14  77  15  85  16  70  17  67  18  73  19  94 
  0  62   1  75   2  75   3  98   4  83   5  87   6  64   7  84   8  65   9  71  10  78  11  97  12  64  13  78  14  81  15  87  16  72  17  73  18  78  19  99 
  0  56   1  68   2  71   3  96   4  78   5  81   6  62   7  81   8  62   9  67  10  76  11  91  12  59  13  74  14  75  15  85  16  68  17  67  18  75  19  97 
  0  57   1  68   2  71   3  94   4  77   5  79   6  60   7  78   8  60   9  65  10  77  11  91  12  60  13  71  14  75  15  86  16  68  17  67  18  74  19  94 
  0  62   1  75   2  75   3  98   4  80   5  84   6  68   7  87   8  66   9  68  10  78  11  95  12  61  13  78  14  84  15  87  16  70  17  75  18  78  19  99 
  0  60   1  75   2  72   3  94   4  79   5  85   6  67   7  83   8  65   9  69  10  79  11  94  12  61  13  74  14  81  15  87  16  72  17  73  18  80  19  99 
  0  59   1  71   2  73   3  94   4  79   5  81   6  60   7  79   8  63   9  64  10  77  11  92  12  59  13  71  14  75  15  85  16  68  17  68  18  74  19  96 
  0  62   1  70   2  71   3  95   4  80   5  82   6  63   7  80   8  64   9  65  10  79  11  93  12  59  13  75  14  78  15  87  16  71  17  72  18  77  19  96 
  0  62   1  75   2  74   3  95   4  79   5  82   6  63   7  82   8  65   9  68  10  79  11  95  12  62  13  77  14  78  15  85  16  71  17  71  18  78  19  98 
  0  60   1  73   2  73   3  94   4  81   5  84   6  62   7  84   8  62   9  65  10  76  11  94  12  63  13  75  14  81  15  86  16  72  17  70  18  78  19  99 
  0  63   1  74   2  74   3  96   4  81   5  87   6  66   7  85   8  65   9  70  10  77  11  97  12  64  13  78  14  79  15  87  16  74  17  75  18  81  19  99 
  0  63   1  75   2  75   3  96   4  82   5  84   6  63   7  82   8  66   9  68  10  79  11  96  12  61  13  76  14  80  15  87  16  70  17  70  18  77  19  97 
  0  62   1  75   2  75   3  97   4  83   5  83   6  68   7  83   8  63   9  67  10  79  11  96  12  63  13  75  14  82  15  85  16  70  17  73  18  81  19  98 
  0  58   1  68   2  72   3  96   4  77   5  82   6  62   7  79   8  60   9  66  10  76  11  91  12  59  13  71  14  76  15  85  16  70  17  69  18  74  19  97 
  0  56   1  68   2  71   3  96   4  76   5  80   6  60   7  78   8  60   9  64  10  76  11  91  12  60  13  71  14  75  15  85  16  69  17  69  18  74  19  95 
  0  61   1  71   2  75   3  97   4  79   5  85   6  64   7  82   8  64   9  68  10  76  11  95  12  62  13  77  14  78  15  85  16  73  17  73  18  79  19  98 
  0  65   1  76   2  75   3  98   4  82   5  88   6  69   7  87   8  64   9  72  10  79  11  99  12  64  13  79  14  82  15  86  16  73  17  74  18  80  19  99 


