
 20  20

  0  50   1  47   2  17   3  24   4  32   5  38   6  20   7  32   8  47   9  24  10  36  11  41  12  51  13  39  14  32  15  42  16  45  17  30  18  30  19  17 
  0  45   1  41   2  13   3  18   4  31   5  31   6  18   7  27   8  43   9  19  10  31  11  35  12  43  13  32  14  23  15  41  16  43  17  28  18  28  19  15 
  0  52   1  47   2  15   3  23   4  32   5  36   6  20   7  31   8  46   9  24  10  36  11  40  12  51  13  39  14  32  15  42  16  47  17  33  18  29  19  17 
  0  51   1  43   2  16   3  20   4  35   5  36   6  18   7  30   8  47   9  22  10  34  11  42  12  49  13  35  14  32  15  41  16  47  17  33  18  28  19  16 
  0  50   1  47   2  15   3  23   4  35   5  32   6  20   7  30   8  44   9  22  10  34  11  41  12  47  13  37  14  28  15  41  16  43  17  30  18  30  19  17 
  0  47   1  43   2  14   3  22   4  32   5  34   6  19   7  28   8  42   9  24  10  35  11  36  12  44  13  33  14  30  15  42  16  46  17  32  18  28  19  15 
  0  47   1  45   2  13   3  21   4  34   5  30   6  19   7  31   8  42   9  22  10  31  11  39  12  47  13  33  14  27  15  38  16  46  17  31  18  29  19  15 
  0  49   1  45   2  16   3  23   4  35   5  34   6  18   7  30   8  45   9  22  10  32  11  39  12  46  13  37  14  29  15  42  16  44  17  30  18  30  19  15 
  0  47   1  44   2  13   3  18   4  31   5  35   6  19   7  28   8  44   9  22  10  32  11  39  12  45  13  34  14  27  15  40  16  43  17  31  18  29  19  15 
  0  48   1  43   2  13   3  17   4  35   5  30   6  18   7  27   8  41   9  20  10  32  11  38  12  44  13  36  14  26  15  41  16  45  17  30  18  29  19  16 
  0  49   1  47   2  17   3  22   4  35   5  38   6  20   7  33   8  47   9  24  10  34  11  42  12  48  13  36  14  30  15  42  16  47  17  31  18  30  19  16 
  0  47   1  45   2  17   3  24   4  32   5  33   6  18   7  32   8  45   9  23  10  34  11  38  12  47  13  39  14  29  15  40  16  46  17  33  18  30  19  16 
  0  46   1  43   2  16   3  19   4  34   5  34   6  20   7  30   8  45   9  21  10  35  11  40  12  47  13  37  14  29  15  42  16  46  17  32  18  28  19  17 
  0  42   1  42   2  13   3  18   4  32   5  30   6  19   7  27   8  41   9  22  10  30  11  34  12  41  13  31  14  24  15  39  16  43  17  26  18  28  19  17 
  0  52   1  47   2  16   3  20   4  32   5  37   6  20   7  33   8  47   9  23  10  33  11  42  12  49  13  35  14  33  15  42  16  45  17  30  18  30  19  17 
  0  42   1  43   2  13   3  18   4  32   5  31   6  18   7  27   8  42   9  19  10  30  11  36  12  42  13  34  14  24  15  40  16  44  17  26  18  28  19  15 
  0  48   1  47   2  14   3  20   4  32   5  37   6  19   7  31   8  45   9  24  10  35  11  38  12  48  13  39  14  30  15  39  16  47  17  31  18  30  19  16 
  0  45   1  42   2  13   3  16   4  32   5  31   6  19   7  28   8  43   9  20  10  32  11  36  12  41  13  32  14  25  15  38  16  44  17  26  18  28  19  15 
  0  42   1  44   2  13   3  19   4  32   5  30   6  18   7  28   8  41   9  20  10  30  11  37  12  41  13  32  14  25  15  40  16  43  17  26  18  28  19  15 
  0  46   1  44   2  15   3  19   4  33   5  29   6  18   7  28   8  41   9  23  10  34  11  36  12  46  13  32  14  26  15  38  16  46  17  30  18  30  19  15 


