
 20  20

  0  18   1  46   2  25   3  39   4  45   5  25   6  37   7  50   8  22   9  41  10  55  11  42  12  30  13  39  14  23  15  25  16  31  17  17  18  32  19  44 
  0  14   1  43   2  24   3  33   4  43   5  18   6  37   7  48   8  21   9  38  10  53  11  39  12  25  13  40  14  19  15  22  16  27  17  14  18  28  19  44 
  0  18   1  47   2  25   3  39   4  45   5  27   6  39   7  50   8  23   9  44  10  52  11  40  12  28  13  39  14  23  15  26  16  35  17  17  18  34  19  44 
  0  14   1  45   2  24   3  33   4  42   5  22   6  39   7  49   8  21   9  42  10  51  11  39  12  28  13  40  14  19  15  22  16  31  17  13  18  28  19  46 
  0  22   1  49   2  26   3  38   4  45   5  27   6  38   7  50   8  23   9  42  10  55  11  43  12  31  13  39  14  21  15  29  16  37  17  22  18  36  19  44 
  0  14   1  41   2  24   3  34   4  42   5  22   6  37   7  48   8  23   9  41  10  52  11  41  12  25  13  38  14  20  15  26  16  30  17  12  18  26  19  46 
  0  15   1  46   2  26   3  37   4  43   5  21   6  37   7  50   8  23   9  41  10  54  11  39  12  27  13  39  14  22  15  26  16  32  17  19  18  33  19  45 
  0  15   1  42   2  24   3  36   4  41   5  21   6  37   7  46   8  21   9  38  10  52  11  39  12  26  13  38  14  19  15  25  16  30  17  12  18  28  19  44 
  0  19   1  45   2  26   3  38   4  45   5  25   6  37   7  49   8  21   9  43  10  54  11  40  12  31  13  38  14  23  15  29  16  32  17  17  18  34  19  46 
  0  21   1  46   2  26   3  39   4  43   5  27   6  39   7  50   8  21   9  42  10  55  11  43  12  28  13  40  14  23  15  30  16  35  17  22  18  36  19  46 
  0  22   1  47   2  26   3  39   4  44   5  27   6  39   7  49   8  21   9  41  10  54  11  40  12  31  13  39  14  23  15  30  16  34  17  18  18  32  19  44 
  0  17   1  48   2  25   3  35   4  45   5  25   6  37   7  49   8  22   9  41  10  54  11  42  12  27  13  40  14  20  15  28  16  35  17  21  18  34  19  44 
  0  17   1  46   2  24   3  37   4  45   5  25   6  37   7  50   8  23   9  43  10  54  11  43  12  31  13  40  14  23  15  29  16  36  17  17  18  34  19  46 
  0  15   1  43   2  25   3  34   4  41   5  20   6  37   7  46   8  23   9  40  10  53  11  43  12  28  13  38  14  23  15  25  16  32  17  14  18  30  19  45 
  0  13   1  42   2  24   3  35   4  44   5  20   6  37   7  49   8  23   9  40  10  51  11  39  12  28  13  38  14  19  15  25  16  32  17  14  18  28  19  45 
  0  21   1  49   2  26   3  38   4  45   5  27   6  39   7  49   8  21   9  44  10  55  11  43  12  31  13  40  14  21  15  30  16  37  17  22  18  34  19  45 
  0  20   1  44   2  26   3  37   4  45   5  24   6  39   7  46   8  22   9  39  10  51  11  41  12  27  13  40  14  20  15  25  16  33  17  18  18  33  19  44 
  0  20   1  46   2  24   3  39   4  43   5  25   6  38   7  50   8  23   9  40  10  53  11  42  12  27  13  40  14  23  15  26  16  34  17  18  18  32  19  46 
  0  19   1  46   2  26   3  36   4  43   5  28   6  39   7  49   8  21   9  44  10  54  11  42  12  31  13  40  14  23  15  30  16  37  17  18  18  32  19  46 
  0  16   1  42   2  24   3  37   4  43   5  20   6  37   7  46   8  22   9  40  10  52  11  39  12  27  13  40  14  20  15  23  16  29  17  15  18  27  19  46 


