
 20  20

  0  70   1  42   2  73   3  42   4  55   5  42   6  50   7  46   8  56   9  49  10  42  11  65  12  52  13  37  14  57  15  56  16  39  17  74  18  43  19  58 
  0  77   1  45   2  73   3  44   4  56   5  43   6  49   7  51   8  59   9  53  10  45  11  66  12  56  13  41  14  63  15  58  16  39  17  79  18  45  19  61 
  0  73   1  44   2  75   3  43   4  58   5  42   6  50   7  46   8  57   9  50  10  47  11  67  12  53  13  38  14  63  15  57  16  39  17  77  18  43  19  60 
  0  78   1  47   2  75   3  42   4  56   5  42   6  48   7  49   8  57   9  54  10  48  11  67  12  57  13  42  14  63  15  57  16  41  17  78  18  45  19  62 
  0  77   1  44   2  75   3  41   4  57   5  42   6  47   7  50   8  60   9  53  10  48  11  66  12  56  13  42  14  65  15  57  16  38  17  77  18  45  19  62 
  0  76   1  43   2  73   3  44   4  55   5  44   6  51   7  45   8  55   9  51  10  45  11  66  12  53  13  38  14  59  15  56  16  36  17  77  18  45  19  56 
  0  72   1  41   2  73   3  42   4  54   5  42   6  49   7  44   8  54   9  52  10  46  11  65  12  51  13  39  14  62  15  56  16  39  17  72  18  43  19  58 
  0  80   1  46   2  74   3  43   4  58   5  44   6  51   7  49   8  60   9  55  10  47  11  65  12  59  13  44  14  64  15  59  16  42  17  79  18  44  19  62 
  0  75   1  43   2  71   3  44   4  56   5  44   6  47   7  44   8  58   9  50  10  46  11  66  12  56  13  41  14  61  15  58  16  40  17  76  18  43  19  58 
  0  75   1  43   2  73   3  43   4  54   5  43   6  47   7  47   8  55   9  52  10  47  11  67  12  54  13  40  14  60  15  59  16  41  17  73  18  43  19  57 
  0  76   1  46   2  75   3  43   4  55   5  44   6  47   7  47   8  60   9  53  10  45  11  67  12  55  13  43  14  64  15  59  16  41  17  75  18  43  19  58 
  0  78   1  44   2  75   3  42   4  58   5  42   6  51   7  49   8  59   9  54  10  46  11  64  12  59  13  42  14  63  15  59  16  40  17  80  18  45  19  62 
  0  74   1  41   2  70   3  44   4  57   5  44   6  47   7  47   8  58   9  53  10  46  11  66  12  52  13  38  14  61  15  57  16  37  17  73  18  45  19  60 
  0  78   1  48   2  74   3  45   4  58   5  42   6  51   7  48   8  60   9  52  10  48  11  66  12  56  13  42  14  64  15  58  16  42  17  81  18  43  19  59 
  0  71   1  43   2  71   3  41   4  54   5  42   6  48   7  46   8  57   9  51  10  42  11  63  12  51  13  37  14  59  15  55  16  39  17  74  18  45  19  57 
  0  72   1  40   2  70   3  41   4  56   5  44   6  48   7  43   8  53   9  49  10  44  11  65  12  52  13  37  14  57  15  55  16  36  17  73  18  43  19  58 
  0  70   1  40   2  72   3  42   4  54   5  44   6  47   7  45   8  55   9  49  10  42  11  65  12  52  13  36  14  57  15  54  16  38  17  71  18  43  19  59 
  0  75   1  45   2  73   3  44   4  57   5  42   6  47   7  45   8  55   9  50  10  42  11  64  12  55  13  38  14  59  15  55  16  37  17  75  18  45  19  60 
  0  77   1  46   2  75   3  45   4  57   5  44   6  50   7  49   8  60   9  55  10  48  11  66  12  59  13  44  14  64  15  58  16  42  17  81  18  44  19  62 
  0  75   1  45   2  72   3  45   4  56   5  42   6  48   7  46   8  54   9  53  10  44  11  63  12  52  13  40  14  63  15  54  16  38  17  73  18  43  19  58 


