
 20  20

  0  18   1  38   2  29   3  45   4  37   5  47   6  22   7  14   8  52   9  48  10  45  11  25  12  55  13  42  14  28  15  20  16  16  17  43  18  51  19  51 
  0  12   1  29   2  27   3  43   4  31   5  45   6  23   7  12   8  48   9  48  10  42  11  24  12  47  13  38  14  25  15  16  16  10  17  39  18  49  19  47 
  0  21   1  37   2  33   3  44   4  41   5  47   6  22   7  17   8  54   9  51  10  46  11  25  12  53  13  44  14  28  15  21  16  19  17  43  18  49  19  50 
  0  12   1  30   2  27   3  41   4  33   5  46   6  22   7  12   8  46   9  49  10  40  11  22  12  47  13  40  14  26  15  14  16  12  17  40  18  49  19  48 
  0  17   1  34   2  30   3  44   4  34   5  47   6  24   7  12   8  47   9  50  10  42  11  21  12  49  13  38  14  26  15  16  16  11  17  40  18  50  19  50 
  0  19   1  33   2  31   3  46   4  37   5  45   6  24   7  14   8  51   9  50  10  46  11  27  12  55  13  42  14  27  15  18  16  17  17  43  18  51  19  48 
  0  21   1  36   2  31   3  45   4  41   5  46   6  24   7  17   8  54   9  51  10  43  11  27  12  56  13  46  14  28  15  20  16  16  17  40  18  51  19  50 
  0  15   1  34   2  29   3  43   4  34   5  47   6  23   7  13   8  50   9  48  10  43  11  23  12  52  13  41  14  24  15  20  16  15  17  42  18  51  19  51 
  0  19   1  36   2  32   3  46   4  41   5  47   6  24   7  19   8  51   9  50  10  46  11  24  12  57  13  45  14  26  15  20  16  19  17  43  18  49  19  48 
  0  14   1  32   2  27   3  42   4  31   5  46   6  23   7  13   8  47   9  47  10  40  11  22  12  51  13  40  14  27  15  17  16  10  17  39  18  50  19  47 
  0  20   1  39   2  31   3  46   4  41   5  46   6  24   7  19   8  54   9  50  10  46  11  27  12  56  13  46  14  26  15  21  16  18  17  43  18  51  19  51 
  0  12   1  30   2  29   3  42   4  32   5  45   6  22   7  11   8  49   9  50  10  43  11  21  12  48  13  39  14  24  15  14  16  13  17  40  18  49  19  47 
  0  17   1  34   2  30   3  42   4  37   5  45   6  22   7  16   8  50   9  48  10  41  11  24  12  53  13  43  14  27  15  17  16  12  17  39  18  50  19  51 
  0  17   1  36   2  31   3  44   4  35   5  45   6  24   7  16   8  49   9  50  10  42  11  24  12  52  13  44  14  27  15  20  16  12  17  42  18  51  19  47 
  0  16   1  37   2  30   3  43   4  39   5  46   6  24   7  16   8  49   9  50  10  44  11  25  12  52  13  42  14  28  15  20  16  17  17  43  18  50  19  51 
  0  18   1  37   2  33   3  43   4  36   5  45   6  22   7  16   8  54   9  50  10  44  11  27  12  55  13  42  14  28  15  22  16  18  17  43  18  51  19  51 
  0  14   1  30   2  27   3  42   4  33   5  45   6  22   7  11   8  46   9  49  10  40  11  22  12  51  13  37  14  26  15  15  16   9  17  41  18  50  19  47 
  0  13   1  30   2  28   3  42   4  31   5  46   6  22   7  14   8  46   9  47  10  40  11  21  12  49  13  40  14  27  15  14  16  13  17  40  18  50  19  49 
  0  12   1  32   2  29   3  41   4  34   5  45   6  23   7  12   8  47   9  49  10  40  11  21  12  47  13  37  14  25  15  15  16  11  17  40  18  49  19  49 
  0  13   1  30   2  28   3  40   4  34   5  47   6  22   7  14   8  46   9  49  10  40  11  22  12  49  13  40  14  24  15  16  16  12  17  39  18  49  19  47 


