
 20  20

  0  75   1  69   2  70   3  46   4  70   5  42   6  71   7  64   8  66   9  72  10  46  11  49  12  40  13  43  14  40  15  56  16  61  17  55  18  54  19  44 
  0  67   1  69   2  67   3  45   4  67   5  41   6  65   7  62   8  63   9  72  10  44  11  47  12  39  13  36  14  38  15  54  16  58  17  53  18  51  19  39 
  0  72   1  71   2  70   3  43   4  69   5  42   6  69   7  65   8  65   9  72  10  44  11  48  12  40  13  37  14  38  15  56  16  60  17  53  18  51  19  40 
  0  72   1  72   2  68   3  44   4  73   5  40   6  67   7  62   8  62   9  72  10  46  11  52  12  38  13  41  14  40  15  55  16  61  17  56  18  55  19  42 
  0  77   1  71   2  70   3  48   4  73   5  42   6  71   7  66   8  66   9  74  10  49  11  50  12  40  13  43  14  40  15  56  16  63  17  59  18  53  19  43 
  0  67   1  69   2  68   3  45   4  69   5  41   6  67   7  63   8  63   9  73  10  44  11  48  12  37  13  38  14  39  15  54  16  59  17  53  18  51  19  40 
  0  67   1  66   2  69   3  43   4  70   5  40   6  65   7  60   8  62   9  72  10  45  11  48  12  37  13  38  14  39  15  55  16  57  17  53  18  51  19  40 
  0  68   1  67   2  67   3  43   4  69   5  40   6  65   7  60   8  61   9  74  10  44  11  46  12  37  13  35  14  38  15  53  16  60  17  51  18  52  19  38 
  0  75   1  71   2  70   3  46   4  70   5  40   6  69   7  65   8  66   9  72  10  45  11  48  12  41  13  42  14  38  15  56  16  59  17  56  18  55  19  44 
  0  72   1  68   2  71   3  43   4  69   5  40   6  67   7  62   8  64   9  73  10  48  11  51  12  41  13  40  14  40  15  55  16  60  17  56  18  54  19  41 
  0  75   1  72   2  70   3  46   4  73   5  42   6  68   7  64   8  66   9  73  10  46  11  52  12  40  13  43  14  38  15  54  16  63  17  56  18  52  19  45 
  0  69   1  68   2  67   3  42   4  67   5  41   6  65   7  60   8  60   9  72  10  43  11  47  12  37  13  35  14  38  15  53  16  58  17  51  18  51  19  39 
  0  67   1  66   2  67   3  42   4  69   5  40   6  65   7  60   8  61   9  73  10  45  11  46  12  37  13  39  14  38  15  54  16  57  17  55  18  54  19  39 
  0  74   1  69   2  67   3  43   4  69   5  42   6  68   7  62   8  65   9  73  10  48  11  48  12  41  13  40  14  40  15  57  16  60  17  56  18  55  19  39 
  0  76   1  70   2  70   3  48   4  73   5  42   6  69   7  65   8  66   9  74  10  49  11  52  12  40  13  43  14  39  15  55  16  63  17  59  18  55  19  45 
  0  67   1  66   2  69   3  42   4  67   5  42   6  67   7  60   8  60   9  73  10  43  11  48  12  39  13  37  14  38  15  53  16  57  17  51  18  51  19  37 
  0  69   1  66   2  68   3  42   4  67   5  40   6  65   7  60   8  61   9  73  10  43  11  46  12  39  13  37  14  40  15  53  16  57  17  52  18  51  19  37 
  0  73   1  71   2  68   3  44   4  70   5  42   6  68   7  62   8  62   9  72  10  47  11  52  12  41  13  39  14  38  15  54  16  61  17  57  18  54  19  41 
  0  69   1  68   2  67   3  42   4  67   5  40   6  68   7  62   8  60   9  73  10  45  11  46  12  37  13  37  14  40  15  53  16  57  17  52  18  53  19  37 
  0  72   1  68   2  67   3  45   4  68   5  40   6  68   7  60   8  62   9  73  10  43  11  48  12  38  13  37  14  40  15  53  16  58  17  54  18  54  19  40 


