
 20  20

  0  51   1  53   2  67   3  38   4  74   5  46   6  34   7  39   8  46   9  49  10  69  11  56  12  64  13  36  14  57  15  58  16  66  17  44  18  44  19  40 
  0  55   1  55   2  67   3  44   4  75   5  51   6  37   7  46   8  52   9  51  10  72  11  58  12  69  13  39  14  59  15  59  16  72  17  44  18  45  19  40 
  0  53   1  54   2  67   3  43   4  74   5  48   6  35   7  43   8  49   9  50  10  68  11  60  12  68  13  35  14  55  15  62  16  69  17  44  18  46  19  40 
  0  51   1  52   2  65   3  42   4  71   5  49   6  35   7  40   8  46   9  46  10  67  11  56  12  63  13  34  14  55  15  61  16  70  17  44  18  43  19  39 
  0  57   1  56   2  67   3  41   4  72   5  49   6  36   7  42   8  54   9  51  10  73  11  59  12  67  13  40  14  59  15  60  16  69  17  44  18  45  19  40 
  0  53   1  54   2  65   3  39   4  74   5  48   6  37   7  40   8  47   9  50  10  69  11  56  12  68  13  37  14  57  15  62  16  69  17  42  18  45  19  38 
  0  57   1  56   2  65   3  41   4  75   5  50   6  38   7  44   8  54   9  50  10  75  11  60  12  69  13  41  14  59  15  62  16  70  17  42  18  47  19  40 
  0  58   1  56   2  67   3  43   4  74   5  52   6  38   7  45   8  53   9  51  10  75  11  59  12  67  13  38  14  59  15  61  16  72  17  44  18  47  19  40 
  0  55   1  53   2  65   3  41   4  74   5  47   6  34   7  42   8  48   9  51  10  69  11  60  12  67  13  36  14  54  15  62  16  68  17  42  18  46  19  40 
  0  50   1  54   2  67   3  41   4  75   5  46   6  33   7  39   8  46   9  47  10  71  11  58  12  63  13  37  14  56  15  60  16  70  17  44  18  45  19  40 
  0  52   1  55   2  67   3  42   4  71   5  47   6  32   7  41   8  46   9  47  10  68  11  56  12  66  13  34  14  57  15  59  16  66  17  42  18  44  19  38 
  0  56   1  53   2  66   3  42   4  75   5  52   6  35   7  46   8  54   9  52  10  71  11  60  12  70  13  41  14  57  15  62  16  71  17  43  18  47  19  40 
  0  57   1  55   2  66   3  43   4  75   5  50   6  37   7  43   8  54   9  52  10  75  11  59  12  67  13  38  14  58  15  61  16  72  17  44  18  48  19  40 
  0  58   1  54   2  67   3  43   4  73   5  52   6  37   7  44   8  53   9  52  10  72  11  60  12  70  13  39  14  57  15  61  16  72  17  44  18  48  19  40 
  0  58   1  54   2  67   3  44   4  75   5  52   6  38   7  44   8  52   9  52  10  73  11  60  12  69  13  40  14  58  15  62  16  72  17  44  18  46  19  40 
  0  54   1  54   2  65   3  43   4  74   5  50   6  34   7  42   8  50   9  51  10  71  11  58  12  68  13  37  14  57  15  59  16  71  17  43  18  46  19  40 
  0  56   1  56   2  66   3  42   4  75   5  51   6  35   7  43   8  52   9  52  10  74  11  58  12  67  13  38  14  58  15  59  16  72  17  42  18  47  19  38 
  0  52   1  54   2  66   3  38   4  71   5  47   6  36   7  37   8  46   9  50  10  68  11  58  12  65  13  38  14  53  15  61  16  67  17  42  18  43  19  40 
  0  56   1  55   2  66   3  42   4  75   5  52   6  38   7  46   8  54   9  52  10  75  11  60  12  70  13  39  14  58  15  62  16  70  17  43  18  47  19  40 
  0  52   1  55   2  66   3  40   4  71   5  48   6  32   7  42   8  48   9  46  10  70  11  57  12  64  13  36  14  54  15  58  16  68  17  42  18  45  19  40 


