
 20  20

  0  24   1  18   2  16   3  20   4  28   5  22   6  12   7  12   8  18   9  47  10  46  11  29  12  19  13  34  14   8  15  35  16  34  17  40  18  36  19  16 
  0  29   1  20   2  19   3  26   4  29   5  22   6  14   7  12   8  18   9  45  10  47  11  32  12  18  13  35  14  13  15  36  16  34  17  43  18  38  19  16 
  0  29   1  21   2  21   3  28   4  33   5  26   6  14   7  15   8  18   9  45  10  48  11  35  12  21  13  38  14  13  15  38  16  39  17  45  18  42  19  20 
  0  24   1  20   2  15   3  20   4  27   5  21   6  12   7  12   8  19   9  45  10  46  11  27  12  16  13  35  14   8  15  37  16  33  17  40  18  35  19  15 
  0  32   1  22   2  18   3  24   4  33   5  27   6  12   7  16   8  20   9  45  10  46  11  33  12  19  13  39  14  14  15  39  16  37  17  42  18  41  19  19 
  0  22   1  20   2  16   3  23   4  28   5  24   6  12   7  14   8  20   9  46  10  46  11  28  12  16  13  34  14  11  15  36  16  35  17  39  18  37  19  17 
  0  27   1  20   2  20   3  23   4  32   5  22   6  14   7  15   8  18   9  47  10  46  11  32  12  20  13  35  14  11  15  38  16  37  17  43  18  38  19  17 
  0  29   1  23   2  19   3  25   4  32   5  27   6  14   7  14   8  20   9  47  10  46  11  33  12  21  13  39  14  14  15  39  16  39  17  45  18  43  19  22 
  0  29   1  18   2  18   3  22   4  31   5  25   6  14   7  13   8  19   9  47  10  47  11  32  12  17  13  34  14  11  15  36  16  38  17  40  18  40  19  18 
  0  27   1  19   2  17   3  24   4  29   5  23   6  12   7  12   8  20   9  45  10  46  11  28  12  16  13  38  14  10  15  38  16  34  17  42  18  38  19  17 
  0  29   1  21   2  16   3  25   4  28   5  26   6  14   7  12   8  18   9  45  10  48  11  28  12  19  13  37  14  10  15  37  16  35  17  44  18  37  19  20 
  0  32   1  21   2  22   3  28   4  33   5  27   6  12   7  14   8  20   9  46  10  48  11  32  12  20  13  37  14  12  15  39  16  38  17  45  18  43  19  21 
  0  32   1  23   2  21   3  28   4  33   5  26   6  14   7  15   8  19   9  47  10  48  11  35  12  21  13  39  14  14  15  39  16  37  17  45  18  42  19  22 
  0  27   1  22   2  18   3  25   4  32   5  26   6  14   7  13   8  18   9  47  10  46  11  31  12  17  13  37  14  11  15  36  16  39  17  41  18  41  19  18 
  0  32   1  23   2  20   3  26   4  33   5  27   6  13   7  16   8  20   9  47  10  46  11  35  12  20  13  37  14  14  15  39  16  38  17  45  18  43  19  22 
  0  24   1  22   2  15   3  22   4  30   5  23   6  12   7  13   8  18   9  45  10  46  11  28  12  18  13  37  14  10  15  35  16  35  17  41  18  40  19  16 
  0  23   1  17   2  14   3  22   4  28   5  21   6  12   7  12   8  18   9  45  10  46  11  25  12  15  13  35  14   9  15  35  16  36  17  42  18  35  19  14 
  0  25   1  19   2  19   3  23   4  29   5  23   6  12   7  15   8  20   9  45  10  48  11  26  12  16  13  33  14  12  15  38  16  36  17  39  18  37  19  18 
  0  26   1  17   2  16   3  23   4  31   5  23   6  12   7  12   8  20   9  47  10  46  11  28  12  16  13  33  14   8  15  37  16  37  17  42  18  35  19  15 
  0  22   1  17   2  15   3  23   4  29   5  23   6  14   7  13   8  20   9  45  10  46  11  27  12  15  13  33  14  11  15  36  16  35  17  39  18  37  19  14 


