
 20  20

  0  57   1  64   2  45   3  38   4  47   5  54   6  42   7  39   8  46   9  38  10  64  11  53  12  44  13  67  14  66  15  63  16  61  17  53  18  43  19  32 
  0  60   1  67   2  45   3  37   4  49   5  58   6  43   7  41   8  48   9  40  10  69  11  58  12  45  13  66  14  70  15  66  16  64  17  55  18  45  19  34 
  0  58   1  64   2  44   3  38   4  48   5  57   6  44   7  38   8  45   9  38  10  64  11  52  12  46  13  65  14  69  15  64  16  62  17  55  18  44  19  34 
  0  52   1  65   2  41   3  34   4  47   5  52   6  42   7  37   8  44   9  38  10  62  11  52  12  40  13  67  14  62  15  58  16  60  17  51  18  43  19  28 
  0  53   1  62   2  42   3  36   4  47   5  52   6  42   7  36   8  44   9  40  10  61  11  49  12  43  13  65  14  62  15  61  16  61  17  51  18  43  19  31 
  0  54   1  65   2  42   3  37   4  49   5  54   6  43   7  38   8  46   9  40  10  65  11  54  12  44  13  67  14  63  15  62  16  61  17  54  18  44  19  30 
  0  54   1  66   2  42   3  34   4  49   5  54   6  43   7  36   8  46   9  39  10  61  11  49  12  43  13  65  14  65  15  60  16  60  17  54  18  44  19  32 
  0  58   1  66   2  43   3  37   4  49   5  55   6  42   7  41   8  48   9  40  10  67  11  56  12  45  13  66  14  66  15  60  16  62  17  53  18  46  19  30 
  0  56   1  69   2  44   3  39   4  47   5  57   6  44   7  39   8  49   9  38  10  65  11  57  12  46  13  67  14  69  15  61  16  63  17  56  18  43  19  34 
  0  60   1  66   2  43   3  38   4  49   5  56   6  46   7  41   8  49   9  40  10  65  11  55  12  44  13  67  14  72  15  64  16  61  17  59  18  46  19  32 
  0  57   1  68   2  43   3  38   4  47   5  56   6  43   7  39   8  45   9  38  10  63  11  53  12  46  13  67  14  68  15  62  16  62  17  56  18  43  19  33 
  0  60   1  69   2  43   3  40   4  49   5  56   6  46   7  40   8  50   9  40  10  68  11  57  12  48  13  67  14  72  15  64  16  64  17  59  18  44  19  36 
  0  59   1  66   2  43   3  37   4  49   5  57   6  43   7  42   8  49   9  38  10  68  11  54  12  45  13  65  14  69  15  65  16  63  17  55  18  46  19  35 
  0  54   1  66   2  41   3  34   4  47   5  55   6  44   7  36   8  44   9  39  10  65  11  53  12  41  13  65  14  65  15  60  16  62  17  51  18  43  19  31 
  0  59   1  68   2  44   3  40   4  48   5  56   6  44   7  41   8  47   9  38  10  65  11  53  12  46  13  67  14  69  15  62  16  61  17  55  18  45  19  32 
  0  59   1  70   2  43   3  39   4  48   5  55   6  43   7  39   8  47   9  40  10  69  11  57  12  45  13  67  14  69  15  65  16  63  17  58  18  44  19  33 
  0  57   1  67   2  41   3  36   4  48   5  53   6  42   7  40   8  47   9  40  10  62  11  52  12  43  13  65  14  66  15  60  16  64  17  53  18  45  19  30 
  0  55   1  65   2  43   3  34   4  47   5  53   6  42   7  39   8  44   9  38  10  61  11  49  12  42  13  65  14  65  15  60  16  62  17  51  18  44  19  28 
  0  52   1  62   2  41   3  33   4  49   5  52   6  42   7  38   8  45   9  38  10  61  11  49  12  42  13  67  14  62  15  58  16  62  17  51  18  43  19  30 
  0  58   1  66   2  45   3  37   4  47   5  58   6  46   7  40   8  49   9  40  10  66  11  58  12  46  13  66  14  68  15  63  16  63  17  57  18  43  19  35 


