
 20  20

  0  50   1  24   2  43   3  59   4  29   5  31   6  52   7  39   8  36   9  30  10  37  11  34  12  24  13  48  14  24  15  41  16  48  17  62  18  54  19  60 
  0  45   1  20   2  41   3  58   4  27   5  25   6  53   7  38   8  32   9  30  10  37  11  27  12  21  13  48  14  22  15  37  16  49  17  60  18  53  19  54 
  0  52   1  23   2  46   3  61   4  28   5  29   6  53   7  38   8  36   9  30  10  40  11  32  12  26  13  48  14  24  15  41  16  53  17  59  18  54  19  58 
  0  44   1  23   2  43   3  58   4  27   5  25   6  52   7  39   8  32   9  31  10  35  11  29  12  21  13  47  14  23  15  40  16  48  17  59  18  51  19  54 
  0  46   1  21   2  46   3  60   4  29   5  28   6  54   7  39   8  35   9  31  10  41  11  31  12  24  13  50  14  24  15  42  16  52  17  62  18  52  19  57 
  0  44   1  23   2  43   3  58   4  27   5  25   6  52   7  38   8  34   9  30  10  39  11  27  12  21  13  48  14  23  15  40  16  47  17  60  18  53  19  58 
  0  44   1  22   2  43   3  60   4  29   5  26   6  52   7  37   8  33   9  31  10  36  11  32  12  23  13  48  14  22  15  40  16  47  17  58  18  52  19  56 
  0  51   1  24   2  49   3  60   4  29   5  31   6  52   7  37   8  35   9  31  10  43  11  33  12  26  13  50  14  24  15  43  16  51  17  60  18  53  19  60 
  0  51   1  24   2  47   3  62   4  29   5  31   6  54   7  37   8  36   9  30  10  43  11  35  12  26  13  51  14  23  15  43  16  53  17  59  18  54  19  61 
  0  52   1  23   2  47   3  61   4  29   5  30   6  52   7  37   8  35   9  31  10  40  11  37  12  26  13  49  14  22  15  41  16  50  17  60  18  53  19  61 
  0  45   1  20   2  41   3  61   4  27   5  28   6  53   7  39   8  33   9  29  10  35  11  30  12  21  13  50  14  22  15  39  16  47  17  61  18  50  19  54 
  0  43   1  21   2  43   3  58   4  27   5  27   6  53   7  38   8  32   9  29  10  38  11  30  12  20  13  47  14  24  15  37  16  49  17  58  18  51  19  54 
  0  44   1  20   2  43   3  58   4  29   5  26   6  52   7  38   8  32   9  31  10  35  11  30  12  23  13  49  14  22  15  37  16  50  17  60  18  52  19  54 
  0  49   1  24   2  47   3  61   4  29   5  30   6  54   7  38   8  33   9  31  10  41  11  33  12  26  13  51  14  24  15  40  16  53  17  61  18  51  19  58 
  0  50   1  24   2  45   3  59   4  27   5  30   6  52   7  39   8  35   9  29  10  39  11  32  12  26  13  47  14  24  15  42  16  50  17  61  18  53  19  59 
  0  44   1  21   2  43   3  58   4  29   5  25   6  52   7  37   8  34   9  29  10  35  11  28  12  21  13  47  14  22  15  37  16  47  17  60  18  51  19  55 
  0  47   1  21   2  45   3  58   4  28   5  27   6  52   7  37   8  33   9  30  10  35  11  29  12  21  13  50  14  22  15  39  16  49  17  61  18  51  19  57 
  0  49   1  22   2  47   3  62   4  28   5  31   6  54   7  38   8  33   9  31  10  41  11  36  12  25  13  49  14  22  15  41  16  49  17  62  18  52  19  59 
  0  49   1  22   2  46   3  60   4  27   5  32   6  53   7  37   8  35   9  29  10  39  11  35  12  24  13  48  14  23  15  41  16  52  17  59  18  51  19  59 
  0  45   1  20   2  41   3  58   4  27   5  27   6  54   7  37   8  32   9  29  10  37  11  27  12  20  13  48  14  24  15  38  16  47  17  58  18  51  19  54 


