
 20  20

  0  67   1  58   2  59   3  73   4  71   5  62   6  92   7  81   8  71   9  65  10  80  11  61  12  67  13  71  14  65  15  64  16  93  17  74  18  68  19  66 
  0  65   1  58   2  58   3  73   4  71   5  62   6  90   7  81   8  73   9  61  10  77  11  59  12  67  13  70  14  65  15  61  16  88  17  72  18  64  19  66 
  0  65   1  58   2  58   3  73   4  73   5  60   6  91   7  80   8  71   9  63  10  77  11  61  12  69  13  67  14  65  15  62  16  90  17  73  18  64  19  66 
  0  65   1  58   2  58   3  73   4  71   5  60   6  91   7  81   8  72   9  61  10  79  11  61  12  68  13  69  14  63  15  61  16  88  17  72  18  64  19  66 
  0  65   1  56   2  58   3  75   4  71   5  62   6  91   7  80   8  71   9  61  10  80  11  59  12  68  13  67  14  63  15  61  16  90  17  72  18  64  19  68 
  0  72   1  58   2  59   3  77   4  75   5  60   6  96   7  85   8  75   9  67  10  85  11  61  12  69  13  69  14  63  15  69  16  93  17  73  18  70  19  67 
  0  72   1  61   2  59   3  76   4  72   5  60   6  98   7  85   8  75   9  67  10  86  11  59  12  67  13  70  14  65  15  65  16  96  17  73  18  69  19  66 
  0  66   1  57   2  59   3  74   4  71   5  60   6  93   7  80   8  72   9  63  10  81  11  59  12  67  13  70  14  63  15  64  16  90  17  72  18  64  19  66 
  0  68   1  57   2  58   3  74   4  71   5  62   6  90   7  82   8  71   9  61  10  78  11  60  12  68  13  69  14  65  15  62  16  92  17  74  18  65  19  68 
  0  71   1  58   2  58   3  74   4  71   5  60   6  95   7  80   8  71   9  62  10  82  11  59  12  69  13  69  14  65  15  63  16  90  17  74  18  65  19  68 
  0  75   1  60   2  60   3  79   4  75   5  62   6  99   7  86   8  75   9  65  10  87  11  61  12  69  13  73  14  65  15  69  16  97  17  74  18  69  19  68 
  0  66   1  60   2  61   3  74   4  73   5  62   6  91   7  80   8  73   9  65  10  80  11  59  12  68  13  69  14  63  15  64  16  89  17  74  18  67  19  68 
  0  75   1  62   2  61   3  79   4  75   5  62   6  99   7  85   8  75   9  67  10  86  11  61  12  69  13  71  14  65  15  69  16  95  17  74  18  71  19  68 
  0  72   1  60   2  62   3  79   4  75   5  61   6  98   7  83   8  74   9  64  10  87  11  60  12  68  13  70  14  65  15  69  16  96  17  74  18  72  19  68 
  0  71   1  62   2  62   3  77   4  74   5  62   6  97   7  85   8  75   9  67  10  85  11  61  12  68  13  70  14  65  15  66  16  97  17  72  18  70  19  66 
  0  67   1  60   2  58   3  76   4  71   5  60   6  95   7  81   8  72   9  64  10  78  11  61  12  68  13  70  14  63  15  61  16  92  17  74  18  64  19  68 
  0  66   1  58   2  58   3  75   4  71   5  60   6  90   7  81   8  71   9  61  10  79  11  59  12  69  13  69  14  63  15  62  16  89  17  74  18  64  19  68 
  0  66   1  57   2  60   3  75   4  73   5  60   6  90   7  80   8  72   9  61  10  81  11  59  12  67  13  68  14  63  15  65  16  90  17  72  18  65  19  67 
  0  74   1  60   2  61   3  78   4  74   5  62   6  99   7  85   8  75   9  64  10  85  11  59  12  69  13  72  14  65  15  65  16  93  17  74  18  69  19  66 
  0  71   1  60   2  61   3  79   4  74   5  62   6  97   7  85   8  75   9  64  10  84  11  61  12  69  13  73  14  65  15  66  16  94  17  73  18  72  19  66 


