
 20  20

  0  83   1  86   2  70   3  57   4  74   5  67   6  79   7  87   8  65   9  61  10  71  11  85  12  72  13  57  14  65  15  79  16  49  17  70  18  78  19  71 
  0  82   1  84   2  68   3  59   4  78   5  66   6  79   7  88   8  69   9  58  10  71  11  85  12  73  13  57  14  65  15  77  16  51  17  71  18  77  19  74 
  0  79   1  82   2  68   3  60   4  77   5  65   6  79   7  84   8  67   9  60  10  69  11  87  12  72  13  54  14  66  15  80  16  49  17  70  18  78  19  72 
  0  84   1  89   2  70   3  63   4  76   5  71   6  78   7  89   8  70   9  62  10  71  11  87  12  76  13  56  14  69  15  81  16  50  17  74  18  76  19  74 
  0  78   1  83   2  69   3  58   4  74   5  65   6  76   7  85   8  66   9  59  10  69  11  85  12  74  13  53  14  63  15  75  16  52  17  72  18  78  19  71 
  0  85   1  85   2  71   3  61   4  78   5  68   6  77   7  86   8  68   9  61  10  74  11  86  12  77  13  57  14  66  15  80  16  50  17  74  18  78  19  74 
  0  82   1  84   2  70   3  56   4  75   5  66   6  76   7  84   8  65   9  58  10  69  11  87  12  75  13  54  14  63  15  76  16  52  17  72  18  78  19  70 
  0  82   1  86   2  68   3  60   4  76   5  71   6  79   7  87   8  70   9  58  10  72  11  85  12  78  13  57  14  68  15  81  16  53  17  70  18  77  19  74 
  0  79   1  81   2  68   3  60   4  74   5  65   6  77   7  84   8  68   9  57  10  70  11  85  12  75  13  56  14  65  15  75  16  51  17  70  18  77  19  72 
  0  83   1  84   2  68   3  59   4  74   5  68   6  81   7  89   8  66   9  60  10  74  11  85  12  75  13  58  14  64  15  77  16  53  17  72  18  76  19  74 
  0  87   1  89   2  72   3  64   4  78   5  74   6  82   7  93   8  73   9  62  10  75  11  86  12  81  13  59  14  68  15  83  16  53  17  74  18  78  19  76 
  0  84   1  84   2  69   3  59   4  76   5  70   6  80   7  86   8  71   9  58  10  74  11  87  12  77  13  58  14  68  15  80  16  49  17  71  18  76  19  73 
  0  88   1  89   2  72   3  66   4  78   5  71   6  80   7  93   8  73   9  61  10  75  11  86  12  81  13  58  14  67  15  83  16  53  17  74  18  78  19  75 
  0  82   1  84   2  70   3  59   4  76   5  70   6  78   7  85   8  68   9  57  10  70  11  85  12  74  13  56  14  67  15  80  16  51  17  72  18  77  19  73 
  0  80   1  86   2  70   3  57   4  75   5  65   6  80   7  87   8  68   9  58  10  69  11  85  12  76  13  53  14  62  15  79  16  50  17  70  18  78  19  74 
  0  86   1  91   2  71   3  64   4  76   5  74   6  82   7  91   8  71   9  61  10  73  11  87  12  78  13  56  14  67  15  82  16  50  17  73  18  76  19  74 
  0  79   1  84   2  71   3  60   4  74   5  68   6  77   7  84   8  68   9  57  10  69  11  86  12  75  13  55  14  64  15  79  16  49  17  71  18  77  19  70 
  0  88   1  91   2  72   3  64   4  78   5  71   6  79   7  93   8  71   9  63  10  75  11  87  12  79  13  56  14  69  15  83  16  53  17  71  18  76  19  76 
  0  83   1  83   2  69   3  60   4  74   5  66   6  79   7  85   8  68   9  60  10  73  11  87  12  72  13  56  14  65  15  80  16  52  17  70  18  78  19  72 
  0  78   1  83   2  68   3  57   4  74   5  64   6  79   7  83   8  64   9  57  10  72  11  85  12  71  13  53  14  62  15  77  16  49  17  72  18  76  19  72 


