
 20  20

  0  25   1  15   2  27   3  22   4  17   5  27   6  38   7  27   8  22   9  13  10  40  11   8  12  20  13  23  14  39  15  36  16   9  17  33  18   7  19  30 
  0  23   1  14   2  28   3  22   4  16   5  24   6  35   7  27   8  20   9  13  10  37  11   8  12  18  13  25  14  39  15  38  16   9  17  33  18   7  19  30 
  0  33   1  20   2  33   3  21   4  22   5  32   6  45   7  33   8  26   9  23  10  47  11  14  12  18  13  24  14  40  15  41  16  13  17  35  18   9  19  36 
  0  30   1  21   2  32   3  21   4  20   5  32   6  41   7  31   8  26   9  23  10  43  11  14  12  20  13  25  14  40  15  40  16  12  17  33  18   8  19  38 
  0  28   1  15   2  29   3  21   4  19   5  26   6  40   7  32   8  26   9  19  10  43  11  11  12  18  13  25  14  38  15  38  16  10  17  34  18   9  19  36 
  0  29   1  21   2  33   3  23   4  21   5  32   6  44   7  33   8  28   9  22  10  45  11  13  12  19  13  25  14  39  15  41  16  12  17  35  18  11  19  38 
  0  29   1  21   2  32   3  22   4  22   5  31   6  44   7  32   8  26   9  21  10  45  11  13  12  20  13  25  14  38  15  38  16  10  17  35  18  10  19  38 
  0  30   1  18   2  33   3  21   4  23   5  28   6  41   7  31   8  25   9  20  10  44  11  11  12  18  13  23  14  38  15  41  16  13  17  35  18   9  19  33 
  0  31   1  18   2  31   3  23   4  24   5  30   6  45   7  33   8  26   9  20  10  47  11  14  12  20  13  25  14  40  15  41  16  12  17  33  18  11  19  38 
  0  23   1  15   2  26   3  21   4  16   5  24   6  37   7  26   8  21   9  13  10  37  11   9  12  19  13  23  14  40  15  36  16  11  17  35  18   6  19  32 
  0  23   1  15   2  26   3  21   4  18   5  24   6  35   7  27   8  20   9  13  10  39  11  10  12  18  13  23  14  38  15  38  16  10  17  33  18   5  19  30 
  0  23   1  15   2  30   3  23   4  16   5  28   6  35   7  27   8  21   9  15  10  37  11  10  12  18  13  24  14  38  15  39  16  12  17  33  18   5  19  32 
  0  29   1  19   2  30   3  21   4  22   5  31   6  42   7  31   8  23   9  17  10  43  11  14  12  18  13  24  14  40  15  42  16  13  17  35  18  10  19  37 
  0  27   1  15   2  28   3  21   4  19   5  28   6  42   7  28   8  22   9  19  10  44  11  12  12  18  13  23  14  38  15  41  16  11  17  33  18   6  19  33 
  0  28   1  18   2  28   3  23   4  19   5  27   6  40   7  30   8  23   9  16  10  42  11  13  12  20  13  24  14  40  15  41  16   9  17  33  18   8  19  32 
  0  29   1  17   2  32   3  23   4  22   5  30   6  40   7  29   8  24   9  18  10  40  11  11  12  18  13  23  14  38  15  37  16  10  17  33  18   7  19  34 
  0  28   1  18   2  33   3  21   4  21   5  28   6  42   7  32   8  24   9  21  10  46  11  12  12  20  13  23  14  38  15  40  16  12  17  35  18   7  19  37 
  0  26   1  16   2  30   3  21   4  20   5  25   6  38   7  29   8  23   9  19  10  42  11  12  12  19  13  24  14  39  15  40  16  10  17  34  18   7  19  33 
  0  30   1  17   2  30   3  23   4  22   5  30   6  38   7  28   8  25   9  16  10  42  11  12  12  19  13  25  14  40  15  41  16  10  17  33  18   6  19  33 
  0  29   1  15   2  30   3  22   4  21   5  26   6  42   7  31   8  23   9  17  10  42  11  10  12  19  13  23  14  40  15  41  16  10  17  35  18   9  19  36 


