
 20  20

  0  95   1  75   2  65   3  82   4  73   5  97   6  92   7  67   8  88   9  91  10  60  11  93  12  81  13  71  14  88  15  65  16  85  17  89  18  77  19  70 
  0  89   1  72   2  65   3  81   4  69   5  95   6  85   7  65   8  86   9  86  10  55  11  92  12  79  13  72  14  88  15  61  16  85  17  85  18  76  19  67 
  0  85   1  70   2  59   3  78   4  67   5  88   6  85   7  65   8  86   9  84  10  54  11  91  12  78  13  68  14  87  15  58  16  83  17  84  18  77  19  65 
  0  92   1  75   2  64   3  82   4  72   5  94   6  89   7  67   8  87   9  88  10  58  11  93  12  80  13  71  14  86  15  62  16  85  17  87  18  76  19  68 
  0  87   1  73   2  62   3  78   4  70   5  91   6  86   7  67   8  88   9  84  10  56  11  93  12  78  13  68  14  87  15  57  16  83  17  85  18  78  19  66 
  0  87   1  74   2  61   3  79   4  70   5  92   6  84   7  66   8  88   9  89  10  58  11  91  12  81  13  70  14  86  15  60  16  83  17  85  18  78  19  66 
  0  93   1  76   2  67   3  82   4  71   5  96   6  92   7  66   8  88   9  93  10  58  11  93  12  82  13  73  14  90  15  64  16  85  17  86  18  77  19  71 
  0  90   1  73   2  64   3  82   4  69   5  92   6  84   7  67   8  87   9  86  10  57  11  91  12  79  13  72  14  87  15  60  16  83  17  85  18  76  19  67 
  0  86   1  70   2  62   3  79   4  69   5  93   6  84   7  67   8  88   9  85  10  56  11  93  12  79  13  69  14  84  15  58  16  85  17  82  18  78  19  65 
  0  91   1  73   2  62   3  81   4  70   5  94   6  89   7  65   8  88   9  88  10  58  11  92  12  80  13  71  14  88  15  60  16  84  17  85  18  76  19  69 
  0  89   1  72   2  64   3  78   4  71   5  92   6  87   7  65   8  86   9  87  10  56  11  93  12  79  13  70  14  88  15  61  16  83  17  85  18  76  19  69 
  0  91   1  75   2  65   3  78   4  70   5  94   6  85   7  66   8  88   9  89  10  57  11  91  12  80  13  73  14  85  15  59  16  83  17  83  18  77  19  70 
  0  87   1  72   2  59   3  80   4  69   5  91   6  86   7  66   8  88   9  85  10  54  11  91  12  79  13  68  14  85  15  61  16  83  17  84  18  76  19  65 
  0  88   1  73   2  60   3  80   4  71   5  91   6  88   7  67   8  88   9  86  10  57  11  91  12  78  13  71  14  87  15  61  16  83  17  82  18  78  19  66 
  0  95   1  78   2  66   3  81   4  74   5  98   6  92   7  66   8  88   9  92  10  60  11  92  12  82  13  72  14  89  15  63  16  85  17  89  18  78  19  72 
  0  90   1  77   2  65   3  80   4  69   5  95   6  89   7  65   8  88   9  90  10  56  11  92  12  82  13  72  14  86  15  61  16  83  17  88  18  78  19  71 
  0  90   1  73   2  60   3  79   4  71   5  89   6  83   7  67   8  86   9  84  10  56  11  93  12  79  13  70  14  87  15  62  16  85  17  84  18  78  19  70 
  0  88   1  73   2  63   3  81   4  71   5  95   6  87   7  65   8  86   9  89  10  58  11  91  12  81  13  73  14  85  15  61  16  85  17  87  18  76  19  67 
  0  92   1  78   2  67   3  81   4  74   5  96   6  92   7  66   8  88   9  90  10  60  11  93  12  84  13  72  14  87  15  62  16  85  17  89  18  76  19  70 
  0  92   1  78   2  64   3  82   4  72   5  94   6  91   7  67   8  88   9  89  10  60  11  93  12  84  13  74  14  87  15  62  16  85  17  87  18  78  19  70 


