
 20  20

  0  89   1  78   2  70   3  83   4  87   5  78   6  93   7  97   8  71   9  73  10  86  11  88  12  82  13  73  14  76  15  94  16  85  17  89  18  86  19  90 
  0  94   1  77   2  74   3  86   4  91   5  82   6  98   7  98   8  74   9  77  10  91  11  89  12  83  13  75  14  75  15  93  16  85  17  91  18  90  19  96 
  0  86   1  79   2  72   3  83   4  84   5  73   6  90   7  92   8  68   9  73  10  83  11  88  12  82  13  76  14  72  15  94  16  84  17  89  18  86  19  87 
  0  90   1  76   2  70   3  83   4  87   5  76   6  94   7  97   8  71   9  75  10  84  11  91  12  79  13  73  14  72  15  93  16  86  17  89  18  86  19  89 
  0  88   1  78   2  70   3  84   4  84   5  74   6  93   7  93   8  67   9  73  10  84  11  90  12  80  13  73  14  72  15  93  16  84  17  89  18  87  19  86 
  0  95   1  79   2  74   3  87   4  94   5  81   6  98   7  99   8  74   9  77  10  91  11  92  12  83  13  77  14  76  15  95  16  86  17  91  18  88  19  96 
  0  93   1  78   2  71   3  85   4  89   5  76   6  92   7  98   8  69   9  74  10  88  11  91  12  79  13  73  14  77  15  93  16  86  17  91  18  89  19  93 
  0  91   1  77   2  73   3  83   4  89   5  80   6  92   7  96   8  70   9  75  10  86  11  88  12  82  13  76  14  74  15  94  16  86  17  90  18  86  19  91 
  0  87   1  79   2  70   3  85   4  84   5  74   6  90   7  94   8  68   9  73  10  83  11  90  12  81  13  73  14  73  15  93  16  84  17  89  18  86  19  86 
  0  95   1  77   2  71   3  87   4  91   5  82   6  97   7  97   8  71   9  76  10  89  11  90  12  82  13  75  14  75  15  95  16  84  17  91  18  88  19  94 
  0  92   1  80   2  70   3  83   4  88   5  75   6  93   7  94   8  69   9  75  10  88  11  91  12  82  13  74  14  76  15  94  16  86  17  89  18  90  19  90 
  0  91   1  80   2  72   3  86   4  89   5  80   6  97   7  98   8  72   9  74  10  89  11  91  12  82  13  74  14  74  15  93  16  84  17  91  18  90  19  91 
  0  86   1  77   2  71   3  85   4  87   5  75   6  90   7  92   8  69   9  73  10  84  11  89  12  79  13  73  14  74  15  94  16  84  17  91  18  86  19  87 
  0  96   1  79   2  74   3  87   4  94   5  82   6  98   7  99   8  71   9  75  10  90  11  90  12  83  13  75  14  76  15  95  16  84  17  91  18  88  19  96 
  0  91   1  80   2  71   3  86   4  91   5  77   6  96   7  97   8  71   9  74  10  87  11  90  12  79  13  76  14  77  15  94  16  85  17  89  18  90  19  90 
  0  91   1  76   2  70   3  83   4  86   5  76   6  92   7  94   8  71   9  74  10  87  11  92  12  83  13  76  14  76  15  93  16  85  17  89  18  87  19  90 
  0  96   1  79   2  73   3  85   4  94   5  82   6  96   7  98   8  72   9  75  10  90  11  92  12  83  13  76  14  77  15  95  16  86  17  89  18  90  19  96 
  0  95   1  79   2  72   3  84   4  90   5  80   6  96   7  99   8  71   9  76  10  89  11  90  12  83  13  77  14  76  15  95  16  86  17  91  18  90  19  94 
  0  96   1  78   2  74   3  87   4  94   5  81   6  98   7  99   8  73   9  77  10  91  11  90  12  83  13  77  14  77  15  95  16  86  17  91  18  90  19  95 
  0  90   1  79   2  70   3  84   4  92   5  79   6  96   7  98   8  69   9  74  10  86  11  92  12  83  13  74  14  75  15  95  16  86  17  90  18  90  19  90 


