
 20  20

  0  38   1  35   2  34   3  39   4  27   5  59   6  54   7  56   8  30   9  46  10  29  11  45  12  59  13  41  14  29  15  24  16  45  17  50  18  35  19  28 
  0  38   1  29   2  30   3  35   4  23   5  56   6  46   7  55   8  28   9  42  10  26  11  47  12  57  13  41  14  26  15  22  16  39  17  49  18  29  19  22 
  0  40   1  37   2  35   3  41   4  29   5  59   6  56   7  56   8  30   9  43  10  34  11  47  12  60  13  43  14  27  15  24  16  47  17  55  18  35  19  26 
  0  41   1  37   2  35   3  40   4  29   5  57   6  52   7  56   8  30   9  44  10  33  11  49  12  60  13  42  14  29  15  23  16  44  17  53  18  34  19  28 
  0  40   1  36   2  34   3  39   4  28   5  59   6  56   7  56   8  30   9  46  10  34  11  46  12  60  13  42  14  27  15  23  16  45  17  54  18  35  19  26 
  0  37   1  29   2  30   3  35   4  23   5  53   6  46   7  56   8  28   9  44  10  27  11  45  12  56  13  41  14  26  15  22  16  37  17  49  18  29  19  24 
  0  40   1  36   2  33   3  38   4  26   5  59   6  52   7  56   8  29   9  46  10  30  11  46  12  57  13  42  14  29  15  24  16  47  17  55  18  34  19  25 
  0  37   1  30   2  32   3  36   4  24   5  55   6  48   7  54   8  29   9  44  10  24  11  47  12  54  13  43  14  25  15  24  16  39  17  49  18  29  19  22 
  0  39   1  33   2  34   3  36   4  27   5  56   6  52   7  54   8  28   9  42  10  27  11  49  12  55  13  43  14  25  15  24  16  43  17  53  18  31  19  25 
  0  42   1  39   2  35   3  41   4  28   5  59   6  56   7  56   8  29   9  46  10  33  11  49  12  59  13  43  14  29  15  22  16  45  17  55  18  34  19  26 
  0  35   1  29   2  31   3  36   4  24   5  53   6  48   7  54   8  29   9  42  10  25  11  45  12  54  13  43  14  24  15  22  16  40  17  47  18  31  19  22 
  0  39   1  37   2  34   3  40   4  29   5  58   6  54   7  54   8  28   9  43  10  32  11  49  12  56  13  42  14  29  15  22  16  44  17  51  18  31  19  24 
  0  35   1  33   2  33   3  39   4  27   5  57   6  51   7  54   8  28   9  44  10  28  11  45  12  57  13  43  14  26  15  24  16  40  17  49  18  32  19  22 
  0  39   1  35   2  33   3  36   4  27   5  55   6  52   7  56   8  30   9  42  10  28  11  49  12  56  13  43  14  27  15  24  16  43  17  48  18  33  19  26 
  0  42   1  37   2  34   3  38   4  27   5  59   6  52   7  54   8  30   9  43  10  34  11  49  12  57  13  43  14  29  15  24  16  46  17  51  18  35  19  25 
  0  39   1  35   2  31   3  38   4  26   5  56   6  49   7  54   8  30   9  42  10  30  11  46  12  56  13  41  14  27  15  22  16  39  17  49  18  33  19  23 
  0  43   1  39   2  35   3  41   4  27   5  59   6  56   7  55   8  30   9  45  10  32  11  47  12  60  13  43  14  29  15  22  16  45  17  54  18  34  19  28 
  0  42   1  36   2  31   3  39   4  25   5  57   6  50   7  54   8  30   9  44  10  28  11  47  12  56  13  41  14  25  15  24  16  44  17  53  18  35  19  24 
  0  40   1  35   2  35   3  39   4  29   5  56   6  56   7  56   8  28   9  46  10  33  11  46  12  59  13  43  14  28  15  24  16  46  17  55  18  33  19  28 
  0  39   1  31   2  30   3  35   4  27   5  53   6  48   7  56   8  28   9  42  10  26  11  45  12  55  13  43  14  27  15  22  16  40  17  47  18  30  19  25 


