
 20  20

  0  43   1  48   2  49   3  49   4  26   5  47   6  43   7  17   8  33   9  48  10  17  11  39  12  26  13  33  14  40  15  20  16  23  17  47  18  30  19  27 
  0  33   1  45   2  41   3  41   4  22   5  38   6  42   7  12   8  25   9  40  10   9  11  36  12  26  13  31  14  34  15  12  16  15  17  43  18  26  19  27 
  0  42   1  46   2  49   3  49   4  26   5  47   6  43   7  18   8  32   9  47  10  15  11  39  12  25  13  33  14  40  15  19  16  24  17  45  18  30  19  26 
  0  34   1  44   2  42   3  42   4  25   5  39   6  42   7  12   8  28   9  41  10  11  11  36  12  25  13  29  14  36  15  14  16  16  17  41  18  26  19  26 
  0  37   1  44   2  43   3  41   4  25   5  41   6  43   7  13   8  28   9  42  10  12  11  38  12  24  13  29  14  36  15  12  16  17  17  44  18  27  19  28 
  0  41   1  48   2  48   3  48   4  24   5  45   6  44   7  17   8  30   9  48  10  16  11  37  12  26  13  33  14  37  15  21  16  24  17  46  18  28  19  27 
  0  34   1  44   2  43   3  39   4  22   5  41   6  44   7  14   8  29   9  43  10  12  11  37  12  24  13  32  14  34  15  11  16  15  17  41  18  29  19  26 
  0  35   1  46   2  45   3  44   4  23   5  43   6  43   7  11   8  28   9  43  10  13  11  36  12  25  13  33  14  38  15  16  16  17  17  42  18  29  19  26 
  0  34   1  47   2  43   3  41   4  22   5  42   6  44   7  12   8  29   9  40  10  10  11  35  12  25  13  31  14  37  15  12  16  15  17  42  18  26  19  28 
  0  42   1  48   2  47   3  47   4  26   5  47   6  44   7  17   8  30   9  47  10  15  11  38  12  25  13  30  14  39  15  20  16  24  17  46  18  30  19  27 
  0  34   1  46   2  41   3  41   4  22   5  39   6  42   7  12   8  25   9  40  10  10  11  35  12  24  13  29  14  34  15  12  16  14  17  43  18  27  19  26 
  0  38   1  46   2  48   3  47   4  24   5  46   6  42   7  17   8  31   9  46  10  14  11  39  12  25  13  31  14  38  15  16  16  20  17  44  18  30  19  27 
  0  40   1  48   2  43   3  44   4  25   5  42   6  44   7  16   8  27   9  44  10  15  11  38  12  24  13  31  14  35  15  15  16  18  17  42  18  30  19  26 
  0  43   1  47   2  49   3  47   4  23   5  44   6  44   7  17   8  31   9  46  10  17  11  39  12  26  13  33  14  37  15  19  16  23  17  46  18  29  19  28 
  0  37   1  46   2  45   3  44   4  22   5  38   6  43   7  10   8  28   9  41  10  13  11  36  12  24  13  31  14  37  15  16  16  18  17  45  18  27  19  27 
  0  37   1  44   2  41   3  40   4  22   5  39   6  42   7  10   8  26   9  42  10  11  11  37  12  24  13  29  14  36  15  11  16  17  17  43  18  29  19  28 
  0  34   1  46   2  41   3  41   4  22   5  40   6  43   7  10   8  25   9  42  10  10  11  37  12  24  13  29  14  34  15  14  16  16  17  41  18  28  19  26 
  0  40   1  48   2  43   3  43   4  22   5  40   6  44   7  15   8  27   9  43  10  12  11  39  12  26  13  31  14  38  15  16  16  19  17  44  18  30  19  28 
  0  36   1  46   2  43   3  44   4  22   5  42   6  44   7  14   8  28   9  44  10  14  11  36  12  25  13  30  14  37  15  18  16  18  17  44  18  30  19  28 
  0  36   1  44   2  42   3  43   4  24   5  41   6  44   7  11   8  28   9  41  10   9  11  36  12  24  13  32  14  36  15  14  16  16  17  41  18  26  19  28 


