
 20  20

  0  77   1  71   2  49   3  62   4  59   5  59   6  67   7  88   8  69   9  70  10  73  11  88  12  54  13  68  14  54  15  75  16  57  17  57  18  73  19  77 
  0  79   1  74   2  51   3  66   4  61   5  64   6  68   7  91   8  73   9  70  10  74  11  90  12  58  13  67  14  57  15  76  16  56  17  59  18  74  19  78 
  0  78   1  73   2  49   3  65   4  61   5  61   6  69   7  89   8  72   9  70  10  75  11  88  12  55  13  67  14  54  15  78  16  55  17  57  18  73  19  76 
  0  84   1  77   2  59   3  68   4  61   5  67   6  73   7  89   8  71   9  72  10  82  11  92  12  62  13  69  14  55  15  76  16  61  17  61  18  79  19  84 
  0  83   1  77   2  59   3  68   4  64   5  64   6  73   7  90   8  72   9  71  10  81  11  94  12  62  13  69  14  58  15  79  16  60  17  60  18  79  19  81 
  0  80   1  77   2  56   3  67   4  62   5  64   6  73   7  91   8  73   9  72  10  78  11  93  12  63  13  67  14  58  15  78  16  58  17  60  18  78  19  81 
  0  84   1  76   2  56   3  68   4  62   5  65   6  74   7  89   8  72   9  72  10  80  11  94  12  63  13  67  14  57  15  77  16  61  17  59  18  79  19  81 
  0  75   1  71   2  49   3  64   4  58   5  59   6  67   7  88   8  69   9  70  10  72  11  86  12  54  13  67  14  54  15  75  16  55  17  57  18  73  19  76 
  0  78   1  72   2  49   3  64   4  61   5  62   6  68   7  87   8  69   9  70  10  72  11  86  12  57  13  67  14  54  15  77  16  56  17  58  18  73  19  78 
  0  75   1  73   2  50   3  63   4  58   5  59   6  67   7  88   8  70   9  70  10  73  11  86  12  54  13  68  14  56  15  75  16  56  17  56  18  73  19  76 
  0  83   1  74   2  55   3  66   4  62   5  64   6  73   7  89   8  72   9  70  10  81  11  92  12  62  13  67  14  56  15  77  16  59  17  60  18  75  19  84 
  0  82   1  75   2  52   3  67   4  62   5  62   6  69   7  90   8  73   9  72  10  77  11  92  12  60  13  67  14  55  15  79  16  56  17  60  18  76  19  81 
  0  76   1  72   2  51   3  62   4  60   5  61   6  69   7  87   8  69   9  72  10  74  11  87  12  54  13  67  14  56  15  75  16  55  17  56  18  73  19  76 
  0  78   1  71   2  51   3  62   4  58   5  61   6  67   7  87   8  69   9  71  10  73  11  88  12  57  13  67  14  54  15  75  16  56  17  56  18  74  19  78 
  0  79   1  74   2  55   3  67   4  63   5  62   6  69   7  89   8  72   9  70  10  77  11  92  12  61  13  69  14  54  15  76  16  56  17  60  18  76  19  79 
  0  80   1  73   2  56   3  67   4  62   5  63   6  74   7  89   8  71   9  70  10  80  11  93  12  62  13  69  14  57  15  79  16  58  17  59  18  78  19  84 
  0  79   1  75   2  55   3  67   4  60   5  63   6  72   7  91   8  73   9  71  10  80  11  92  12  60  13  69  14  57  15  78  16  56  17  58  18  77  19  79 
  0  83   1  77   2  59   3  67   4  64   5  65   6  75   7  91   8  73   9  71  10  80  11  94  12  64  13  69  14  58  15  79  16  61  17  62  18  79  19  84 
  0  75   1  71   2  50   3  62   4  58   5  59   6  68   7  87   8  71   9  70  10  73  11  86  12  54  13  69  14  57  15  75  16  55  17  56  18  74  19  78 
  0  82   1  74   2  58   3  68   4  62   5  63   6  72   7  91   8  70   9  72  10  78  11  90  12  60  13  68  14  57  15  78  16  59  17  62  18  76  19  82 


