
 20  20

  0  75   1  62   2  70   3  83   4  93   5  86   6  62   7  74   8  99   9  95  10  71  11  98  12  72  13  77  14  96  15  97  16  95  17  81  18  82  19  90 
  0  70   1  64   2  68   3  80   4  94   5  87   6  63   7  70   8  94   9  89  10  73  11  99  12  70  13  74  14  90  15  99  16  94  17  79  18  80  19  90 
  0  69   1  62   2  68   3  79   4  90   5  83   6  57   7  70   8  91   9  90  10  71  11  97  12  64  13  71  14  87  15  99  16  93  17  78  18  77  19  90 
  0  76   1  63   2  68   3  81   4  96   5  85   6  64   7  77   8  99   9  95  10  71  11  97  12  72  13  77  14  97  15  99  16  95  17  80  18  80  19  90 
  0  66   1  62   2  69   3  79   4  88   5  84   6  57   7  68   8  93   9  87  10  73  11  97  12  65  13  71  14  89  15  97  16  95  17  76  18  75  19  89 
  0  69   1  64   2  70   3  82   4  90   5  86   6  57   7  70   8  96   9  90  10  71  11  99  12  66  13  72  14  92  15  97  16  95  17  76  18  78  19  88 
  0  67   1  64   2  69   3  79   4  90   5  83   6  61   7  69   8  94   9  88  10  72  11  99  12  68  13  71  14  92  15  98  16  95  17  75  18  78  19  90 
  0  71   1  62   2  68   3  81   4  92   5  84   6  62   7  72   8  95   9  92  10  72  11  97  12  65  13  74  14  93  15  98  16  95  17  76  18  79  19  89 
  0  66   1  62   2  70   3  80   4  89   5  84   6  57   7  68   8  93   9  89  10  71  11  98  12  66  13  73  14  87  15  97  16  93  17  78  18  74  19  90 
  0  70   1  62   2  70   3  81   4  94   5  87   6  63   7  72   8  98   9  92  10  73  11  99  12  70  13  74  14  91  15  98  16  94  17  80  18  78  19  90 
  0  73   1  64   2  70   3  83   4  96   5  87   6  63   7  77   8  99   9  94  10  72  11  98  12  72  13  77  14  96  15  99  16  95  17  80  18  82  19  90 
  0  71   1  64   2  68   3  83   4  91   5  87   6  62   7  69   8  95   9  89  10  72  11  98  12  67  13  75  14  89  15  99  16  93  17  77  18  78  19  88 
  0  73   1  62   2  70   3  80   4  96   5  84   6  64   7  72   8  99   9  93  10  72  11  99  12  70  13  75  14  93  15  99  16  93  17  77  18  79  19  89 
  0  70   1  62   2  68   3  82   4  92   5  85   6  60   7  71   8  95   9  92  10  73  11  97  12  67  13  73  14  90  15  99  16  93  17  75  18  75  19  90 
  0  72   1  62   2  70   3  83   4  91   5  84   6  60   7  72   8  94   9  92  10  71  11  99  12  68  13  75  14  93  15  98  16  94  17  78  18  79  19  90 
  0  67   1  62   2  68   3  80   4  88   5  83   6  57   7  67   8  91   9  87  10  72  11  97  12  65  13  71  14  89  15  99  16  94  17  75  18  74  19  89 
  0  73   1  64   2  68   3  82   4  92   5  85   6  61   7  76   8  96   9  91  10  73  11  99  12  71  13  76  14  92  15  99  16  95  17  79  18  79  19  90 
  0  73   1  63   2  69   3  80   4  91   5  87   6  63   7  71   8  95   9  89  10  71  11  97  12  69  13  73  14  90  15  99  16  95  17  76  18  78  19  88 
  0  73   1  64   2  70   3  83   4  93   5  87   6  63   7  76   8  99   9  94  10  73  11  99  12  70  13  77  14  97  15  99  16  94  17  80  18  78  19  88 
  0  74   1  62   2  68   3  80   4  95   5  84   6  61   7  74   8  97   9  91  10  73  11  99  12  71  13  73  14  96  15  98  16  93  17  78  18  82  19  88 


