
 20  20

  0  58   1  60   2  92   3  63   4  64   5  73   6  79   7  64   8  57   9  84  10  61  11  61  12  84  13  65  14  75  15  83  16  69  17  87  18  69  19  79 
  0  65   1  60   2  95   3  64   4  66   5  73   6  81   7  68   8  61   9  89  10  64  11  61  12  88  13  67  14  77  15  81  16  71  17  92  18  71  19  79 
  0  58   1  57   2  90   3  60   4  62   5  71   6  75   7  63   8  54   9  85  10  63  11  56  12  84  13  65  14  70  15  79  16  65  17  82  18  62  19  78 
  0  61   1  57   2  92   3  61   4  64   5  71   6  80   7  68   8  58   9  87  10  64  11  59  12  86  13  65  14  74  15  82  16  67  17  88  18  69  19  79 
  0  61   1  59   2  91   3  62   4  63   5  72   6  78   7  69   8  60   9  86  10  61  11  58  12  87  13  67  14  75  15  82  16  67  17  89  18  71  19  79 
  0  55   1  57   2  87   3  58   4  62   5  73   6  75   7  62   8  53   9  85  10  60  11  56  12  84  13  67  14  70  15  81  16  65  17  82  18  62  19  78 
  0  59   1  60   2  92   3  62   4  63   5  71   6  77   7  68   8  58   9  89  10  62  11  62  12  87  13  65  14  74  15  83  16  67  17  88  18  70  19  77 
  0  64   1  60   2  94   3  63   4  65   5  73   6  79   7  70   8  60   9  89  10  62  11  60  12  87  13  66  14  74  15  82  16  70  17  90  18  68  19  78 
  0  55   1  59   2  88   3  59   4  62   5  71   6  74   7  62   8  53   9  84  10  60  11  56  12  86  13  67  14  69  15  79  16  66  17  82  18  62  19  77 
  0  64   1  59   2  93   3  62   4  66   5  71   6  79   7  70   8  58   9  87  10  64  11  59  12  88  13  67  14  74  15  81  16  69  17  92  18  72  19  79 
  0  58   1  57   2  89   3  58   4  64   5  73   6  75   7  64   8  56   9  83  10  60  11  56  12  86  13  66  14  69  15  79  16  68  17  84  18  65  19  77 
  0  57   1  60   2  87   3  58   4  65   5  72   6  74   7  63   8  56   9  83  10  60  11  60  12  86  13  67  14  70  15  80  16  69  17  85  18  66  19  79 
  0  63   1  61   2  91   3  61   4  66   5  73   6  79   7  67   8  60   9  89  10  64  11  60  12  86  13  65  14  75  15  81  16  70  17  88  18  67  19  77 
  0  62   1  58   2  91   3  61   4  63   5  73   6  80   7  65   8  58   9  87  10  63  11  61  12  88  13  65  14  72  15  83  16  70  17  87  18  68  19  77 
  0  60   1  58   2  87   3  58   4  63   5  71   6  78   7  65   8  55   9  86  10  60  11  57  12  84  13  67  14  70  15  79  16  65  17  87  18  65  19  77 
  0  57   1  57   2  92   3  59   4  65   5  73   6  78   7  64   8  54   9  84  10  63  11  60  12  86  13  65  14  72  15  81  16  68  17  85  18  68  19  77 
  0  60   1  57   2  88   3  59   4  65   5  73   6  77   7  66   8  53   9  86  10  60  11  59  12  86  13  65  14  71  15  81  16  69  17  86  18  64  19  77 
  0  61   1  61   2  94   3  61   4  63   5  72   6  79   7  70   8  59   9  88  10  62  11  59  12  86  13  65  14  77  15  80  16  69  17  88  18  71  19  77 
  0  56   1  57   2  87   3  58   4  63   5  72   6  74   7  63   8  55   9  83  10  60  11  58  12  84  13  65  14  69  15  79  16  67  17  84  18  64  19  77 
  0  61   1  61   2  92   3  64   4  65   5  72   6  82   7  69   8  59   9  88  10  64  11  62  12  85  13  66  14  77  15  80  16  71  17  90  18  69  19  79 


