
 20  20

  0  71   1  58   2  54   3  77   4  69   5  55   6  75   7  65   8  61   9  71  10  60  11  60  12  68  13  50  14  70  15  63  16  84  17  59  18  57  19  79 
  0  71   1  56   2  55   3  77   4  72   5  56   6  73   7  63   8  64   9  74  10  60  11  60  12  70  13  51  14  68  15  60  16  81  17  59  18  57  19  81 
  0  71   1  56   2  55   3  79   4  69   5  55   6  73   7  60   8  61   9  70  10  60  11  58  12  66  13  49  14  69  15  60  16  80  17  61  18  54  19  81 
  0  70   1  55   2  54   3  79   4  71   5  55   6  76   7  60   8  60   9  74  10  59  11  58  12  67  13  48  14  70  15  62  16  80  17  61  18  57  19  79 
  0  72   1  57   2  54   3  77   4  72   5  56   6  74   7  65   8  66   9  75  10  60  11  60  12  71  13  50  14  70  15  62  16  84  17  61  18  54  19  80 
  0  75   1  57   2  55   3  78   4  73   5  56   6  78   7  62   8  66   9  74  10  59  11  61  12  68  13  49  14  69  15  60  16  81  17  63  18  54  19  80 
  0  74   1  58   2  55   3  78   4  74   5  55   6  75   7  68   8  64   9  74  10  61  11  60  12  71  13  49  14  68  15  62  16  85  17  63  18  58  19  81 
  0  76   1  58   2  55   3  78   4  73   5  56   6  77   7  66   8  68   9  74  10  63  11  64  12  72  13  48  14  70  15  62  16  85  17  64  18  56  19  81 
  0  77   1  58   2  56   3  77   4  75   5  59   6  78   7  66   8  66   9  75  10  63  11  64  12  71  13  51  14  70  15  62  16  84  17  66  18  55  19  81 
  0  73   1  57   2  56   3  79   4  71   5  54   6  76   7  65   8  67   9  74  10  64  11  61  12  73  13  48  14  69  15  61  16  86  17  64  18  55  19  79 
  0  78   1  58   2  55   3  79   4  73   5  56   6  79   7  69   8  69   9  75  10  65  11  61  12  74  13  51  14  68  15  64  16  85  17  64  18  56  19  80 
  0  70   1  55   2  54   3  77   4  68   5  52   6  74   7  59   8  59   9  70  10  57  11  58  12  66  13  47  14  70  15  60  16  80  17  56  18  54  19  80 
  0  69   1  57   2  55   3  78   4  70   5  51   6  73   7  59   8  59   9  71  10  57  11  59  12  65  13  47  14  69  15  62  16  79  17  56  18  54  19  79 
  0  69   1  57   2  54   3  77   4  68   5  51   6  73   7  59   8  59   9  69  10  57  11  58  12  67  13  48  14  69  15  60  16  80  17  56  18  54  19  79 
  0  72   1  59   2  56   3  79   4  73   5  55   6  77   7  63   8  63   9  72  10  62  11  62  12  68  13  51  14  69  15  64  16  84  17  62  18  57  19  80 
  0  69   1  55   2  54   3  78   4  68   5  52   6  76   7  59   8  59   9  73  10  60  11  59  12  69  13  50  14  68  15  60  16  82  17  60  18  55  19  79 
  0  79   1  57   2  54   3  78   4  76   5  56   6  77   7  67   8  69   9  74  10  62  11  63  12  73  13  51  14  68  15  64  16  87  17  63  18  58  19  81 
  0  76   1  57   2  54   3  78   4  73   5  56   6  77   7  67   8  67   9  76  10  62  11  62  12  70  13  48  14  69  15  63  16  86  17  65  18  57  19  80 
  0  75   1  55   2  54   3  79   4  73   5  55   6  73   7  61   8  61   9  71  10  60  11  62  12  67  13  47  14  70  15  60  16  84  17  61  18  54  19  81 
  0  71   1  57   2  54   3  77   4  70   5  54   6  73   7  63   8  64   9  70  10  58  11  58  12  68  13  49  14  68  15  60  16  80  17  60  18  54  19  81 


