
 20  20

  0  59   1  57   2  64   3  58   4  52   5  75   6  63   7  82   8  63   9  55  10  56  11  77  12  45  13  52  14  59  15  81  16  80  17  77  18  73  19  54 
  0  60   1  57   2  65   3  59   4  53   5  75   6  67   7  83   8  63   9  56  10  56  11  80  12  47  13  53  14  63  15  84  16  84  17  81  18  77  19  52 
  0  59   1  53   2  64   3  56   4  53   5  74   6  63   7  82   8  62   9  55  10  52  11  80  12  48  13  51  14  61  15  81  16  80  17  77  18  74  19  54 
  0  58   1  53   2  63   3  56   4  51   5  77   6  62   7  82   8  61   9  54  10  53  11  78  12  43  13  50  14  59  15  80  16  81  17  77  18  74  19  52 
  0  59   1  54   2  63   3  59   4  54   5  78   6  64   7  83   8  63   9  59  10  56  11  78  12  47  13  56  14  63  15  81  16  84  17  81  18  74  19  52 
  0  63   1  56   2  64   3  63   4  51   5  78   6  64   7  83   8  61   9  60  10  57  11  81  12  48  13  57  14  63  15  86  16  83  17  79  18  77  19  54 
  0  67   1  56   2  64   3  64   4  55   5  78   6  66   7  83   8  63   9  57  10  61  11  81  12  50  13  56  14  61  15  84  16  83  17  82  18  77  19  54 
  0  61   1  56   2  64   3  60   4  52   5  78   6  66   7  81   8  62   9  57  10  58  11  78  12  47  13  52  14  61  15  83  16  81  17  79  18  77  19  53 
  0  60   1  57   2  62   3  59   4  52   5  75   6  65   7  82   8  61   9  58  10  56  11  77  12  48  13  53  14  60  15  81  16  80  17  78  18  72  19  54 
  0  63   1  55   2  63   3  59   4  55   5  75   6  66   7  83   8  61   9  55  10  57  11  80  12  46  13  51  14  62  15  84  16  80  17  77  18  76  19  52 
  0  64   1  57   2  67   3  62   4  54   5  74   6  67   7  81   8  63   9  56  10  58  11  81  12  48  13  53  14  60  15  82  16  81  17  82  18  74  19  53 
  0  64   1  54   2  62   3  60   4  52   5  75   6  63   7  82   8  61   9  56  10  58  11  79  12  50  13  52  14  59  15  84  16  81  17  77  18  73  19  54 
  0  62   1  56   2  65   3  59   4  53   5  76   6  64   7  81   8  61   9  55  10  56  11  80  12  49  13  51  14  59  15  81  16  81  17  77  18  75  19  52 
  0  59   1  56   2  63   3  57   4  51   5  75   6  66   7  81   8  62   9  55  10  55  11  77  12  45  13  54  14  62  15  83  16  82  17  79  18  73  19  52 
  0  63   1  58   2  66   3  63   4  52   5  78   6  66   7  83   8  61   9  60  10  59  11  81  12  51  13  57  14  62  15  85  16  84  17  81  18  77  19  53 
  0  64   1  56   2  65   3  61   4  55   5  75   6  67   7  81   8  61   9  58  10  57  11  77  12  46  13  54  14  60  15  84  16  83  17  77  18  74  19  52 
  0  67   1  57   2  68   3  65   4  55   5  78   6  67   7  81   8  63   9  57  10  61  11  79  12  52  13  58  14  61  15  86  16  83  17  81  18  79  19  54 
  0  63   1  59   2  67   3  65   4  52   5  76   6  67   7  83   8  62   9  59  10  58  11  81  12  51  13  57  14  62  15  86  16  84  17  82  18  79  19  54 
  0  58   1  54   2  62   3  58   4  53   5  74   6  62   7  83   8  63   9  56  10  55  11  77  12  45  13  54  14  59  15  81  16  80  17  78  18  75  19  53 
  0  60   1  54   2  60   3  55   4  51   5  74   6  63   7  82   8  62   9  56  10  51  11  77  12  44  13  50  14  60  15  81  16  80  17  76  18  71  19  54 


