
 20  20

  0  75   1  61   2  81   3  81   4  81   5  89   6  90   7  89   8  61   9  61  10  69  11  82  12  68  13  64  14  79  15  61  16  68  17  69  18  86  19  64 
  0  76   1  62   2  82   3  81   4  86   5  92   6  91   7  90   8  62   9  63  10  71  11  83  12  71  13  64  14  82  15  62  16  74  17  68  18  89  19  64 
  0  71   1  59   2  81   3  78   4  82   5  87   6  85   7  89   8  56   9  60  10  63  11  76  12  68  13  61  14  77  15  58  16  65  17  70  18  85  19  64 
  0  74   1  60   2  81   3  83   4  84   5  93   6  87   7  88   8  58   9  62  10  68  11  79  12  71  13  64  14  81  15  60  16  71  17  68  18  86  19  65 
  0  75   1  62   2  83   3  81   4  86   5  91   6  91   7  90   8  62   9  64  10  69  11  81  12  71  13  65  14  81  15  62  16  74  17  68  18  90  19  63 
  0  78   1  61   2  83   3  84   4  83   5  93   6  90   7  88   8  62   9  66  10  71  11  85  12  69  13  65  14  80  15  59  16  72  17  70  18  90  19  64 
  0  71   1  58   2  81   3  79   4  80   5  91   6  86   7  86   8  60   9  62  10  68  11  82  12  69  13  63  14  81  15  62  16  68  17  68  18  86  19  63 
  0  68   1  58   2  81   3  77   4  79   5  90   6  86   7  86   8  58   9  59  10  64  11  75  12  68  13  57  14  78  15  58  16  66  17  68  18  85  19  64 
  0  74   1  59   2  82   3  80   4  82   5  88   6  87   7  90   8  59   9  60  10  67  11  81  12  69  13  61  14  81  15  59  16  70  17  70  18  85  19  63 
  0  70   1  59   2  83   3  78   4  81   5  90   6  86   7  86   8  59   9  59  10  63  11  76  12  67  13  59  14  80  15  58  16  64  17  68  18  86  19  63 
  0  73   1  58   2  83   3  78   4  81   5  87   6  87   7  87   8  59   9  60  10  65  11  78  12  68  13  60  14  81  15  59  16  70  17  70  18  88  19  63 
  0  74   1  59   2  81   3  80   4  86   5  93   6  90   7  88   8  58   9  64  10  66  11  84  12  70  13  62  14  83  15  59  16  71  17  70  18  86  19  64 
  0  72   1  58   2  83   3  78   4  83   5  91   6  89   7  86   8  59   9  62  10  65  11  78  12  70  13  61  14  77  15  61  16  69  17  68  18  88  19  64 
  0  72   1  59   2  81   3  77   4  78   5  88   6  86   7  88   8  57   9  60  10  63  11  78  12  69  13  57  14  77  15  59  16  64  17  68  18  86  19  63 
  0  75   1  62   2  83   3  83   4  86   5  93   6  91   7  90   8  62   9  66  10  70  11  82  12  71  13  65  14  81  15  62  16  71  17  68  18  90  19  63 
  0  68   1  59   2  81   3  76   4  80   5  89   6  87   7  86   8  59   9  60  10  63  11  76  12  67  13  58  14  79  15  61  16  66  17  68  18  84  19  65 
  0  70   1  61   2  83   3  80   4  78   5  87   6  88   7  86   8  56   9  61  10  63  11  76  12  69  13  58  14  79  15  58  16  65  17  68  18  84  19  63 
  0  75   1  60   2  82   3  83   4  82   5  92   6  88   7  86   8  58   9  65  10  66  11  83  12  71  13  64  14  83  15  61  16  68  17  69  18  88  19  65 
  0  69   1  58   2  83   3  79   4  78   5  87   6  85   7  88   8  56   9  61  10  61  11  77  12  69  13  58  14  77  15  60  16  66  17  68  18  84  19  63 
  0  68   1  60   2  81   3  77   4  78   5  87   6  85   7  87   8  56   9  58  10  63  11  75  12  67  13  59  14  77  15  59  16  65  17  70  18  86  19  63 


