
 20  20

  0  17   1  30   2  41   3  40   4  25   5  10   6  11   7  31   8  14   9  20  10  38  11  46  12  15  13  28  14  12  15  18  16  26  17  32  18  17  19  25 
  0  17   1  31   2  41   3  44   4  27   5  12   6   9   7  32   8  16   9  22  10  38  11  44  12  11  13  28  14  15  15  21  16  31  17  35  18  21  19  23 
  0  21   1  32   2  46   3  47   4  29   5  12   6   9   7  31   8  16   9  23  10  38  11  46  12  16  13  30  14  16  15  25  16  32  17  37  18  23  19  27 
  0  21   1  31   2  44   3  44   4  28   5  11   6   9   7  30   8  14   9  22  10  39  11  46  12  16  13  32  14  15  15  23  16  28  17  34  18  19  19  24 
  0  15   1  30   2  42   3  37   4  22   5   9   6   9   7  30   8  14   9  19  10  37  11  44  12  10  13  28  14   9  15  16  16  24  17  30  18  17  19  23 
  0  16   1  30   2  40   3  40   4  23   5   9   6   9   7  32   8  14   9  21  10  37  11  45  12  12  13  28  14   9  15  17  16  25  17  27  18  18  19  24 
  0  13   1  30   2  41   3  38   4  22   5  11   6  10   7  30   8  16   9  20  10  37  11  46  12  10  13  30  14   9  15  17  16  24  17  27  18  15  19  23 
  0  15   1  30   2  40   3  39   4  26   5   9   6   9   7  30   8  14   9  22  10  39  11  44  12  10  13  31  14  12  15  19  16  25  17  31  18  18  19  23 
  0  17   1  30   2  40   3  38   4  26   5   9   6  10   7  30   8  16   9  22  10  37  11  44  12  11  13  28  14  11  15  18  16  25  17  31  18  15  19  24 
  0  18   1  30   2  42   3  46   4  27   5  13   6  10   7  31   8  15   9  21  10  38  11  44  12  14  13  29  14  16  15  23  16  28  17  35  18  19  19  27 
  0  20   1  32   2  43   3  41   4  28   5  11   6   9   7  30   8  14   9  20  10  37  11  46  12  13  13  30  14  13  15  23  16  29  17  30  18  19  19  26 
  0  19   1  31   2  45   3  44   4  27   5  13   6   9   7  31   8  15   9  19  10  37  11  46  12  13  13  31  14  13  15  21  16  26  17  30  18  21  19  25 
  0  13   1  30   2  41   3  39   4  24   5  10   6   9   7  32   8  14   9  20  10  37  11  46  12  10  13  28  14  10  15  16  16  26  17  27  18  15  19  25 
  0  17   1  30   2  43   3  40   4  27   5   9   6  11   7  32   8  14   9  19  10  37  11  44  12  13  13  29  14  11  15  20  16  29  17  31  18  17  19  23 
  0  13   1  31   2  40   3  40   4  24   5   9   6   9   7  30   8  14   9  21  10  38  11  46  12  12  13  31  14  12  15  19  16  26  17  27  18  16  19  23 
  0  23   1  30   2  46   3  46   4  29   5  13   6  11   7  31   8  14   9  23  10  39  11  44  12  14  13  31  14  19  15  22  16  32  17  36  18  19  19  24 
  0  19   1  32   2  45   3  43   4  29   5  11   6  11   7  32   8  15   9  20  10  37  11  46  12  15  13  31  14  16  15  26  16  30  17  35  18  21  19  26 
  0  13   1  30   2  40   3  38   4  22   5  10   6   9   7  30   8  14   9  22  10  37  11  45  12  12  13  28  14  11  15  16  16  26  17  27  18  18  19  23 
  0  16   1  30   2  44   3  41   4  26   5  12   6  10   7  32   8  15   9  19  10  39  11  46  12  11  13  30  14  10  15  21  16  29  17  29  18  17  19  25 
  0  16   1  30   2  42   3  41   4  27   5   9   6   9   7  32   8  16   9  19  10  39  11  44  12  10  13  30  14  11  15  18  16  28  17  33  18  16  19  24 


