
 20  20

  0  43   1  49   2  30   3  21   4  51   5  62   6  44   7  38   8  37   9  37  10  41  11  36  12  43  13  55  14  50  15  36  16  56  17  46  18  49  19  24 
  0  40   1  50   2  27   3  23   4  51   5  62   6  46   7  35   8  34   9  38  10  39  11  36  12  44  13  58  14  49  15  36  16  53  17  45  18  48  19  24 
  0  47   1  53   2  29   3  27   4  54   5  64   6  45   7  38   8  37   9  40  10  48  11  40  12  48  13  58  14  51  15  37  16  58  17  48  18  49  19  26 
  0  44   1  49   2  27   3  23   4  51   5  61   6  45   7  40   8  35   9  38  10  42  11  38  12  45  13  57  14  53  15  38  16  53  17  45  18  49  19  26 
  0  40   1  50   2  30   3  22   4  53   5  59   6  43   7  36   8  34   9  37  10  40  11  35  12  41  13  55  14  48  15  36  16  53  17  46  18  46  19  26 
  0  42   1  51   2  29   3  22   4  51   5  64   6  46   7  38   8  34   9  41  10  42  11  35  12  44  13  56  14  50  15  38  16  54  17  46  18  51  19  26 
  0  49   1  51   2  29   3  29   4  55   5  67   6  46   7  42   8  40   9  45  10  49  11  40  12  49  13  61  14  54  15  38  16  58  17  51  18  54  19  25 
  0  44   1  50   2  29   3  20   4  52   5  62   6  45   7  38   8  36   9  37  10  42  11  35  12  41  13  56  14  48  15  36  16  55  17  49  18  47  19  26 
  0  44   1  52   2  28   3  26   4  52   5  67   6  47   7  40   8  36   9  45  10  45  11  38  12  48  13  59  14  55  15  37  16  58  17  50  18  52  19  25 
  0  41   1  50   2  27   3  25   4  53   5  64   6  44   7  40   8  34   9  39  10  41  11  34  12  46  13  56  14  52  15  36  16  57  17  47  18  50  19  24 
  0  49   1  52   2  31   3  29   4  55   5  66   6  47   7  42   8  40   9  43  10  47  11  40  12  47  13  62  14  56  15  38  16  60  17  51  18  54  19  26 
  0  39   1  49   2  28   3  19   4  51   5  60   6  43   7  35   8  35   9  37  10  40  11  34  12  41  13  55  14  48  15  37  16  54  17  46  18  49  19  24 
  0  42   1  49   2  30   3  22   4  53   5  60   6  44   7  40   8  34   9  40  10  45  11  38  12  44  13  60  14  53  15  38  16  53  17  47  18  47  19  26 
  0  45   1  52   2  28   3  24   4  52   5  61   6  46   7  39   8  37   9  41  10  44  11  37  12  46  13  61  14  51  15  38  16  57  17  46  18  49  19  24 
  0  48   1  50   2  29   3  25   4  55   5  66   6  46   7  40   8  40   9  45  10  48  11  40  12  49  13  63  14  54  15  37  16  60  17  48  18  52  19  26 
  0  49   1  50   2  31   3  29   4  52   5  67   6  44   7  41   8  37   9  44  10  46  11  39  12  47  13  60  14  56  15  38  16  60  17  51  18  51  19  25 
  0  46   1  50   2  28   3  25   4  55   5  66   6  44   7  42   8  38   9  43  10  47  11  37  12  48  13  58  14  52  15  36  16  58  17  50  18  51  19  26 
  0  47   1  53   2  30   3  27   4  55   5  65   6  46   7  42   8  38   9  42  10  49  11  39  12  49  13  60  14  55  15  38  16  60  17  51  18  52  19  26 
  0  45   1  50   2  27   3  27   4  55   5  65   6  44   7  38   8  37   9  44  10  45  11  37  12  46  13  60  14  54  15  37  16  55  17  46  18  51  19  25 
  0  44   1  53   2  31   3  28   4  52   5  64   6  46   7  42   8  37   9  43  10  45  11  36  12  44  13  61  14  51  15  37  16  58  17  48  18  51  19  25 


