
 20  20

  0  58   1  41   2  41   3  66   4  75   5  59   6  78   7  60   8  50   9  74  10  37  11  45  12  68  13  43  14  52  15  73  16  77  17  53  18  61  19  74 
  0  68   1  48   2  43   3  67   4  82   5  67   6  78   7  66   8  58   9  78  10  44  11  45  12  73  13  49  14  55  15  81  16  79  17  55  18  67  19  75 
  0  61   1  42   2  41   3  67   4  75   5  63   6  80   7  66   8  54   9  74  10  39  11  45  12  69  13  45  14  54  15  77  16  78  17  56  18  65  19  74 
  0  65   1  46   2  41   3  65   4  76   5  64   6  81   7  64   8  56   9  78  10  40  11  43  12  71  13  44  14  55  15  77  16  79  17  57  18  66  19  75 
  0  64   1  45   2  43   3  64   4  78   5  64   6  77   7  67   8  55   9  75  10  40  11  45  12  71  13  43  14  52  15  79  16  78  17  56  18  62  19  73 
  0  65   1  44   2  42   3  63   4  80   5  61   6  76   7  64   8  55   9  77  10  41  11  45  12  73  13  47  14  55  15  76  16  79  17  53  18  63  19  73 
  0  61   1  45   2  41   3  66   4  76   5  62   6  79   7  66   8  51   9  75  10  40  11  45  12  69  13  42  14  55  15  76  16  78  17  52  18  64  19  71 
  0  64   1  45   2  41   3  67   4  79   5  63   6  77   7  64   8  55   9  76  10  44  11  43  12  73  13  48  14  56  15  77  16  78  17  54  18  66  19  74 
  0  67   1  49   2  43   3  65   4  81   5  67   6  80   7  68   8  59   9  76  10  44  11  45  12  74  13  48  14  56  15  81  16  79  17  56  18  66  19  75 
  0  60   1  42   2  43   3  63   4  76   5  62   6  78   7  64   8  50   9  74  10  40  11  43  12  71  13  42  14  50  15  76  16  79  17  52  18  61  19  71 
  0  62   1  44   2  42   3  63   4  76   5  63   6  75   7  65   8  50   9  74  10  37  11  45  12  68  13  42  14  54  15  73  16  79  17  55  18  63  19  71 
  0  61   1  44   2  42   3  63   4  73   5  63   6  75   7  63   8  51   9  74  10  39  11  43  12  72  13  42  14  51  15  77  16  79  17  51  18  62  19  74 
  0  67   1  48   2  41   3  67   4  80   5  67   6  80   7  67   8  57   9  75  10  42  11  43  12  74  13  45  14  58  15  77  16  77  17  54  18  63  19  74 
  0  60   1  43   2  42   3  63   4  77   5  60   6  77   7  65   8  53   9  74  10  41  11  44  12  69  13  42  14  51  15  76  16  79  17  52  18  61  19  74 
  0  62   1  44   2  42   3  64   4  80   5  64   6  81   7  68   8  56   9  75  10  40  11  44  12  72  13  48  14  54  15  80  16  78  17  54  18  65  19  72 
  0  61   1  40   2  43   3  63   4  77   5  63   6  79   7  62   8  51   9  77  10  41  11  44  12  68  13  43  14  50  15  73  16  79  17  51  18  63  19  71 
  0  61   1  40   2  41   3  63   4  72   5  60   6  75   7  60   8  51   9  74  10  39  11  43  12  70  13  40  14  49  15  74  16  77  17  51  18  62  19  73 
  0  61   1  42   2  43   3  64   4  77   5  61   6  78   7  63   8  55   9  74  10  38  11  45  12  69  13  46  14  52  15  77  16  79  17  53  18  62  19  72 
  0  66   1  47   2  43   3  65   4  79   5  64   6  79   7  68   8  56   9  76  10  46  11  44  12  76  13  50  14  57  15  79  16  77  17  57  18  64  19  75 
  0  59   1  42   2  41   3  66   4  73   5  60   6  78   7  62   8  52   9  74  10  37  11  43  12  68  13  40  14  50  15  75  16  77  17  53  18  62  19  72 


