
 20  20

  0  82   1  90   2  59   3  61   4  85   5  63   6  89   7  71   8  67   9  90  10  78  11  66  12  74  13  70  14  77  15  77  16  76  17  79  18  66  19  58 
  0  87   1  91   2  59   3  63   4  88   5  69   6  92   7  72   8  69   9  91  10  82  11  69  12  77  13  68  14  79  15  79  16  77  17  84  18  71  19  60 
  0  78   1  86   2  55   3  59   4  86   5  61   6  89   7  72   8  64   9  89  10  75  11  63  12  76  13  68  14  78  15  76  16  74  17  76  18  65  19  57 
  0  87   1  94   2  58   3  65   4  88   5  69   6  94   7  75   8  69   9  90  10  81  11  69  12  78  13  70  14  78  15  81  16  80  17  82  18  69  19  59 
  0  81   1  91   2  55   3  62   4  86   5  67   6  92   7  72   8  67   9  88  10  77  11  66  12  77  13  70  14  79  15  77  16  75  17  79  18  69  19  56 
  0  87   1  93   2  59   3  65   4  87   5  68   6  95   7  74   8  68   9  92  10  81  11  69  12  78  13  70  14  77  15  80  16  80  17  83  18  71  19  61 
  0  85   1  93   2  58   3  65   4  88   5  69   6  93   7  75   8  67   9  92  10  82  11  69  12  77  13  70  14  79  15  81  16  80  17  84  18  71  19  61 
  0  86   1  92   2  56   3  63   4  88   5  68   6  95   7  75   8  68   9  91  10  78  11  66  12  75  13  68  14  78  15  80  16  78  17  84  18  71  19  60 
  0  85   1  91   2  59   3  62   4  86   5  69   6  93   7  75   8  66   9  89  10  78  11  66  12  75  13  69  14  79  15  78  16  78  17  81  18  71  19  59 
  0  84   1  94   2  57   3  64   4  86   5  69   6  93   7  75   8  67   9  92  10  82  11  68  12  78  13  70  14  79  15  81  16  78  17  84  18  71  19  59 
  0  82   1  88   2  57   3  63   4  88   5  65   6  91   7  71   8  66   9  89  10  74  11  66  12  76  13  68  14  79  15  79  16  77  17  81  18  68  19  57 
  0  78   1  90   2  55   3  62   4  84   5  65   6  91   7  72   8  63   9  89  10  73  11  63  12  75  13  69  14  77  15  74  16  77  17  79  18  68  19  56 
  0  81   1  87   2  57   3  61   4  87   5  63   6  87   7  71   8  65   9  89  10  76  11  66  12  74  13  68  14  77  15  74  16  74  17  78  18  65  19  56 
  0  81   1  92   2  59   3  63   4  84   5  63   6  91   7  70   8  67   9  88  10  77  11  68  12  74  13  68  14  77  15  79  16  75  17  80  18  70  19  59 
  0  84   1  94   2  59   3  64   4  88   5  68   6  94   7  75   8  66   9  89  10  82  11  69  12  77  13  70  14  79  15  80  16  80  17  83  18  71  19  61 
  0  85   1  91   2  59   3  65   4  88   5  65   6  93   7  73   8  69   9  89  10  78  11  69  12  78  13  70  14  78  15  81  16  77  17  83  18  71  19  59 
  0  83   1  92   2  58   3  63   4  87   5  68   6  94   7  71   8  65   9  92  10  77  11  66  12  75  13  68  14  79  15  78  16  78  17  82  18  67  19  57 
  0  82   1  94   2  59   3  65   4  88   5  67   6  94   7  72   8  67   9  88  10  81  11  65  12  77  13  70  14  77  15  80  16  78  17  82  18  67  19  58 
  0  78   1  86   2  55   3  61   4  84   5  62   6  89   7  69   8  64   9  86  10  72  11  63  12  75  13  68  14  77  15  75  16  75  17  76  18  67  19  56 
  0  84   1  94   2  56   3  65   4  88   5  65   6  95   7  73   8  69   9  90  10  80  11  69  12  78  13  70  14  79  15  78  16  80  17  81  18  70  19  59 


