
 20  20

  0  34   1  34   2  38   3  35   4  67   5  61   6  31   7  32   8  37   9  36  10  50  11  49  12  54  13  62  14  60  15  65  16  54  17  62  18  45  19  55 
  0  38   1  37   2  41   3  39   4  67   5  68   6  30   7  36   8  40   9  37  10  48  11  51  12  58  13  64  14  65  15  67  16  54  17  64  18  47  19  54 
  0  38   1  38   2  36   3  34   4  65   5  65   6  29   7  34   8  41   9  37  10  49  11  50  12  54  13  62  14  63  15  65  16  53  17  63  18  42  19  51 
  0  36   1  35   2  35   3  36   4  65   5  66   6  32   7  32   8  40   9  37  10  48  11  49  12  53  13  64  14  64  15  68  16  54  17  64  18  45  19  55 
  0  35   1  37   2  34   3  37   4  65   5  64   6  28   7  32   8  38   9  35  10  50  11  49  12  54  13  64  14  63  15  67  16  53  17  62  18  43  19  53 
  0  37   1  37   2  33   3  33   4  65   5  64   6  30   7  31   8  37   9  37  10  49  11  46  12  53  13  62  14  62  15  65  16  51  17  62  18  42  19  54 
  0  41   1  37   2  41   3  41   4  66   5  68   6  32   7  36   8  39   9  36  10  50  11  50  12  58  13  64  14  64  15  67  16  55  17  64  18  44  19  55 
  0  37   1  36   2  34   3  37   4  66   5  63   6  29   7  35   8  39   9  35  10  48  11  46  12  52  13  64  14  60  15  64  16  54  17  63  18  41  19  55 
  0  37   1  38   2  38   3  38   4  66   5  68   6  31   7  37   8  42   9  37  10  50  11  53  12  57  13  63  14  63  15  65  16  55  17  64  18  47  19  55 
  0  40   1  35   2  38   3  37   4  66   5  63   6  32   7  34   8  40   9  35  10  48  11  51  12  54  13  64  14  63  15  66  16  52  17  64  18  44  19  55 
  0  33   1  34   2  33   3  31   4  65   5  58   6  28   7  32   8  37   9  35  10  48  11  46  12  51  13  62  14  62  15  64  16  51  17  63  18  42  19  53 
  0  39   1  38   2  39   3  41   4  67   5  68   6  30   7  37   8  40   9  36  10  50  11  51  12  58  13  64  14  63  15  68  16  55  17  64  18  44  19  53 
  0  33   1  35   2  32   3  34   4  67   5  58   6  28   7  29   8  37   9  35  10  49  11  46  12  52  13  64  14  62  15  65  16  53  17  62  18  41  19  51 
  0  31   1  34   2  34   3  31   4  66   5  60   6  28   7  30   8  39   9  37  10  48  11  43  12  50  13  62  14  62  15  64  16  53  17  62  18  40  19  51 
  0  33   1  34   2  32   3  33   4  65   5  59   6  30   7  29   8  39   9  36  10  49  11  46  12  50  13  62  14  62  15  64  16  52  17  62  18  39  19  53 
  0  37   1  37   2  35   3  36   4  65   5  62   6  29   7  31   8  38   9  37  10  48  11  48  12  51  13  64  14  62  15  64  16  55  17  62  18  42  19  51 
  0  31   1  34   2  33   3  31   4  65   5  58   6  30   7  30   8  37   9  35  10  48  11  44  12  50  13  62  14  61  15  64  16  51  17  62  18  41  19  51 
  0  33   1  36   2  33   3  34   4  65   5  59   6  30   7  30   8  36   9  35  10  49  11  43  12  51  13  63  14  60  15  64  16  53  17  62  18  40  19  51 
  0  31   1  34   2  31   3  31   4  65   5  58   6  28   7  30   8  37   9  37  10  50  11  44  12  50  13  62  14  59  15  65  16  53  17  63  18  40  19  52 
  0  41   1  38   2  40   3  40   4  67   5  64   6  31   7  36   8  42   9  37  10  50  11  52  12  56  13  62  14  64  15  65  16  53  17  64  18  43  19  55 


