
 20  20

  0  45   1  63   2  50   3  58   4  70   5  35   6  30   7  58   8  43   9  60  10  61  11  31  12  60  13  69  14  57  15  41  16  62  17  30  18  64  19  47 
  0  49   1  68   2  54   3  63   4  74   5  37   6  36   7  61   8  48   9  64  10  60  11  37  12  62  13  72  14  62  15  45  16  64  17  36  18  66  19  50 
  0  46   1  66   2  50   3  62   4  72   5  35   6  35   7  58   8  43   9  62  10  61  11  35  12  62  13  71  14  62  15  41  16  61  17  34  18  61  19  48 
  0  48   1  70   2  54   3  61   4  72   5  39   6  34   7  60   8  46   9  67  10  61  11  35  12  65  13  72  14  65  15  45  16  66  17  36  18  67  19  47 
  0  41   1  63   2  48   3  59   4  68   5  35   6  30   7  53   8  41   9  61  10  59  11  29  12  58  13  67  14  55  15  40  16  59  17  30  18  60  19  44 
  0  42   1  64   2  50   3  58   4  70   5  38   6  34   7  56   8  46   9  64  10  60  11  32  12  59  13  69  14  60  15  43  16  59  17  32  18  61  19  48 
  0  44   1  64   2  53   3  59   4  67   5  35   6  33   7  58   8  44   9  61  10  61  11  34  12  61  13  70  14  59  15  41  16  58  17  34  18  61  19  46 
  0  41   1  62   2  51   3  58   4  70   5  35   6  31   7  56   8  43   9  59  10  59  11  30  12  59  13  68  14  59  15  39  16  57  17  30  18  60  19  46 
  0  44   1  62   2  50   3  59   4  66   5  36   6  30   7  54   8  42   9  62  10  60  11  30  12  57  13  67  14  56  15  42  16  58  17  33  18  59  19  44 
  0  46   1  65   2  54   3  58   4  71   5  37   6  34   7  59   8  46   9  63  10  59  11  34  12  61  13  71  14  59  15  42  16  60  17  32  18  63  19  45 
  0  43   1  60   2  48   3  58   4  70   5  37   6  30   7  57   8  43   9  58  10  61  11  29  12  60  13  67  14  59  15  42  16  59  17  31  18  60  19  46 
  0  44   1  63   2  50   3  59   4  70   5  38   6  30   7  55   8  44   9  62  10  61  11  32  12  62  13  67  14  57  15  43  16  58  17  31  18  63  19  43 
  0  48   1  68   2  57   3  62   4  74   5  39   6  35   7  61   8  49   9  68  10  60  11  37  12  65  13  73  14  64  15  45  16  65  17  36  18  67  19  50 
  0  46   1  67   2  52   3  60   4  71   5  35   6  31   7  60   8  45   9  65  10  59  11  33  12  62  13  69  14  59  15  46  16  63  17  33  18  64  19  47 
  0  50   1  69   2  55   3  64   4  72   5  39   6  36   7  61   8  47   9  68  10  59  11  36  12  65  13  73  14  65  15  47  16  64  17  34  18  66  19  48 
  0  40   1  61   2  50   3  56   4  66   5  35   6  30   7  53   8  41   9  58  10  61  11  29  12  57  13  67  14  58  15  39  16  56  17  32  18  59  19  42 
  0  44   1  62   2  52   3  61   4  69   5  39   6  30   7  56   8  45   9  63  10  59  11  34  12  61  13  68  14  58  15  43  16  61  17  33  18  63  19  44 
  0  41   1  61   2  47   3  60   4  70   5  36   6  30   7  56   8  45   9  60  10  59  11  31  12  57  13  70  14  58  15  43  16  60  17  30  18  59  19  44 
  0  40   1  60   2  48   3  56   4  67   5  37   6  30   7  54   8  41   9  58  10  59  11  29  12  57  13  68  14  55  15  39  16  56  17  32  18  59  19  42 
  0  47   1  68   2  53   3  59   4  69   5  39   6  33   7  57   8  44   9  62  10  59  11  32  12  62  13  72  14  61  15  45  16  61  17  32  18  64  19  49 


