
 20  20

  0  90   1  72   2  83   3  82   4  78   5  81   6  78   7  70   8  73   9  85  10  78  11  69  12  77  13  58  14  62  15  56  16  56  17  80  18  57  19  62 
  0  89   1  73   2  85   3  82   4  78   5  82   6  79   7  72   8  75   9  87  10  81  11  70  12  82  13  64  14  64  15  57  16  60  17  78  18  56  19  63 
  0  90   1  75   2  85   3  82   4  78   5  81   6  78   7  70   8  75   9  85  10  78  11  70  12  78  13  61  14  62  15  56  16  56  17  77  18  57  19  62 
  0  87   1  72   2  83   3  79   4  78   5  81   6  78   7  71   8  74   9  85  10  79  11  68  12  78  13  58  14  63  15  55  16  55  17  78  18  56  19  63 
  0  96   1  77   2  87   3  87   4  80   5  83   6  82   7  71   8  74   9  87  10  82  11  76  12  87  13  67  14  64  15  58  16  63  17  86  18  58  19  71 
  0  92   1  73   2  86   3  84   4  78   5  81   6  80   7  70   8  75   9  86  10  83  11  71  12  83  13  66  14  62  15  58  16  61  17  84  18  56  19  69 
  0  96   1  78   2  87   3  85   4  78   5  83   6  81   7  72   8  75   9  86  10  80  11  74  12  85  13  66  14  63  15  56  16  60  17  85  18  56  19  67 
  0  91   1  73   2  85   3  83   4  80   5  81   6  82   7  72   8  74   9  85  10  81  11  67  12  78  13  60  14  64  15  55  16  58  17  80  18  58  19  64 
  0  90   1  77   2  86   3  83   4  78   5  81   6  81   7  70   8  73   9  86  10  83  11  72  12  82  13  61  14  64  15  54  16  60  17  80  18  56  19  66 
  0  88   1  74   2  83   3  79   4  78   5  81   6  80   7  71   8  74   9  86  10  81  11  71  12  78  13  62  14  64  15  54  16  59  17  77  18  58  19  63 
  0  96   1  77   2  87   3  87   4  78   5  82   6  84   7  72   8  74   9  87  10  82  11  76  12  87  13  68  14  62  15  58  16  64  17  86  18  56  19  71 
  0  97   1  78   2  86   3  87   4  80   5  83   6  84   7  72   8  74   9  86  10  82  11  76  12  87  13  67  14  62  15  58  16  64  17  84  18  56  19  70 
  0  92   1  77   2  86   3  84   4  80   5  83   6  82   7  70   8  74   9  86  10  81  11  71  12  86  13  65  14  63  15  58  16  61  17  81  18  58  19  68 
  0  96   1  77   2  85   3  84   4  79   5  82   6  83   7  71   8  75   9  87  10  81  11  73  12  85  13  65  14  64  15  55  16  63  17  85  18  58  19  70 
  0  88   1  75   2  83   3  79   4  78   5  83   6  81   7  70   8  75   9  85  10  79  11  69  12  78  13  58  14  64  15  55  16  55  17  78  18  58  19  62 
  0  91   1  75   2  87   3  84   4  79   5  81   6  81   7  70   8  73   9  87  10  82  11  69  12  82  13  61  14  64  15  54  16  60  17  79  18  58  19  67 
  0  93   1  75   2  86   3  83   4  79   5  83   6  81   7  70   8  75   9  86  10  83  11  74  12  82  13  65  14  64  15  55  16  60  17  84  18  58  19  65 
  0  96   1  76   2  85   3  87   4  78   5  81   6  83   7  70   8  75   9  86  10  82  11  73  12  84  13  65  14  64  15  57  16  63  17  83  18  58  19  69 
  0  87   1  72   2  83   3  82   4  78   5  83   6  79   7  70   8  73   9  85  10  78  11  67  12  81  13  58  14  63  15  57  16  59  17  77  18  57  19  61 
  0  97   1  77   2  87   3  87   4  80   5  81   6  84   7  72   8  75   9  87  10  83  11  76  12  85  13  68  14  62  15  56  16  64  17  84  18  58  19  70 


