
 20  20

  0  29   1  38   2  25   3  22   4  17   5  29   6  36   7  39   8  54   9  26  10  48  11  46  12  38  13  39  14  36  15  39  16  18  17  26  18  31  19  38 
  0  23   1  31   2  18   3  17   4  13   5  25   6  29   7  35   8  51   9  23  10  47  11  43  12  31  13  33  14  34  15  34  16  14  17  22  18  27  19  33 
  0  32   1  39   2  25   3  22   4  16   5  27   6  39   7  39   8  54   9  29  10  49  11  48  12  36  13  41  14  36  15  39  16  18  17  24  18  34  19  38 
  0  27   1  32   2  20   3  18   4  16   5  23   6  31   7  38   8  52   9  24  10  49  11  42  12  34  13  35  14  33  15  37  16  12  17  20  18  29  19  35 
  0  29   1  32   2  20   3  22   4  14   5  24   6  33   7  35   8  51   9  23  10  47  11  42  12  35  13  38  14  34  15  38  16  12  17  20  18  30  19  34 
  0  30   1  33   2  22   3  22   4  13   5  24   6  34   7  36   8  51   9  27  10  47  11  45  12  35  13  39  14  33  15  38  16  13  17  22  18  30  19  38 
  0  31   1  36   2  24   3  22   4  15   5  29   6  36   7  39   8  54   9  25  10  48  11  49  12  37  13  37  14  36  15  40  16  15  17  26  18  31  19  39 
  0  30   1  35   2  21   3  23   4  14   5  25   6  34   7  37   8  53   9  25  10  49  11  45  12  38  13  38  14  35  15  42  16  17  17  25  18  32  19  36 
  0  26   1  34   2  18   3  18   4  16   5  26   6  31   7  37   8  50   9  27  10  47  11  43  12  32  13  37  14  34  15  36  16  16  17  22  18  31  19  33 
  0  28   1  32   2  21   3  23   4  13   5  26   6  35   7  36   8  50   9  26  10  47  11  47  12  35  13  38  14  35  15  40  16  14  17  24  18  32  19  38 
  0  28   1  32   2  18   3  21   4  14   5  24   6  34   7  35   8  50   9  25  10  49  11  41  12  33  13  36  14  35  15  34  16  13  17  20  18  29  19  34 
  0  27   1  36   2  24   3  22   4  13   5  27   6  37   7  36   8  51   9  26  10  48  11  45  12  35  13  39  14  32  15  41  16  15  17  26  18  30  19  35 
  0  23   1  31   2  17   3  18   4  15   5  26   6  32   7  37   8  51   9  23  10  49  11  41  12  31  13  36  14  32  15  34  16  12  17  23  18  27  19  33 
  0  23   1  29   2  17   3  20   4  13   5  23   6  29   7  35   8  50   9  24  10  47  11  41  12  31  13  36  14  33  15  35  16  12  17  20  18  29  19  34 
  0  25   1  31   2  21   3  20   4  13   5  23   6  33   7  35   8  50   9  27  10  49  11  42  12  35  13  36  14  34  15  34  16  12  17  24  18  30  19  33 
  0  28   1  32   2  20   3  20   4  13   5  25   6  33   7  36   8  52   9  27  10  48  11  44  12  35  13  36  14  33  15  37  16  13  17  24  18  33  19  36 
  0  26   1  29   2  17   3  17   4  15   5  26   6  31   7  36   8  50   9  25  10  47  11  43  12  33  13  33  14  34  15  37  16  12  17  20  18  29  19  33 
  0  25   1  32   2  16   3  17   4  13   5  24   6  29   7  35   8  51   9  23  10  47  11  43  12  31  13  33  14  34  15  37  16  13  17  21  18  28  19  33 
  0  23   1  32   2  17   3  17   4  13   5  26   6  30   7  37   8  50   9  25  10  47  11  42  12  34  13  33  14  32  15  35  16  13  17  23  18  29  19  33 
  0  27   1  32   2  19   3  17   4  16   5  26   6  31   7  38   8  52   9  25  10  48  11  42  12  34  13  35  14  32  15  35  16  12  17  21  18  30  19  33 


