
 20  20

  0  99   1  63   2  82   3  64   4  74   5  67   6  90   7  92   8  92   9  79  10  68  11  80  12  90  13  80  14  84  15  80  16  98  17  97  18  96  19  62 
  0  99   1  61   2  79   3  66   4  73   5  66   6  91   7  90   8  93   9  75  10  66  11  76  12  87  13  80  14  84  15  78  16  92  17  94  18  98  19  62 
  0  94   1  61   2  77   3  62   4  71   5  66   6  85   7  88   8  91   9  73  10  64  11  73  12  84  13  76  14  84  15  78  16  90  17  93  18  96  19  64 
  0  99   1  63   2  82   3  66   4  75   5  68   6  91   7  90   8  95   9  75  10  68  11  81  12  86  13  80  14  85  15  79  16  98  17  97  18  96  19  64 
  0  99   1  65   2  83   3  66   4  75   5  66   6  95   7  92   8  95   9  79  10  69  11  83  12  89  13  83  14  84  15  80  16  97  17  95  18  98  19  63 
  0  98   1  63   2  79   3  63   4  75   5  66   6  88   7  89   8  91   9  76  10  68  11  76  12  87  13  80  14  85  15  80  16  93  17  97  18  96  19  63 
  0  96   1  63   2  76   3  63   4  74   5  67   6  87   7  92   8  91   9  76  10  65  11  78  12  87  13  78  14  86  15  79  16  94  17  94  18  97  19  64 
  0  94   1  61   2  77   3  63   4  73   5  66   6  85   7  88   8  91   9  71  10  64  11  73  12  82  13  77  14  84  15  79  16  93  17  93  18  96  19  62 
  0  99   1  65   2  78   3  63   4  74   5  67   6  89   7  92   8  94   9  76  10  69  11  78  12  86  13  79  14  86  15  78  16  94  17  95  18  96  19  62 
  0  96   1  62   2  77   3  62   4  73   5  66   6  88   7  90   8  91   9  73  10  66  11  76  12  83  13  77  14  84  15  78  16  93  17  93  18  96  19  62 
  0  99   1  61   2  79   3  64   4  71   5  68   6  90   7  88   8  95   9  75  10  70  11  77  12  87  13  80  14  86  15  78  16  95  17  94  18  98  19  64 
  0  99   1  65   2  81   3  66   4  75   5  68   6  93   7  90   8  94   9  79  10  70  11  83  12  90  13  83  14  85  15  79  16  98  17  97  18  97  19  64 
  0  97   1  63   2  75   3  64   4  72   5  66   6  85   7  88   8  93   9  73  10  67  11  73  12  85  13  76  14  85  15  78  16  93  17  93  18  96  19  62 
  0  99   1  65   2  82   3  66   4  75   5  68   6  94   7  91   8  92   9  75  10  69  11  80  12  89  13  81  14  86  15  78  16  95  17  96  18  96  19  62 
  0  99   1  65   2  79   3  65   4  75   5  68   6  94   7  92   8  92   9  77  10  67  11  83  12  89  13  80  14  86  15  78  16  95  17  96  18  98  19  64 
  0  97   1  63   2  75   3  64   4  71   5  66   6  88   7  88   8  93   9  71  10  67  11  78  12  82  13  78  14  86  15  78  16  93  17  94  18  97  19  64 
  0  99   1  62   2  82   3  63   4  73   5  68   6  91   7  92   8  92   9  75  10  68  11  79  12  85  13  81  14  86  15  78  16  94  17  97  18  97  19  64 
  0  99   1  65   2  82   3  65   4  71   5  68   6  89   7  89   8  95   9  74  10  67  11  80  12  85  13  82  14  84  15  78  16  97  17  97  18  98  19  63 
  0  99   1  65   2  79   3  65   4  75   5  66   6  93   7  91   8  92   9  78  10  67  11  81  12  89  13  83  14  84  15  78  16  96  17  95  18  98  19  64 
  0  98   1  65   2  78   3  63   4  73   5  66   6  91   7  90   8  95   9  75  10  67  11  76  12  87  13  80  14  84  15  80  16  92  17  97  18  96  19  62 


