
 20  20

  0  37   1  16   2  21   3  40   4  40   5  10   6   7   7  11   8  26   9  34  10   6  11  29  12  44  13  19  14   7  15  20  16  10  17  15  18  28  19  16 
  0  44   1  20   2  23   3  41   4  40   5   8   6  15   7  15   8  26   9  36  10   9  11  35  12  44  13  24  14  11  15  22  16  16  17  19  18  30  19  23 
  0  37   1  16   2  21   3  42   4  39   5   8   6   7   7  13   8  26   9  35  10   5  11  31  12  42  13  18  14   3  15  17  16   8  17  16  18  28  19  16 
  0  43   1  21   2  21   3  42   4  39   5  10   6  13   7  15   8  28   9  36  10  11  11  34  12  43  13  21  14  12  15  21  16  16  17  19  18  29  19  24 
  0  42   1  20   2  21   3  40   4  38   5  10   6  10   7  15   8  24   9  36  10   8  11  35  12  44  13  22  14  11  15  22  16  15  17  15  18  30  19  19 
  0  42   1  21   2  23   3  40   4  39   5   9   6  12   7  15   8  28   9  36  10   7  11  32  12  44  13  19  14  11  15  23  16  14  17  19  18  28  19  21 
  0  41   1  18   2  23   3  40   4  38   5   8   6  13   7  15   8  27   9  34  10   8  11  36  12  43  13  20  14   7  15  19  16  12  17  18  18  28  19  19 
  0  46   1  20   2  23   3  40   4  40   5  10   6  15   7  15   8  28   9  35  10  11  11  34  12  43  13  22  14  12  15  23  16  16  17  19  18  30  19  23 
  0  41   1  18   2  23   3  41   4  40   5   9   6  12   7  11   8  25   9  35  10   7  11  30  12  43  13  17  14   5  15  18  16  10  17  17  18  29  19  20 
  0  37   1  17   2  23   3  42   4  39   5   8   6   7   7  14   8  25   9  35  10   7  11  30  12  42  13  16  14   7  15  20  16  11  17  16  18  30  19  19 
  0  38   1  19   2  22   3  42   4  39   5   8   6   9   7  11   8  27   9  34  10   6  11  30  12  43  13  19  14   5  15  20  16  11  17  16  18  28  19  17 
  0  41   1  21   2  23   3  42   4  38   5   8   6  13   7  13   8  28   9  36  10  11  11  35  12  43  13  23  14  12  15  21  16  12  17  19  18  30  19  20 
  0  37   1  18   2  21   3  40   4  40   5  10   6   8   7  12   8  24   9  36  10   5  11  32  12  43  13  19  14   3  15  18  16  12  17  16  18  29  19  17 
  0  36   1  15   2  23   3  40   4  38   5   8   6   7   7  11   8  26   9  35  10   8  11  30  12  44  13  16  14   6  15  18  16  10  17  17  18  28  19  17 
  0  38   1  15   2  23   3  40   4  39   5  10   6   7   7  11   8  24   9  34  10   6  11  31  12  42  13  19  14   6  15  17  16   8  17  15  18  29  19  16 
  0  41   1  19   2  21   3  42   4  40   5  10   6   9   7  11   8  24   9  36  10   5  11  33  12  44  13  18  14   6  15  20  16  10  17  18  18  29  19  17 
  0  43   1  21   2  21   3  41   4  38   5   9   6  14   7  15   8  25   9  36  10  11  11  37  12  44  13  20  14   8  15  19  16  15  17  17  18  30  19  23 
  0  40   1  15   2  21   3  41   4  40   5   8   6   9   7  12   8  27   9  36  10   9  11  31  12  42  13  21  14   5  15  18  16  13  17  17  18  28  19  17 
  0  44   1  19   2  21   3  40   4  38   5   9   6  14   7  12   8  25   9  36  10   8  11  35  12  42  13  23  14   8  15  22  16  11  17  17  18  28  19  22 
  0  40   1  18   2  22   3  40   4  40   5   8   6  11   7  14   8  27   9  36  10  10  11  36  12  43  13  22  14   8  15  21  16  12  17  16  18  28  19  22 


