
 20  20

  0  41   1  46   2  41   3  20   4  41   5  23   6  31   7  54   8  39   9  47  10  35  11  16  12  45  13  45  14  38  15  38  16  28  17  38  18  18  19  39 
  0  45   1  50   2  42   3  24   4  42   5  28   6  32   7  56   8  40   9  52  10  42  11  16  12  48  13  49  14  40  15  38  16  34  17  38  18  19  19  41 
  0  48   1  50   2  42   3  21   4  45   5  29   6  32   7  54   8  40   9  55  10  40  11  18  12  46  13  49  14  40  15  40  16  34  17  40  18  22  19  41 
  0  41   1  46   2  40   3  20   4  43   5  23   6  31   7  54   8  39   9  48  10  37  11  18  12  44  13  45  14  38  15  38  16  28  17  40  18  18  19  39 
  0  48   1  49   2  43   3  24   4  44   5  30   6  33   7  55   8  40   9  55  10  43  11  18  12  47  13  49  14  42  15  40  16  32  17  40  18  22  19  41 
  0  51   1  50   2  44   3  22   4  45   5  31   6  31   7  55   8  39   9  55  10  43  11  16  12  47  13  47  14  42  15  40  16  34  17  40  18  20  19  41 
  0  44   1  47   2  41   3  22   4  41   5  24   6  31   7  54   8  41   9  48  10  38  11  17  12  44  13  47  14  41  15  40  16  29  17  39  18  21  19  40 
  0  41   1  46   2  41   3  22   4  41   5  25   6  31   7  56   8  39   9  48  10  37  11  16  12  44  13  47  14  39  15  40  16  28  17  38  18  20  19  41 
  0  43   1  46   2  41   3  20   4  41   5  23   6  31   7  55   8  41   9  47  10  38  11  17  12  44  13  46  14  38  15  38  16  31  17  39  18  18  19  41 
  0  50   1  48   2  42   3  22   4  45   5  28   6  32   7  56   8  39   9  53  10  41  11  18  12  48  13  49  14  42  15  40  16  34  17  38  18  20  19  41 
  0  45   1  48   2  40   3  23   4  44   5  26   6  33   7  54   8  41   9  49  10  39  11  18  12  47  13  49  14  42  15  38  16  30  17  40  18  22  19  41 
  0  45   1  47   2  43   3  22   4  44   5  25   6  31   7  55   8  39   9  49  10  36  11  18  12  45  13  48  14  39  15  38  16  28  17  38  18  19  19  39 
  0  49   1  49   2  44   3  24   4  45   5  31   6  33   7  54   8  41   9  55  10  43  11  17  12  46  13  49  14  42  15  40  16  34  17  40  18  22  19  41 
  0  46   1  46   2  40   3  20   4  44   5  28   6  33   7  55   8  39   9  49  10  37  11  18  12  47  13  46  14  41  15  40  16  30  17  38  18  21  19  39 
  0  46   1  49   2  40   3  22   4  41   5  23   6  33   7  54   8  39   9  47  10  39  11  16  12  44  13  46  14  40  15  39  16  31  17  39  18  19  19  39 
  0  51   1  50   2  44   3  23   4  45   5  30   6  32   7  55   8  41   9  55  10  41  11  18  12  48  13  49  14  42  15  40  16  34  17  40  18  22  19  40 
  0  43   1  47   2  42   3  22   4  42   5  26   6  32   7  54   8  39   9  47  10  38  11  17  12  46  13  46  14  41  15  39  16  28  17  38  18  18  19  41 
  0  49   1  50   2  43   3  24   4  45   5  29   6  33   7  54   8  39   9  55  10  43  11  16  12  48  13  48  14  40  15  40  16  32  17  38  18  21  19  41 
  0  51   1  49   2  41   3  24   4  45   5  29   6  31   7  55   8  40   9  53  10  43  11  18  12  48  13  46  14  40  15  40  16  32  17  40  18  21  19  40 
  0  51   1  50   2  44   3  23   4  45   5  31   6  32   7  54   8  41   9  55  10  43  11  18  12  48  13  49  14  42  15  40  16  33  17  38  18  22  19  41 


