
 20  20

  0  54   1  55   2  48   3  45   4  44   5  37   6  67   7  47   8  37   9  49  10  54  11  36  12  68  13  68  14  32  15  54  16  45  17  41  18  63  19  36 
  0  55   1  56   2  50   3  46   4  44   5  37   6  71   7  45   8  35   9  46  10  54  11  36  12  67  13  69  14  36  15  56  16  45  17  39  18  62  19  38 
  0  58   1  54   2  51   3  44   4  45   5  39   6  71   7  46   8  35   9  47  10  55  11  36  12  69  13  69  14  35  15  55  16  45  17  39  18  66  19  36 
  0  60   1  56   2  52   3  46   4  47   5  40   6  69   7  48   8  40   9  48  10  58  11  37  12  72  13  69  14  38  15  59  16  44  17  41  18  66  19  36 
  0  55   1  55   2  48   3  45   4  45   5  38   6  70   7  45   8  36   9  49  10  53  11  37  12  68  13  69  14  34  15  57  16  43  17  41  18  65  19  38 
  0  57   1  56   2  52   3  45   4  42   5  42   6  68   7  49   8  36   9  49  10  56  11  36  12  70  13  69  14  35  15  54  16  46  17  40  18  63  19  36 
  0  58   1  54   2  47   3  44   4  46   5  40   6  68   7  48   8  37   9  50  10  56  11  38  12  71  13  67  14  34  15  55  16  46  17  41  18  63  19  38 
  0  59   1  55   2  51   3  47   4  47   5  41   6  70   7  48   8  39   9  48  10  58  11  36  12  72  13  69  14  34  15  56  16  43  17  41  18  63  19  38 
  0  59   1  54   2  50   3  48   4  44   5  40   6  71   7  49   8  39   9  48  10  58  11  38  12  71  13  67  14  38  15  58  16  43  17  39  18  65  19  36 
  0  52   1  55   2  45   3  41   4  40   5  35   6  69   7  42   8  33   9  43  10  50  11  38  12  66  13  68  14  31  15  52  16  42  17  39  18  61  19  36 
  0  59   1  56   2  51   3  47   4  46   5  39   6  69   7  47   8  38   9  49  10  56  11  36  12  69  13  69  14  33  15  59  16  45  17  39  18  65  19  36 
  0  53   1  54   2  47   3  41   4  39   5  38   6  70   7  42   8  33   9  44  10  55  11  37  12  64  13  67  14  29  15  51  16  45  17  40  18  60  19  38 
  0  52   1  55   2  48   3  42   4  44   5  36   6  67   7  46   8  35   9  48  10  55  11  36  12  67  13  67  14  33  15  54  16  43  17  39  18  61  19  38 
  0  53   1  54   2  45   3  45   4  42   5  34   6  67   7  45   8  34   9  47  10  53  11  38  12  65  13  67  14  31  15  55  16  42  17  41  18  63  19  36 
  0  60   1  56   2  53   3  49   4  46   5  43   6  69   7  48   8  40   9  49  10  59  11  37  12  70  13  69  14  36  15  58  16  45  17  41  18  66  19  38 
  0  54   1  56   2  48   3  43   4  45   5  36   6  71   7  44   8  37   9  47  10  57  11  38  12  68  13  69  14  31  15  57  16  45  17  40  18  64  19  38 
  0  59   1  56   2  52   3  49   4  46   5  42   6  71   7  50   8  41   9  51  10  59  11  37  12  71  13  69  14  38  15  59  16  46  17  41  18  66  19  37 
  0  55   1  56   2  49   3  46   4  47   5  40   6  71   7  45   8  40   9  49  10  55  11  36  12  68  13  67  14  37  15  58  16  46  17  39  18  66  19  36 
  0  56   1  56   2  47   3  43   4  42   5  39   6  67   7  42   8  33   9  45  10  52  11  36  12  65  13  67  14  30  15  52  16  43  17  41  18  64  19  38 
  0  58   1  54   2  47   3  46   4  43   5  38   6  70   7  48   8  36   9  47  10  55  11  38  12  70  13  68  14  32  15  57  16  42  17  39  18  61  19  36 


