
 20  20

  0  64   1  60   2  46   3  65   4  64   5  67   6  62   7  49   8  47   9  56  10  82  11  60  12  48  13  44  14  79  15  78  16  58  17  74  18  57  19  52 
  0  62   1  60   2  44   3  61   4  59   5  64   6  56   7  47   8  47   9  51  10  78  11  58  12  50  13  43  14  73  15  78  16  58  17  73  18  55  19  50 
  0  65   1  60   2  43   3  62   4  64   5  63   6  56   7  47   8  47   9  56  10  79  11  57  12  49  13  46  14  74  15  78  16  57  17  74  18  55  19  52 
  0  68   1  58   2  46   3  64   4  66   5  68   6  58   7  47   8  49   9  56  10  83  11  62  12  48  13  48  14  80  15  78  16  58  17  77  18  58  19  52 
  0  63   1  59   2  42   3  64   4  60   5  61   6  58   7  47   8  47   9  50  10  76  11  54  12  49  13  40  14  73  15  76  16  56  17  74  18  55  19  50 
  0  68   1  60   2  48   3  62   4  65   5  66   6  60   7  49   8  49   9  59  10  84  11  64  12  50  13  46  14  81  15  79  16  56  17  77  18  55  19  52 
  0  66   1  60   2  43   3  64   4  62   5  65   6  59   7  49   8  49   9  57  10  83  11  62  12  50  13  48  14  76  15  77  16  56  17  77  18  54  19  52 
  0  67   1  58   2  44   3  62   4  63   5  66   6  59   7  47   8  48   9  54  10  82  11  57  12  50  13  45  14  78  15  77  16  57  17  75  18  54  19  52 
  0  65   1  60   2  45   3  64   4  66   5  67   6  62   7  49   8  48   9  54  10  80  11  59  12  49  13  45  14  77  15  81  16  58  17  76  18  57  19  50 
  0  62   1  59   2  42   3  63   4  61   5  63   6  58   7  47   8  48   9  51  10  79  11  54  12  48  13  40  14  76  15  76  16  56  17  74  18  53  19  50 
  0  62   1  58   2  43   3  61   4  59   5  61   6  58   7  49   8  47   9  51  10  77  11  56  12  50  13  41  14  73  15  74  16  57  17  71  18  53  19  50 
  0  70   1  58   2  47   3  63   4  67   5  68   6  62   7  49   8  49   9  60  10  86  11  63  12  50  13  50  14  79  15  81  16  58  17  77  18  58  19  52 
  0  68   1  60   2  46   3  63   4  67   5  68   6  59   7  47   8  47   9  58  10  85  11  64  12  49  13  48  14  79  15  81  16  56  17  79  18  55  19  52 
  0  68   1  60   2  47   3  65   4  65   5  68   6  61   7  49   8  48   9  58  10  81  11  62  12  49  13  48  14  78  15  78  16  56  17  77  18  55  19  52 
  0  70   1  60   2  48   3  65   4  67   5  69   6  61   7  49   8  47   9  57  10  85  11  62  12  50  13  49  14  79  15  80  16  57  17  78  18  58  19  52 
  0  65   1  58   2  46   3  61   4  61   5  66   6  59   7  47   8  49   9  54  10  78  11  57  12  50  13  41  14  78  15  76  16  58  17  73  18  54  19  50 
  0  60   1  58   2  43   3  63   4  59   5  61   6  58   7  47   8  49   9  51  10  76  11  54  12  48  13  43  14  73  15  73  16  57  17  74  18  55  19  51 
  0  61   1  59   2  42   3  61   4  60   5  62   6  57   7  47   8  49   9  50  10  79  11  57  12  48  13  44  14  73  15  76  16  56  17  74  18  52  19  52 
  0  68   1  60   2  47   3  64   4  64   5  67   6  61   7  47   8  47   9  55  10  81  11  61  12  49  13  48  14  80  15  78  16  57  17  79  18  56  19  51 
  0  61   1  58   2  45   3  61   4  61   5  62   6  58   7  49   8  48   9  54  10  79  11  56  12  50  13  41  14  74  15  75  16  58  17  71  18  54  19  50 


