
 20  20

  0  11   1  39   2  29   3  18   4  21   5  36   6   8   7   9   8  12   9  35  10  27  11  18  12   9  13  24  14  16  15   1  16  20  17  24  18  37  19  31 
  0  10   1  42   2  28   3  18   4  21   5  36   6   9   7   9   8  12   9  34  10  26  11  22  12   8  13  22  14  16  15   4  16  20  17  21  18  41  19  32 
  0  14   1  44   2  29   3  19   4  25   5  36   6  12   7  10   8  14   9  36  10  29  11  20  12   9  13  24  14  20  15   6  16  20  17  25  18  43  19  32 
  0   8   1  38   2  28   3  19   4  23   5  37   6   7   7   7   8  10   9  34  10  25  11  20  12   4  13  22  14  16  15   4  16  18  17  21  18  35  19  32 
  0   8   1  40   2  28   3  19   4  22   5  37   6   4   7   4   8   7   9  34  10  25  11  20  12   6  13  22  14  18  15   1  16  20  17  22  18  39  19  31 
  0   5   1  38   2  26   3  18   4  23   5  36   6   5   7   4   8   4   9  34  10  25  11  19  12   7  13  22  14  14  15   3  16  18  17  19  18  33  19  30 
  0  10   1  40   2  28   3  17   4  23   5  38   6   8   7   8   8   9   9  35  10  28  11  21  12   7  13  24  14  15  15   4  16  18  17  21  18  40  19  32 
  0  11   1  41   2  28   3  19   4  23   5  38   6   5   7   7   8   9   9  36  10  27  11  18  12   7  13  22  14  18  15   4  16  20  17  21  18  37  19  30 
  0  10   1  43   2  30   3  19   4  22   5  38   6  11   7   8   8  11   9  37  10  29  11  22  12  10  13  22  14  19  15   5  16  20  17  25  18  41  19  32 
  0  13   1  41   2  28   3  17   4  23   5  37   6  12   7   8   8  11   9  35  10  29  11  20  12  10  13  23  14  20  15   5  16  19  17  22  18  43  19  31 
  0  10   1  43   2  29   3  19   4  22   5  38   6   5   7   3   8   8   9  32  10  27  11  19  12   6  13  23  14  16  15   2  16  18  17  22  18  35  19  31 
  0  14   1  44   2  30   3  17   4  25   5  38   6  10   7  11   8  12   9  37  10  29  11  22  12  10  13  23  14  18  15   6  16  20  17  23  18  41  19  32 
  0   8   1  38   2  27   3  17   4  23   5  36   6   2   7   3   8   5   9  31  10  26  11  16  12   4  13  22  14  14  15   3  16  18  17  21  18  37  19  32 
  0  12   1  44   2  28   3  18   4  24   5  38   6  12   7   9   8  14   9  37  10  27  11  22  12   8  13  24  14  18  15   5  16  20  17  24  18  41  19  32 
  0   5   1  42   2  27   3  19   4  23   5  36   6   3   7   5   8   6   9  33  10  25  11  17  12   8  13  24  14  14  15   4  16  20  17  21  18  35  19  32 
  0   7   1  39   2  26   3  17   4  21   5  36   6   5   7   2   8   4   9  32  10  25  11  19  12   7  13  22  14  14  15   1  16  19  17  19  18  35  19  31 
  0  10   1  41   2  29   3  18   4  25   5  38   6   7   7   5   8   7   9  35  10  25  11  18  12   4  13  23  14  18  15   2  16  18  17  19  18  37  19  32 
  0   5   1  39   2  29   3  17   4  23   5  37   6   5   7   1   8   6   9  32  10  28  11  17  12   4  13  22  14  14  15   1  16  18  17  22  18  33  19  30 
  0   8   1  38   2  28   3  19   4  23   5  36   6   8   7   5   8   6   9  35  10  27  11  16  12   6  13  22  14  14  15   1  16  20  17  19  18  37  19  30 
  0  10   1  41   2  29   3  17   4  23   5  36   6   7   7   6   8   9   9  36  10  25  11  17  12   6  13  22  14  15  15   4  16  19  17  22  18  40  19  32 


