
 20  20

  0  58   1  47   2  53   3  38   4  55   5  60   6  52   7  34   8  58   9  31  10  59  11  61  12  31  13  54  14  34  15  27  16  58  17  27  18  23  19  31 
  0  62   1  47   2  51   3  39   4  55   5  60   6  52   7  32   8  61   9  32  10  62  11  64  12  30  13  52  14  34  15  26  16  58  17  25  18  21  19  31 
  0  59   1  48   2  52   3  39   4  53   5  57   6  51   7  35   8  58   9  30  10  61  11  60  12  30  13  54  14  35  15  23  16  57  17  28  18  21  19  30 
  0  59   1  46   2  51   3  38   4  55   5  57   6  52   7  31   8  56   9  31  10  61  11  60  12  27  13  51  14  35  15  26  16  57  17  26  18  22  19  29 
  0  53   1  44   2  51   3  37   4  51   5  58   6  51   7  28   8  57   9  30  10  60  11  59  12  25  13  49  14  32  15  24  16  58  17  25  18  23  19  30 
  0  58   1  46   2  51   3  39   4  55   5  57   6  52   7  35   8  56   9  34  10  58  11  63  12  28  13  53  14  32  15  27  16  58  17  28  18  21  19  31 
  0  54   1  45   2  51   3  38   4  54   5  56   6  51   7  28   8  54   9  30  10  58  11  60  12  26  13  53  14  29  15  21  16  56  17  26  18  22  19  29 
  0  57   1  46   2  52   3  39   4  54   5  57   6  49   7  29   8  56   9  30  10  57  11  57  12  24  13  51  14  34  15  21  16  56  17  28  18  23  19  29 
  0  53   1  45   2  51   3  39   4  53   5  55   6  51   7  28   8  55   9  30  10  56  11  56  12  23  13  51  14  32  15  25  16  58  17  24  18  23  19  29 
  0  58   1  46   2  53   3  39   4  51   5  56   6  52   7  31   8  54   9  29  10  57  11  61  12  26  13  50  14  31  15  21  16  57  17  24  18  22  19  29 
  0  53   1  45   2  52   3  37   4  53   5  56   6  50   7  32   8  53   9  28  10  57  11  56  12  25  13  53  14  31  15  22  16  58  17  27  18  21  19  31 
  0  56   1  47   2  52   3  39   4  53   5  58   6  48   7  30   8  58   9  29  10  57  11  61  12  24  13  51  14  30  15  23  16  56  17  25  18  21  19  29 
  0  52   1  44   2  51   3  37   4  53   5  56   6  50   7  29   8  53   9  29  10  57  11  56  12  22  13  51  14  29  15  22  16  56  17  24  18  21  19  29 
  0  57   1  50   2  53   3  38   4  53   5  58   6  49   7  31   8  60   9  33  10  61  11  60  12  27  13  53  14  33  15  26  16  56  17  24  18  23  19  30 
  0  58   1  47   2  53   3  39   4  53   5  62   6  49   7  33   8  59   9  32  10  59  11  64  12  29  13  55  14  37  15  25  16  56  17  28  18  22  19  29 
  0  62   1  48   2  53   3  39   4  53   5  62   6  51   7  34   8  61   9  31  10  61  11  63  12  32  13  52  14  35  15  26  16  58  17  26  18  23  19  29 
  0  59   1  48   2  53   3  38   4  53   5  62   6  51   7  36   8  61   9  34  10  62  11  62  12  32  13  54  14  37  15  27  16  56  17  28  18  21  19  31 
  0  55   1  47   2  51   3  37   4  53   5  60   6  49   7  31   8  59   9  30  10  59  11  58  12  29  13  52  14  32  15  24  16  56  17  24  18  22  19  29 
  0  59   1  49   2  52   3  37   4  53   5  58   6  50   7  31   8  56   9  30  10  58  11  59  12  27  13  51  14  32  15  25  16  58  17  26  18  21  19  31 
  0  62   1  49   2  52   3  38   4  55   5  60   6  50   7  34   8  59   9  33  10  60  11  64  12  30  13  55  14  37  15  27  16  58  17  28  18  21  19  31 


