
 20  20

  0  78   1  40   2  69   3  41   4  37   5  62   6  46   7  58   8  36   9  65  10  55  11  65  12  55  13  36  14  77  15  65  16  41  17  72  18  74  19  36 
  0  73   1  38   2  63   3  37   4  36   5  57   6  43   7  58   8  34   9  66  10  54  11  68  12  55  13  35  14  75  15  65  16  39  17  71  18  73  19  35 
  0  72   1  40   2  63   3  38   4  35   5  55   6  41   7  58   8  36   9  64  10  53  11  65  12  53  13  33  14  73  15  62  16  36  17  71  18  75  19  35 
  0  79   1  39   2  69   3  40   4  37   5  61   6  44   7  58   8  36   9  64  10  57  11  68  12  55  13  39  14  77  15  65  16  39  17  71  18  75  19  39 
  0  76   1  38   2  63   3  40   4  36   5  59   6  42   7  57   8  35   9  65  10  57  11  67  12  54  13  37  14  74  15  61  16  41  17  73  18  74  19  35 
  0  79   1  40   2  65   3  39   4  37   5  59   6  43   7  58   8  35   9  66  10  54  11  67  12  55  13  35  14  77  15  63  16  39  17  73  18  75  19  38 
  0  77   1  40   2  65   3  40   4  37   5  59   6  44   7  58   8  36   9  64  10  56  11  68  12  53  13  39  14  77  15  65  16  39  17  72  18  74  19  39 
  0  75   1  39   2  64   3  41   4  37   5  59   6  44   7  58   8  35   9  66  10  57  11  65  12  54  13  35  14  76  15  63  16  37  17  72  18  74  19  39 
  0  73   1  40   2  65   3  38   4  35   5  57   6  41   7  56   8  34   9  65  10  53  11  68  12  55  13  36  14  76  15  61  16  38  17  72  18  75  19  37 
  0  71   1  39   2  61   3  35   4  35   5  57   6  40   7  56   8  34   9  64  10  53  11  64  12  53  13  34  14  73  15  62  16  36  17  69  18  75  19  35 
  0  73   1  40   2  64   3  39   4  37   5  61   6  42   7  56   8  36   9  64  10  57  11  68  12  53  13  38  14  76  15  65  16  40  17  71  18  75  19  37 
  0  77   1  38   2  64   3  39   4  35   5  57   6  42   7  57   8  36   9  64  10  53  11  68  12  55  13  35  14  73  15  62  16  39  17  73  18  75  19  35 
  0  75   1  40   2  65   3  38   4  37   5  58   6  41   7  56   8  36   9  64  10  57  11  66  12  53  13  33  14  72  15  64  16  37  17  73  18  73  19  36 
  0  75   1  40   2  64   3  37   4  35   5  58   6  40   7  57   8  34   9  64  10  53  11  66  12  55  13  36  14  72  15  63  16  35  17  69  18  75  19  36 
  0  76   1  38   2  64   3  41   4  36   5  61   6  44   7  57   8  34   9  65  10  56  11  66  12  55  13  37  14  77  15  65  16  40  17  70  18  73  19  37 
  0  71   1  38   2  63   3  36   4  37   5  58   6  40   7  56   8  36   9  66  10  53  11  66  12  54  13  34  14  72  15  64  16  39  17  70  18  75  19  38 
  0  73   1  38   2  63   3  36   4  35   5  56   6  43   7  57   8  36   9  64  10  54  11  65  12  54  13  35  14  73  15  61  16  39  17  71  18  73  19  35 
  0  71   1  40   2  60   3  35   4  35   5  54   6  40   7  58   8  34   9  64  10  54  11  64  12  53  13  31  14  71  15  61  16  35  17  70  18  73  19  35 
  0  78   1  38   2  65   3  39   4  37   5  62   6  46   7  57   8  36   9  66  10  57  11  65  12  55  13  38  14  79  15  64  16  41  17  70  18  75  19  39 
  0  72   1  38   2  65   3  37   4  35   5  60   6  43   7  57   8  35   9  66  10  53  11  64  12  53  13  34  14  76  15  64  16  39  17  69  18  75  19  37 


