
 20  20

  0  75   1  45   2  62   3  86   4  66   5  79   6  60   7  70   8  52   9  79  10  51  11  82  12  53  13  51  14  75  15  53  16  63  17  86  18  78  19  85 
  0  72   1  47   2  58   3  85   4  64   5  74   6  61   7  69   8  52   9  80  10  49  11  79  12  54  13  51  14  73  15  55  16  65  17  85  18  75  19  81 
  0  72   1  46   2  61   3  84   4  66   5  77   6  60   7  70   8  53   9  79  10  51  11  80  12  55  13  52  14  74  15  53  16  64  17  85  18  75  19  83 
  0  71   1  46   2  57   3  84   4  65   5  74   6  58   7  70   8  51   9  80  10  46  11  80  12  55  13  50  14  72  15  52  16  61  17  84  18  75  19  80 
  0  78   1  50   2  62   3  84   4  65   5  83   6  64   7  73   8  55   9  84  10  54  11  87  12  55  13  53  14  75  15  56  16  67  17  84  18  79  19  85 
  0  78   1  51   2  63   3  86   4  68   5  79   6  63   7  72   8  53   9  83  10  53  11  87  12  55  13  52  14  76  15  56  16  67  17  86  18  79  19  86 
  0  69   1  46   2  57   3  84   4  65   5  74   6  59   7  69   8  53   9  79  10  47  11  81  12  53  13  50  14  72  15  51  16  61  17  85  18  73  19  82 
  0  70   1  44   2  57   3  84   4  67   5  74   6  61   7  72   8  52   9  78  10  50  11  79  12  53  13  50  14  74  15  51  16  61  17  84  18  74  19  82 
  0  70   1  43   2  58   3  84   4  64   5  73   6  60   7  70   8  51   9  78  10  46  11  80  12  53  13  50  14  72  15  52  16  61  17  85  18  73  19  80 
  0  76   1  51   2  63   3  86   4  68   5  81   6  63   7  73   8  53   9  84  10  56  11  84  12  55  13  52  14  76  15  55  16  66  17  86  18  79  19  86 
  0  70   1  44   2  58   3  86   4  64   5  75   6  60   7  71   8  53   9  79  10  46  11  82  12  53  13  50  14  72  15  51  16  61  17  86  18  73  19  82 
  0  75   1  49   2  60   3  86   4  67   5  77   6  63   7  71   8  51   9  80  10  52  11  83  12  55  13  51  14  72  15  53  16  67  17  84  18  75  19  83 
  0  76   1  47   2  60   3  85   4  68   5  78   6  60   7  72   8  52   9  83  10  51  11  84  12  54  13  52  14  76  15  56  16  67  17  84  18  76  19  85 
  0  68   1  43   2  57   3  85   4  64   5  73   6  60   7  69   8  53   9  78  10  46  11  82  12  55  13  51  14  72  15  52  16  61  17  85  18  73  19  80 
  0  74   1  50   2  60   3  86   4  67   5  81   6  62   7  73   8  54   9  82  10  56  11  87  12  55  13  54  14  76  15  54  16  69  17  84  18  79  19  86 
  0  76   1  49   2  62   3  86   4  68   5  82   6  64   7  72   8  55   9  84  10  56  11  87  12  53  13  53  14  76  15  57  16  67  17  86  18  77  19  86 
  0  73   1  45   2  59   3  84   4  66   5  76   6  63   7  71   8  54   9  82  10  50  11  82  12  55  13  54  14  74  15  55  16  63  17  84  18  78  19  83 
  0  73   1  43   2  60   3  84   4  67   5  76   6  58   7  71   8  52   9  80  10  47  11  83  12  54  13  53  14  73  15  53  16  65  17  84  18  76  19  81 
  0  77   1  50   2  60   3  85   4  67   5  78   6  61   7  71   8  55   9  82  10  53  11  82  12  53  13  52  14  76  15  57  16  67  17  84  18  76  19  82 
  0  71   1  43   2  59   3  84   4  64   5  73   6  58   7  69   8  52   9  81  10  46  11  80  12  54  13  52  14  72  15  53  16  64  17  84  18  76  19  80 


