
 20  20

  0  44   1  72   2  40   3  61   4  42   5  72   6  45   7  41   8  42   9  55  10  64  11  55  12  59  13  44  14  71  15  44  16  46  17  42  18  55  19  70 
  0  44   1  67   2  38   3  61   4  40   5  73   6  43   7  39   8  38   9  49  10  65  11  51  12  59  13  43  14  69  15  41  16  46  17  40  18  51  19  69 
  0  40   1  69   2  37   3  62   4  40   5  71   6  45   7  42   8  38   9  51  10  66  11  49  12  59  13  44  14  72  15  38  16  46  17  42  18  53  19  68 
  0  41   1  69   2  39   3  59   4  38   5  71   6  43   7  41   8  38   9  51  10  64  11  48  12  59  13  40  14  69  15  41  16  46  17  37  18  52  19  70 
  0  42   1  67   2  37   3  62   4  37   5  71   6  46   7  39   8  38   9  49  10  67  11  48  12  60  13  39  14  71  15  42  16  46  17  38  18  51  19  68 
  0  45   1  73   2  43   3  61   4  44   5  73   6  46   7  42   8  42   9  57  10  65  11  55  12  61  13  46  14  72  15  44  16  48  17  44  18  56  19  75 
  0  40   1  65   2  37   3  59   4  38   5  71   6  44   7  39   8  38   9  47  10  64  11  51  12  59  13  38  14  72  15  37  16  47  17  40  18  52  19  67 
  0  45   1  69   2  42   3  62   4  39   5  73   6  46   7  40   8  40   9  53  10  68  11  51  12  59  13  44  14  71  15  40  16  48  17  40  18  55  19  72 
  0  44   1  72   2  41   3  60   4  44   5  73   6  45   7  40   8  42   9  56  10  66  11  55  12  60  13  47  14  73  15  45  16  46  17  47  18  56  19  73 
  0  38   1  67   2  36   3  61   4  36   5  71   6  44   7  40   8  39   9  47  10  66  11  49  12  61  13  38  14  69  15  38  16  46  17  38  18  49  19  68 
  0  43   1  72   2  44   3  63   4  40   5  72   6  44   7  41   8  41   9  53  10  67  11  53  12  59  13  47  14  73  15  42  16  46  17  42  18  55  19  73 
  0  41   1  65   2  35   3  59   4  36   5  71   6  42   7  39   8  38   9  47  10  64  11  47  12  61  13  41  14  69  15  38  16  48  17  40  18  49  19  70 
  0  40   1  67   2  39   3  62   4  40   5  71   6  42   7  40   8  41   9  50  10  64  11  50  12  60  13  40  14  70  15  38  16  48  17  41  18  51  19  69 
  0  44   1  70   2  42   3  62   4  43   5  71   6  44   7  43   8  41   9  52  10  65  11  55  12  59  13  46  14  72  15  41  16  46  17  44  18  58  19  73 
  0  43   1  68   2  42   3  59   4  39   5  71   6  45   7  39   8  41   9  52  10  68  11  54  12  60  13  45  14  71  15  42  16  47  17  43  18  54  19  73 
  0  47   1  71   2  42   3  63   4  42   5  72   6  48   7  42   8  42   9  57  10  68  11  57  12  61  13  48  14  71  15  45  16  47  17  44  18  59  19  74 
  0  47   1  69   2  42   3  63   4  43   5  71   6  47   7  41   8  42   9  54  10  66  11  55  12  61  13  47  14  73  15  43  16  46  17  47  18  55  19  75 
  0  39   1  65   2  35   3  60   4  39   5  72   6  42   7  39   8  38   9  49  10  64  11  50  12  61  13  39  14  69  15  37  16  46  17  39  18  49  19  70 
  0  47   1  69   2  43   3  61   4  43   5  71   6  45   7  43   8  40   9  56  10  68  11  56  12  61  13  43  14  73  15  43  16  48  17  43  18  56  19  73 
  0  43   1  65   2  39   3  61   4  37   5  72   6  43   7  39   8  41   9  52  10  66  11  49  12  59  13  39  14  71  15  38  16  48  17  39  18  52  19  69 


