
 20  20

  0  85   1  81   2  64   3  58   4  57   5  84   6  77   7  61   8  47   9  72  10  82  11  50  12  75  13  56  14  82  15  47  16  51  17  71  18  67  19  53 
  0  77   1  79   2  58   3  51   4  56   5  80   6  69   7  56   8  45   9  73  10  80  11  48  12  74  13  48  14  74  15  44  16  50  17  63  18  67  19  49 
  0  78   1  81   2  60   3  55   4  56   5  84   6  70   7  56   8  48   9  73  10  79  11  48  12  73  13  49  14  77  15  46  16  50  17  65  18  65  19  49 
  0  85   1  81   2  64   3  61   4  58   5  86   6  73   7  59   8  49   9  73  10  82  11  50  12  75  13  55  14  78  15  50  16  50  17  70  18  67  19  51 
  0  78   1  80   2  61   3  53   4  58   5  81   6  69   7  55   8  45   9  74  10  79  11  49  12  75  13  48  14  77  15  44  16  51  17  62  18  66  19  52 
  0  87   1  83   2  61   3  58   4  56   5  87   6  75   7  59   8  48   9  74  10  82  11  49  12  75  13  55  14  82  15  48  16  52  17  68  18  66  19  51 
  0  82   1  81   2  61   3  56   4  58   5  86   6  76   7  60   8  49   9  74  10  82  11  48  12  74  13  53  14  78  15  49  16  52  17  66  18  66  19  52 
  0  81   1  81   2  58   3  57   4  58   5  82   6  72   7  57   8  47   9  74  10  83  11  48  12  75  13  49  14  76  15  46  16  50  17  64  18  67  19  52 
  0  82   1  79   2  62   3  54   4  58   5  83   6  71   7  57   8  45   9  73  10  81  11  48  12  75  13  52  14  75  15  46  16  50  17  62  18  65  19  50 
  0  79   1  81   2  58   3  51   4  56   5  80   6  73   7  57   8  46   9  72  10  82  11  48  12  74  13  48  14  77  15  47  16  50  17  63  18  65  19  51 
  0  85   1  83   2  63   3  60   4  58   5  88   6  77   7  61   8  48   9  72  10  81  11  50  12  77  13  56  14  80  15  49  16  52  17  69  18  67  19  53 
  0  80   1  79   2  62   3  55   4  57   5  83   6  70   7  55   8  45   9  74  10  81  11  49  12  75  13  52  14  79  15  45  16  50  17  66  18  65  19  52 
  0  79   1  79   2  58   3  52   4  58   5  82   6  71   7  55   8  45   9  72  10  80  11  48  12  75  13  48  14  75  15  44  16  52  17  61  18  67  19  49 
  0  83   1  82   2  62   3  58   4  58   5  87   6  77   7  59   8  47   9  72  10  83  11  50  12  74  13  54  14  79  15  50  16  52  17  71  18  65  19  53 
  0  84   1  82   2  63   3  59   4  58   5  86   6  75   7  60   8  49   9  72  10  81  11  48  12  77  13  53  14  80  15  48  16  52  17  69  18  65  19  50 
  0  80   1  80   2  58   3  51   4  56   5  82   6  69   7  55   8  45   9  73  10  81  11  48  12  76  13  50  14  74  15  45  16  52  17  61  18  66  19  50 
  0  83   1  83   2  62   3  55   4  56   5  83   6  74   7  56   8  45   9  72  10  80  11  48  12  76  13  55  14  81  15  49  16  50  17  69  18  66  19  51 
  0  81   1  82   2  63   3  54   4  56   5  85   6  71   7  58   8  47   9  72  10  80  11  50  12  74  13  51  14  78  15  46  16  52  17  65  18  67  19  51 
  0  79   1  79   2  58   3  53   4  56   5  81   6  69   7  55   8  45   9  72  10  81  11  48  12  73  13  48  14  75  15  45  16  51  17  62  18  65  19  50 
  0  79   1  82   2  58   3  55   4  56   5  84   6  69   7  55   8  47   9  72  10  80  11  48  12  73  13  48  14  74  15  44  16  50  17  65  18  65  19  51 


