
 20  20

  0  66   1  84   2  73   3  79   4  54   5  47   6  65   7  63   8  67   9  84  10  65  11  59  12  48  13  57  14  54  15  55  16  47  17  87  18  53  19  86 
  0  72   1  86   2  76   3  82   4  55   5  49   6  66   7  67   8  68   9  84  10  67  11  62  12  50  13  58  14  56  15  58  16  47  17  89  18  56  19  85 
  0  66   1  86   2  75   3  82   4  52   5  47   6  63   7  65   8  66   9  83  10  63  11  62  12  48  13  58  14  58  15  54  16  46  17  87  18  54  19  85 
  0  71   1  85   2  80   3  84   4  54   5  50   6  69   7  63   8  68   9  81  10  64  11  64  12  54  13  62  14  56  15  60  16  51  17  88  18  58  19  87 
  0  66   1  86   2  75   3  80   4  52   5  47   6  63   7  64   8  65   9  83  10  64  11  61  12  49  13  56  14  54  15  57  16  45  17  87  18  53  19  84 
  0  74   1  84   2  80   3  85   4  57   5  50   6  67   7  67   8  67   9  85  10  68  11  68  12  53  13  60  14  61  15  60  16  50  17  88  18  55  19  85 
  0  71   1  84   2  75   3  80   4  55   5  46   6  65   7  66   8  64   9  81  10  65  11  64  12  49  13  60  14  57  15  56  16  49  17  87  18  56  19  87 
  0  70   1  85   2  75   3  78   4  55   5  48   6  63   7  66   8  65   9  82  10  62  11  61  12  51  13  59  14  56  15  57  16  50  17  87  18  53  19  85 
  0  71   1  86   2  81   3  82   4  57   5  49   6  70   7  66   8  68   9  82  10  70  11  68  12  54  13  62  14  60  15  59  16  53  17  89  18  58  19  88 
  0  68   1  85   2  75   3  78   4  51   5  48   6  66   7  63   8  65   9  81  10  64  11  62  12  52  13  59  14  55  15  58  16  49  17  89  18  53  19  87 
  0  73   1  85   2  80   3  81   4  55   5  51   6  69   7  65   8  68   9  83  10  66  11  63  12  54  13  59  14  58  15  61  16  53  17  89  18  57  19  88 
  0  68   1  86   2  73   3  78   4  51   5  46   6  63   7  63   8  65   9  82  10  61  11  60  12  49  13  56  14  54  15  56  16  46  17  89  18  54  19  85 
  0  66   1  84   2  77   3  82   4  54   5  46   6  65   7  65   8  64   9  82  10  61  11  62  12  48  13  56  14  57  15  57  16  49  17  89  18  56  19  84 
  0  73   1  84   2  78   3  83   4  59   5  48   6  67   7  67   8  68   9  82  10  68  11  66  12  55  13  63  14  58  15  59  16  53  17  89  18  57  19  87 
  0  71   1  85   2  81   3  84   4  55   5  50   6  66   7  67   8  66   9  82  10  69  11  64  12  52  13  62  14  58  15  60  16  51  17  87  18  57  19  88 
  0  69   1  84   2  73   3  78   4  51   5  48   6  65   7  63   8  64   9  81  10  61  11  59  12  49  13  57  14  57  15  56  16  48  17  88  18  53  19  85 
  0  70   1  84   2  76   3  79   4  55   5  47   6  65   7  63   8  67   9  81  10  65  11  60  12  48  13  58  14  55  15  55  16  48  17  89  18  56  19  84 
  0  75   1  84   2  80   3  83   4  60   5  50   6  68   7  67   8  68   9  85  10  71  11  67  12  55  13  65  14  62  15  64  16  53  17  89  18  58  19  85 
  0  66   1  84   2  77   3  80   4  55   5  48   6  67   7  63   8  64   9  84  10  61  11  62  12  49  13  57  14  58  15  55  16  45  17  88  18  55  19  84 
  0  76   1  86   2  83   3  85   4  60   5  51   6  70   7  66   8  68   9  85  10  71  11  69  12  56  13  65  14  61  15  61  16  53  17  89  18  59  19  88 


