
 20  20

  0  26   1  28   2  13   3  14   4  37   5  39   6  27   7  47   8  30   9  38  10  14  11  46  12  35  13  32  14  43  15  43  16  12  17  19  18  16  19  15 
  0  32   1  32   2  13   3  17   4  37   5  43   6  27   7  48   8  31   9  40  10  19  11  47  12  35  13  35  14  46  15  45  16  15  17  19  18  21  19  16 
  0  32   1  30   2  11   3  18   4  37   5  40   6  27   7  48   8  34   9  40  10  21  11  51  12  33  13  37  14  46  15  43  16  16  17  18  18  19  19  13 
  0  24   1  28   2  11   3  16   4  35   5  39   6  28   7  47   8  28   9  38  10  15  11  44  12  35  13  33  14  45  15  42  16  12  17  19  18  17  19  12 
  0  29   1  30   2  13   3  16   4  35   5  40   6  27   7  47   8  31   9  38  10  14  11  45  12  34  13  35  14  43  15  45  16  15  17  18  18  21  19  14 
  0  33   1  32   2  11   3  18   4  36   5  41   6  28   7  51   8  32   9  40  10  22  11  50  12  35  13  37  14  47  15  44  16  15  17  19  18  22  19  14 
  0  27   1  28   2  11   3  13   4  37   5  42   6  26   7  43   8  26   9  38  10  12  11  43  12  34  13  29  14  44  15  45  16  12  17  17  18  17  19  12 
  0  31   1  30   2  11   3  16   4  35   5  42   6  26   7  48   8  30   9  40  10  17  11  45  12  34  13  33  14  47  15  46  16  13  17  19  18  19  19  13 
  0  25   1  28   2  13   3  13   4  36   5  39   6  26   7  48   8  30   9  38  10  15  11  47  12  33  13  33  14  43  15  45  16  12  17  18  18  17  19  12 
  0  25   1  30   2  13   3  15   4  35   5  39   6  26   7  46   8  28   9  38  10  14  11  44  12  33  13  33  14  43  15  44  16  15  17  19  18  17  19  15 
  0  26   1  30   2  13   3  17   4  37   5  40   6  28   7  43   8  31   9  38  10  15  11  45  12  33  13  33  14  46  15  45  16  12  17  17  18  20  19  13 
  0  28   1  31   2  13   3  14   4  35   5  40   6  26   7  46   8  29   9  40  10  16  11  45  12  33  13  33  14  43  15  45  16  13  17  17  18  21  19  14 
  0  24   1  29   2  13   3  12   4  37   5  41   6  26   7  43   8  29   9  38  10  16  11  47  12  33  13  32  14  46  15  42  16  12  17  18  18  17  19  14 
  0  31   1  29   2  11   3  19   4  36   5  41   6  26   7  48   8  32   9  40  10  18  11  48  12  35  13  34  14  46  15  45  16  14  17  18  18  19  19  15 
  0  30   1  32   2  13   3  16   4  36   5  43   6  28   7  47   8  32   9  40  10  21  11  46  12  35  13  32  14  44  15  46  16  14  17  17  18  19  19  14 
  0  28   1  32   2  13   3  17   4  37   5  41   6  27   7  48   8  32   9  38  10  17  11  47  12  33  13  33  14  46  15  46  16  16  17  17  18  19  19  16 
  0  30   1  28   2  11   3  17   4  37   5  40   6  27   7  46   8  30   9  40  10  19  11  46  12  35  13  32  14  43  15  46  16  14  17  19  18  18  19  13 
  0  29   1  32   2  12   3  19   4  37   5  41   6  27   7  51   8  30   9  39  10  22  11  50  12  35  13  34  14  47  15  46  16  15  17  17  18  19  19  16 
  0  33   1  32   2  12   3  20   4  37   5  41   6  28   7  52   8  34   9  40  10  20  11  50  12  33  13  37  14  46  15  44  16  15  17  17  18  22  19  14 
  0  26   1  31   2  11   3  16   4  37   5  39   6  28   7  48   8  27   9  40  10  15  11  45  12  35  13  30  14  43  15  42  16  12  17  18  18  19  19  12 


