
 20  20

  0  75   1  62   2  93   3  55   4  54   5  39   6  61   7  77   8  24   9  28  10  51  11  74  12  53  13  56  14  43  15  41  16  69  17  30  18  44  19  72 
  0  78   1  66   2  96   3  59   4  58   5  45   6  62   7  82   8  26   9  32  10  58  11  80  12  54  13  56  14  47  15  42  16  77  17  33  18  44  19  76 
  0  82   1  66   2  97   3  63   4  57   5  46   6  62   7  87   8  27   9  33  10  59  11  81  12  55  13  55  14  49  15  40  16  79  17  36  18  47  19  76 
  0  80   1  66   2  94   3  62   4  57   5  41   6  60   7  83   8  28   9  31  10  59  11  79  12  57  13  57  14  45  15  42  16  75  17  33  18  46  19  76 
  0  74   1  62   2  91   3  54   4  55   5  38   6  60   7  77   8  21   9  28  10  53  11  76  12  53  13  55  14  43  15  40  16  70  17  28  18  43  19  68 
  0  78   1  64   2  92   3  60   4  57   5  43   6  60   7  83   8  24   9  29  10  57  11  80  12  55  13  57  14  47  15  42  16  76  17  30  18  43  19  75 
  0  82   1  66   2  97   3  64   4  57   5  46   6  62   7  84   8  28   9  31  10  59  11  84  12  56  13  57  14  47  15  41  16  77  17  35  18  47  19  78 
  0  78   1  65   2  97   3  64   4  59   5  43   6  62   7  84   8  26   9  31  10  60  11  84  12  55  13  56  14  48  15  42  16  79  17  35  18  46  19  75 
  0  78   1  62   2  94   3  57   4  55   5  43   6  62   7  82   8  27   9  32  10  55  11  79  12  55  13  55  14  47  15  41  16  73  17  32  18  43  19  73 
  0  73   1  62   2  91   3  57   4  56   5  39   6  60   7  80   8  24   9  28  10  55  11  75  12  56  13  57  14  43  15  40  16  69  17  30  18  46  19  68 
  0  80   1  65   2  94   3  60   4  55   5  45   6  62   7  84   8  27   9  33  10  57  11  83  12  55  13  56  14  49  15  42  16  77  17  34  18  47  19  77 
  0  76   1  62   2  95   3  61   4  59   5  44   6  62   7  82   8  24   9  33  10  56  11  79  12  57  13  56  14  48  15  41  16  75  17  33  18  46  19  76 
  0  77   1  63   2  93   3  62   4  59   5  44   6  60   7  84   8  24   9  29  10  57  11  81  12  57  13  56  14  47  15  42  16  73  17  33  18  47  19  75 
  0  81   1  63   2  97   3  60   4  58   5  42   6  60   7  86   8  26   9  33  10  59  11  82  12  54  13  56  14  45  15  40  16  76  17  33  18  44  19  74 
  0  82   1  65   2  97   3  62   4  59   5  44   6  62   7  87   8  28   9  33  10  60  11  83  12  56  13  56  14  49  15  42  16  79  17  33  18  46  19  78 
  0  78   1  63   2  94   3  60   4  59   5  43   6  61   7  82   8  27   9  29  10  59  11  80  12  54  13  57  14  49  15  42  16  76  17  32  18  44  19  77 
  0  81   1  63   2  97   3  64   4  59   5  46   6  61   7  86   8  28   9  33  10  60  11  83  12  57  13  57  14  49  15  42  16  76  17  32  18  47  19  76 
  0  82   1  66   2  95   3  61   4  59   5  46   6  60   7  87   8  29   9  33  10  61  11  82  12  57  13  56  14  46  15  41  16  77  17  33  18  47  19  75 
  0  79   1  66   2  93   3  61   4  58   5  45   6  60   7  85   8  27   9  33  10  56  11  82  12  55  13  57  14  49  15  42  16  76  17  33  18  47  19  74 
  0  80   1  64   2  95   3  64   4  59   5  43   6  60   7  84   8  29   9  33  10  60  11  82  12  56  13  57  14  49  15  40  16  77  17  34  18  46  19  76 


