
 20  20

  0  32   1  40   2  31   3  72   4  81   5  51   6  77   7  27   8  17   9  28  10  30  11  35  12  76  13  20  14  29  15  48  16  77  17  47  18  24  19  13 
  0  25   1  34   2  30   3  68   4  71   5  47   6  67   7  23   8   7   9  25  10  28  11  28  12  68  13  18  14  28  15  42  16  73  17  44  18  16  19  11 
  0  30   1  38   2  30   3  68   4  73   5  47   6  72   7  24   8   9   9  25  10  28  11  31  12  69  13  18  14  26  15  42  16  73  17  45  18  15  19  10 
  0  32   1  41   2  34   3  72   4  81   5  51   6  76   7  25   8  14   9  31  10  32  11  35  12  75  13  19  14  27  15  45  16  77  17  45  18  24  19  11 
  0  33   1  39   2  34   3  72   4  76   5  51   6  74   7  25   8  15   9  29  10  29  11  35  12  72  13  18  14  28  15  46  16  76  17  48  18  18  19  13 
  0  29   1  34   2  32   3  70   4  71   5  47   6  68   7  25   8   8   9  26  10  30  11  31  12  69  13  20  14  27  15  42  16  72  17  44  18  14  19  10 
  0  25   1  35   2  30   3  68   4  71   5  47   6  67   7  23   8   8   9  27  10  28  11  28  12  68  13  18  14  26  15  44  16  72  17  45  18  14  19   9 
  0  35   1  43   2  34   3  72   4  81   5  50   6  77   7  25   8  15   9  30  10  32  11  35  12  76  13  20  14  28  15  48  16  80  17  48  18  24  19  11 
  0  33   1  43   2  34   3  72   4  79   5  51   6  77   7  26   8  17   9  30  10  30  11  36  12  76  13  20  14  30  15  48  16  80  17  48  18  22  19  13 
  0  27   1  35   2  33   3  68   4  75   5  47   6  71   7  23   8  13   9  26  10  29  11  31  12  71  13  19  14  29  15  46  16  73  17  46  18  19  19  11 
  0  31   1  43   2  32   3  70   4  80   5  51   6  77   7  24   8  13   9  30  10  29  11  33  12  76  13  19  14  30  15  48  16  78  17  46  18  20  19  11 
  0  27   1  33   2  32   3  68   4  71   5  47   6  67   7  24   8   9   9  26  10  30  11  28  12  68  13  20  14  26  15  42  16  74  17  45  18  14  19  11 
  0  28   1  36   2  30   3  69   4  73   5  48   6  70   7  25   8   7   9  28  10  30  11  31  12  68  13  19  14  27  15  44  16  72  17  46  18  17  19  10 
  0  25   1  35   2  31   3  68   4  73   5  47   6  68   7  23   8   7   9  25  10  30  11  28  12  70  13  18  14  26  15  42  16  72  17  44  18  14  19   9 
  0  25   1  33   2  32   3  68   4  71   5  49   6  71   7  23   8  11   9  25  10  28  11  32  12  68  13  18  14  27  15  42  16  75  17  44  18  18  19  12 
  0  25   1  33   2  32   3  68   4  71   5  49   6  67   7  23   8   7   9  25  10  28  11  29  12  70  13  20  14  26  15  43  16  74  17  44  18  14  19   9 
  0  32   1  38   2  32   3  70   4  80   5  50   6  74   7  24   8  12   9  31  10  30  11  33  12  75  13  18  14  28  15  48  16  76  17  47  18  21  19  10 
  0  26   1  36   2  30   3  68   4  72   5  49   6  68   7  26   8   7   9  27  10  30  11  28  12  68  13  18  14  28  15  45  16  74  17  44  18  14  19   9 
  0  27   1  33   2  30   3  68   4  71   5  47   6  68   7  24   8  10   9  26  10  28  11  31  12  69  13  20  14  26  15  45  16  72  17  45  18  14  19  10 
  0  32   1  37   2  34   3  71   4  75   5  49   6  72   7  27   8  15   9  27  10  28  11  31  12  72  13  19  14  29  15  46  16  75  17  44  18  22  19  11 


