
 20  20

  0  48   1  70   2  55   3  77   4  71   5  46   6  73   7  50   8  78   9  71  10  82  11  85  12  61  13  47  14  35  15  44  16  59  17  82  18  34  19  83 
  0  49   1  70   2  55   3  78   4  72   5  45   6  74   7  48   8  78   9  68  10  82  11  85  12  61  13  45  14  36  15  46  16  59  17  80  18  33  19  84 
  0  51   1  70   2  56   3  77   4  71   5  44   6  72   7  50   8  79   9  68  10  83  11  84  12  63  13  45  14  34  15  44  16  62  17  81  18  31  19  83 
  0  52   1  74   2  57   3  80   4  71   5  46   6  72   7  52   8  82   9  73  10  85  11  87  12  63  13  49  14  40  15  48  16  62  17  85  18  34  19  89 
  0  51   1  70   2  57   3  80   4  73   5  47   6  72   7  52   8  81   9  69  10  82  11  87  12  63  13  46  14  35  15  49  16  61  17  81  18  34  19  85 
  0  54   1  71   2  57   3  78   4  73   5  48   6  72   7  55   8  83   9  71  10  86  11  87  12  62  13  47  14  41  15  51  16  63  17  85  18  38  19  88 
  0  48   1  70   2  55   3  77   4  71   5  46   6  72   7  49   8  78   9  68  10  83  11  83  12  61  13  45  14  35  15  45  16  62  17  82  18  31  19  84 
  0  57   1  74   2  59   3  81   4  73   5  50   6  74   7  56   8  83   9  73  10  84  11  89  12  61  13  49  14  42  15  54  16  67  17  89  18  39  19  87 
  0  52   1  73   2  56   3  78   4  71   5  44   6  73   7  51   8  81   9  69  10  82  11  85  12  61  13  47  14  37  15  48  16  61  17  82  18  35  19  84 
  0  56   1  74   2  59   3  81   4  73   5  50   6  72   7  58   8  86   9  73  10  86  11  92  12  61  13  51  14  43  15  54  16  65  17  89  18  39  19  90 
  0  48   1  70   2  55   3  77   4  71   5  44   6  72   7  48   8  78   9  69  10  83  11  82  12  61  13  45  14  34  15  44  16  60  17  80  18  32  19  82 
  0  53   1  74   2  58   3  80   4  72   5  44   6  74   7  53   8  80   9  72  10  82  11  87  12  61  13  49  14  35  15  50  16  61  17  82  18  35  19  84 
  0  52   1  73   2  59   3  80   4  73   5  47   6  73   7  52   8  82   9  73  10  86  11  86  12  61  13  46  14  37  15  49  16  63  17  83  18  37  19  86 
  0  55   1  72   2  60   3  78   4  73   5  48   6  72   7  55   8  83   9  70  10  83  11  90  12  61  13  51  14  39  15  48  16  64  17  87  18  37  19  87 
  0  50   1  72   2  57   3  77   4  71   5  45   6  73   7  52   8  81   9  68  10  83  11  85  12  61  13  45  14  37  15  48  16  62  17  79  18  32  19  86 
  0  50   1  70   2  55   3  77   4  71   5  45   6  73   7  48   8  80   9  70  10  82  11  82  12  63  13  45  14  36  15  45  16  60  17  80  18  31  19  84 
  0  54   1  74   2  58   3  78   4  73   5  49   6  72   7  56   8  83   9  74  10  84  11  88  12  62  13  47  14  39  15  49  16  65  17  83  18  37  19  85 
  0  55   1  70   2  58   3  81   4  73   5  48   6  73   7  51   8  81   9  69  10  86  11  87  12  61  13  46  14  39  15  50  16  65  17  83  18  37  19  86 
  0  48   1  73   2  55   3  80   4  71   5  46   6  73   7  52   8  78   9  68  10  82  11  84  12  61  13  47  14  35  15  45  16  63  17  83  18  35  19  84 
  0  58   1  72   2  61   3  79   4  73   5  50   6  72   7  57   8  85   9  74  10  86  11  92  12  61  13  51  14  43  15  54  16  67  17  89  18  38  19  88 


