
 20  20

  0  60   1  27   2  20   3  77   4  32   5  62   6  19   7  54   8  80   9  54  10  79  11  83  12  25  13  32  14  62  15  59  16  54  17  39  18  38  19  75 
  0  61   1  26   2  18   3  72   4  31   5  60   6  19   7  52   8  80   9  52  10  74  11  83  12  26  13  30  14  61  15  57  16  52  17  37  18  40  19  75 
  0  59   1  24   2  20   3  73   4  29   5  59   6  18   7  52   8  80   9  56  10  78  11  83  12  27  13  29  14  59  15  60  16  52  17  38  18  41  19  76 
  0  65   1  26   2  21   3  75   4  33   5  62   6  23   7  52   8  81   9  57  10  80  11  87  12  26  13  29  14  61  15  57  16  53  17  42  18  39  19  77 
  0  66   1  30   2  22   3  78   4  37   5  63   6  26   7  58   8  84   9  59  10  82  11  87  12  25  13  35  14  63  15  60  16  57  17  43  18  43  19  80 
  0  62   1  27   2  19   3  73   4  30   5  60   6  22   7  52   8  84   9  55  10  78  11  83  12  26  13  31  14  61  15  59  16  53  17  42  18  41  19  79 
  0  63   1  29   2  23   3  76   4  32   5  59   6  21   7  55   8  80   9  57  10  78  11  86  12  27  13  33  14  62  15  58  16  57  17  41  18  41  19  79 
  0  62   1  27   2  20   3  78   4  31   5  62   6  20   7  57   8  81   9  54  10  77  11  87  12  27  13  32  14  63  15  60  16  53  17  40  18  43  19  78 
  0  62   1  27   2  22   3  74   4  33   5  60   6  21   7  54   8  80   9  56  10  77  11  84  12  27  13  29  14  60  15  57  16  56  17  37  18  39  19  77 
  0  64   1  28   2  21   3  74   4  32   5  61   6  22   7  56   8  80   9  56  10  76  11  83  12  25  13  31  14  61  15  57  16  53  17  40  18  40  19  75 
  0  63   1  24   2  21   3  76   4  30   5  59   6  19   7  52   8  80   9  57  10  77  11  83  12  27  13  31  14  60  15  58  16  52  17  38  18  38  19  76 
  0  64   1  26   2  22   3  77   4  31   5  59   6  22   7  52   8  81   9  58  10  77  11  85  12  25  13  31  14  62  15  59  16  53  17  42  18  40  19  76 
  0  63   1  26   2  21   3  74   4  33   5  61   6  18   7  56   8  81   9  55  10  75  11  83  12  27  13  29  14  59  15  59  16  52  17  39  18  41  19  79 
  0  66   1  28   2  26   3  78   4  35   5  65   6  25   7  57   8  84   9  60  10  82  11  87  12  27  13  34  14  62  15  60  16  57  17  42  18  43  19  80 
  0  59   1  24   2  19   3  72   4  29   5  57   6  17   7  52   8  80   9  52  10  74  11  83  12  25  13  27  14  59  15  57  16  52  17  38  18  38  19  75 
  0  63   1  28   2  20   3  75   4  30   5  57   6  21   7  56   8  81   9  56  10  78  11  83  12  25  13  30  14  61  15  57  16  52  17  40  18  41  19  75 
  0  62   1  28   2  21   3  72   4  31   5  58   6  18   7  52   8  81   9  55  10  78  11  84  12  27  13  28  14  59  15  57  16  54  17  38  18  41  19  76 
  0  65   1  25   2  22   3  74   4  32   5  62   6  23   7  52   8  80   9  57  10  78  11  85  12  25  13  30  14  60  15  58  16  53  17  40  18  42  19  79 
  0  64   1  28   2  21   3  74   4  32   5  61   6  22   7  56   8  80   9  56  10  79  11  86  12  25  13  30  14  59  15  57  16  55  17  42  18  39  19  76 
  0  62   1  25   2  23   3  76   4  32   5  59   6  22   7  55   8  80   9  54  10  78  11  85  12  25  13  31  14  61  15  57  16  54  17  38  18  40  19  76 


