
 20  20

  0  67   1  54   2  20   3  25   4  26   5  67   6  27   7  56   8  46   9  72  10  16  11  42  12  47  13  36  14  61  15  64  16  70  17  44  18  80  19  26 
  0  65   1  54   2  18   3  21   4  22   5  63   6  27   7  56   8  42   9  69  10  15  11  37  12  44  13  33  14  60  15  62  16  68  17  42  18  77  19  28 
  0  66   1  54   2  19   3  22   4  22   5  64   6  27   7  54   8  44   9  67  10  14  11  40  12  47  13  33  14  59  15  62  16  70  17  42  18  77  19  28 
  0  65   1  54   2  19   3  23   4  23   5  65   6  28   7  55   8  44   9  70  10  18  11  39  12  47  13  36  14  58  15  64  16  67  17  43  18  80  19  26 
  0  65   1  54   2  18   3  24   4  24   5  67   6  27   7  56   8  42   9  72  10  20  11  41  12  46  13  37  14  64  15  66  16  70  17  47  18  82  19  26 
  0  71   1  56   2  20   3  27   4  26   5  69   6  28   7  56   8  50   9  75  10  21  11  44  12  48  13  43  14  66  15  70  16  73  17  48  18  82  19  28 
  0  64   1  56   2  18   3  22   4  23   5  65   6  29   7  54   8  43   9  68  10  17  11  38  12  45  13  36  14  58  15  62  16  68  17  45  18  77  19  27 
  0  70   1  56   2  18   3  25   4  26   5  71   6  28   7  58   8  46   9  72  10  23  11  42  12  49  13  41  14  62  15  69  16  72  17  48  18  83  19  28 
  0  72   1  55   2  19   3  29   4  25   5  71   6  28   7  58   8  50   9  76  10  24  11  45  12  50  13  42  14  63  15  70  16  70  17  47  18  82  19  26 
  0  68   1  56   2  20   3  24   4  22   5  67   6  27   7  56   8  46   9  71  10  18  11  40  12  47  13  41  14  63  15  65  16  70  17  46  18  81  19  28 
  0  71   1  56   2  18   3  27   4  26   5  71   6  29   7  55   8  48   9  74  10  24  11  45  12  50  13  42  14  64  15  67  16  70  17  48  18  81  19  28 
  0  72   1  56   2  20   3  29   4  26   5  71   6  28   7  58   8  50   9  74  10  24  11  45  12  49  13  43  14  65  15  70  16  73  17  48  18  83  19  28 
  0  72   1  56   2  20   3  29   4  26   5  71   6  28   7  58   8  50   9  74  10  24  11  44  12  48  13  43  14  66  15  69  16  71  17  46  18  83  19  27 
  0  72   1  56   2  19   3  29   4  26   5  69   6  29   7  58   8  50   9  74  10  22  11  44  12  48  13  41  14  64  15  69  16  73  17  48  18  81  19  27 
  0  67   1  54   2  20   3  22   4  26   5  67   6  27   7  55   8  45   9  70  10  17  11  39  12  47  13  35  14  60  15  67  16  70  17  45  18  81  19  28 
  0  66   1  55   2  20   3  25   4  22   5  64   6  29   7  54   8  42   9  67  10  18  11  38  12  45  13  37  14  62  15  63  16  69  17  42  18  79  19  27 
  0  66   1  54   2  19   3  21   4  22   5  66   6  27   7  57   8  41   9  70  10  18  11  37  12  46  13  34  14  61  15  65  16  69  17  43  18  77  19  27 
  0  71   1  56   2  18   3  29   4  23   5  68   6  29   7  57   8  50   9  76  10  22  11  44  12  48  13  42  14  64  15  68  16  72  17  45  18  83  19  28 
  0  70   1  55   2  19   3  26   4  23   5  69   6  27   7  56   8  48   9  72  10  20  11  43  12  50  13  38  14  64  15  68  16  72  17  44  18  80  19  27 
  0  64   1  54   2  18   3  23   4  22   5  64   6  27   7  54   8  44   9  66  10  18  11  39  12  46  13  34  14  60  15  64  16  69  17  42  18  77  19  27 


