
 20  20

  0  17   1  10   2  15   3  25   4  44   5  27   6  35   7  26   8  60   9  16  10  12  11  14  12  22  13   9  14  71  15  15  16  24  17  64  18  39  19  54 
  0  21   1  14   2  13   3  26   4  46   5  29   6  35   7  22   8  62   9  13  10  13  11  12  12  22  13   9  14  72  15  17  16  24  17  65  18  42  19  55 
  0  20   1  12   2  13   3  27   4  44   5  29   6  33   7  24   8  61   9  14  10  12  11  11  12  20  13  10  14  70  15  15  16  24  17  62  18  37  19  50 
  0  22   1  14   2  13   3  26   4  45   5  27   6  33   7  23   8  64   9  16  10  14  11  14  12  20  13   9  14  73  15  17  16  26  17  67  18  43  19  52 
  0  21   1  12   2  12   3  25   4  45   5  29   6  32   7  25   8  61   9  16  10  10  11  13  12  23  13   7  14  73  15  19  16  26  17  65  18  39  19  55 
  0  17   1  13   2  13   3  27   4  46   5  29   6  33   7  22   8  58   9  14  10   9  11  15  12  21  13   5  14  72  15  17  16  24  17  63  18  37  19  51 
  0  23   1  14   2  16   3  29   4  44   5  28   6  36   7  23   8  61   9  15  10  15  11  16  12  22  13  13  14  74  15  18  16  24  17  68  18  44  19  53 
  0  16   1  10   2  10   3  25   4  46   5  27   6  30   7  22   8  56   9  13  10   9  11  10  12  18  13   5  14  68  15  15  16  25  17  60  18  37  19  51 
  0  19   1  13   2  11   3  26   4  46   5  29   6  33   7  25   8  61   9  13  10  12  11  15  12  18  13   7  14  73  15  15  16  26  17  65  18  40  19  52 
  0  20   1  14   2  11   3  25   4  44   5  29   6  34   7  25   8  63   9  14  10  12  11  15  12  20  13   9  14  73  15  16  16  25  17  64  18  42  19  54 
  0  17   1  13   2  11   3  25   4  45   5  28   6  36   7  22   8  60   9  15  10  14  11  16  12  21  13   8  14  72  15  19  16  26  17  66  18  42  19  53 
  0  16   1  11   2  13   3  26   4  45   5  28   6  34   7  22   8  61   9  14  10  10  11  11  12  18  13   8  14  72  15  17  16  24  17  65  18  40  19  52 
  0  20   1  11   2  12   3  28   4  46   5  29   6  31   7  25   8  61   9  17  10  11  11  14  12  22  13  10  14  71  15  17  16  25  17  64  18  40  19  53 
  0  14   1  11   2  10   3  25   4  46   5  29   6  30   7  22   8  58   9  13  10  12  11  11  12  18  13   6  14  68  15  15  16  24  17  60  18  36  19  49 
  0  22   1  13   2  16   3  29   4  44   5  27   6  35   7  24   8  61   9  17  10  11  11  14  12  21  13  12  14  75  15  18  16  26  17  68  18  40  19  56 
  0  19   1  13   2  14   3  29   4  44   5  28   6  33   7  22   8  61   9  16  10  12  11  14  12  21  13   9  14  72  15  15  16  24  17  67  18  41  19  51 
  0  19   1  11   2  13   3  26   4  46   5  28   6  34   7  24   8  59   9  17  10  13  11  14  12  21  13   9  14  69  15  16  16  24  17  64  18  41  19  50 
  0  20   1  15   2  13   3  29   4  46   5  27   6  34   7  23   8  65   9  15  10  15  11  16  12  24  13  10  14  75  15  16  16  25  17  69  18  45  19  55 
  0  14   1  10   2  11   3  27   4  44   5  27   6  30   7  22   8  57   9  13  10   9  11  10  12  16  13   4  14  70  15  17  16  25  17  62  18  37  19  49 
  0  24   1  14   2  14   3  28   4  44   5  29   6  35   7  26   8  64   9  17  10  15  11  17  12  24  13  14  14  76  15  16  16  25  17  67  18  44  19  55 


