
 20  20

  0  71   1  53   2  83   3  43   4  76   5  71   6  72   7  21   8  90   9  44  10  28  11  60  12  68  13  60  14  32  15  74  16  75  17  29  18  70  19  72 
  0  61   1  44   2  79   3  45   4  72   5  66   6  72   7  20   8  83   9  42  10  29  11  54  12  68  13  52  14  28  15  72  16  71  17  25  18  62  19  72 
  0  62   1  44   2  77   3  43   4  71   5  63   6  73   7  21   8  84   9  44  10  28  11  55  12  67  13  52  14  30  15  74  16  73  17  27  18  62  19  70 
  0  70   1  53   2  81   3  45   4  76   5  71   6  74   7  22   8  91   9  44  10  30  11  58  12  69  13  59  14  32  15  76  16  73  17  29  18  69  19  71 
  0  63   1  44   2  78   3  43   4  69   5  63   6  72   7  20   8  83   9  44  10  28  11  54  12  67  13  53  14  29  15  72  16  71  17  26  18  62  19  70 
  0  68   1  49   2  79   3  43   4  76   5  67   6  72   7  22   8  90   9  42  10  30  11  56  12  67  13  56  14  32  15  76  16  74  17  28  18  67  19  72 
  0  65   1  51   2  81   3  45   4  72   5  70   6  73   7  22   8  88   9  42  10  29  11  57  12  67  13  57  14  32  15  75  16  72  17  26  18  67  19  72 
  0  66   1  50   2  83   3  44   4  73   5  68   6  72   7  20   8  86   9  43  10  29  11  57  12  69  13  55  14  30  15  75  16  72  17  27  18  69  19  72 
  0  68   1  51   2  83   3  43   4  73   5  70   6  74   7  22   8  87   9  43  10  29  11  57  12  69  13  58  14  32  15  76  16  72  17  29  18  67  19  70 
  0  70   1  52   2  80   3  44   4  77   5  71   6  74   7  20   8  87   9  43  10  30  11  58  12  69  13  57  14  29  15  73  16  72  17  26  18  66  19  71 
  0  64   1  44   2  78   3  43   4  71   5  65   6  74   7  20   8  83   9  43  10  28  11  54  12  68  13  52  14  29  15  72  16  71  17  25  18  62  19  71 
  0  70   1  53   2  83   3  45   4  77   5  68   6  72   7  21   8  91   9  42  10  29  11  60  12  67  13  59  14  30  15  73  16  75  17  26  18  68  19  71 
  0  66   1  46   2  79   3  45   4  73   5  64   6  74   7  22   8  86   9  42  10  28  11  54  12  68  13  54  14  29  15  75  16  74  17  27  18  63  19  71 
  0  69   1  54   2  82   3  45   4  77   5  70   6  72   7  21   8  91   9  44  10  29  11  58  12  69  13  60  14  32  15  76  16  75  17  28  18  70  19  72 
  0  62   1  45   2  77   3  43   4  71   5  63   6  73   7  20   8  85   9  42  10  30  11  54  12  68  13  52  14  29  15  74  16  71  17  26  18  62  19  70 
  0  70   1  50   2  83   3  45   4  76   5  67   6  74   7  20   8  90   9  42  10  30  11  58  12  67  13  57  14  31  15  76  16  75  17  26  18  70  19  70 
  0  71   1  54   2  81   3  45   4  77   5  71   6  73   7  22   8  91   9  42  10  30  11  60  12  67  13  59  14  32  15  76  16  75  17  29  18  70  19  72 
  0  67   1  50   2  83   3  43   4  72   5  69   6  74   7  20   8  89   9  42  10  28  11  59  12  69  13  55  14  32  15  74  16  72  17  27  18  66  19  72 
  0  61   1  47   2  79   3  45   4  71   5  63   6  72   7  20   8  84   9  42  10  29  11  54  12  67  13  52  14  29  15  72  16  74  17  25  18  64  19  70 
  0  69   1  50   2  82   3  45   4  76   5  70   6  74   7  22   8  90   9  44  10  30  11  60  12  69  13  57  14  32  15  74  16  74  17  27  18  69  19  72 


