
 20  20

  0  35   1  48   2  78   3  30   4  51   5  79   6  49   7  85   8  47   9  29  10  71  11  26  12  72  13  56  14  28  15  79  16  49  17  44  18  32  19  94 
  0  27   1  38   2  73   3  28   4  49   5  77   6  49   7  84   8  46   9  28  10  65  11  22  12  67  13  47  14  24  15  74  16  45  17  36  18  26  19  90 
  0  33   1  47   2  80   3  30   4  51   5  79   6  49   7  88   8  48   9  28  10  69  11  26  12  75  13  55  14  27  15  80  16  49  17  42  18  35  19  94 
  0  32   1  44   2  79   3  28   4  49   5  79   6  47   7  85   8  45   9  30  10  67  11  23  12  74  13  53  14  26  15  82  16  49  17  40  18  32  19  93 
  0  32   1  44   2  77   3  28   4  47   5  77   6  47   7  84   8  44   9  30  10  68  11  23  12  72  13  53  14  24  15  78  16  49  17  40  18  30  19  94 
  0  29   1  38   2  73   3  28   4  49   5  77   6  48   7  83   8  45   9  28  10  68  11  23  12  65  13  46  14  25  15  74  16  47  17  35  18  29  19  90 
  0  31   1  46   2  78   3  29   4  49   5  79   6  47   7  85   8  44   9  29  10  69  11  25  12  71  13  51  14  24  15  80  16  49  17  42  18  30  19  92 
  0  26   1  41   2  75   3  29   4  49   5  77   6  48   7  83   8  44   9  30  10  66  11  25  12  67  13  50  14  22  15  78  16  45  17  36  18  27  19  90 
  0  26   1  42   2  75   3  28   4  47   5  79   6  47   7  85   8  44   9  28  10  65  11  22  12  69  13  50  14  25  15  75  16  45  17  37  18  28  19  93 
  0  29   1  44   2  77   3  29   4  47   5  79   6  48   7  84   8  48   9  29  10  70  11  26  12  69  13  49  14  25  15  77  16  49  17  40  18  30  19  91 
  0  27   1  41   2  74   3  28   4  47   5  78   6  49   7  85   8  45   9  30  10  65  11  25  12  68  13  50  14  22  15  78  16  47  17  38  18  26  19  91 
  0  29   1  39   2  76   3  30   4  48   5  79   6  49   7  82   8  47   9  28  10  65  11  22  12  70  13  48  14  25  15  79  16  45  17  39  18  30  19  90 
  0  26   1  38   2  76   3  28   4  50   5  77   6  47   7  82   8  47   9  29  10  68  11  25  12  66  13  47  14  23  15  74  16  45  17  37  18  25  19  92 
  0  33   1  45   2  79   3  30   4  49   5  79   6  48   7  86   8  47   9  29  10  70  11  26  12  75  13  56  14  28  15  80  16  47  17  44  18  35  19  94 
  0  29   1  39   2  75   3  30   4  47   5  77   6  49   7  82   8  44   9  30  10  65  11  23  12  68  13  46  14  25  15  74  16  45  17  34  18  27  19  91 
  0  27   1  41   2  76   3  28   4  48   5  78   6  48   7  83   8  47   9  30  10  66  11  25  12  71  13  50  14  24  15  78  16  49  17  38  18  27  19  92 
  0  33   1  47   2  77   3  30   4  51   5  79   6  49   7  88   8  48   9  29  10  68  11  25  12  74  13  51  14  28  15  79  16  46  17  40  18  32  19  94 
  0  28   1  38   2  74   3  30   4  47   5  77   6  48   7  84   8  44   9  30  10  65  11  22  12  65  13  48  14  22  15  74  16  45  17  35  18  26  19  90 
  0  31   1  44   2  81   3  30   4  51   5  77   6  49   7  86   8  48   9  30  10  71  11  26  12  74  13  55  14  26  15  79  16  46  17  41  18  34  19  94 
  0  35   1  48   2  79   3  30   4  51   5  77   6  49   7  88   8  48   9  30  10  70  11  24  12  75  13  55  14  27  15  82  16  47  17  43  18  35  19  94 


