
 20  20

  0  55   1  66   2  65   3  12   4  47   5  61   6  71   7   6   8   6   9  42  10  67  11  39  12  55  13  48  14  68  15  61  16  61  17  61  18  19  19  37 
  0  60   1  71   2  65   3  10   4  48   5  63   6  70   7   8   8   8   9  41  10  71  11  40  12  53  13  47  14  70  15  58  16  61  17  63  18  16  19  36 
  0  61   1  75   2  68   3  13   4  51   5  67   6  71   7   8   8   8   9  43  10  73  11  45  12  54  13  51  14  71  15  62  16  62  17  65  18  17  19  40 
  0  65   1  74   2  67   3  14   4  51   5  67   6  72   7   9   8   8   9  42  10  74  11  44  12  54  13  51  14  74  15  66  16  61  17  66  18  20  19  40 
  0  59   1  69   2  69   3  13   4  47   5  64   6  68   7   9   8   8   9  43  10  72  11  43  12  52  13  47  14  67  15  62  16  63  17  63  18  17  19  36 
  0  64   1  71   2  66   3  12   4  50   5  68   6  71   7   8   8   7   9  41  10  74  11  43  12  56  13  50  14  70  15  63  16  61  17  64  18  20  19  40 
  0  56   1  67   2  65   3  13   4  47   5  62   6  68   7   7   8   8   9  41  10  69  11  42  12  55  13  48  14  67  15  59  16  63  17  62  18  19  19  38 
  0  58   1  68   2  66   3  12   4  50   5  59   6  70   7   8   8   6   9  41  10  67  11  42  12  55  13  50  14  66  15  58  16  62  17  60  18  19  19  36 
  0  60   1  73   2  69   3  14   4  51   5  67   6  70   7   9   8   7   9  43  10  71  11  42  12  53  13  50  14  69  15  64  16  63  17  63  18  17  19  40 
  0  56   1  66   2  65   3  10   4  47   5  59   6  68   7   5   8   8   9  41  10  68  11  39  12  54  13  47  14  68  15  60  16  61  17  60  18  16  19  36 
  0  56   1  66   2  65   3  10   4  49   5  59   6  68   7   6   8   6   9  43  10  69  11  40  12  54  13  47  14  66  15  58  16  61  17  60  18  16  19  36 
  0  63   1  76   2  67   3  12   4  50   5  66   6  72   7   8   8   8   9  43  10  72  11  43  12  55  13  50  14  73  15  65  16  63  17  64  18  20  19  40 
  0  56   1  67   2  65   3  10   4  49   5  59   6  68   7   5   8   8   9  42  10  68  11  41  12  52  13  48  14  66  15  60  16  61  17  60  18  16  19  36 
  0  60   1  69   2  65   3  10   4  48   5  64   6  72   7   6   8   7   9  42  10  69  11  44  12  55  13  51  14  68  15  64  16  61  17  63  18  20  19  36 
  0  64   1  74   2  66   3  11   4  51   5  64   6  72   7   8   8   7   9  43  10  74  11  41  12  53  13  49  14  72  15  63  16  61  17  64  18  19  19  40 
  0  55   1  66   2  65   3  12   4  48   5  61   6  68   7   5   8   6   9  41  10  68  11  40  12  54  13  47  14  66  15  58  16  63  17  60  18  16  19  39 
  0  60   1  68   2  68   3  12   4  50   5  63   6  69   7   5   8   8   9  41  10  69  11  43  12  53  13  50  14  69  15  61  16  63  17  64  18  16  19  39 
  0  59   1  72   2  69   3  10   4  50   5  64   6  69   7   7   8   6   9  43  10  72  11  43  12  56  13  47  14  72  15  61  16  61  17  65  18  19  19  37 
  0  64   1  76   2  69   3  14   4  51   5  67   6  71   7   7   8   7   9  41  10  75  11  45  12  56  13  51  14  73  15  66  16  63  17  68  18  19  19  40 
  0  59   1  71   2  68   3  13   4  47   5  64   6  70   7   8   8   6   9  41  10  70  11  42  12  53  13  48  14  71  15  63  16  61  17  63  18  17  19  37 


