
 20  20

  0  63   1  36   2  60   3  58   4  91   5  24   6  42   7  77   8  95   9  43  10  59  11  78  12  88  13  68  14  92  15  28  16  82  17  70  18  36  19  80 
  0  67   1  41   2  62   3  65   4  97   5  30   6  41   7  79   8  95   9  44  10  61  11  84  12  91  13  76  14  93  15  34  16  82  17  78  18  42  19  80 
  0  70   1  41   2  62   3  66   4  96   5  30   6  44   7  79   8  96   9  45  10  59  11  84  12  89  13  73  14  93  15  32  16  83  17  77  18  42  19  80 
  0  69   1  43   2  62   3  66   4  97   5  30   6  43   7  79   8  96   9  45  10  61  11  83  12  89  13  73  14  93  15  34  16  83  17  77  18  41  19  80 
  0  67   1  42   2  60   3  64   4  98   5  28   6  42   7  79   8  96   9  43  10  59  11  80  12  91  13  72  14  92  15  32  16  81  17  78  18  39  19  80 
  0  70   1  40   2  60   3  66   4  97   5  31   6  43   7  80   8  96   9  43  10  59  11  84  12  92  13  74  14  92  15  34  16  83  17  78  18  39  19  81 
  0  67   1  38   2  61   3  62   4  93   5  28   6  40   7  77   8  95   9  45  10  61  11  81  12  88  13  70  14  92  15  30  16  81  17  77  18  39  19  82 
  0  64   1  38   2  62   3  60   4  91   5  27   6  40   7  80   8  94   9  45  10  60  11  78  12  90  13  72  14  92  15  32  16  82  17  72  18  36  19  82 
  0  65   1  38   2  60   3  59   4  96   5  26   6  44   7  80   8  94   9  44  10  59  11  81  12  91  13  73  14  92  15  29  16  81  17  73  18  39  19  81 
  0  71   1  43   2  62   3  62   4  99   5  28   6  43   7  80   8  94   9  44  10  61  11  84  12  92  13  75  14  92  15  32  16  81  17  78  18  39  19  82 
  0  68   1  40   2  62   3  60   4  92   5  27   6  43   7  81   8  96   9  45  10  60  11  82  12  88  13  69  14  92  15  31  16  81  17  73  18  37  19  80 
  0  66   1  42   2  61   3  63   4  95   5  29   6  44   7  81   8  94   9  45  10  61  11  81  12  92  13  75  14  92  15  29  16  82  17  78  18  41  19  80 
  0  72   1  43   2  60   3  63   4  99   5  30   6  44   7  81   8  94   9  45  10  60  11  84  12  91  13  75  14  93  15  34  16  83  17  77  18  42  19  81 
  0  65   1  39   2  62   3  60   4  94   5  29   6  44   7  77   8  96   9  45  10  61  11  78  12  91  13  70  14  93  15  32  16  81  17  76  18  37  19  80 
  0  63   1  37   2  62   3  58   4  91   5  24   6  42   7  77   8  94   9  43  10  61  11  78  12  88  13  68  14  93  15  28  16  81  17  70  18  36  19  80 
  0  67   1  40   2  60   3  65   4  94   5  31   6  42   7  77   8  96   9  43  10  59  11  80  12  91  13  74  14  92  15  29  16  83  17  78  18  39  19  81 
  0  64   1  35   2  60   3  61   4  94   5  24   6  40   7  77   8  95   9  43  10  59  11  80  12  88  13  69  14  92  15  29  16  81  17  73  18  39  19  80 
  0  64   1  36   2  60   3  61   4  94   5  26   6  41   7  79   8  96   9  43  10  59  11  80  12  88  13  71  14  92  15  28  16  83  17  73  18  37  19  81 
  0  69   1  42   2  62   3  61   4  95   5  30   6  43   7  77   8  96   9  43  10  61  11  81  12  90  13  70  14  92  15  29  16  83  17  75  18  38  19  81 
  0  68   1  42   2  60   3  60   4  96   5  29   6  42   7  80   8  96   9  43  10  61  11  83  12  88  13  70  14  92  15  33  16  81  17  73  18  38  19  80 


