
 20  20

  0  59   1  80   2  67   3  61   4  23   5  48   6  29   7  19   8  41   9  28  10  74  11  70  12  41  13  28  14  70  15  39  16  58  17  33  18  49  19  41 
  0  51   1  74   2  64   3  56   4  18   5  47   6  29   7  18   8  38   9  27  10  74  11  69  12  40  13  29  14  69  15  38  16  55  17  29  18  47  19  40 
  0  52   1  75   2  62   3  55   4  19   5  44   6  28   7  17   8  39   9  29  10  75  11  66  12  41  13  29  14  69  15  39  16  58  17  28  18  46  19  38 
  0  60   1  82   2  71   3  63   4  25   5  50   6  28   7  17   8  44   9  28  10  74  11  76  12  42  13  34  14  69  15  40  16  61  17  35  18  52  19  46 
  0  56   1  79   2  67   3  59   4  26   5  50   6  27   7  19   8  41   9  27  10  76  11  71  12  42  13  30  14  70  15  42  16  59  17  35  18  48  19  42 
  0  59   1  82   2  71   3  60   4  25   5  48   6  27   7  18   8  43   9  29  10  74  11  74  12  42  13  33  14  71  15  42  16  63  17  37  18  52  19  45 
  0  59   1  81   2  70   3  61   4  24   5  48   6  29   7  19   8  41   9  29  10  74  11  72  12  44  13  32  14  71  15  39  16  59  17  34  18  52  19  43 
  0  54   1  76   2  62   3  53   4  18   5  44   6  29   7  19   8  36   9  27  10  74  11  66  12  40  13  28  14  69  15  38  16  57  17  27  18  46  19  38 
  0  54   1  78   2  69   3  56   4  22   5  45   6  27   7  19   8  38   9  29  10  76  11  71  12  39  13  30  14  69  15  42  16  58  17  31  18  51  19  41 
  0  56   1  81   2  69   3  61   4  26   5  50   6  28   7  19   8  40   9  27  10  74  11  73  12  44  13  30  14  69  15  40  16  62  17  32  18  49  19  42 
  0  59   1  81   2  69   3  58   4  23   5  47   6  28   7  17   8  42   9  28  10  74  11  74  12  43  13  32  14  70  15  42  16  61  17  32  18  52  19  43 
  0  57   1  76   2  68   3  57   4  21   5  47   6  27   7  17   8  38   9  29  10  74  11  72  12  40  13  29  14  69  15  41  16  59  17  34  18  51  19  44 
  0  52   1  74   2  64   3  53   4  20   5  44   6  27   7  17   8  38   9  28  10  76  11  67  12  40  13  28  14  69  15  41  16  56  17  28  18  46  19  38 
  0  55   1  78   2  69   3  59   4  22   5  47   6  28   7  17   8  40   9  27  10  74  11  70  12  43  13  29  14  69  15  42  16  61  17  32  18  52  19  41 
  0  57   1  77   2  66   3  61   4  25   5  45   6  27   7  19   8  40   9  28  10  76  11  73  12  39  13  33  14  70  15  42  16  58  17  31  18  51  19  42 
  0  58   1  81   2  68   3  58   4  25   5  49   6  27   7  17   8  41   9  27  10  75  11  74  12  41  13  32  14  69  15  39  16  59  17  33  18  48  19  42 
  0  59   1  81   2  72   3  61   4  26   5  47   6  28   7  19   8  42   9  29  10  76  11  76  12  41  13  31  14  71  15  41  16  61  17  33  18  50  19  46 
  0  57   1  78   2  70   3  62   4  25   5  48   6  29   7  18   8  42   9  29  10  76  11  73  12  44  13  31  14  69  15  41  16  60  17  33  18  49  19  42 
  0  60   1  80   2  71   3  60   4  26   5  46   6  28   7  17   8  41   9  27  10  74  11  71  12  40  13  33  14  71  15  42  16  62  17  36  18  50  19  46 
  0  56   1  77   2  65   3  55   4  19   5  46   6  29   7  18   8  40   9  29  10  74  11  68  12  42  13  30  14  70  15  38  16  59  17  33  18  50  19  43 


