
 20  20

  0  73   1  57   2  49   3  28   4  15   5   9   6  16   7  22   8  59   9  24  10  16  11  15  12  57  13  23  14  47  15  76  16  31  17  38  18  33  19  61 
  0  79   1  57   2  48   3  28   4  14   5  14   6  14   7  22   8  63   9  30  10  15  11  18  12  56  13  26  14  50  15  80  16  31  17  40  18  35  19  61 
  0  76   1  56   2  50   3  30   4  12   5  10   6  14   7  19   8  59   9  24  10  15  11  17  12  57  13  26  14  49  15  75  16  34  17  38  18  35  19  63 
  0  80   1  60   2  50   3  30   4  14   5  15   6  15   7  23   8  63   9  31  10  20  11  19  12  58  13  26  14  51  15  79  16  35  17  39  18  35  19  63 
  0  77   1  59   2  48   3  28   4  12   5  12   6  14   7  19   8  59   9  24  10  14  11  16  12  56  13  25  14  47  15  74  16  31  17  38  18  33  19  61 
  0  79   1  59   2  50   3  30   4  13   5  15   6  16   7  24   8  63   9  28  10  17  11  15  12  58  13  26  14  47  15  79  16  32  17  38  18  33  19  63 
  0  77   1  56   2  49   3  30   4  12   5  10   6  16   7  19   8  59   9  28  10  15  11  16  12  56  13  24  14  49  15  76  16  34  17  38  18  34  19  61 
  0  80   1  59   2  48   3  30   4  14   5  12   6  16   7  24   8  59   9  29  10  15  11  16  12  58  13  23  14  50  15  78  16  31  17  40  18  34  19  61 
  0  75   1  56   2  50   3  28   4  12   5   9   6  14   7  22   8  59   9  23  10  15  11  18  12  56  13  23  14  47  15  77  16  31  17  38  18  33  19  61 
  0  73   1  56   2  49   3  28   4  12   5   9   6  16   7  19   8  59   9  23  10  13  11  17  12  56  13  23  14  47  15  73  16  31  17  38  18  33  19  61 
  0  75   1  58   2  49   3  28   4  13   5   9   6  16   7  21   8  59   9  26  10  13  11  18  12  56  13  26  14  49  15  78  16  32  17  38  18  34  19  63 
  0  75   1  56   2  50   3  28   4  15   5  10   6  14   7  22   8  59   9  25  10  13  11  16  12  56  13  23  14  47  15  74  16  31  17  38  18  33  19  63 
  0  80   1  59   2  49   3  30   4  16   5  13   6  15   7  21   8  62   9  28  10  17  11  19  12  57  13  27  14  49  15  78  16  35  17  38  18  33  19  62 
  0  82   1  57   2  48   3  29   4  16   5  18   6  16   7  26   8  61   9  32  10  21  11  19  12  57  13  27  14  51  15  79  16  34  17  40  18  35  19  62 
  0  83   1  58   2  50   3  30   4  16   5  16   6  16   7  23   8  61   9  33  10  20  11  19  12  56  13  27  14  51  15  80  16  34  17  38  18  35  19  61 
  0  76   1  56   2  50   3  28   4  13   5  13   6  14   7  19   8  61   9  27  10  18  11  15  12  56  13  23  14  49  15  76  16  33  17  40  18  33  19  63 
  0  81   1  58   2  48   3  30   4  16   5  17   6  16   7  22   8  60   9  29  10  19  11  19  12  57  13  27  14  50  15  79  16  33  17  39  18  35  19  61 
  0  82   1  60   2  50   3  29   4  14   5  18   6  16   7  24   8  63   9  33  10  20  11  18  12  58  13  27  14  51  15  81  16  35  17  40  18  35  19  61 
  0  81   1  60   2  50   3  30   4  14   5  16   6  14   7  25   8  63   9  33  10  21  11  17  12  57  13  27  14  49  15  83  16  35  17  40  18  34  19  62 
  0  77   1  57   2  48   3  30   4  12   5  13   6  15   7  20   8  60   9  26  10  15  11  15  12  56  13  23  14  47  15  80  16  33  17  40  18  33  19  61 


