
 20  20

  0  81   1  70   2  34   3  42   4  77   5  44   6  87   7  45   8  55   9  57  10  50  11  64  12  35  13  37  14  78  15  35  16  73  17  54  18  57  19  32 
  0  79   1  72   2  32   3  39   4  75   5  43   6  87   7  45   8  56   9  57  10  47  11  64  12  37  13  38  14  82  15  33  16  69  17  52  18  57  19  32 
  0  74   1  67   2  32   3  36   4  75   5  40   6  85   7  45   8  50   9  56  10  42  11  58  12  34  13  36  14  73  15  29  16  67  17  46  18  57  19  27 
  0  81   1  73   2  32   3  42   4  77   5  47   6  87   7  47   8  55   9  60  10  47  11  68  12  36  13  38  14  82  15  32  16  72  17  54  18  58  19  33 
  0  78   1  72   2  34   3  39   4  75   5  42   6  87   7  45   8  50   9  58  10  46  11  60  12  37  13  36  14  77  15  30  16  69  17  48  18  57  19  26 
  0  82   1  73   2  34   3  41   4  77   5  46   6  86   7  45   8  55   9  59  10  50  11  68  12  37  13  39  14  83  15  35  16  74  17  51  18  59  19  33 
  0  78   1  70   2  32   3  37   4  77   5  42   6  85   7  45   8  54   9  56  10  46  11  63  12  35  13  40  14  78  15  33  16  70  17  47  18  57  19  28 
  0  84   1  73   2  32   3  42   4  75   5  47   6  87   7  47   8  55   9  60  10  50  11  66  12  36  13  40  14  82  15  35  16  73  17  54  18  58  19  32 
  0  84   1  73   2  34   3  42   4  76   5  46   6  87   7  47   8  53   9  57  10  50  11  64  12  37  13  37  14  83  15  33  16  70  17  50  18  58  19  30 
  0  82   1  73   2  34   3  42   4  75   5  47   6  87   7  45   8  57   9  59  10  48  11  67  12  38  13  40  14  83  15  35  16  74  17  52  18  59  19  33 
  0  77   1  67   2  34   3  37   4  75   5  41   6  85   7  45   8  54   9  57  10  46  11  62  12  34  13  38  14  77  15  29  16  69  17  47  18  59  19  29 
  0  79   1  70   2  33   3  38   4  77   5  43   6  87   7  47   8  56   9  60  10  48  11  65  12  34  13  40  14  82  15  32  16  72  17  50  18  59  19  31 
  0  76   1  70   2  32   3  38   4  77   5  40   6  87   7  47   8  51   9  59  10  44  11  63  12  32  13  36  14  75  15  29  16  67  17  50  18  59  19  27 
  0  79   1  73   2  34   3  40   4  75   5  47   6  87   7  45   8  57   9  58  10  48  11  67  12  37  13  39  14  80  15  35  16  72  17  53  18  57  19  33 
  0  77   1  70   2  32   3  39   4  76   5  42   6  85   7  46   8  50   9  58  10  46  11  60  12  33  13  39  14  74  15  32  16  68  17  50  18  59  19  26 
  0  76   1  68   2  32   3  36   4  75   5  41   6  87   7  45   8  49   9  56  10  44  11  59  12  33  13  36  14  75  15  30  16  65  17  49  18  59  19  26 
  0  84   1  73   2  33   3  40   4  77   5  46   6  86   7  47   8  57   9  60  10  48  11  67  12  37  13  40  14  83  15  35  16  74  17  52  18  58  19  32 
  0  76   1  69   2  32   3  39   4  75   5  39   6  85   7  47   8  52   9  56  10  43  11  58  12  32  13  37  14  74  15  29  16  65  17  49  18  57  19  27 
  0  75   1  68   2  33   3  36   4  75   5  40   6  87   7  45   8  52   9  57  10  42  11  58  12  32  13  37  14  73  15  30  16  65  17  46  18  57  19  28 
  0  77   1  69   2  34   3  39   4  75   5  41   6  87   7  45   8  49   9  56  10  46  11  63  12  32  13  39  14  76  15  29  16  68  17  47  18  59  19  25 


