
 20  20

  0   4   1  29   2  17   3  55   4  12   5  17   6  38   7  10   8  32   9  54  10  19  11  60  12  37  13  60  14  29  15  24  16  44  17  46  18  68  19  68 
  0   5   1  29   2  19   3  57   4  11   5  16   6  40   7  11   8  30   9  56  10  21  11  64  12  36  13  62  14  28  15  26  16  48  17  45  18  69  19  66 
  0   6   1  27   2  17   3  55   4  12   5  15   6  38   7   9   8  30   9  58  10  19  11  61  12  37  13  60  14  28  15  22  16  47  17  44  18  70  19  67 
  0   1   1  28   2  18   3  55   4  12   5  17   6  38   7   9   8  26   9  55  10  18  11  60  12  35  13  59  14  24  15  19  16  40  17  45  18  68  19  62 
  0   3   1  26   2  19   3  55   4  12   5  17   6  40   7   9   8  27   9  56  10  22  11  61  12  36  13  60  14  28  15  21  16  45  17  46  18  68  19  64 
  0   4   1  27   2  17   3  56   4  10   5  15   6  39   7  11   8  29   9  55  10  19  11  60  12  35  13  60  14  28  15  23  16  43  17  44  18  69  19  68 
  0   8   1  27   2  17   3  56   4  10   5  15   6  41   7  11   8  31   9  58  10  19  11  62  12  37  13  64  14  30  15  23  16  46  17  44  18  68  19  67 
  0   1   1  25   2  17   3  55   4  10   5  15   6  36   7   7   8  24   9  53  10  17  11  58  12  35  13  60  14  24  15  18  16  41  17  44  18  68  19  64 
  0   1   1  26   2  18   3  57   4  10   5  16   6  38   7   7   8  25   9  57  10  21  11  58  12  37  13  61  14  27  15  20  16  44  17  46  18  68  19  67 
  0   8   1  29   2  19   3  56   4  12   5  16   6  41   7  11   8  34   9  58  10  24  11  63  12  35  13  62  14  30  15  26  16  50  17  46  18  68  19  70 
  0   3   1  25   2  18   3  57   4  10   5  17   6  37   7   9   8  26   9  56  10  18  11  62  12  35  13  60  14  26  15  19  16  42  17  46  18  69  19  64 
  0   2   1  27   2  17   3  55   4  10   5  17   6  41   7  11   8  30   9  54  10  21  11  60  12  37  13  62  14  25  15  22  16  44  17  46  18  68  19  68 
  0   8   1  26   2  18   3  55   4  12   5  17   6  42   7   8   8  32   9  59  10  24  11  61  12  37  13  63  14  28  15  22  16  48  17  46  18  70  19  67 
  0   3   1  26   2  18   3  57   4  11   5  17   6  39   7  11   8  26   9  56  10  17  11  62  12  37  13  59  14  24  15  23  16  42  17  45  18  70  19  63 
  0   1   1  25   2  19   3  56   4  12   5  15   6  37   7   8   8  25   9  56  10  20  11  61  12  35  13  60  14  25  15  18  16  41  17  46  18  68  19  62 
  0   8   1  29   2  17   3  55   4  10   5  15   6  39   7   8   8  29   9  56  10  23  11  63  12  35  13  63  14  26  15  26  16  47  17  46  18  70  19  70 
  0   6   1  25   2  19   3  57   4  10   5  17   6  37   7  11   8  31   9  55  10  18  11  61  12  35  13  61  14  29  15  21  16  47  17  46  18  70  19  68 
  0   8   1  26   2  19   3  57   4  12   5  16   6  42   7  10   8  33   9  57  10  22  11  62  12  37  13  61  14  27  15  22  16  49  17  44  18  68  19  70 
  0   1   1  25   2  17   3  55   4  11   5  15   6  36   7   7   8  24   9  53  10  18  11  58  12  35  13  58  14  24  15  20  16  40  17  46  18  69  19  62 
  0   1   1  25   2  17   3  57   4  12   5  15   6  38   7   9   8  27   9  55  10  18  11  58  12  35  13  61  14  26  15  20  16  40  17  44  18  69  19  63 


