
 20  20

  0  80   1  50   2  30   3  49   4  35   5  45   6  56   7  80   8  69   9  30  10  50  11  42  12  80  13  42  14  43  15  36  16  41  17  16  18  77  19  74 
  0  78   1  48   2  28   3  48   4  34   5  42   6  54   7  76   8  66   9  28  10  47  11  40  12  81  13  40  14  44  15  34  16  41  17  14  18  76  19  72 
  0  76   1  48   2  31   3  47   4  34   5  42   6  53   7  76   8  66   9  28  10  47  11  41  12  79  13  39  14  44  15  35  16  42  17  17  18  76  19  73 
  0  81   1  51   2  34   3  51   4  36   5  49   6  55   7  82   8  69   9  33  10  53  11  40  12  79  13  42  14  43  15  35  16  43  17  18  18  76  19  74 
  0  82   1  48   2  34   3  51   4  38   5  50   6  56   7  82   8  72   9  34  10  54  11  41  12  81  13  43  14  44  15  34  16  41  17  21  18  76  19  72 
  0  82   1  50   2  33   3  50   4  38   5  46   6  57   7  83   8  72   9  31  10  52  11  42  12  79  13  40  14  43  15  36  16  42  17  17  18  76  19  73 
  0  76   1  50   2  30   3  45   4  34   5  45   6  54   7  77   8  66   9  28  10  48  11  41  12  79  13  39  14  42  15  34  16  41  17  18  18  76  19  72 
  0  75   1  49   2  28   3  45   4  34   5  43   6  56   7  79   8  66   9  29  10  46  11  40  12  79  13  39  14  42  15  35  16  41  17  17  18  77  19  72 
  0  75   1  49   2  28   3  45   4  36   5  43   6  55   7  76   8  66   9  26  10  46  11  40  12  79  13  39  14  43  15  34  16  41  17  16  18  78  19  73 
  0  78   1  47   2  28   3  45   4  34   5  44   6  54   7  79   8  66   9  26  10  46  11  40  12  79  13  40  14  42  15  34  16  41  17  16  18  76  19  74 
  0  80   1  49   2  33   3  47   4  37   5  49   6  54   7  80   8  72   9  31  10  50  11  41  12  81  13  42  14  44  15  35  16  43  17  17  18  77  19  72 
  0  76   1  47   2  28   3  45   4  34   5  43   6  53   7  76   8  66   9  28  10  47  11  40  12  79  13  39  14  42  15  34  16  41  17  14  18  76  19  73 
  0  78   1  49   2  28   3  48   4  36   5  43   6  54   7  76   8  66   9  28  10  46  11  40  12  79  13  42  14  44  15  36  16  41  17  15  18  78  19  72 
  0  80   1  48   2  31   3  45   4  35   5  44   6  53   7  79   8  67   9  29  10  48  11  42  12  80  13  39  14  43  15  35  16  41  17  16  18  76  19  74 
  0  85   1  50   2  34   3  50   4  38   5  49   6  57   7  83   8  72   9  34  10  52  11  42  12  81  13  42  14  44  15  36  16  42  17  22  18  78  19  74 
  0  75   1  47   2  28   3  46   4  36   5  44   6  53   7  76   8  69   9  28  10  46  11  40  12  79  13  39  14  42  15  34  16  42  17  16  18  78  19  72 
  0  84   1  51   2  34   3  50   4  38   5  50   6  57   7  86   8  71   9  32  10  53  11  42  12  81  13  41  14  44  15  36  16  43  17  22  18  76  19  74 
  0  79   1  48   2  33   3  45   4  37   5  47   6  54   7  81   8  69   9  28  10  51  11  41  12  80  13  42  14  43  15  34  16  42  17  15  18  76  19  74 
  0  76   1  50   2  31   3  48   4  37   5  46   6  54   7  78   8  70   9  28  10  50  11  40  12  81  13  40  14  44  15  36  16  41  17  18  18  78  19  74 
  0  77   1  47   2  31   3  46   4  34   5  44   6  53   7  76   8  67   9  29  10  48  11  40  12  79  13  42  14  42  15  34  16  41  17  18  18  77  19  72 


