
 20  20

  0  45   1  83   2  81   3  81   4  75   5  59   6  90   7  45   8  62   9  75  10  47  11  91  12  99  13  75  14  81  15  59  16  67  17  32  18  37  19  88 
  0  44   1  82   2  83   3  81   4  75   5  61   6  90   7  45   8  62   9  74  10  47  11  89  12  99  13  75  14  81  15  61  16  68  17  35  18  37  19  90 
  0  47   1  84   2  80   3  84   4  76   5  62   6  88   7  45   8  62   9  73  10  46  11  91  12  99  13  75  14  80  15  60  16  68  17  35  18  37  19  90 
  0  48   1  84   2  81   3  83   4  75   5  62   6  90   7  46   8  62   9  77  10  47  11  92  12  99  13  74  14  82  15  62  16  68  17  34  18  39  19  90 
  0  46   1  84   2  81   3  84   4  74   5  62   6  88   7  46   8  61   9  77  10  46  11  91  12  99  13  75  14  81  15  59  16  68  17  33  18  37  19  89 
  0  40   1  82   2  77   3  80   4  69   5  58   6  86   7  37   8  59   9  68  10  45  11  84  12  96  13  75  14  76  15  59  16  63  17  29  18  31  19  84 
  0  40   1  78   2  78   3  81   4  67   5  58   6  86   7  38   8  54   9  67  10  42  11  84  12  94  13  73  14  76  15  58  16  62  17  27  18  29  19  84 
  0  45   1  82   2  80   3  81   4  75   5  58   6  89   7  44   8  58   9  71  10  46  11  91  12  99  13  73  14  81  15  58  16  64  17  33  18  36  19  86 
  0  43   1  79   2  81   3  80   4  71   5  62   6  88   7  42   8  58   9  70  10  41  11  89  12  98  13  73  14  77  15  60  16  66  17  29  18  33  19  88 
  0  43   1  82   2  78   3  83   4  71   5  60   6  89   7  38   8  56   9  71  10  44  11  89  12  96  13  73  14  76  15  61  16  65  17  31  18  35  19  85 
  0  43   1  81   2  79   3  82   4  71   5  58   6  87   7  41   8  61   9  75  10  47  11  90  12  99  13  75  14  79  15  58  16  66  17  31  18  33  19  86 
  0  45   1  83   2  79   3  81   4  70   5  58   6  89   7  40   8  59   9  70  10  42  11  86  12  99  13  73  14  80  15  62  16  65  17  31  18  32  19  89 
  0  41   1  83   2  79   3  84   4  74   5  62   6  88   7  43   8  59   9  71  10  42  11  86  12  98  13  75  14  79  15  60  16  64  17  33  18  33  19  87 
  0  43   1  84   2  81   3  84   4  75   5  62   6  87   7  44   8  59   9  76  10  47  11  90  12  99  13  73  14  83  15  59  16  64  17  34  18  37  19  87 
  0  38   1  78   2  79   3  82   4  67   5  58   6  86   7  37   8  54   9  67  10  42  11  83  12  94  13  75  14  75  15  58  16  63  17  26  18  29  19  85 
  0  48   1  82   2  81   3  84   4  74   5  62   6  88   7  43   8  62   9  74  10  44  11  93  12  99  13  75  14  84  15  60  16  65  17  36  18  38  19  88 
  0  42   1  78   2  77   3  81   4  71   5  58   6  86   7  37   8  58   9  71  10  41  11  85  12  97  13  73  14  76  15  59  16  65  17  26  18  32  19  84 
  0  45   1  81   2  79   3  84   4  71   5  60   6  90   7  41   8  59   9  75  10  44  11  90  12  99  13  74  14  81  15  62  16  68  17  30  18  34  19  88 
  0  41   1  78   2  77   3  82   4  69   5  58   6  88   7  37   8  55   9  69  10  41  11  85  12  97  13  73  14  74  15  60  16  62  17  29  18  29  19  84 
  0  41   1  81   2  80   3  82   4  70   5  61   6  87   7  40   8  60   9  71  10  43  11  89  12  99  13  75  14  79  15  61  16  63  17  31  18  35  19  87 


