
 20  20

  0  29   1  61   2  52   3  61   4  56   5  45   6  90   7  72   8  85   9  43  10  36  11  71  12  43  13  69  14  87  15  42  16  65  17  91  18  43  19  48 
  0  39   1  65   2  57   3  65   4  64   5  47   6  93   7  74   8  87   9  44  10  39  11  77  12  47  13  71  14  92  15  42  16  75  17  93  18  42  19  52 
  0  38   1  66   2  58   3  69   4  64   5  46   6  96   7  76   8  87   9  42  10  40  11  76  12  47  13  71  14  93  15  42  16  73  17  93  18  43  19  53 
  0  32   1  63   2  54   3  65   4  57   5  47   6  94   7  73   8  85   9  42  10  36  11  71  12  43  13  72  14  90  15  42  16  68  17  93  18  41  19  53 
  0  39   1  63   2  58   3  68   4  62   5  47   6  95   7  74   8  85   9  44  10  42  11  77  12  47  13  75  14  93  15  42  16  73  17  91  18  43  19  56 
  0  36   1  66   2  60   3  67   4  64   5  45   6  95   7  74   8  87   9  44  10  42  11  76  12  44  13  75  14  93  15  42  16  72  17  91  18  42  19  56 
  0  32   1  61   2  55   3  61   4  58   5  46   6  90   7  70   8  87   9  42  10  37  11  72  12  43  13  67  14  85  15  40  16  68  17  93  18  43  19  48 
  0  32   1  63   2  54   3  64   4  60   5  47   6  92   7  74   8  85   9  44  10  40  11  72  12  46  13  68  14  89  15  42  16  70  17  93  18  42  19  51 
  0  34   1  62   2  59   3  67   4  59   5  46   6  92   7  72   8  86   9  42  10  39  11  76  12  45  13  71  14  92  15  40  16  71  17  92  18  41  19  54 
  0  34   1  65   2  56   3  66   4  64   5  47   6  95   7  73   8  85   9  42  10  42  11  74  12  47  13  75  14  91  15  40  16  70  17  92  18  43  19  54 
  0  29   1  62   2  54   3  62   4  56   5  47   6  91   7  70   8  85   9  42  10  37  11  71  12  43  13  68  14  85  15  40  16  68  17  91  18  42  19  48 
  0  34   1  65   2  56   3  67   4  59   5  45   6  93   7  73   8  86   9  42  10  42  11  74  12  47  13  70  14  89  15  40  16  73  17  92  18  43  19  53 
  0  35   1  63   2  54   3  65   4  60   5  47   6  93   7  71   8  87   9  44  10  36  11  72  12  45  13  68  14  87  15  41  16  71  17  93  18  43  19  53 
  0  35   1  65   2  55   3  62   4  61   5  46   6  92   7  72   8  87   9  44  10  41  11  72  12  46  13  70  14  89  15  42  16  68  17  93  18  41  19  52 
  0  35   1  63   2  56   3  66   4  63   5  47   6  91   7  72   8  85   9  44  10  38  11  76  12  43  13  72  14  92  15  40  16  71  17  93  18  43  19  53 
  0  33   1  60   2  52   3  61   4  58   5  45   6  92   7  70   8  87   9  42  10  38  11  72  12  44  13  67  14  86  15  41  16  66  17  91  18  43  19  49 
  0  34   1  65   2  57   3  69   4  62   5  45   6  92   7  72   8  87   9  42  10  40  11  73  12  44  13  73  14  93  15  41  16  73  17  93  18  41  19  54 
  0  31   1  60   2  54   3  61   4  56   5  46   6  90   7  70   8  87   9  43  10  36  11  71  12  43  13  67  14  85  15  40  16  67  17  93  18  41  19  49 
  0  36   1  65   2  58   3  67   4  58   5  47   6  92   7  73   8  87   9  42  10  40  11  76  12  47  13  70  14  88  15  41  16  68  17  93  18  41  19  52 
  0  34   1  64   2  54   3  66   4  60   5  47   6  92   7  71   8  85   9  42  10  37  11  72  12  44  13  73  14  89  15  42  16  69  17  92  18  41  19  51 


