
 20  20

  0  42   1  48   2  42   3  37   4  42   5  25   6  37   7  54   8  64   9  59  10  68  11  74  12  80  13  40  14  83  15  23  16  82  17  35  18  56  19  58 
  0  42   1  48   2  40   3  39   4  42   5  24   6  37   7  52   8  64   9  57  10  66  11  71  12  80  13  37  14  83  15  25  16  82  17  36  18  57  19  60 
  0  39   1  42   2  35   3  33   4  38   5  24   6  33   7  50   8  60   9  58  10  65  11  66  12  77  13  36  14  82  15  18  16  82  17  30  18  52  19  58 
  0  39   1  45   2  38   3  37   4  42   5  24   6  37   7  49   8  59   9  57  10  68  11  67  12  78  13  38  14  82  15  20  16  82  17  30  18  53  19  60 
  0  39   1  43   2  38   3  34   4  40   5  25   6  34   7  48   8  58   9  57  10  65  11  66  12  77  13  36  14  84  15  18  16  81  17  30  18  54  19  56 
  0  47   1  48   2  39   3  37   4  40   5  24   6  38   7  54   8  64   9  58  10  67  11  72  12  83  13  37  14  83  15  23  16  82  17  36  18  55  19  59 
  0  45   1  49   2  39   3  39   4  39   5  25   6  37   7  53   8  63   9  59  10  69  11  74  12  81  13  40  14  84  15  26  16  81  17  33  18  59  19  57 
  0  46   1  52   2  43   3  38   4  41   5  27   6  40   7  57   8  65   9  59  10  69  11  75  12  83  13  39  14  84  15  26  16  82  17  36  18  57  19  60 
  0  45   1  50   2  42   3  34   4  38   5  25   6  37   7  52   8  65   9  58  10  68  11  69  12  81  13  38  14  82  15  22  16  82  17  35  18  57  19  56 
  0  38   1  42   2  35   3  33   4  38   5  23   6  31   7  47   8  60   9  57  10  65  11  65  12  79  13  36  14  82  15  18  16  80  17  30  18  53  19  58 
  0  42   1  51   2  42   3  39   4  39   5  27   6  36   7  54   8  64   9  59  10  68  11  74  12  79  13  38  14  82  15  23  16  80  17  32  18  57  19  60 
  0  41   1  47   2  40   3  39   4  42   5  26   6  38   7  52   8  63   9  58  10  69  11  72  12  83  13  40  14  84  15  21  16  81  17  34  18  55  19  57 
  0  44   1  49   2  43   3  39   4  42   5  27   6  40   7  54   8  65   9  59  10  69  11  72  12  83  13  38  14  83  15  23  16  82  17  33  18  59  19  60 
  0  44   1  49   2  40   3  38   4  42   5  25   6  37   7  52   8  66   9  59  10  67  11  74  12  83  13  39  14  83  15  22  16  82  17  35  18  57  19  58 
  0  42   1  48   2  43   3  37   4  39   5  24   6  36   7  56   8  65   9  57  10  68  11  70  12  83  13  39  14  82  15  22  16  82  17  35  18  56  19  60 
  0  44   1  48   2  38   3  38   4  41   5  23   6  37   7  54   8  60   9  57  10  66  11  72  12  80  13  40  14  82  15  24  16  82  17  32  18  56  19  59 
  0  40   1  43   2  38   3  34   4  38   5  24   6  34   7  48   8  61   9  59  10  65  11  70  12  80  13  37  14  82  15  22  16  82  17  30  18  52  19  56 
  0  40   1  46   2  36   3  34   4  38   5  23   6  31   7  48   8  61   9  58  10  65  11  69  12  77  13  39  14  83  15  21  16  80  17  33  18  52  19  59 
  0  38   1  43   2  38   3  34   4  38   5  23   6  32   7  48   8  61   9  59  10  65  11  68  12  80  13  36  14  84  15  18  16  80  17  33  18  52  19  58 
  0  41   1  46   2  35   3  37   4  40   5  23   6  36   7  48   8  61   9  59  10  67  11  70  12  81  13  36  14  82  15  19  16  82  17  30  18  55  19  59 


