
 20  20

  0  34   1  50   2  36   3  83   4  78   5  74   6  59   7  62   8  93   9  43  10  68  11  98  12  68  13  86  14  80  15  69  16  74  17  69  18  85  19  59 
  0  37   1  53   2  36   3  84   4  82   5  75   6  63   7  60   8  96   9  44  10  70  11  97  12  68  13  90  14  84  15  67  16  75  17  72  18  87  19  61 
  0  38   1  56   2  39   3  82   4  85   5  77   6  65   7  65   8  96   9  45  10  71  11  99  12  70  13  88  14  82  15  67  16  78  17  74  18  87  19  62 
  0  32   1  52   2  36   3  82   4  78   5  78   6  62   7  62   8  93   9  43  10  69  11  98  12  68  13  89  14  82  15  70  16  74  17  68  18  86  19  63 
  0  35   1  53   2  40   3  84   4  83   5  79   6  64   7  61   8  96   9  45  10  69  11  99  12  68  13  88  14  81  15  68  16  76  17  70  18  86  19  62 
  0  39   1  58   2  40   3  82   4  84   5  82   6  67   7  65   8  97   9  45  10  74  11  99  12  71  13  91  14  84  15  71  16  82  17  74  18  85  19  66 
  0  31   1  50   2  38   3  83   4  80   5  73   6  60   7  59   8  93   9  43  10  69  11  98  12  65  13  85  14  82  15  69  16  77  17  69  18  87  19  62 
  0  40   1  58   2  39   3  84   4  86   5  83   6  66   7  67   8  95   9  43  10  74  11  99  12  68  13  90  14  85  15  69  16  79  17  75  18  87  19  66 
  0  37   1  54   2  36   3  84   4  83   5  79   6  62   7  61   8  95   9  43  10  73  11  97  12  68  13  88  14  82  15  70  16  76  17  72  18  87  19  64 
  0  40   1  57   2  40   3  82   4  86   5  82   6  65   7  66   8  94   9  43  10  73  11  99  12  67  13  90  14  84  15  70  16  79  17  75  18  87  19  67 
  0  33   1  53   2  36   3  84   4  80   5  78   6  62   7  63   8  97   9  44  10  71  11  97  12  65  13  88  14  82  15  67  16  75  17  68  18  87  19  62 
  0  35   1  53   2  36   3  84   4  81   5  78   6  61   7  64   8  97   9  45  10  70  11  97  12  68  13  88  14  81  15  68  16  77  17  69  18  85  19  61 
  0  41   1  58   2  40   3  84   4  86   5  80   6  67   7  66   8  97   9  45  10  74  11  99  12  68  13  91  14  83  15  69  16  81  17  73  18  87  19  67 
  0  38   1  57   2  40   3  82   4  86   5  81   6  67   7  64   8  97   9  45  10  72  11  98  12  71  13  93  14  85  15  68  16  80  17  75  18  87  19  65 
  0  38   1  56   2  40   3  82   4  81   5  77   6  64   7  63   8  96   9  45  10  70  11  99  12  70  13  89  14  85  15  70  16  79  17  71  18  87  19  63 
  0  41   1  58   2  40   3  83   4  84   5  81   6  67   7  65   8  97   9  45  10  72  11  99  12  71  13  92  14  85  15  69  16  81  17  74  18  87  19  65 
  0  38   1  56   2  40   3  82   4  84   5  80   6  65   7  67   8  97   9  43  10  72  11  99  12  69  13  93  14  84  15  70  16  79  17  73  18  86  19  64 
  0  34   1  52   2  36   3  82   4  84   5  79   6  64   7  61   8  97   9  43  10  69  11  99  12  67  13  88  14  85  15  67  16  78  17  70  18  87  19  63 
  0  41   1  55   2  38   3  82   4  86   5  82   6  67   7  66   8  97   9  45  10  74  11  99  12  69  13  90  14  86  15  70  16  79  17  75  18  87  19  64 
  0  36   1  52   2  38   3  82   4  81   5  74   6  63   7  63   8  93   9  45  10  70  11  97  12  67  13  87  14  83  15  67  16  74  17  69  18  86  19  61 


