
 20  20

  0  54   1  62   2  40   3  26   4  95   5  77   6  42   7  42   8  88   9  71  10  46  11  38  12  83  13  62  14  29  15  75  16  71  17  59  18  75  19  24 
  0  58   1  63   2  42   3  30   4  93   5  79   6  44   7  42   8  93   9  71  10  48  11  44  12  87  13  68  14  33  15  75  16  72  17  65  18  79  19  32 
  0  61   1  65   2  40   3  32   4  95   5  80   6  43   7  43   8  95   9  71  10  48  11  46  12  87  13  67  14  37  15  77  16  74  17  63  18  80  19  30 
  0  58   1  65   2  42   3  26   4  93   5  79   6  41   7  41   8  91   9  74  10  48  11  43  12  84  13  64  14  33  15  75  16  74  17  60  18  79  19  30 
  0  61   1  67   2  40   3  31   4  93   5  83   6  44   7  45   8  94   9  74  10  47  11  46  12  87  13  68  14  37  15  77  16  72  17  65  18  83  19  30 
  0  58   1  64   2  42   3  28   4  93   5  83   6  43   7  44   8  93   9  72  10  46  11  42  12  87  13  65  14  34  15  77  16  73  17  64  18  82  19  29 
  0  52   1  61   2  40   3  26   4  93   5  77   6  43   7  42   8  86   9  72  10  48  11  39  12  83  13  64  14  29  15  75  16  70  17  60  18  75  19  24 
  0  57   1  65   2  40   3  30   4  95   5  78   6  45   7  41   8  89   9  73  10  46  11  40  12  83  13  64  14  32  15  77  16  74  17  63  18  81  19  30 
  0  51   1  62   2  41   3  24   4  93   5  78   6  41   7  43   8  87   9  70  10  48  11  38  12  83  13  64  14  29  15  75  16  70  17  59  18  75  19  25 
  0  59   1  67   2  42   3  32   4  95   5  83   6  45   7  45   8  96   9  73  10  48  11  46  12  87  13  68  14  37  15  76  16  72  17  65  18  83  19  31 
  0  57   1  64   2  40   3  29   4  94   5  81   6  43   7  44   8  88   9  72  10  48  11  42  12  86  13  62  14  30  15  75  16  73  17  61  18  79  19  25 
  0  51   1  64   2  40   3  26   4  93   5  78   6  43   7  41   8  88   9  70  10  47  11  38  12  85  13  62  14  29  15  77  16  70  17  59  18  75  19  24 
  0  51   1  63   2  40   3  25   4  94   5  79   6  41   7  41   8  86   9  70  10  47  11  40  12  83  13  62  14  31  15  75  16  70  17  60  18  76  19  24 
  0  54   1  61   2  40   3  24   4  94   5  77   6  42   7  42   8  87   9  72  10  47  11  40  12  83  13  62  14  29  15  75  16  70  17  60  18  75  19  24 
  0  53   1  64   2  40   3  28   4  93   5  79   6  44   7  41   8  87   9  70  10  46  11  41  12  86  13  65  14  33  15  75  16  72  17  62  18  75  19  27 
  0  58   1  67   2  42   3  31   4  95   5  82   6  45   7  43   8  96   9  74  10  48  11  46  12  86  13  68  14  37  15  75  16  74  17  64  18  83  19  31 
  0  59   1  65   2  42   3  29   4  95   5  82   6  43   7  44   8  95   9  74  10  48  11  43  12  87  13  67  14  37  15  75  16  74  17  64  18  79  19  30 
  0  60   1  67   2  42   3  32   4  95   5  83   6  43   7  45   8  95   9  74  10  48  11  46  12  87  13  68  14  36  15  77  16  74  17  65  18  81  19  31 
  0  59   1  66   2  41   3  28   4  93   5  79   6  41   7  44   8  91   9  74  10  47  11  45  12  86  13  65  14  32  15  75  16  74  17  60  18  80  19  31 
  0  60   1  67   2  40   3  31   4  95   5  79   6  45   7  42   8  93   9  74  10  46  11  45  12  85  13  65  14  33  15  76  16  72  17  65  18  82  19  29 


