
 20  20

  0  74   1  17   2  69   3  77   4  34   5  49   6   7   7  69   8  36   9  58  10  52  11  15  12  59  13  79  14  20  15  50  16  53  17  22  18  42  19   7 
  0  72   1  19   2  69   3  74   4  32   5  49   6   8   7  68   8  36   9  55  10  51  11  13  12  56  13  73  14  21  15  46  16  52  17  23  18  43  19   5 
  0  74   1  20   2  70   3  72   4  34   5  46   6   7   7  70   8  37   9  56  10  50  11  13  12  60  13  74  14  22  15  49  16  51  17  23  18  43  19   6 
  0  71   1  18   2  66   3  73   4  34   5  43   6   5   7  65   8  37   9  56  10  49  11  14  12  56  13  73  14  19  15  45  16  51  17  19  18  42  19   5 
  0  73   1  17   2  66   3  73   4  32   5  46   6   6   7  65   8  38   9  58  10  47  11  12  12  58  13  74  14  22  15  44  16  49  17  22  18  41  19   5 
  0  76   1  18   2  73   3  73   4  33   5  50   6  10   7  70   8  38   9  57  10  52  11  13  12  60  13  78  14  20  15  50  16  53  17  22  18  41  19   8 
  0  75   1  19   2  70   3  72   4  32   5  49   6   8   7  66   8  38   9  57  10  51  11  14  12  60  13  76  14  21  15  48  16  52  17  26  18  41  19   6 
  0  75   1  19   2  70   3  74   4  32   5  50   6  10   7  68   8  36   9  58  10  54  11  13  12  57  13  79  14  23  15  49  16  54  17  24  18  43  19   9 
  0  72   1  16   2  68   3  74   4  34   5  46   6   7   7  65   8  35   9  55  10  48  11  13  12  57  13  75  14  19  15  45  16  50  17  19  18  41  19   3 
  0  78   1  20   2  74   3  75   4  34   5  53   6  10   7  70   8  39   9  58  10  55  11  16  12  59  13  79  14  23  15  51  16  55  17  26  18  42  19  11 
  0  77   1  20   2  72   3  75   4  33   5  50   6  12   7  67   8  39   9  59  10  52  11  14  12  60  13  76  14  23  15  51  16  52  17  26  18  43  19  10 
  0  72   1  17   2  66   3  71   4  34   5  45   6   8   7  67   8  35   9  57  10  48  11  15  12  57  13  73  14  19  15  46  16  49  17  22  18  43  19   6 
  0  75   1  16   2  70   3  72   4  34   5  47   6   8   7  66   8  35   9  55  10  51  11  14  12  58  13  76  14  19  15  48  16  50  17  23  18  41  19   7 
  0  79   1  20   2  74   3  77   4  33   5  51   6  10   7  71   8  39   9  58  10  54  11  16  12  58  13  79  14  23  15  50  16  55  17  25  18  42  19  11 
  0  72   1  16   2  67   3  72   4  32   5  45   6   7   7  66   8  38   9  58  10  51  11  14  12  59  13  74  14  20  15  46  16  49  17  21  18  41  19   6 
  0  74   1  20   2  70   3  73   4  34   5  50   6   6   7  66   8  35   9  56  10  49  11  14  12  58  13  78  14  23  15  47  16  52  17  23  18  43  19   7 
  0  79   1  20   2  73   3  77   4  32   5  50   6   8   7  70   8  36   9  57  10  50  11  15  12  60  13  79  14  21  15  48  16  52  17  23  18  43  19   7 
  0  70   1  19   2  66   3  71   4  32   5  44   6   5   7  68   8  37   9  58  10  48  11  13  12  57  13  76  14  20  15  43  16  49  17  22  18  41  19   7 
  0  76   1  17   2  69   3  74   4  33   5  45   6   9   7  66   8  38   9  55  10  52  11  15  12  58  13  73  14  23  15  48  16  51  17  20  18  41  19   7 
  0  79   1  20   2  74   3  76   4  32   5  51   6  10   7  71   8  39   9  57  10  52  11  15  12  60  13  78  14  23  15  49  16  55  17  26  18  41  19  11 


