
 20  20

  0  93   1  90   2  47   3  32   4  87   5  66   6  32   7  85   8  47   9  47  10  73  11  28  12  37  13  69  14  72  15  69  16  59  17  84  18  27  19  35 
  0  87   1  88   2  43   3  32   4  87   5  64   6  28   7  79   8  46   9  43  10  73  11  25  12  36  13  67  14  72  15  68  16  54  17  84  18  23  19  31 
  0  95   1  93   2  46   3  37   4  88   5  65   6  32   7  88   8  48   9  47  10  78  11  30  12  42  13  69  14  73  15  68  16  60  17  84  18  26  19  35 
  0  95   1  93   2  47   3  36   4  90   5  66   6  32   7  87   8  48   9  48  10  78  11  30  12  39  13  69  14  73  15  70  16  58  17  84  18  26  19  35 
  0  88   1  87   2  45   3  31   4  89   5  64   6  29   7  79   8  45   9  41  10  73  11  23  12  33  13  66  14  73  15  69  16  54  17  82  18  23  19  30 
  0  87   1  90   2  43   3  33   4  87   5  64   6  28   7  82   8  44   9  42  10  72  11  27  12  34  13  68  14  72  15  68  16  57  17  84  18  23  19  29 
  0  86   1  89   2  43   3  30   4  87   5  64   6  28   7  80   8  43   9  44  10  70  11  24  12  33  13  68  14  71  15  69  16  57  17  82  18  23  19  30 
  0  91   1  91   2  46   3  34   4  88   5  66   6  30   7  88   8  47   9  45  10  74  11  27  12  40  13  67  14  72  15  70  16  59  17  82  18  24  19  35 
  0  87   1  87   2  43   3  30   4  88   5  64   6  28   7  79   8  45   9  43  10  73  11  22  12  32  13  66  14  71  15  68  16  54  17  82  18  23  19  32 
  0  87   1  87   2  45   3  32   4  86   5  65   6  30   7  79   8  44   9  40  10  73  11  22  12  32  13  67  14  71  15  68  16  56  17  83  18  24  19  32 
  0  95   1  93   2  47   3  36   4  89   5  65   6  32   7  89   8  51   9  48  10  78  11  30  12  42  13  69  14  72  15  70  16  59  17  83  18  27  19  35 
  0  89   1  90   2  44   3  32   4  88   5  64   6  31   7  83   8  48   9  41  10  74  11  24  12  37  13  67  14  71  15  68  16  54  17  82  18  23  19  30 
  0  87   1  89   2  47   3  33   4  89   5  66   6  32   7  83   8  48   9  41  10  74  11  28  12  34  13  66  14  71  15  68  16  56  17  84  18  26  19  31 
  0  93   1  90   2  44   3  32   4  90   5  64   6  32   7  85   8  49   9  43  10  76  11  30  12  37  13  69  14  71  15  68  16  56  17  82  18  24  19  32 
  0  87   1  91   2  45   3  33   4  88   5  66   6  28   7  85   8  45   9  44  10  73  11  25  12  37  13  68  14  73  15  70  16  57  17  83  18  23  19  33 
  0  86   1  90   2  43   3  33   4  87   5  66   6  29   7  80   8  43   9  44  10  73  11  26  12  35  13  65  14  73  15  68  16  54  17  82  18  25  19  29 
  0  87   1  89   2  44   3  31   4  88   5  64   6  28   7  80   8  43   9  42  10  70  11  22  12  33  13  65  14  71  15  68  16  54  17  82  18  23  19  30 
  0  90   1  91   2  43   3  32   4  86   5  64   6  29   7  83   8  43   9  40  10  72  11  27  12  33  13  65  14  71  15  68  16  57  17  83  18  23  19  32 
  0  91   1  90   2  46   3  33   4  90   5  64   6  30   7  85   8  47   9  44  10  76  11  29  12  40  13  66  14  72  15  68  16  57  17  82  18  24  19  31 
  0  90   1  91   2  47   3  36   4  89   5  66   6  29   7  85   8  48   9  43  10  77  11  30  12  37  13  67  14  72  15  70  16  56  17  82  18  26  19  33 


