
 20  20

  0  36   1  22   2  16   3  40   4  56   5  27   6  16   7   4   8  59   9  44  10  60  11  26  12  40  13  54  14  20  15  25  16  18  17  55  18  32  19  19 
  0  42   1  23   2  15   3  40   4  58   5  32   6  17   7   6   8  58   9  45  10  58  11  28  12  39  13  58  14  26  15  26  16  21  17  59  18  34  19  22 
  0  41   1  21   2  14   3  40   4  60   5  31   6  17   7   5   8  57   9  45  10  58  11  26  12  40  13  55  14  25  15  25  16  19  17  57  18  35  19  18 
  0  43   1  24   2  14   3  41   4  60   5  32   6  16   7   7   8  57   9  45  10  59  11  28  12  42  13  59  14  24  15  26  16  22  17  59  18  36  19  21 
  0  42   1  24   2  16   3  42   4  60   5  32   6  17   7   6   8  60   9  45  10  60  11  28  12  40  13  59  14  25  15  25  16  22  17  60  18  35  19  22 
  0  35   1  20   2  14   3  41   4  55   5  26   6  11   7   2   8  54   9  39  10  58  11  27  12  34  13  51  14  21  15  26  16  15  17  56  18  32  19  13 
  0  38   1  23   2  14   3  40   4  59   5  31   6  14   7   4   8  56   9  41  10  58  11  28  12  39  13  57  14  22  15  26  16  17  17  60  18  33  19  21 
  0  42   1  23   2  16   3  40   4  60   5  28   6  16   7   7   8  57   9  45  10  59  11  28  12  42  13  57  14  25  15  24  16  20  17  57  18  36  19  18 
  0  43   1  24   2  16   3  41   4  58   5  32   6  15   7   7   8  58   9  45  10  60  11  28  12  42  13  59  14  26  15  26  16  22  17  60  18  36  19  21 
  0  41   1  24   2  14   3  41   4  60   5  29   6  13   7   4   8  59   9  43  10  60  11  28  12  40  13  59  14  24  15  24  16  19  17  57  18  35  19  18 
  0  40   1  24   2  14   3  41   4  58   5  30   6  12   7   3   8  56   9  43  10  58  11  27  12  37  13  53  14  24  15  26  16  18  17  55  18  34  19  16 
  0  35   1  22   2  14   3  40   4  54   5  26   6  12   7   1   8  56   9  39  10  58  11  26  12  34  13  52  14  19  15  24  16  16  17  55  18  32  19  14 
  0  38   1  22   2  16   3  42   4  59   5  28   6  16   7   5   8  55   9  40  10  58  11  28  12  40  13  57  14  21  15  25  16  20  17  59  18  35  19  18 
  0  38   1  20   2  15   3  41   4  54   5  26   6  15   7   4   8  56   9  39  10  58  11  26  12  34  13  52  14  19  15  26  16  17  17  58  18  30  19  18 
  0  38   1  22   2  14   3  40   4  55   5  29   6  14   7   1   8  57   9  40  10  58  11  26  12  35  13  54  14  22  15  24  16  19  17  55  18  31  19  15 
  0  36   1  24   2  16   3  42   4  58   5  28   6  12   7   5   8  55   9  43  10  58  11  26  12  39  13  55  14  23  15  24  16  17  17  58  18  31  19  16 
  0  38   1  21   2  16   3  42   4  58   5  30   6  14   7   1   8  54   9  42  10  60  11  26  12  35  13  52  14  22  15  26  16  14  17  57  18  32  19  17 
  0  35   1  21   2  15   3  40   4  55   5  26   6  13   7   3   8  58   9  42  10  58  11  28  12  35  13  54  14  18  15  26  16  16  17  55  18  30  19  15 
  0  38   1  24   2  14   3  42   4  59   5  28   6  16   7   7   8  60   9  42  10  58  11  28  12  40  13  59  14  22  15  26  16  20  17  60  18  34  19  18 
  0  38   1  20   2  16   3  42   4  54   5  29   6  14   7   4   8  56   9  43  10  60  11  28  12  34  13  55  14  19  15  24  16  16  17  56  18  33  19  14 


