
 20  20

  0  50   1  24   2  67   3  47   4  58   5  42   6  57   7  51   8  19   9  55  10  69  11  21  12  61  13  24  14  30  15  33  16  13  17  63  18  26  19  65 
  0  56   1  29   2  68   3  51   4  62   5  47   6  59   7  54   8  24   9  59  10  69  11  27  12  66  13  31  14  36  15  38  16  17  17  65  18  29  19  71 
  0  52   1  28   2  66   3  45   4  58   5  45   6  58   7  53   8  20   9  56  10  70  11  23  12  62  13  27  14  32  15  34  16  16  17  64  18  26  19  66 
  0  59   1  32   2  68   3  55   4  62   5  48   6  64   7  55   8  29   9  60  10  71  11  27  12  68  13  32  14  39  15  41  16  20  17  63  18  30  19  69 
  0  51   1  25   2  67   3  50   4  61   5  44   6  58   7  54   8  23   9  58  10  71  11  25  12  66  13  26  14  32  15  38  16  17  17  64  18  26  19  69 
  0  49   1  25   2  67   3  45   4  58   5  43   6  56   7  52   8  19   9  55  10  69  11  20  12  62  13  27  14  30  15  33  16  14  17  65  18  27  19  67 
  0  55   1  33   2  70   3  55   4  62   5  45   6  63   7  55   8  25   9  57  10  69  11  27  12  66  13  30  14  37  15  40  16  18  17  63  18  32  19  68 
  0  57   1  34   2  70   3  55   4  61   5  48   6  64   7  55   8  26   9  57  10  70  11  25  12  66  13  30  14  37  15  41  16  22  17  65  18  29  19  70 
  0  53   1  24   2  68   3  47   4  61   5  42   6  59   7  51   8  23   9  56  10  69  11  21  12  61  13  25  14  31  15  33  16  13  17  63  18  26  19  68 
  0  53   1  31   2  67   3  49   4  63   5  44   6  60   7  52   8  25   9  57  10  69  11  24  12  65  13  31  14  36  15  38  16  16  17  64  18  32  19  71 
  0  55   1  28   2  69   3  49   4  61   5  46   6  60   7  51   8  24   9  58  10  70  11  25  12  66  13  28  14  37  15  36  16  17  17  63  18  27  19  69 
  0  50   1  25   2  68   3  45   4  60   5  45   6  59   7  51   8  21   9  56  10  69  11  24  12  61  13  27  14  34  15  33  16  13  17  65  18  26  19  66 
  0  54   1  26   2  68   3  49   4  62   5  45   6  58   7  51   8  20   9  58  10  69  11  20  12  64  13  24  14  34  15  33  16  16  17  65  18  28  19  68 
  0  49   1  25   2  68   3  48   4  61   5  44   6  58   7  51   8  22   9  57  10  69  11  20  12  64  13  26  14  30  15  33  16  12  17  63  18  29  19  65 
  0  57   1  34   2  68   3  54   4  64   5  46   6  65   7  54   8  29   9  59  10  70  11  28  12  69  13  31  14  38  15  38  16  22  17  63  18  29  19  71 
  0  53   1  32   2  69   3  50   4  62   5  47   6  59   7  51   8  27   9  59  10  71  11  27  12  64  13  29  14  35  15  39  16  16  17  65  18  28  19  69 
  0  59   1  32   2  70   3  52   4  64   5  48   6  64   7  52   8  27   9  60  10  70  11  28  12  69  13  31  14  40  15  39  16  22  17  65  18  31  19  71 
  0  52   1  29   2  70   3  49   4  60   5  46   6  58   7  53   8  24   9  57  10  70  11  26  12  66  13  27  14  33  15  37  16  15  17  65  18  28  19  69 
  0  53   1  27   2  70   3  52   4  60   5  46   6  62   7  55   8  24   9  55  10  69  11  22  12  66  13  30  14  33  15  38  16  15  17  63  18  27  19  69 
  0  54   1  27   2  69   3  49   4  60   5  45   6  59   7  55   8  24   9  57  10  71  11  26  12  66  13  29  14  36  15  39  16  15  17  63  18  31  19  69 


