
 20  20

  0  59   1  69   2  48   3  75   4  42   5  77   6  68   7  79   8  48   9  28  10  36  11  26  12  64  13  48  14  67  15  68  16  68  17  83  18  25  19  56 
  0  58   1  68   2  50   3  78   4  46   5  80   6  67   7  78   8  52   9  28  10  36  11  26  12  65  13  48  14  66  15  70  16  69  17  79  18  21  19  57 
  0  52   1  64   2  44   3  75   4  38   5  79   6  66   7  74   8  45   9  28  10  37  11  21  12  62  13  44  14  59  15  66  16  65  17  78  18  19  19  51 
  0  59   1  70   2  50   3  76   4  44   5  78   6  67   7  76   8  51   9  28  10  35  11  25  12  67  13  48  14  68  15  68  16  70  17  80  18  21  19  56 
  0  56   1  67   2  49   3  76   4  41   5  79   6  65   7  75   8  49   9  28  10  35  11  26  12  63  13  44  14  64  15  68  16  68  17  81  18  19  19  53 
  0  61   1  72   2  52   3  78   4  46   5  81   6  69   7  80   8  53   9  30  10  36  11  27  12  67  13  49  14  68  15  70  16  70  17  83  18  25  19  55 
  0  58   1  67   2  50   3  76   4  44   5  81   6  66   7  79   8  49   9  29  10  35  11  26  12  65  13  45  14  65  15  69  16  67  17  80  18  24  19  52 
  0  57   1  71   2  49   3  77   4  43   5  80   6  69   7  79   8  48   9  28  10  36  11  26  12  63  13  48  14  68  15  69  16  66  17  79  18  25  19  53 
  0  56   1  65   2  45   3  74   4  39   5  78   6  67   7  78   8  44   9  30  10  35  11  26  12  65  13  45  14  62  15  65  16  64  17  80  18  20  19  51 
  0  61   1  71   2  48   3  77   4  42   5  78   6  67   7  77   8  49   9  28  10  35  11  28  12  63  13  48  14  64  15  68  16  69  17  81  18  23  19  56 
  0  54   1  64   2  44   3  74   4  38   5  77   6  65   7  74   8  43   9  28  10  35  11  21  12  61  13  43  14  61  15  64  16  65  17  79  18  21  19  50 
  0  53   1  64   2  45   3  74   4  41   5  80   6  65   7  77   8  46   9  29  10  37  11  23  12  61  13  46  14  60  15  67  16  65  17  80  18  21  19  52 
  0  58   1  69   2  48   3  76   4  44   5  79   6  66   7  79   8  49   9  28  10  37  11  24  12  65  13  49  14  67  15  68  16  67  17  79  18  21  19  52 
  0  52   1  66   2  44   3  74   4  38   5  77   6  65   7  74   8  43   9  28  10  35  11  21  12  64  13  44  14  62  15  64  16  66  17  77  18  19  19  51 
  0  59   1  69   2  49   3  76   4  42   5  77   6  67   7  80   8  47   9  28  10  37  11  27  12  67  13  47  14  65  15  68  16  70  17  82  18  24  19  52 
  0  55   1  65   2  49   3  76   4  40   5  80   6  65   7  74   8  47   9  28  10  37  11  25  12  64  13  47  14  61  15  68  16  65  17  78  18  22  19  54 
  0  62   1  72   2  50   3  78   4  46   5  81   6  68   7  80   8  53   9  30  10  37  11  29  12  67  13  49  14  69  15  69  16  70  17  83  18  25  19  56 
  0  53   1  68   2  47   3  74   4  39   5  77   6  67   7  76   8  45   9  28  10  35  11  23  12  63  13  43  14  61  15  65  16  66  17  79  18  20  19  53 
  0  54   1  65   2  44   3  75   4  40   5  79   6  65   7  76   8  44   9  30  10  35  11  22  12  61  13  43  14  59  15  65  16  65  17  77  18  19  19  49 
  0  52   1  64   2  47   3  75   4  38   5  77   6  65   7  74   8  46   9  28  10  36  11  21  12  61  13  43  14  62  15  65  16  65  17  80  18  19  19  49 


