
 20  20

  0  43   1  41   2  65   3   8   4  69   5  66   6  61   7  62   8  27   9  57  10  28  11   7  12  15  13   7  14  15  15  58  16  43  17  40  18  43  19  49 
  0  43   1  43   2  62   3   9   4  68   5  68   6  61   7  63   8  27   9  55  10  30  11  10  12  12  13   6  14  18  15  56  16  39  17  40  18  43  19  46 
  0  42   1  42   2  62   3   6   4  69   5  64   6  56   7  61   8  28   9  59  10  28  11   6  12  14  13   5  14  15  15  55  16  39  17  40  18  44  19  47 
  0  44   1  41   2  65   3   8   4  69   5  67   6  58   7  64   8  26   9  57  10  28  11   8  12  11  13   5  14  17  15  58  16  40  17  43  18  45  19  48 
  0  42   1  38   2  61   3   7   4  69   5  64   6  56   7  60   8  29   9  54  10  30  11   6  12  12  13   6  14  16  15  56  16  38  17  38  18  42  19  46 
  0  46   1  42   2  64   3   9   4  69   5  65   6  62   7  64   8  28   9  58  10  28  11  10  12  13  13  10  14  19  15  58  16  44  17  43  18  45  19  49 
  0  39   1  37   2  63   3   6   4  69   5  65   6  55   7  59   8  26   9  57  10  30  11   7  12  11  13   6  14  12  15  55  16  41  17  39  18  43  19  47 
  0  43   1  44   2  65   3   9   4  67   5  68   6  62   7  63   8  27   9  60  10  30  11   8  12  14  13   6  14  18  15  59  16  40  17  44  18  44  19  47 
  0  41   1  37   2  62   3   6   4  67   5  63   6  55   7  62   8  27   9  57  10  30  11   7  12  12  13   5  14  16  15  58  16  42  17  39  18  41  19  45 
  0  46   1  45   2  65   3   9   4  69   5  67   6  61   7  63   8  30   9  57  10  30  11   9  12  13  13  10  14  20  15  62  16  44  17  42  18  48  19  47 
  0  41   1  37   2  63   3   8   4  68   5  67   6  55   7  62   8  26   9  56  10  29  11   9  12  11  13   7  14  12  15  57  16  41  17  39  18  41  19  47 
  0  39   1  38   2  64   3   6   4  69   5  67   6  56   7  63   8  27   9  58  10  28  11   8  12  12  13   5  14  13  15  58  16  39  17  37  18  43  19  45 
  0  47   1  45   2  62   3  11   4  69   5  67   6  60   7  66   8  27   9  57  10  30  11   8  12  15  13   9  14  17  15  61  16  44  17  44  18  46  19  48 
  0  44   1  43   2  64   3  11   4  69   5  66   6  63   7  66   8  30   9  60  10  30  11   7  12  12  13  10  14  17  15  59  16  44  17  42  18  45  19  47 
  0  43   1  45   2  65   3  11   4  69   5  65   6  59   7  62   8  29   9  57  10  28  11   8  12  14  13  10  14  19  15  60  16  42  17  43  18  48  19  46 
  0  37   1  39   2  63   3   6   4  67   5  64   6  55   7  58   8  26   9  56  10  28  11   9  12  12  13   4  14  11  15  57  16  41  17  35  18  43  19  46 
  0  39   1  38   2  63   3   7   4  69   5  64   6  55   7  60   8  26   9  54  10  30  11   8  12  11  13   7  14  16  15  56  16  41  17  37  18  41  19  46 
  0  37   1  39   2  64   3   6   4  67   5  63   6  57   7  60   8  29   9  55  10  29  11   9  12  11  13   5  14  12  15  57  16  38  17  37  18  41  19  48 
  0  39   1  40   2  62   3   5   4  69   5  67   6  58   7  63   8  30   9  58  10  30  11   6  12  14  13   6  14  13  15  55  16  40  17  38  18  41  19  48 
  0  46   1  46   2  65   3   8   4  69   5  69   6  62   7  63   8  28   9  59  10  29  11  10  12  15  13   8  14  20  15  59  16  44  17  45  18  48  19  49 


