
 20  20

  0  70   1  37   2  70   3  62   4  67   5  43   6  37   7  29   8  17   9  13  10  43  11  35  12  11  13  70  14  54  15  45  16  10  17  54  18  21  19  30 
  0  77   1  42   2  72   3  66   4  74   5  50   6  43   7  37   8  23   9  18  10  49  11  36  12  16  13  76  14  56  15  47  16  14  17  60  18  23  19  36 
  0  75   1  39   2  71   3  66   4  72   5  47   6  39   7  32   8  22   9  17  10  45  11  37  12  13  13  72  14  54  15  46  16  10  17  54  18  23  19  34 
  0  71   1  38   2  72   3  65   4  68   5  41   6  39   7  32   8  20   9  10  10  43  11  36  12  10  13  70  14  54  15  43  16  11  17  55  18  23  19  30 
  0  78   1  41   2  72   3  66   4  73   5  47   6  40   7  34   8  21   9  19  10  46  11  35  12  16  13  76  14  56  15  45  16  14  17  60  18  21  19  36 
  0  76   1  42   2  70   3  65   4  75   5  50   6  43   7  34   8  23   9  18  10  50  11  35  12  16  13  73  14  55  15  46  16  14  17  58  18  21  19  35 
  0  76   1  41   2  70   3  64   4  76   5  46   6  43   7  33   8  20   9  19  10  48  11  37  12  14  13  74  14  56  15  47  16  10  17  56  18  21  19  34 
  0  73   1  39   2  70   3  66   4  70   5  47   6  38   7  32   8  19   9  15  10  46  11  37  12  12  13  73  14  56  15  44  16  11  17  56  18  21  19  35 
  0  77   1  42   2  72   3  66   4  75   5  50   6  42   7  37   8  20   9  17  10  48  11  36  12  16  13  76  14  55  15  47  16  12  17  60  18  23  19  36 
  0  76   1  41   2  72   3  68   4  76   5  50   6  43   7  36   8  21   9  19  10  49  11  37  12  16  13  75  14  56  15  46  16  14  17  59  18  23  19  34 
  0  72   1  40   2  72   3  66   4  72   5  46   6  42   7  31   8  21   9  16  10  47  11  36  12  13  13  72  14  55  15  44  16  10  17  57  18  21  19  31 
  0  78   1  42   2  72   3  66   4  76   5  50   6  43   7  37   8  23   9  20  10  49  11  36  12  15  13  76  14  56  15  47  16  14  17  60  18  22  19  36 
  0  71   1  37   2  70   3  65   4  73   5  43   6  38   7  34   8  19   9  13  10  43  11  35  12  12  13  70  14  55  15  43  16   8  17  54  18  22  19  31 
  0  69   1  36   2  70   3  62   4  72   5  45   6  40   7  32   8  20   9  11  10  45  11  35  12  11  13  70  14  54  15  45  16   9  17  54  18  22  19  34 
  0  72   1  41   2  70   3  63   4  70   5  47   6  39   7  35   8  20   9  17  10  46  11  36  12  13  13  71  14  54  15  47  16  13  17  56  18  22  19  31 
  0  75   1  37   2  72   3  64   4  71   5  48   6  38   7  32   8  21   9  18  10  47  11  36  12  13  13  74  14  56  15  46  16   9  17  58  18  23  19  34 
  0  74   1  40   2  72   3  65   4  72   5  46   6  41   7  36   8  19   9  18  10  48  11  35  12  13  13  73  14  55  15  47  16  13  17  59  18  21  19  32 
  0  77   1  41   2  72   3  66   4  77   5  50   6  43   7  35   8  23   9  20  10  50  11  36  12  15  13  76  14  56  15  45  16  12  17  59  18  23  19  36 
  0  69   1  36   2  70   3  62   4  70   5  42   6  37   7  29   8  20   9  10  10  42  11  36  12  10  13  70  14  54  15  44  16  11  17  53  18  22  19  32 
  0  78   1  42   2  70   3  68   4  75   5  49   6  43   7  34   8  23   9  20  10  49  11  35  12  16  13  76  14  54  15  47  16  13  17  60  18  21  19  35 


