
 20  20

  0  66   1  25   2  55   3  53   4  21   5  72   6  54   7  45   8  15   9  31  10  23  11  19  12  28  13  74  14  41  15  10  16  12  17  51  18  47  19  35 
  0  58   1  23   2  57   3  50   4  19   5  68   6  50   7  41   8  14   9  26  10  18  11  12  12  23  13  73  14  37  15   5  16  10  17  52  18  45  19  28 
  0  64   1  23   2  55   3  52   4  20   5  70   6  50   7  42   8  12   9  30  10  23  11  16  12  25  13  72  14  39  15   9  16  11  17  53  18  43  19  32 
  0  59   1  23   2  56   3  51   4  19   5  68   6  49   7  45   8  14   9  26  10  18  11  15  12  27  13  74  14  40  15  11  16  12  17  53  18  45  19  31 
  0  65   1  25   2  56   3  50   4  20   5  71   6  52   7  46   8  13   9  28  10  22  11  17  12  27  13  72  14  40  15  12  16  12  17  53  18  47  19  34 
  0  65   1  25   2  55   3  54   4  20   5  74   6  53   7  46   8  16   9  30  10  25  11  19  12  28  13  73  14  44  15  13  16  12  17  54  18  46  19  35 
  0  63   1  25   2  57   3  49   4  21   5  69   6  52   7  41   8  12   9  28  10  21  11  14  12  24  13  72  14  37  15   7  16  12  17  53  18  46  19  32 
  0  60   1  24   2  55   3  48   4  21   5  65   6  51   7  39   8  10   9  28  10  17  11  13  12  25  13  72  14  38  15   7  16  12  17  49  18  45  19  28 
  0  66   1  25   2  57   3  53   4  19   5  72   6  54   7  48   8  16   9  31  10  24  11  19  12  28  13  72  14  44  15  12  16  11  17  54  18  46  19  35 
  0  61   1  25   2  57   3  49   4  20   5  67   6  51   7  44   8  14   9  27  10  19  11  16  12  24  13  74  14  37  15  11  16  12  17  50  18  46  19  28 
  0  66   1  23   2  55   3  54   4  20   5  73   6  52   7  46   8  13   9  31  10  25  11  19  12  28  13  72  14  42  15  13  16  12  17  53  18  46  19  32 
  0  58   1  23   2  55   3  50   4  19   5  68   6  47   7  41   8  10   9  28  10  16  11  14  12  24  13  72  14  35  15   6  16  12  17  48  18  44  19  29 
  0  59   1  23   2  55   3  48   4  20   5  66   6  49   7  38   8  13   9  26  10  15  11  13  12  23  13  73  14  36  15   5  16  12  17  48  18  41  19  25 
  0  61   1  25   2  56   3  49   4  21   5  72   6  52   7  46   8  12   9  26  10  20  11  15  12  27  13  74  14  40  15   7  16  10  17  51  18  43  19  30 
  0  62   1  23   2  57   3  50   4  19   5  73   6  52   7  46   8  16   9  30  10  23  11  17  12  27  13  72  14  40  15  13  16  12  17  51  18  44  19  33 
  0  60   1  23   2  55   3  53   4  21   5  70   6  50   7  42   8  15   9  31  10  21  11  16  12  27  13  72  14  38  15  11  16  11  17  54  18  45  19  32 
  0  63   1  25   2  56   3  53   4  21   5  74   6  55   7  48   8  16   9  31  10  23  11  17  12  28  13  72  14  42  15  13  16  12  17  52  18  47  19  34 
  0  61   1  23   2  55   3  54   4  19   5  71   6  52   7  46   8  16   9  29  10  22  11  18  12  26  13  74  14  40  15  10  16  10  17  53  18  43  19  31 
  0  64   1  23   2  55   3  52   4  21   5  73   6  53   7  44   8  15   9  31  10  22  11  15  12  27  13  74  14  42  15  12  16  10  17  50  18  46  19  31 
  0  65   1  25   2  57   3  53   4  19   5  70   6  55   7  47   8  15   9  31  10  23  11  19  12  25  13  72  14  40  15  11  16  12  17  54  18  46  19  31 


