
 20  20

  0  31   1  50   2  15   3  78   4  65   5  79   6  74   7  47   8  74   9  59  10  57  11  77  12  50  13  31  14  57  15  68  16  44  17  56  18  43  19  48 
  0  28   1  48   2  17   3  75   4  63   5  79   6  74   7  45   8  71   9  53  10  56  11  76  12  49  13  28  14  52  15  70  16  42  17  54  18  38  19  47 
  0  28   1  48   2  15   3  77   4  63   5  79   6  72   7  46   8  74   9  54  10  56  11  79  12  50  13  29  14  55  15  68  16  43  17  53  18  40  19  48 
  0  37   1  48   2  15   3  81   4  72   5  78   6  74   7  52   8  75   9  61  10  60  11  80  12  51  13  38  14  59  15  68  16  46  17  61  18  45  19  48 
  0  35   1  50   2  15   3  83   4  72   5  79   6  73   7  50   8  75   9  63  10  59  11  80  12  51  13  38  14  61  15  70  16  46  17  62  18  45  19  49 
  0  34   1  50   2  17   3  78   4  67   5  77   6  74   7  51   8  74   9  58  10  56  11  78  12  51  13  34  14  55  15  70  16  45  17  57  18  44  19  47 
  0  27   1  48   2  15   3  75   4  66   5  77   6  72   7  47   8  71   9  53  10  58  11  77  12  51  13  30  14  53  15  68  16  41  17  54  18  41  19  47 
  0  30   1  50   2  17   3  77   4  65   5  79   6  73   7  51   8  71   9  57  10  59  11  76  12  49  13  30  14  57  15  70  16  43  17  57  18  41  19  47 
  0  31   1  49   2  17   3  77   4  66   5  79   6  74   7  51   8  73   9  57  10  59  11  79  12  51  13  34  14  55  15  68  16  41  17  56  18  44  19  49 
  0  28   1  48   2  17   3  78   4  65   5  78   6  74   7  49   8  71   9  55  10  56  11  78  12  49  13  32  14  54  15  70  16  41  17  54  18  40  19  49 
  0  34   1  49   2  17   3  81   4  71   5  79   6  73   7  52   8  75   9  62  10  60  11  80  12  49  13  35  14  62  15  68  16  45  17  60  18  47  19  47 
  0  33   1  48   2  16   3  77   4  66   5  77   6  74   7  49   8  74   9  57  10  57  11  76  12  49  13  34  14  59  15  70  16  43  17  57  18  41  19  48 
  0  35   1  50   2  17   3  79   4  73   5  79   6  72   7  51   8  73   9  61  10  60  11  80  12  51  13  34  14  60  15  70  16  45  17  59  18  47  19  49 
  0  37   1  50   2  17   3  81   4  72   5  78   6  74   7  53   8  75   9  63  10  59  11  80  12  50  13  35  14  60  15  68  16  45  17  59  18  45  19  47 
  0  31   1  50   2  15   3  80   4  68   5  77   6  73   7  51   8  71   9  57  10  58  11  78  12  51  13  35  14  57  15  68  16  42  17  60  18  42  19  49 
  0  35   1  50   2  17   3  81   4  73   5  79   6  72   7  50   8  75   9  60  10  59  11  80  12  50  13  38  14  62  15  70  16  46  17  60  18  45  19  47 
  0  37   1  50   2  17   3  80   4  73   5  77   6  74   7  53   8  75   9  61  10  60  11  80  12  51  13  38  14  62  15  70  16  46  17  60  18  48  19  49 
  0  32   1  48   2  16   3  79   4  68   5  79   6  72   7  49   8  71   9  55  10  59  11  79  12  51  13  33  14  54  15  70  16  41  17  54  18  42  19  49 
  0  32   1  50   2  15   3  76   4  64   5  78   6  73   7  48   8  71   9  56  10  58  11  76  12  50  13  32  14  55  15  69  16  44  17  54  18  40  19  47 
  0  33   1  48   2  17   3  78   4  66   5  78   6  73   7  46   8  74   9  56  10  59  11  80  12  49  13  31  14  54  15  68  16  41  17  55  18  42  19  47 


