
 20  20

  0  50   1  56   2  15   3  24   4  78   5  80   6  50   7  28   8  69   9  14  10  35  11  18  12  67  13  76  14  75  15  77  16  36  17  45  18  38  19  13 
  0  49   1  60   2  19   3  22   4  78   5  82   6  54   7  28   8  71   9  14  10  34  11  20  12  67  13  77  14  75  15  79  16  38  17  49  18  37  19  15 
  0  50   1  59   2  19   3  23   4  80   5  80   6  53   7  28   8  70   9  16  10  34  11  18  12  67  13  80  14  75  15  77  16  36  17  49  18  35  19  15 
  0  49   1  54   2  16   3  22   4  80   5  79   6  51   7  30   8  67   9  15  10  33  11  19  12  62  13  75  14  74  15  74  16  36  17  44  18  34  19  12 
  0  51   1  59   2  15   3  22   4  81   5  78   6  53   7  29   8  68   9  15  10  34  11  20  12  63  13  75  14  76  15  77  16  38  17  45  18  38  19  11 
  0  50   1  54   2  13   3  22   4  78   5  78   6  50   7  28   8  67   9  14  10  33  11  18  12  63  13  78  14  71  15  74  16  38  17  48  18  34  19  11 
  0  49   1  54   2  14   3  22   4  78   5  77   6  50   7  30   8  66   9  16  10  33  11  18  12  62  13  76  14  74  15  73  16  36  17  45  18  34  19  13 
  0  47   1  55   2  14   3  22   4  78   5  79   6  52   7  28   8  65   9  16  10  35  11  20  12  62  13  74  14  71  15  74  16  36  17  46  18  34  19  12 
  0  46   1  54   2  14   3  25   4  79   5  79   6  49   7  28   8  67   9  15  10  33  11  19  12  62  13  74  14  71  15  73  16  36  17  45  18  34  19  12 
  0  50   1  60   2  20   3  26   4  79   5  78   6  53   7  30   8  72   9  15  10  34  11  23  12  66  13  78  14  74  15  77  16  36  17  48  18  35  19  11 
  0  56   1  63   2  23   3  26   4  82   5  80   6  57   7  30   8  75   9  16  10  35  11  23  12  72  13  84  14  79  15  78  16  37  17  52  18  39  19  15 
  0  47   1  57   2  17   3  22   4  80   5  80   6  52   7  30   8  68   9  14  10  33  11  19  12  63  13  76  14  74  15  74  16  36  17  45  18  34  19  12 
  0  53   1  64   2  20   3  24   4  82   5  80   6  57   7  29   8  75   9  16  10  35  11  22  12  72  13  81  14  79  15  81  16  36  17  52  18  40  19  13 
  0  47   1  54   2  15   3  22   4  79   5  78   6  51   7  28   8  67   9  15  10  34  11  18  12  64  13  76  14  71  15  74  16  37  17  44  18  36  19  12 
  0  46   1  58   2  15   3  22   4  79   5  79   6  49   7  29   8  68   9  14  10  34  11  19  12  64  13  75  14  72  15  76  16  36  17  46  18  34  19  11 
  0  56   1  64   2  22   3  24   4  81   5  83   6  54   7  30   8  72   9  15  10  35  11  22  12  71  13  80  14  78  15  80  16  38  17  50  18  39  19  13 
  0  53   1  63   2  22   3  25   4  79   5  83   6  57   7  30   8  72   9  14  10  35  11  22  12  68  13  83  14  79  15  77  16  38  17  50  18  40  19  12 
  0  52   1  64   2  19   3  24   4  81   5  83   6  56   7  29   8  73   9  16  10  35  11  22  12  71  13  82  14  80  15  79  16  37  17  52  18  37  19  14 
  0  48   1  55   2  15   3  22   4  79   5  77   6  51   7  29   8  65   9  14  10  33  11  19  12  64  13  74  14  72  15  73  16  37  17  44  18  36  19  11 
  0  52   1  63   2  20   3  26   4  80   5  82   6  54   7  29   8  75   9  16  10  35  11  23  12  68  13  80  14  79  15  78  16  38  17  52  18  40  19  12 


