
 20  20

  0  63   1  22   2  44   3  47   4  57   5  32   6  45   7  64   8  48   9  55  10  40  11  20  12  28  13  71  14  64  15  26  16  14  17  48  18  30  19  64 
  0  67   1  23   2  48   3  48   4  65   5  36   6  47   7  67   8  53   9  57  10  46  11  27  12  33  13  70  14  67  15  28  16  20  17  48  18  32  19  71 
  0  63   1  22   2  48   3  48   4  62   5  31   6  47   7  66   8  50   9  55  10  40  11  25  12  27  13  70  14  67  15  24  16  14  17  48  18  28  19  65 
  0  66   1  23   2  44   3  47   4  61   5  32   6  45   7  67   8  49   9  57  10  44  11  24  12  27  13  72  14  64  15  26  16  18  17  48  18  30  19  68 
  0  68   1  24   2  48   3  51   4  62   5  34   6  48   7  64   8  53   9  56  10  44  11  26  12  31  13  70  14  69  15  28  16  17  17  48  18  30  19  71 
  0  63   1  22   2  46   3  45   4  60   5  32   6  44   7  63   8  48   9  56  10  40  11  21  12  28  13  70  14  66  15  25  16  16  17  48  18  31  19  64 
  0  68   1  24   2  47   3  50   4  63   5  35   6  49   7  67   8  54   9  55  10  44  11  26  12  32  13  72  14  67  15  28  16  19  17  47  18  32  19  69 
  0  60   1  20   2  45   3  43   4  57   5  30   6  44   7  64   8  44   9  55  10  40  11  19  12  25  13  70  14  60  15  24  16  11  17  46  18  28  19  63 
  0  60   1  19   2  44   3  45   4  59   5  28   6  42   7  65   8  46   9  57  10  38  11  19  12  25  13  72  14  60  15  24  16  13  17  48  18  29  19  63 
  0  62   1  18   2  47   3  47   4  61   5  32   6  45   7  64   8  44   9  55  10  40  11  23  12  24  13  70  14  63  15  26  16  12  17  46  18  30  19  64 
  0  69   1  22   2  48   3  51   4  65   5  36   6  47   7  66   8  54   9  57  10  45  11  24  12  33  13  70  14  68  15  28  16  20  17  48  18  32  19  69 
  0  63   1  18   2  46   3  44   4  57   5  31   6  42   7  64   8  44   9  55  10  38  11  20  12  24  13  70  14  60  15  24  16  10  17  47  18  29  19  63 
  0  61   1  22   2  44   3  45   4  60   5  30   6  44   7  64   8  49   9  57  10  38  11  21  12  27  13  71  14  62  15  24  16  15  17  46  18  28  19  66 
  0  62   1  18   2  44   3  43   4  57   5  28   6  44   7  63   8  46   9  55  10  38  11  20  12  24  13  70  14  62  15  24  16  10  17  47  18  30  19  63 
  0  61   1  20   2  45   3  45   4  58   5  29   6  42   7  63   8  44   9  56  10  38  11  19  12  25  13  71  14  62  15  24  16  12  17  48  18  30  19  66 
  0  70   1  21   2  48   3  51   4  65   5  35   6  49   7  65   8  54   9  56  10  43  11  25  12  32  13  72  14  69  15  26  16  18  17  48  18  32  19  71 
  0  62   1  18   2  44   3  46   4  60   5  28   6  45   7  64   8  49   9  57  10  41  11  21  12  26  13  70  14  64  15  24  16  13  17  47  18  30  19  66 
  0  64   1  18   2  45   3  46   4  62   5  29   6  45   7  65   8  46   9  56  10  39  11  23  12  25  13  72  14  62  15  25  16  12  17  48  18  32  19  68 
  0  66   1  23   2  48   3  46   4  60   5  35   6  49   7  64   8  48   9  56  10  42  11  22  12  31  13  71  14  66  15  24  16  18  17  46  18  32  19  66 
  0  68   1  24   2  48   3  51   4  65   5  36   6  50   7  67   8  54   9  57  10  45  11  27  12  31  13  72  14  68  15  28  16  20  17  48  18  32  19  69 


