
 20  20

  0  68   1  47   2  71   3  41   4  45   5  26   6  65   7  43   8  52   9  72  10  49  11  63  12  69  13  55  14  57  15  22  16  79  17  25  18  55  19  36 
  0  72   1  45   2  70   3  43   4  44   5  32   6  69   7  45   8  54   9  74  10  53  11  68  12  69  13  56  14  58  15  25  16  80  17  24  18  56  19  36 
  0  73   1  48   2  72   3  43   4  45   5  31   6  68   7  45   8  52   9  75  10  54  11  68  12  73  13  57  14  58  15  27  16  80  17  29  18  56  19  38 
  0  64   1  46   2  67   3  41   4  43   5  27   6  66   7  41   8  52   9  67  10  45  11  62  12  67  13  49  14  53  15  20  16  76  17  19  18  50  19  36 
  0  64   1  44   2  69   3  42   4  43   5  24   6  65   7  41   8  53   9  67  10  45  11  62  12  68  13  50  14  52  15  18  16  76  17  19  18  53  19  37 
  0  64   1  44   2  67   3  43   4  43   5  24   6  65   7  43   8  54   9  67  10  45  11  62  12  67  13  48  14  52  15  18  16  78  17  20  18  50  19  36 
  0  63   1  44   2  66   3  41   4  43   5  24   6  65   7  41   8  54   9  67  10  45  11  62  12  67  13  49  14  53  15  20  16  77  17  21  18  50  19  36 
  0  68   1  47   2  68   3  41   4  46   5  26   6  66   7  43   8  52   9  70  10  51  11  64  12  70  13  51  14  56  15  23  16  79  17  24  18  51  19  38 
  0  70   1  48   2  72   3  43   4  47   5  29   6  69   7  46   8  54   9  75  10  52  11  65  12  72  13  55  14  56  15  22  16  80  17  28  18  56  19  36 
  0  69   1  48   2  70   3  41   4  44   5  29   6  69   7  46   8  53   9  71  10  49  11  65  12  71  13  54  14  56  15  24  16  79  17  23  18  54  19  36 
  0  64   1  44   2  66   3  41   4  43   5  26   6  65   7  42   8  52   9  68  10  48  11  63  12  68  13  48  14  54  15  17  16  76  17  21  18  51  19  38 
  0  68   1  48   2  72   3  43   4  47   5  32   6  67   7  44   8  54   9  74  10  50  11  67  12  69  13  54  14  55  15  26  16  80  17  26  18  52  19  38 
  0  70   1  48   2  68   3  43   4  46   5  30   6  66   7  42   8  53   9  71  10  49  11  67  12  71  13  51  14  54  15  24  16  80  17  24  18  52  19  36 
  0  68   1  44   2  72   3  42   4  47   5  29   6  66   7  44   8  53   9  73  10  49  11  64  12  69  13  52  14  57  15  22  16  79  17  23  18  53  19  38 
  0  69   1  45   2  68   3  43   4  43   5  29   6  68   7  42   8  52   9  70  10  47  11  63  12  69  13  54  14  52  15  21  16  78  17  22  18  54  19  37 
  0  63   1  46   2  66   3  43   4  44   5  24   6  67   7  41   8  52   9  67  10  45  11  62  12  69  13  48  14  53  15  19  16  77  17  21  18  50  19  36 
  0  68   1  46   2  70   3  41   4  43   5  27   6  65   7  43   8  53   9  71  10  50  11  62  12  71  13  51  14  53  15  21  16  76  17  24  18  52  19  36 
  0  68   1  45   2  67   3  42   4  45   5  26   6  65   7  45   8  54   9  70  10  50  11  65  12  68  13  50  14  55  15  20  16  76  17  23  18  50  19  36 
  0  64   1  44   2  66   3  42   4  45   5  24   6  66   7  41   8  54   9  67  10  45  11  62  12  67  13  48  14  52  15  18  16  77  17  19  18  50  19  38 
  0  73   1  47   2  74   3  41   4  46   5  30   6  67   7  47   8  52   9  74  10  53  11  68  12  73  13  55  14  58  15  24  16  80  17  27  18  56  19  36 


