
 20  20

  0  63   1   9   2  25   3  63   4  12   5  62   6  12   7  52   8  55   9  57  10  74  11  45  12  51  13  16  14  55  15  52  16  24  17  23  18  71  19  74 
  0  65   1  11   2  30   3  66   4  12   5  64   6  15   7  53   8  57   9  56  10  72  11  45  12  51  13  18  14  58  15  50  16  26  17  23  18  71  19  76 
  0  66   1   8   2  24   3  65   4  11   5  60   6  13   7  52   8  57   9  57  10  69  11  47  12  49  13  17  14  55  15  51  16  23  17  23  18  74  19  73 
  0  65   1  11   2  29   3  65   4  11   5  64   6  12   7  56   8  56   9  57  10  75  11  48  12  51  13  18  14  59  15  53  16  23  17  24  18  74  19  76 
  0  68   1  13   2  28   3  63   4  13   5  63   6  14   7  55   8  55   9  56  10  74  11  45  12  50  13  16  14  60  15  52  16  25  17  23  18  72  19  77 
  0  65   1  12   2  28   3  66   4  10   5  62   6  15   7  52   8  56   9  56  10  73  11  45  12  49  13  17  14  57  15  52  16  21  17  27  18  74  19  78 
  0  71   1  12   2  30   3  63   4  14   5  65   6  19   7  57   8  57   9  57  10  75  11  49  12  51  13  16  14  62  15  54  16  27  17  25  18  74  19  78 
  0  68   1  14   2  30   3  64   4  12   5  67   6  18   7  55   8  55   9  57  10  76  11  47  12  51  13  18  14  61  15  54  16  25  17  26  18  73  19  78 
  0  71   1  14   2  32   3  66   4  15   5  68   6  18   7  54   8  57   9  57  10  74  11  48  12  51  13  16  14  60  15  55  16  27  17  26  18  75  19  80 
  0  63   1   8   2  25   3  64   4   8   5  64   6  10   7  54   8  55   9  55  10  70  11  43  12  50  13  16  14  57  15  49  16  21  17  24  18  73  19  77 
  0  62   1  11   2  26   3  65   4  12   5  62   6  13   7  53   8  55   9  55  10  71  11  45  12  49  13  18  14  57  15  49  16  23  17  23  18  74  19  76 
  0  68   1  13   2  32   3  65   4  16   5  66   6  16   7  55   8  57   9  55  10  77  11  47  12  50  13  18  14  59  15  52  16  27  17  27  18  73  19  81 
  0  68   1  12   2  31   3  65   4  15   5  67   6  16   7  57   8  57   9  55  10  77  11  49  12  50  13  18  14  62  15  55  16  25  17  28  18  75  19  79 
  0  64   1  12   2  28   3  63   4  14   5  62   6  14   7  52   8  57   9  55  10  75  11  47  12  51  13  18  14  59  15  53  16  23  17  25  18  72  19  75 
  0  63   1   7   2  23   3  62   4  10   5  61   6  10   7  52   8  57   9  56  10  72  11  43  12  49  13  16  14  56  15  49  16  21  17  23  18  72  19  75 
  0  67   1  12   2  29   3  66   4  13   5  66   6  15   7  53   8  57   9  55  10  75  11  45  12  51  13  16  14  59  15  53  16  24  17  25  18  74  19  79 
  0  64   1  10   2  26   3  66   4  12   5  65   6  14   7  52   8  55   9  57  10  73  11  45  12  51  13  18  14  55  15  54  16  24  17  27  18  75  19  74 
  0  71   1  12   2  31   3  63   4  16   5  65   6  17   7  57   8  55   9  56  10  77  11  49  12  51  13  18  14  62  15  53  16  27  17  27  18  72  19  81 
  0  69   1  15   2  31   3  66   4  16   5  68   6  19   7  55   8  56   9  57  10  77  11  48  12  50  13  17  14  60  15  53  16  27  17  28  18  75  19  81 
  0  68   1  11   2  29   3  65   4  15   5  66   6  17   7  55   8  55   9  55  10  74  11  49  12  49  13  17  14  58  15  53  16  23  17  27  18  75  19  77 


