
 20  20

  0  53   1  17   2  15   3  40   4  68   5  15   6  58   7  27   8  32   9  30  10  44  11  49  12  19  13  15  14   5  15  13  16  52  17  52  18  75  19  33 
  0  53   1  15   2  18   3  39   4  71   5  15   6  60   7  31   8  33   9  29  10  44  11  47  12  20  13  14  14   6  15  15  16  50  17  53  18  74  19  32 
  0  52   1  17   2  18   3  39   4  68   5  14   6  59   7  28   8  33   9  28  10  44  11  47  12  20  13  15  14   8  15  15  16  50  17  55  18  75  19  30 
  0  59   1  20   2  18   3  43   4  73   5  19   6  64   7  32   8  35   9  29  10  42  11  49  12  20  13  19  14   9  15  15  16  52  17  56  18  79  19  33 
  0  51   1  14   2  14   3  41   4  67   5  15   6  55   7  24   8  32   9  28  10  43  11  47  12  16  13  13  14   5  15  15  16  50  17  52  18  73  19  29 
  0  56   1  17   2  18   3  43   4  74   5  20   6  65   7  32   8  36   9  30  10  42  11  49  12  17  13  15  14   9  15  15  16  50  17  56  18  79  19  36 
  0  55   1  17   2  18   3  41   4  73   5  20   6  61   7  32   8  34   9  31  10  44  11  48  12  20  13  19  14   7  15  13  16  50  17  53  18  79  19  36 
  0  55   1  18   2  16   3  40   4  70   5  15   6  61   7  26   8  31   9  31  10  42  11  47  12  20  13  17  14   7  15  13  16  52  17  54  18  75  19  31 
  0  56   1  19   2  18   3  41   4  74   5  20   6  64   7  31   8  32   9  31  10  44  11  47  12  17  13  16  14   9  15  14  16  51  17  56  18  78  19  32 
  0  54   1  19   2  18   3  44   4  73   5  19   6  64   7  31   8  32   9  29  10  42  11  47  12  20  13  18  14   6  15  15  16  52  17  56  18  76  19  35 
  0  54   1  14   2  15   3  39   4  71   5  15   6  61   7  29   8  34   9  29  10  42  11  47  12  17  13  15  14   5  15  13  16  50  17  54  18  76  19  33 
  0  56   1  17   2  18   3  42   4  74   5  20   6  62   7  32   8  36   9  29  10  44  11  49  12  19  13  19  14   7  15  15  16  52  17  53  18  77  19  32 
  0  54   1  16   2  14   3  40   4  72   5  18   6  60   7  29   8  32   9  29  10  42  11  49  12  16  13  16  14   7  15  13  16  50  17  52  18  77  19  33 
  0  53   1  16   2  14   3  40   4  67   5  15   6  59   7  25   8  30   9  28  10  43  11  47  12  17  13  14  14   5  15  13  16  52  17  54  18  73  19  30 
  0  55   1  19   2  16   3  39   4  72   5  19   6  59   7  31   8  34   9  29  10  44  11  49  12  17  13  14  14   7  15  13  16  50  17  53  18  78  19  34 
  0  55   1  19   2  15   3  42   4  72   5  20   6  62   7  30   8  34   9  31  10  42  11  47  12  20  13  17  14   8  15  15  16  51  17  56  18  78  19  35 
  0  56   1  20   2  17   3  41   4  73   5  15   6  60   7  30   8  32   9  30  10  44  11  47  12  20  13  18  14   6  15  15  16  52  17  56  18  75  19  32 
  0  53   1  15   2  15   3  42   4  71   5  14   6  57   7  28   8  31   9  30  10  42  11  47  12  19  13  14  14   6  15  14  16  51  17  53  18  77  19  29 
  0  50   1  16   2  16   3  39   4  67   5  15   6  56   7  25   8  31   9  27  10  42  11  49  12  18  13  16  14   5  15  15  16  52  17  54  18  77  19  30 
  0  55   1  20   2  18   3  42   4  73   5  17   6  64   7  32   8  34   9  30  10  44  11  49  12  20  13  14  14   7  15  14  16  52  17  53  18  76  19  34 


