
 20  20

  0  53   1  44   2  27   3   9   4  60   5  14   6  43   7  29   8  42   9  14  10  28  11  52  12  22  13  61  14   4  15  70  16   4  17  31  18  69  19  11 
  0  58   1  43   2  26   3  17   4  60   5  14   6  49   7  29   8  47   9  14  10  33  11  57  12  25  13  66  14   6  15  74  16   6  17  36  18  70  19  14 
  0  52   1  44   2  24   3  14   4  60   5  10   6  43   7  28   8  43   9  14  10  29  11  55  12  19  13  65  14   4  15  69  16   3  17  34  18  67  19  11 
  0  49   1  42   2  23   3   9   4  58   5   9   6  44   7  28   8  43   9  15  10  27  11  51  12  18  13  58  14   1  15  70  16   4  17  32  18  67  19  10 
  0  49   1  43   2  23   3   9   4  58   5  11   6  41   7  26   8  42   9  12  10  24  11  48  12  17  13  60  14   1  15  69  16   4  17  32  18  66  19  12 
  0  53   1  42   2  24   3   9   4  58   5  13   6  42   7  26   8  39   9  13  10  26  11  51  12  17  13  63  14   4  15  66  16   4  17  34  18  66  19  13 
  0  51   1  43   2  24   3  13   4  59   5  10   6  43   7  26   8  42   9  12  10  26  11  53  12  22  13  61  14   4  15  69  16   3  17  30  18  67  19  10 
  0  52   1  44   2  26   3  10   4  60   5  10   6  45   7  29   8  41   9  14  10  26  11  51  12  18  13  64  14   1  15  69  16   5  17  35  18  69  19  12 
  0  54   1  42   2  24   3  13   4  58   5  14   6  46   7  27   8  43   9  16  10  28  11  55  12  21  13  67  14   2  15  73  16   3  17  35  18  67  19  13 
  0  54   1  42   2  26   3  10   4  60   5  10   6  46   7  26   8  44   9  12  10  28  11  54  12  22  13  61  14   1  15  69  16   4  17  33  18  67  19  14 
  0  56   1  43   2  24   3  15   4  58   5  12   6  47   7  28   8  44   9  15  10  33  11  58  12  24  13  64  14   4  15  74  16   3  17  36  18  68  19  11 
  0  56   1  43   2  27   3  14   4  58   5  15   6  45   7  27   8  46   9  13  10  30  11  53  12  22  13  64  14   2  15  73  16   6  17  36  18  67  19  12 
  0  53   1  44   2  23   3   9   4  60   5  13   6  43   7  30   8  44   9  14  10  27  11  53  12  19  13  62  14   4  15  70  16   4  17  33  18  66  19  13 
  0  55   1  44   2  26   3  13   4  58   5  15   6  47   7  30   8  45   9  15  10  30  11  55  12  22  13  64  14   5  15  73  16   5  17  33  18  70  19  12 
  0  50   1  44   2  26   3  10   4  59   5  12   6  42   7  29   8  43   9  13  10  26  11  52  12  21  13  61  14   4  15  69  16   2  17  31  18  68  19  11 
  0  52   1  42   2  24   3  10   4  60   5   9   6  43   7  26   8  42   9  15  10  26  11  53  12  17  13  62  14   4  15  70  16   5  17  34  18  66  19  11 
  0  55   1  43   2  25   3  14   4  59   5  14   6  48   7  30   8  47   9  16  10  33  11  56  12  23  13  66  14   5  15  74  16   4  17  34  18  70  19  14 
  0  53   1  44   2  26   3   9   4  59   5   9   6  41   7  26   8  42   9  12  10  27  11  51  12  19  13  63  14   4  15  68  16   4  17  34  18  66  19  11 
  0  54   1  44   2  26   3  13   4  60   5  12   6  45   7  27   8  45   9  14  10  28  11  54  12  21  13  63  14   4  15  70  16   6  17  32  18  67  19  14 
  0  49   1  43   2  25   3   9   4  59   5   9   6  41   7  26   8  41   9  13  10  26  11  49  12  17  13  58  14   1  15  67  16   3  17  31  18  66  19  10 


