
 20  20

  0  34   1  82   2  58   3  54   4  32   5  43   6  55   7  38   8  68   9  73  10  36  11  24  12  67  13  67  14  53  15  36  16  29  17  56  18  93  19  76 
  0  30   1  84   2  54   3  54   4  27   5  42   6  53   7  36   8  68   9  70  10  35  11  26  12  67  13  65  14  54  15  38  16  27  17  54  18  91  19  75 
  0  35   1  86   2  60   3  58   4  32   5  44   6  57   7  39   8  70   9  75  10  34  11  25  12  70  13  70  14  54  15  40  16  31  17  53  18  93  19  79 
  0  32   1  84   2  58   3  57   4  31   5  44   6  53   7  40   8  68   9  71  10  35  11  27  12  68  13  70  14  51  15  37  16  27  17  53  18  92  19  75 
  0  31   1  82   2  58   3  54   4  32   5  43   6  57   7  39   8  69   9  70  10  35  11  26  12  70  13  67  14  54  15  38  16  30  17  56  18  92  19  78 
  0  28   1  80   2  55   3  52   4  27   5  42   6  54   7  35   8  68   9  67  10  33  11  24  12  65  13  65  14  50  15  35  16  25  17  52  18  93  19  76 
  0  33   1  83   2  56   3  53   4  27   5  42   6  55   7  36   8  69   9  71  10  33  11  26  12  70  13  66  14  52  15  39  16  26  17  52  18  93  19  77 
  0  30   1  82   2  53   3  52   4  28   5  42   6  55   7  34   8  68   9  67  10  32  11  24  12  65  13  68  14  51  15  35  16  25  17  52  18  91  19  76 
  0  29   1  85   2  56   3  53   4  29   5  43   6  56   7  37   8  68   9  69  10  31  11  25  12  69  13  67  14  50  15  37  16  25  17  55  18  93  19  75 
  0  32   1  86   2  59   3  58   4  31   5  44   6  56   7  39   8  71   9  71  10  37  11  26  12  68  13  71  14  52  15  38  16  29  17  56  18  91  19  76 
  0  35   1  86   2  58   3  60   4  31   5  43   6  57   7  39   8  70   9  74  10  37  11  27  12  70  13  72  14  56  15  41  16  33  17  55  18  91  19  79 
  0  32   1  85   2  55   3  56   4  29   5  44   6  56   7  37   8  71   9  72  10  35  11  25  12  69  13  68  14  54  15  37  16  26  17  54  18  91  19  74 
  0  32   1  85   2  57   3  54   4  31   5  43   6  53   7  40   8  69   9  73  10  33  11  28  12  68  13  69  14  54  15  39  16  30  17  52  18  91  19  76 
  0  36   1  86   2  62   3  59   4  32   5  44   6  56   7  40   8  71   9  74  10  37  11  26  12  73  13  73  14  56  15  38  16  33  17  54  18  92  19  80 
  0  36   1  85   2  60   3  57   4  33   5  43   6  57   7  42   8  72   9  75  10  37  11  28  12  73  13  70  14  56  15  39  16  31  17  56  18  91  19  80 
  0  29   1  81   2  54   3  53   4  27   5  42   6  54   7  34   8  68   9  67  10  31  11  25  12  67  13  69  14  50  15  38  16  23  17  55  18  93  19  76 
  0  36   1  86   2  59   3  58   4  32   5  44   6  56   7  39   8  72   9  72  10  37  11  28  12  72  13  73  14  53  15  39  16  29  17  54  18  93  19  79 
  0  34   1  86   2  59   3  60   4  30   5  42   6  55   7  42   8  72   9  74  10  34  11  28  12  70  13  71  14  55  15  38  16  32  17  55  18  93  19  78 
  0  32   1  84   2  58   3  54   4  28   5  42   6  55   7  36   8  71   9  69  10  35  11  24  12  68  13  68  14  53  15  35  16  28  17  52  18  93  19  76 
  0  33   1  83   2  57   3  59   4  32   5  42   6  57   7  38   8  72   9  73  10  35  11  27  12  68  13  72  14  54  15  39  16  30  17  56  18  91  19  76 


