
 20  20

  0  78   1  53   2  42   3  52   4  65   5  84   6  61   7  59   8  35   9  71  10  31  11  33  12  78  13  43  14  17  15  18  16  36  17  20  18  21  19  34 
  0  79   1  51   2  43   3  51   4  66   5  82   6  59   7  55   8  33   9  70  10  26  11  35  12  77  13  43  14  16  15  15  16  38  17  21  18  21  19  34 
  0  72   1  46   2  38   3  50   4  60   5  78   6  61   7  56   8  33   9  69  10  22  11  32  12  75  13  43  14  12  15  17  16  38  17  21  18  20  19  34 
  0  80   1  51   2  40   3  50   4  67   5  85   6  59   7  56   8  34   9  69  10  26  11  32  12  80  13  41  14  16  15  20  16  37  17  19  18  19  19  36 
  0  80   1  56   2  44   3  50   4  68   5  87   6  61   7  59   8  33   9  71  10  31  11  33  12  79  13  43  14  18  15  18  16  37  17  21  18  21  19  36 
  0  75   1  46   2  38   3  47   4  62   5  78   6  60   7  55   8  34   9  69  10  23  11  31  12  73  13  41  14  12  15  17  16  36  17  21  18  19  19  34 
  0  82   1  52   2  44   3  50   4  68   5  86   6  61   7  60   8  35   9  69  10  32  11  34  12  81  13  43  14  20  15  20  16  38  17  21  18  19  19  36 
  0  75   1  49   2  42   3  48   4  65   5  83   6  61   7  56   8  31   9  69  10  26  11  31  12  74  13  43  14  17  15  17  16  38  17  21  18  19  19  34 
  0  82   1  56   2  44   3  53   4  67   5  88   6  61   7  60   8  33   9  71  10  32  11  34  12  81  13  42  14  20  15  20  16  38  17  21  18  22  19  36 
  0  74   1  47   2  38   3  49   4  64   5  79   6  61   7  54   8  31   9  69  10  23  11  31  12  75  13  42  14  16  15  17  16  38  17  21  18  18  19  36 
  0  79   1  51   2  43   3  48   4  65   5  85   6  59   7  55   8  32   9  71  10  29  11  32  12  76  13  43  14  20  15  17  16  37  17  21  18  19  19  34 
  0  72   1  49   2  40   3  49   4  60   5  81   6  61   7  55   8  31   9  69  10  25  11  31  12  73  13  42  14  12  15  14  16  38  17  20  18  20  19  34 
  0  73   1  48   2  38   3  47   4  61   5  80   6  61   7  56   8  31   9  69  10  22  11  31  12  73  13  41  14  12  15  16  16  36  17  20  18  19  19  35 
  0  79   1  53   2  41   3  50   4  65   5  84   6  59   7  57   8  34   9  71  10  28  11  35  12  80  13  43  14  19  15  18  16  36  17  20  18  21  19  36 
  0  78   1  52   2  41   3  52   4  65   5  85   6  61   7  56   8  33   9  71  10  25  11  35  12  75  13  43  14  19  15  15  16  36  17  19  18  19  19  36 
  0  81   1  55   2  43   3  51   4  68   5  88   6  61   7  57   8  35   9  70  10  32  11  34  12  81  13  43  14  20  15  20  16  38  17  21  18  21  19  35 
  0  78   1  53   2  41   3  49   4  66   5  83   6  61   7  59   8  32   9  70  10  27  11  31  12  79  13  43  14  18  15  19  16  37  17  19  18  19  19  34 
  0  77   1  53   2  44   3  52   4  64   5  85   6  59   7  60   8  34   9  69  10  28  11  33  12  80  13  42  14  19  15  17  16  38  17  21  18  20  19  35 
  0  76   1  48   2  42   3  51   4  64   5  84   6  59   7  55   8  33   9  71  10  24  11  33  12  76  13  43  14  18  15  15  16  36  17  21  18  21  19  36 
  0  72   1  49   2  38   3  49   4  61   5  81   6  61   7  56   8  33   9  70  10  25  11  31  12  73  13  41  14  13  15  15  16  36  17  21  18  20  19  34 


