
 20  20

  0  73   1  83   2  41   3  90   4  77   5  67   6  52   7  34   8  51   9  87  10  98  11  86  12  91  13  93  14  53  15  62  16  64  17  94  18  35  19  69 
  0  75   1  85   2  44   3  88   4  82   5  65   6  52   7  36   8  49   9  86  10  98  11  86  12  91  13  94  14  53  15  64  16  67  17  94  18  36  19  66 
  0  73   1  79   2  45   3  88   4  78   5  64   6  53   7  35   8  49   9  86  10  96  11  83  12  91  13  90  14  51  15  64  16  63  17  92  18  35  19  69 
  0  74   1  80   2  41   3  88   4  79   5  64   6  49   7  36   8  51   9  86  10  96  11  84  12  90  13  91  14  53  15  62  16  65  17  91  18  33  19  69 
  0  72   1  84   2  43   3  88   4  79   5  65   6  54   7  35   8  49   9  88  10  97  11  84  12  89  13  90  14  52  15  62  16  65  17  91  18  33  19  69 
  0  74   1  81   2  44   3  90   4  77   5  66   6  51   7  35   8  49   9  87  10  98  11  87  12  91  13  92  14  51  15  61  16  65  17  93  18  32  19  66 
  0  71   1  79   2  42   3  88   4  76   5  62   6  50   7  30   8  49   9  83  10  98  11  83  12  89  13  92  14  53  15  61  16  62  17  90  18  31  19  68 
  0  66   1  77   2  40   3  88   4  72   5  61   6  48   7  30   8  49   9  84  10  98  11  81  12  89  13  88  14  53  15  59  16  62  17  92  18  31  19  65 
  0  69   1  79   2  42   3  90   4  76   5  65   6  51   7  33   8  50   9  87  10  96  11  82  12  90  13  89  14  52  15  61  16  61  17  91  18  33  19  65 
  0  75   1  84   2  42   3  90   4  81   5  64   6  53   7  36   8  51   9  87  10  98  11  87  12  91  13  92  14  53  15  64  16  67  17  94  18  36  19  69 
  0  76   1  85   2  45   3  88   4  80   5  65   6  54   7  35   8  51   9  89  10  97  11  87  12  91  13  94  14  53  15  65  16  67  17  94  18  34  19  68 
  0  70   1  81   2  41   3  89   4  77   5  65   6  50   7  33   8  49   9  86  10  98  11  83  12  91  13  94  14  51  15  64  16  64  17  92  18  31  19  66 
  0  69   1  77   2  41   3  89   4  75   5  64   6  46   7  32   8  49   9  86  10  97  11  83  12  89  13  88  14  51  15  59  16  59  17  90  18  31  19  68 
  0  68   1  80   2  39   3  90   4  77   5  62   6  47   7  30   8  51   9  87  10  96  11  81  12  91  13  89  14  51  15  62  16  64  17  92  18  32  19  68 
  0  71   1  83   2  42   3  88   4  79   5  63   6  53   7  32   8  51   9  86  10  96  11  84  12  91  13  91  14  53  15  65  16  65  17  91  18  36  19  68 
  0  69   1  78   2  40   3  90   4  77   5  64   6  49   7  30   8  49   9  85  10  96  11  81  12  89  13  88  14  51  15  60  16  64  17  90  18  30  19  68 
  0  67   1  78   2  40   3  88   4  75   5  62   6  46   7  32   8  50   9  83  10  96  11  84  12  89  13  89  14  51  15  60  16  59  17  93  18  31  19  65 
  0  76   1  85   2  45   3  90   4  82   5  65   6  50   7  33   8  51   9  89  10  98  11  86  12  91  13  94  14  53  15  64  16  65  17  94  18  36  19  69 
  0  66   1  75   2  39   3  88   4  72   5  61   6  48   7  30   8  50   9  83  10  97  11  83  12  89  13  89  14  51  15  59  16  59  17  90  18  28  19  65 
  0  66   1  75   2  39   3  88   4  74   5  63   6  47   7  30   8  49   9  86  10  98  11  82  12  89  13  90  14  51  15  61  16  62  17  92  18  29  19  67 


