
 20  20

  0  65   1  41   2  50   3  38   4  32   5  31   6  10   7  34   8  32   9  15  10  39  11  48  12  53  13  70  14  31  15  26  16  43  17  11  18  11  19  24 
  0  62   1  42   2  49   3  38   4  32   5  29   6   5   7  31   8  31   9  15  10  37  11  46  12  52  13  70  14  28  15  23  16  41  17  11  18   8  19  21 
  0  63   1  39   2  49   3  37   4  29   5  31   6   8   7  33   8  31   9  15  10  39  11  44  12  53  13  68  14  29  15  25  16  41  17  10  18  12  19  23 
  0  65   1  43   2  49   3  39   4  33   5  30   6   8   7  31   8  32   9  14  10  38  11  44  12  52  13  70  14  31  15  22  16  46  17   9  18  12  19  25 
  0  63   1  40   2  44   3  37   4  32   5  30   6   7   7  30   8  31   9  11  10  35  11  43  12  53  13  66  14  29  15  24  16  43  17  11  18   9  19  24 
  0  62   1  42   2  49   3  37   4  30   5  32   6   8   7  33   8  31   9  14  10  39  11  45  12  53  13  68  14  29  15  23  16  42  17   9  18  11  19  23 
  0  59   1  39   2  43   3  35   4  28   5  25   6   3   7  29   8  31   9  11  10  33  11  43  12  51  13  66  14  26  15  20  16  37  17  10  18   8  19  22 
  0  68   1  45   2  51   3  42   4  33   5  33   6  10   7  34   8  31   9  18  10  41  11  46  12  53  13  68  14  34  15  25  16  45  17  11  18  12  19  26 
  0  68   1  43   2  48   3  39   4  30   5  30   6  11   7  32   8  33   9  18  10  38  11  48  12  53  13  70  14  31  15  26  16  46  17  10  18  12  19  23 
  0  60   1  37   2  43   3  35   4  28   5  28   6   4   7  30   8  31   9  10  10  34  11  44  12  52  13  69  14  26  15  23  16  39  17  10  18   8  19  20 
  0  64   1  44   2  50   3  37   4  33   5  32   6   6   7  31   8  33   9  16  10  39  11  44  12  52  13  67  14  33  15  22  16  44  17  11  18   9  19  25 
  0  65   1  44   2  51   3  40   4  33   5  30   6  11   7  34   8  33   9  15  10  41  11  48  12  53  13  69  14  34  15  24  16  46  17  11  18   9  19  26 
  0  62   1  42   2  44   3  39   4  30   5  26   6   8   7  32   8  31   9  15  10  35  11  46  12  52  13  69  14  30  15  22  16  42  17  10  18   9  19  24 
  0  62   1  40   2  46   3  39   4  31   5  31   6   6   7  29   8  33   9  15  10  37  11  46  12  53  13  69  14  32  15  24  16  44  17  11  18   8  19  23 
  0  61   1  39   2  47   3  36   4  28   5  30   6   7   7  32   8  33   9  14  10  36  11  42  12  51  13  67  14  30  15  23  16  41  17  11  18   8  19  21 
  0  66   1  42   2  48   3  42   4  31   5  32   6   9   7  31   8  31   9  18  10  40  11  46  12  52  13  70  14  32  15  24  16  44  17  11  18  12  19  23 
  0  62   1  42   2  44   3  36   4  30   5  30   6   4   7  31   8  31   9  11  10  34  11  42  12  51  13  68  14  31  15  23  16  42  17  11  18   8  19  22 
  0  60   1  38   2  45   3  34   4  29   5  25   6   5   7  30   8  31   9  11  10  35  11  42  12  53  13  69  14  26  15  20  16  40  17  10  18  11  19  21 
  0  65   1  40   2  49   3  39   4  29   5  29   6   6   7  29   8  31   9  15  10  37  11  43  12  52  13  69  14  32  15  25  16  42  17  11  18   9  19  21 
  0  60   1  37   2  45   3  34   4  27   5  26   6   3   7  28   8  32   9  10  10  33  11  42  12  53  13  68  14  26  15  21  16  39  17   9  18   8  19  22 


