
 20  20

  0  20   1  46   2  52   3  75   4  76   5  62   6  85   7  84   8  58   9  31  10  61  11  31  12  39  13  44  14  66  15  59  16  78  17  64  18  87  19  83 
  0  23   1  47   2  54   3  74   4  78   5  64   6  85   7  83   8  61   9  30  10  59  11  34  12  40  13  45  14  68  15  57  16  79  17  64  18  89  19  83 
  0  16   1  45   2  53   3  71   4  74   5  59   6  87   7  80   8  54   9  26  10  55  11  28  12  37  13  43  14  67  15  51  16  77  17  61  18  87  19  83 
  0  16   1  45   2  54   3  72   4  76   5  60   6  86   7  82   8  54   9  27  10  58  11  30  12  40  13  42  14  67  15  54  16  77  17  63  18  87  19  83 
  0  17   1  47   2  54   3  73   4  76   5  57   6  87   7  80   8  56   9  25  10  55  11  28  12  39  13  43  14  69  15  55  16  78  17  62  18  88  19  81 
  0  25   1  47   2  54   3  75   4  81   5  65   6  86   7  82   8  62   9  32  10  62  11  36  12  41  13  48  14  70  15  61  16  80  17  64  18  89  19  83 
  0  23   1  47   2  54   3  75   4  79   5  67   6  86   7  84   8  59   9  31  10  61  11  36  12  42  13  47  14  70  15  61  16  80  17  64  18  89  19  83 
  0  20   1  47   2  54   3  73   4  79   5  64   6  87   7  83   8  57   9  33  10  59  11  32  12  42  13  45  14  67  15  59  16  83  17  64  18  88  19  81 
  0  17   1  45   2  52   3  72   4  73   5  57   6  85   7  81   8  54   9  24  10  54  11  30  12  37  13  42  14  69  15  51  16  77  17  61  18  88  19  81 
  0  24   1  47   2  54   3  73   4  78   5  64   6  85   7  83   8  59   9  31  10  58  11  32  12  41  13  47  14  69  15  61  16  81  17  65  18  89  19  81 
  0  18   1  45   2  53   3  74   4  76   5  62   6  85   7  84   8  57   9  29  10  56  11  32  12  40  13  46  14  68  15  56  16  76  17  65  18  88  19  83 
  0  15   1  45   2  52   3  74   4  76   5  57   6  87   7  80   8  52   9  24  10  57  11  30  12  37  13  43  14  69  15  53  16  75  17  61  18  88  19  81 
  0  17   1  45   2  54   3  73   4  75   5  59   6  87   7  80   8  53   9  24  10  54  11  29  12  37  13  42  14  68  15  53  16  78  17  61  18  87  19  81 
  0  17   1  45   2  52   3  71   4  76   5  58   6  87   7  82   8  52   9  27  10  55  11  28  12  37  13  42  14  67  15  51  16  77  17  61  18  87  19  81 
  0  18   1  47   2  52   3  71   4  73   5  58   6  85   7  80   8  53   9  27  10  54  11  28  12  37  13  42  14  66  15  54  16  76  17  61  18  87  19  82 
  0  24   1  46   2  54   3  75   4  80   5  63   6  87   7  81   8  59   9  33  10  59  11  34  12  43  13  47  14  70  15  59  16  82  17  64  18  89  19  83 
  0  16   1  45   2  52   3  73   4  75   5  58   6  86   7  82   8  55   9  29  10  59  11  31  12  41  13  44  14  66  15  52  16  77  17  62  18  87  19  81 
  0  16   1  45   2  53   3  71   4  77   5  58   6  85   7  80   8  53   9  27  10  58  11  29  12  40  13  44  14  68  15  51  16  79  17  64  18  88  19  81 
  0  16   1  45   2  52   3  71   4  73   5  57   6  85   7  80   8  52   9  24  10  54  11  28  12  37  13  42  14  66  15  52  16  75  17  62  18  87  19  81 
  0  15   1  45   2  54   3  71   4  74   5  57   6  85   7  82   8  53   9  24  10  55  11  28  12  40  13  43  14  66  15  53  16  77  17  62  18  87  19  83 


