
 20  20

  0  53   1  49   2  40   3  20   4  21   5  53   6  53   7   9   8   9   9  58  10   7  11  44  12  22  13  68  14  48  15  53  16  71  17  40  18  16  19  49 
  0  49   1  45   2  31   3  14   4  16   5  49   6  48   7   3   8   8   9  57  10   6  11  46  12  20  13  63  14  45  15  52  16  71  17  33  18  10  19  45 
  0  49   1  48   2  36   3  17   4  21   5  50   6  52   7   4   8   6   9  57  10   6  11  46  12  19  13  67  14  49  15  53  16  70  17  40  18  14  19  48 
  0  45   1  44   2  31   3  10   4  15   5  46   6  49   7   3   8   4   9  52  10   5  11  45  12  16  13  63  14  47  15  52  16  69  17  35  18  12  19  43 
  0  46   1  44   2  30   3  10   4  16   5  47   6  47   7   2   8   4   9  52  10   5  11  44  12  16  13  62  14  46  15  52  16  68  17  32  18  10  19  44 
  0  52   1  51   2  37   3  20   4  18   5  54   6  55   7   6   8   7   9  58  10   5  11  46  12  22  13  67  14  49  15  53  16  71  17  42  18  16  19  48 
  0  53   1  51   2  40   3  20   4  21   5  52   6  55   7   9   8  10   9  60  10   7  11  46  12  22  13  68  14  47  15  52  16  72  17  42  18  16  19  49 
  0  49   1  48   2  36   3  16   4  19   5  51   6  52   7   5   8   6   9  58  10   7  11  44  12  18  13  66  14  48  15  52  16  69  17  39  18  15  19  47 
  0  52   1  50   2  36   3  17   4  19   5  50   6  51   7   8   8  10   9  58  10   5  11  45  12  19  13  64  14  47  15  53  16  71  17  39  18  15  19  47 
  0  50   1  49   2  37   3  17   4  18   5  52   6  54   7   5   8   8   9  56  10   6  11  46  12  21  13  68  14  48  15  54  16  72  17  39  18  14  19  49 
  0  55   1  47   2  38   3  19   4  21   5  54   6  51   7   6   8   8   9  59  10   6  11  46  12  22  13  66  14  47  15  54  16  69  17  41  18  16  19  49 
  0  53   1  49   2  36   3  17   4  21   5  54   6  55   7   5   8  10   9  58  10   7  11  46  12  22  13  69  14  46  15  52  16  72  17  40  18  13  19  49 
  0  48   1  47   2  33   3  13   4  18   5  46   6  50   7   3   8   8   9  53  10   6  11  46  12  16  13  64  14  45  15  54  16  69  17  37  18  14  19  43 
  0  49   1  45   2  34   3  11   4  15   5  47   6  50   7   3   8   4   9  53  10   5  11  44  12  17  13  63  14  46  15  53  16  68  17  32  18  10  19  43 
  0  52   1  48   2  37   3  20   4  19   5  51   6  53   7   6   8   9   9  59  10   6  11  46  12  19  13  67  14  48  15  54  16  72  17  42  18  14  19  47 
  0  53   1  51   2  40   3  19   4  21   5  52   6  54   7   7   8  10   9  60  10   5  11  45  12  21  13  68  14  49  15  54  16  70  17  41  18  16  19  49 
  0  53   1  47   2  36   3  17   4  17   5  53   6  52   7   8   8  10   9  58  10   6  11  46  12  18  13  68  14  49  15  54  16  68  17  39  18  12  19  48 
  0  51   1  49   2  37   3  18   4  21   5  52   6  54   7   6   8   7   9  55  10   5  11  45  12  22  13  67  14  45  15  53  16  72  17  39  18  15  19  49 
  0  54   1  47   2  39   3  18   4  20   5  51   6  55   7   5   8   8   9  58  10   6  11  46  12  22  13  67  14  49  15  54  16  69  17  42  18  16  19  49 
  0  47   1  43   2  30   3  10   4  15   5  46   6  49   7   1   8   4   9  52  10   7  11  44  12  16  13  60  14  45  15  54  16  68  17  32  18  10  19  43 


