
 20  20

  0  84   1  43   2  23   3  69   4  86   5  49   6  30   7  48   8  41   9  71  10  60  11  58  12  33  13  60  14  83  15  47  16  49  17  73  18  66  19  48 
  0  78   1  43   2  23   3  66   4  84   5  44   6  29   7  46   8  40   9  70  10  57  11  56  12  27  13  59  14  78  15  43  16  45  17  67  18  62  19  46 
  0  81   1  43   2  24   3  70   4  89   5  47   6  31   7  49   8  44   9  70  10  63  11  58  12  36  13  60  14  84  15  46  16  51  17  73  18  66  19  48 
  0  80   1  43   2  24   3  69   4  88   5  47   6  27   7  44   8  42   9  70  10  58  11  57  12  31  13  58  14  83  15  42  16  45  17  72  18  63  19  47 
  0  80   1  43   2  24   3  67   4  84   5  44   6  29   7  44   8  43   9  72  10  60  11  56  12  31  13  58  14  80  15  41  16  43  17  68  18  64  19  47 
  0  78   1  45   2  24   3  67   4  83   5  43   6  30   7  44   8  41   9  70  10  56  11  58  12  29  13  59  14  80  15  45  16  44  17  71  18  63  19  48 
  0  81   1  44   2  22   3  71   4  89   5  45   6  28   7  50   8  44   9  72  10  59  11  57  12  34  13  60  14  81  15  47  16  49  17  69  18  63  19  46 
  0  84   1  45   2  24   3  73   4  90   5  48   6  31   7  49   8  42   9  71  10  64  11  56  12  34  13  60  14  85  15  48  16  49  17  73  18  66  19  46 
  0  80   1  44   2  24   3  72   4  86   5  50   6  29   7  46   8  41   9  72  10  63  11  58  12  34  13  60  14  83  15  45  16  49  17  71  18  66  19  48 
  0  75   1  43   2  24   3  65   4  82   5  42   6  27   7  44   8  39   9  70  10  59  11  56  12  30  13  58  14  80  15  40  16  46  17  67  18  63  19  47 
  0  84   1  45   2  22   3  70   4  90   5  50   6  31   7  49   8  44   9  72  10  64  11  58  12  35  13  60  14  83  15  45  16  51  17  72  18  65  19  48 
  0  84   1  45   2  24   3  73   4  89   5  48   6  31   7  47   8  44   9  72  10  63  11  56  12  36  13  58  14  82  15  46  16  51  17  72  18  65  19  47 
  0  80   1  43   2  22   3  68   4  87   5  43   6  30   7  44   8  43   9  72  10  57  11  56  12  32  13  58  14  79  15  45  16  44  17  68  18  64  19  47 
  0  76   1  45   2  23   3  67   4  82   5  43   6  30   7  42   8  39   9  70  10  57  11  57  12  30  13  60  14  77  15  43  16  41  17  67  18  65  19  46 
  0  81   1  45   2  24   3  68   4  88   5  47   6  27   7  45   8  39   9  72  10  57  11  58  12  33  13  60  14  83  15  45  16  48  17  72  18  62  19  47 
  0  83   1  45   2  24   3  69   4  86   5  47   6  31   7  45   8  40   9  71  10  60  11  56  12  31  13  58  14  80  15  44  16  49  17  72  18  63  19  48 
  0  81   1  43   2  24   3  69   4  88   5  46   6  31   7  48   8  43   9  71  10  60  11  56  12  31  13  58  14  84  15  47  16  50  17  72  18  66  19  48 
  0  76   1  43   2  24   3  65   4  85   5  42   6  30   7  43   8  40   9  72  10  54  11  57  12  29  13  58  14  77  15  40  16  42  17  68  18  64  19  46 
  0  81   1  44   2  22   3  69   4  88   5  48   6  31   7  46   8  43   9  72  10  60  11  58  12  36  13  60  14  84  15  45  16  48  17  70  18  64  19  48 
  0  82   1  45   2  24   3  71   4  89   5  50   6  30   7  50   8  41   9  70  10  61  11  58  12  34  13  60  14  84  15  45  16  47  17  73  18  64  19  48 


