
 20  20

  0  22   1  71   2  32   3  23   4  53   5  68   6  37   7  74   8  69   9  61  10  55  11  39  12  46  13  70  14  42  15  68  16  60  17  55  18  19  19  15 
  0  16   1  71   2  29   3  15   4  54   5  67   6  31   7  67   8  69   9  57  10  53  11  38  12  40  13  66  14  42  15  60  16  57  17  55  18  14  19  16 
  0  17   1  70   2  28   3  17   4  53   5  66   6  33   7  71   8  66   9  55  10  55  11  38  12  45  13  67  14  43  15  66  16  57  17  53  18  16  19  17 
  0  16   1  68   2  28   3  21   4  55   5  68   6  32   7  72   8  69   9  55  10  57  11  37  12  43  13  67  14  43  15  63  16  57  17  54  18  16  19  15 
  0  15   1  68   2  26   3  14   4  51   5  66   6  32   7  69   8  67   9  54  10  55  11  39  12  41  13  63  14  43  15  59  16  56  17  54  18  12  19  15 
  0  22   1  72   2  32   3  21   4  55   5  67   6  37   7  72   8  71   9  61  10  57  11  37  12  45  13  69  14  42  15  68  16  60  17  54  18  20  19  17 
  0  16   1  69   2  28   3  18   4  53   5  66   6  35   7  72   8  68   9  55  10  55  11  38  12  46  13  65  14  44  15  62  16  56  17  55  18  14  19  15 
  0  16   1  72   2  28   3  20   4  52   5  67   6  35   7  70   8  67   9  55  10  54  11  37  12  44  13  68  14  43  15  63  16  60  17  53  18  18  19  16 
  0  21   1  71   2  31   3  20   4  54   5  68   6  35   7  70   8  68   9  58  10  55  11  39  12  43  13  68  14  43  15  66  16  60  17  53  18  16  19  17 
  0  18   1  72   2  31   3  20   4  51   5  67   6  32   7  68   8  68   9  56  10  54  11  38  12  44  13  65  14  42  15  64  16  56  17  54  18  15  19  16 
  0  14   1  69   2  30   3  19   4  55   5  66   6  32   7  69   8  69   9  55  10  53  11  37  12  42  13  64  14  43  15  63  16  59  17  55  18  14  19  17 
  0  20   1  70   2  29   3  21   4  55   5  68   6  35   7  72   8  68   9  61  10  57  11  38  12  46  13  70  14  43  15  65  16  60  17  53  18  20  19  16 
  0  19   1  70   2  32   3  19   4  55   5  68   6  36   7  70   8  71   9  58  10  55  11  39  12  44  13  68  14  43  15  67  16  57  17  55  18  20  19  17 
  0  14   1  71   2  27   3  13   4  51   5  68   6  29   7  67   8  68   9  53  10  51  11  37  12  40  13  64  14  42  15  60  16  56  17  53  18  13  19  15 
  0  17   1  71   2  28   3  17   4  55   5  68   6  32   7  70   8  65   9  53  10  54  11  37  12  43  13  64  14  44  15  63  16  56  17  55  18  16  19  17 
  0  19   1  69   2  28   3  21   4  53   5  68   6  34   7  68   8  67   9  59  10  56  11  39  12  43  13  66  14  44  15  62  16  59  17  55  18  14  19  16 
  0  13   1  71   2  26   3  16   4  53   5  67   6  30   7  67   8  68   9  53  10  51  11  37  12  43  13  64  14  42  15  61  16  56  17  54  18  11  19  17 
  0  19   1  70   2  30   3  17   4  52   5  68   6  33   7  69   8  69   9  58  10  55  11  39  12  46  13  65  14  42  15  66  16  60  17  54  18  15  19  17 
  0  22   1  69   2  31   3  19   4  52   5  66   6  36   7  73   8  70   9  58  10  54  11  39  12  43  13  69  14  44  15  64  16  58  17  54  18  19  19  17 
  0  14   1  68   2  26   3  15   4  52   5  67   6  30   7  65   8  65   9  54  10  51  11  37  12  40  13  60  14  43  15  60  16  56  17  54  18  13  19  15 


