
 20  20

  0  39   1  26   2  38   3  42   4  67   5  28   6  73   7  82   8  76   9  27  10  71  11  47  12  55  13  39  14  48  15  22  16  52  17  69  18  75  19  31 
  0  41   1  22   2  36   3  43   4  68   5  26   6  73   7  82   8  76   9  27  10  70  11  47  12  56  13  38  14  46  15  24  16  54  17  70  18  74  19  31 
  0  38   1  25   2  36   3  44   4  69   5  26   6  74   7  83   8  76   9  28  10  70  11  49  12  56  13  38  14  46  15  22  16  54  17  70  18  72  19  31 
  0  39   1  24   2  36   3  42   4  68   5  26   6  75   7  86   8  80   9  29  10  70  11  48  12  55  13  40  14  49  15  24  16  54  17  70  18  71  19  33 
  0  44   1  27   2  37   3  48   4  69   5  26   6  73   7  90   8  81   9  30  10  70  11  49  12  57  13  38  14  50  15  24  16  52  17  69  18  77  19  34 
  0  41   1  26   2  40   3  44   4  70   5  29   6  75   7  89   8  77   9  28  10  70  11  48  12  57  13  42  14  50  15  24  16  52  17  71  18  74  19  33 
  0  43   1  26   2  36   3  47   4  72   5  28   6  74   7  86   8  81   9  28  10  73  11  49  12  57  13  42  14  48  15  25  16  54  17  73  18  74  19  34 
  0  42   1  24   2  37   3  45   4  68   5  26   6  74   7  85   8  76   9  26  10  73  11  47  12  56  13  40  14  48  15  24  16  52  17  69  18  72  19  30 
  0  45   1  27   2  37   3  48   4  73   5  29   6  75   7  92   8  79   9  32  10  74  11  48  12  57  13  42  14  47  15  25  16  54  17  72  18  77  19  35 
  0  40   1  22   2  39   3  42   4  68   5  29   6  73   7  82   8  77   9  25  10  70  11  48  12  55  13  39  14  49  15  24  16  52  17  72  18  72  19  30 
  0  46   1  28   2  39   3  48   4  73   5  30   6  74   7  92   8  82   9  33  10  72  11  49  12  56  13  41  14  50  15  28  16  52  17  71  18  77  19  35 
  0  48   1  27   2  40   3  48   4  72   5  28   6  75   7  89   8  80   9  32  10  74  11  49  12  55  13  41  14  48  15  28  16  54  17  73  18  79  19  36 
  0  46   1  26   2  40   3  45   4  72   5  27   6  73   7  90   8  79   9  31  10  72  11  49  12  55  13  39  14  50  15  24  16  54  17  73  18  78  19  34 
  0  40   1  22   2  36   3  43   4  68   5  29   6  75   7  84   8  77   9  26  10  70  11  49  12  57  13  38  14  47  15  24  16  53  17  70  18  73  19  31 
  0  41   1  26   2  40   3  46   4  67   5  29   6  75   7  86   8  77   9  27  10  70  11  47  12  55  13  42  14  46  15  26  16  52  17  71  18  72  19  32 
  0  43   1  26   2  40   3  47   4  68   5  26   6  75   7  85   8  80   9  28  10  74  11  49  12  56  13  38  14  47  15  25  16  52  17  73  18  76  19  32 
  0  39   1  22   2  37   3  45   4  68   5  29   6  73   7  87   8  78   9  27  10  72  11  47  12  55  13  38  14  46  15  26  16  52  17  71  18  75  19  31 
  0  42   1  25   2  36   3  46   4  69   5  30   6  75   7  88   8  80   9  29  10  72  11  47  12  56  13  38  14  48  15  26  16  54  17  70  18  73  19  31 
  0  43   1  26   2  39   3  42   4  68   5  26   6  73   7  86   8  79   9  29  10  70  11  49  12  55  13  38  14  47  15  24  16  54  17  71  18  71  19  34 
  0  41   1  22   2  38   3  45   4  68   5  26   6  73   7  85   8  76   9  25  10  70  11  47  12  55  13  38  14  49  15  23  16  52  17  71  18  74  19  30 


