
 20  20

  0  70   1  70   2  72   3  32   4  85   5  29   6  28   7  83   8  37   9  31  10  49  11  89  12  28  13  54  14  92  15  90  16  35  17  54  18  36  19  67 
  0  64   1  65   2  70   3  31   4  83   5  25   6  28   7  78   8  36   9  27  10  43  11  88  12  24  13  48  14  91  15  89  16  35  17  54  18  32  19  60 
  0  72   1  69   2  70   3  31   4  85   5  29   6  29   7  83   8  39   9  31  10  49  11  89  12  30  13  55  14  90  15  90  16  36  17  55  18  36  19  65 
  0  65   1  66   2  72   3  33   4  83   5  23   6  29   7  78   8  35   9  27  10  43  11  87  12  24  13  47  14  88  15  88  16  34  17  56  18  30  19  60 
  0  71   1  67   2  71   3  32   4  85   5  29   6  29   7  81   8  36   9  28  10  46  11  89  12  28  13  55  14  89  15  89  16  36  17  56  18  35  19  65 
  0  66   1  64   2  72   3  33   4  85   5  26   6  30   7  76   8  35   9  28  10  44  11  88  12  24  13  49  14  89  15  88  16  34  17  56  18  34  19  61 
  0  65   1  64   2  72   3  31   4  83   5  26   6  28   7  77   8  36   9  30  10  42  11  87  12  24  13  48  14  91  15  87  16  34  17  56  18  33  19  63 
  0  64   1  67   2  70   3  33   4  84   5  25   6  30   7  77   8  35   9  27  10  45  11  85  12  24  13  51  14  90  15  89  16  35  17  56  18  33  19  59 
  0  66   1  67   2  70   3  31   4  83   5  23   6  28   7  77   8  37   9  30  10  44  11  85  12  25  13  50  14  91  15  87  16  36  17  54  18  31  19  64 
  0  69   1  69   2  72   3  33   4  85   5  27   6  30   7  77   8  39   9  28  10  44  11  87  12  23  13  50  14  88  15  86  16  36  17  55  18  32  19  65 
  0  73   1  70   2  72   3  33   4  84   5  26   6  30   7  82   8  39   9  31  10  49  11  88  12  28  13  55  14  90  15  89  16  35  17  56  18  36  19  65 
  0  68   1  65   2  71   3  33   4  83   5  25   6  30   7  78   8  36   9  30  10  43  11  89  12  26  13  50  14  92  15  86  16  35  17  56  18  33  19  61 
  0  68   1  70   2  70   3  31   4  85   5  27   6  30   7  81   8  39   9  31  10  48  11  87  12  26  13  51  14  92  15  87  16  36  17  56  18  33  19  64 
  0  70   1  69   2  70   3  33   4  85   5  26   6  30   7  82   8  38   9  31  10  51  11  89  12  29  13  53  14  92  15  88  16  34  17  56  18  36  19  67 
  0  71   1  70   2  70   3  31   4  85   5  25   6  28   7  83   8  39   9  30  10  49  11  86  12  26  13  53  14  89  15  90  16  34  17  54  18  32  19  67 
  0  65   1  64   2  70   3  33   4  83   5  25   6  29   7  75   8  35   9  27  10  42  11  85  12  22  13  48  14  88  15  86  16  34  17  54  18  30  19  59 
  0  65   1  66   2  72   3  33   4  83   5  25   6  30   7  79   8  37   9  27  10  44  11  88  12  24  13  52  14  89  15  86  16  35  17  54  18  33  19  64 
  0  66   1  65   2  70   3  31   4  83   5  23   6  28   7  75   8  35   9  27  10  42  11  85  12  20  13  46  14  90  15  86  16  34  17  54  18  30  19  59 
  0  69   1  68   2  72   3  31   4  84   5  29   6  28   7  83   8  36   9  29  10  50  11  86  12  30  13  52  14  92  15  88  16  35  17  56  18  35  19  67 
  0  73   1  70   2  70   3  31   4  85   5  28   6  30   7  82   8  39   9  29  10  51  11  88  12  30  13  54  14  92  15  90  16  36  17  56  18  36  19  67 


