
 20  20

  0  29   1  57   2  31   3  62   4  45   5  44   6  30   7  59   8  64   9  53  10  24  11  52  12  25  13  18  14  62  15  38  16  34  17  76  18  68  19  38 
  0  28   1  57   2  31   3  61   4  47   5  45   6  33   7  59   8  66   9  56  10  28  11  54  12  25  13  17  14  64  15  42  16  35  17  77  18  71  19  36 
  0  27   1  57   2  31   3  60   4  47   5  47   6  34   7  61   8  66   9  56  10  24  11  55  12  25  13  17  14  63  15  38  16  32  17  76  18  70  19  38 
  0  32   1  57   2  35   3  63   4  50   5  46   6  39   7  63   8  65   9  59  10  27  11  56  12  31  13  16  14  63  15  47  16  37  17  80  18  75  19  38 
  0  28   1  57   2  31   3  59   4  42   5  45   6  29   7  58   8  64   9  53  10  24  11  53  12  24  13  16  14  62  15  39  16  35  17  78  18  65  19  38 
  0  29   1  59   2  34   3  62   4  47   5  47   6  33   7  57   8  66   9  54  10  28  11  54  12  26  13  16  14  64  15  43  16  35  17  78  18  71  19  37 
  0  27   1  58   2  30   3  60   4  46   5  47   6  33   7  58   8  64   9  52  10  26  11  53  12  21  13  16  14  64  15  39  16  32  17  79  18  69  19  36 
  0  31   1  59   2  36   3  60   4  47   5  48   6  37   7  60   8  64   9  58  10  27  11  54  12  27  13  16  14  64  15  45  16  36  17  80  18  75  19  38 
  0  32   1  59   2  35   3  61   4  46   5  47   6  36   7  62   8  65   9  57  10  28  11  54  12  30  13  17  14  64  15  46  16  35  17  80  18  72  19  37 
  0  25   1  57   2  31   3  61   4  42   5  44   6  31   7  58   8  64   9  53  10  24  11  53  12  25  13  16  14  62  15  39  16  32  17  79  18  66  19  36 
  0  28   1  59   2  34   3  61   4  49   5  44   6  36   7  58   8  64   9  58  10  26  11  52  12  28  13  17  14  63  15  43  16  35  17  78  18  71  19  38 
  0  30   1  57   2  36   3  60   4  49   5  47   6  38   7  63   8  64   9  59  10  28  11  55  12  27  13  16  14  64  15  45  16  38  17  80  18  72  19  38 
  0  26   1  59   2  31   3  62   4  45   5  44   6  31   7  58   8  66   9  52  10  24  11  52  12  22  13  18  14  64  15  42  16  35  17  79  18  70  19  38 
  0  29   1  57   2  35   3  60   4  47   5  47   6  32   7  62   8  66   9  57  10  28  11  55  12  24  13  18  14  63  15  43  16  35  17  78  18  71  19  37 
  0  31   1  58   2  34   3  63   4  44   5  48   6  33   7  62   8  64   9  54  10  26  11  55  12  28  13  16  14  63  15  42  16  35  17  77  18  68  19  36 
  0  26   1  57   2  30   3  59   4  43   5  46   6  29   7  57   8  64   9  54  10  26  11  52  12  24  13  17  14  62  15  37  16  33  17  76  18  65  19  36 
  0  34   1  59   2  34   3  63   4  46   5  45   6  39   7  61   8  65   9  57  10  28  11  54  12  28  13  18  14  64  15  46  16  37  17  80  18  74  19  36 
  0  34   1  58   2  35   3  63   4  48   5  48   6  39   7  61   8  64   9  61  10  27  11  57  12  28  13  16  14  64  15  47  16  39  17  80  18  74  19  38 
  0  32   1  59   2  34   3  63   4  49   5  48   6  39   7  63   8  64   9  61  10  28  11  57  12  29  13  18  14  64  15  47  16  39  17  78  18  75  19  38 
  0  32   1  58   2  33   3  63   4  46   5  47   6  38   7  60   8  66   9  60  10  26  11  56  12  26  13  18  14  64  15  44  16  36  17  78  18  74  19  36 


