
 20  20

  0  79   1  81   2  54   3  20   4  53   5  84   6  50   7  58   8  48   9  57  10  15  11  39  12  82  13  23  14  15  15  76  16  62  17  72  18  16  19  20 
  0  71   1  76   2  48   3  19   4  54   5  76   6  41   7  52   8  42   9  54  10  11  11  38  12  81  13  21  14  14  15  74  16  60  17  69  18  14  19  13 
  0  72   1  78   2  51   3  19   4  55   5  80   6  43   7  55   8  44   9  57  10  10  11  37  12  82  13  20  14  15  15  72  16  58  17  72  18  15  19  13 
  0  80   1  81   2  53   3  20   4  55   5  85   6  51   7  61   8  46   9  58  10  15  11  38  12  83  13  23  14  15  15  76  16  62  17  73  18  14  19  21 
  0  77   1  81   2  51   3  19   4  55   5  83   6  51   7  60   8  47   9  55  10  15  11  38  12  83  13  24  14  14  15  74  16  62  17  70  18  14  19  18 
  0  78   1  77   2  53   3  21   4  55   5  80   6  50   7  58   8  45   9  56  10  16  11  39  12  80  13  21  14  14  15  76  16  62  17  70  18  14  19  17 
  0  78   1  77   2  50   3  21   4  54   5  82   6  47   7  55   8  46   9  55  10  13  11  39  12  82  13  21  14  13  15  72  16  61  17  71  18  14  19  19 
  0  74   1  78   2  48   3  19   4  53   5  80   6  45   7  53   8  42   9  56  10  14  11  37  12  79  13  22  14  14  15  73  16  61  17  69  18  14  19  16 
  0  80   1  81   2  54   3  21   4  55   5  84   6  50   7  61   8  46   9  56  10  15  11  39  12  83  13  24  14  15  15  74  16  61  17  73  18  16  19  19 
  0  79   1  81   2  52   3  21   4  55   5  85   6  51   7  61   8  48   9  57  10  16  11  39  12  83  13  22  14  15  15  76  16  62  17  73  18  16  19  19 
  0  71   1  75   2  49   3  19   4  54   5  75   6  41   7  51   8  42   9  55  10   9  11  39  12  79  13  22  14  13  15  72  16  58  17  69  18  16  19  13 
  0  81   1  80   2  54   3  19   4  54   5  85   6  51   7  59   8  48   9  57  10  17  11  39  12  82  13  24  14  15  15  76  16  62  17  73  18  16  19  21 
  0  77   1  80   2  53   3  20   4  55   5  85   6  51   7  60   8  48   9  57  10  16  11  38  12  81  13  24  14  15  15  75  16  62  17  71  18  14  19  20 
  0  76   1  76   2  50   3  21   4  53   5  76   6  42   7  54   8  46   9  54  10   9  11  39  12  80  13  20  14  15  15  73  16  61  17  69  18  16  19  14 
  0  74   1  76   2  51   3  19   4  53   5  78   6  41   7  53   8  44   9  56  10  13  11  38  12  81  13  20  14  13  15  72  16  58  17  69  18  14  19  15 
  0  76   1  76   2  52   3  19   4  53   5  79   6  42   7  52   8  43   9  54  10  11  11  37  12  79  13  20  14  15  15  75  16  59  17  69  18  14  19  14 
  0  81   1  78   2  51   3  21   4  53   5  83   6  48   7  58   8  46   9  57  10  14  11  38  12  83  13  21  14  15  15  76  16  62  17  73  18  14  19  21 
  0  78   1  81   2  50   3  19   4  55   5  81   6  50   7  58   8  48   9  57  10  17  11  39  12  81  13  24  14  15  15  74  16  62  17  71  18  16  19  21 
  0  80   1  80   2  53   3  21   4  54   5  84   6  49   7  57   8  48   9  58  10  13  11  37  12  83  13  24  14  15  15  76  16  61  17  70  18  16  19  18 
  0  75   1  79   2  51   3  19   4  53   5  81   6  45   7  57   8  43   9  57  10  14  11  39  12  83  13  21  14  13  15  75  16  61  17  70  18  15  19  20 


