
 20  20

  0  17   1  32   2  69   3  60   4  14   5  31   6  14   7  55   8  63   9  68  10  28  11  56  12  62  13  29  14  39  15  32  16  39  17  51  18  65  19  44 
  0  18   1  35   2  69   3  64   4  16   5  33   6  16   7  59   8  64   9  68  10  30  11  56  12  64  13  34  14  38  15  34  16  43  17  54  18  66  19  46 
  0  15   1  34   2  69   3  63   4  15   5  31   6  16   7  56   8  63   9  68  10  30  11  57  12  63  13  30  14  40  15  31  16  43  17  51  18  65  19  46 
  0  16   1  32   2  71   3  60   4  11   5  31   6  15   7  56   8  63   9  67  10  27  11  56  12  62  13  29  14  38  15  33  16  43  17  50  18  67  19  47 
  0  21   1  40   2  73   3  69   4  21   5  33   6  15   7  62   8  69   9  70  10  34  11  58  12  63  13  32  14  44  15  35  16  48  17  55  18  67  19  48 
  0  22   1  36   2  73   3  68   4  17   5  32   6  16   7  62   8  65   9  70  10  31  11  58  12  64  13  34  14  39  15  31  16  45  17  51  18  67  19  45 
  0  22   1  38   2  73   3  67   4  20   5  33   6  14   7  62   8  68   9  73  10  32  11  58  12  64  13  35  14  44  15  34  16  45  17  54  18  67  19  47 
  0  17   1  34   2  72   3  64   4  15   5  33   6  14   7  58   8  63   9  70  10  28  11  56  12  63  13  32  14  38  15  32  16  43  17  52  18  67  19  47 
  0  19   1  38   2  70   3  64   4  15   5  31   6  15   7  62   8  69   9  69  10  33  11  57  12  62  13  31  14  40  15  34  16  43  17  55  18  65  19  46 
  0  23   1  39   2  73   3  67   4  19   5  31   6  16   7  64   8  69   9  71  10  32  11  58  12  64  13  32  14  44  15  34  16  47  17  56  18  66  19  48 
  0  16   1  34   2  69   3  63   4  16   5  33   6  15   7  57   8  64   9  69  10  31  11  56  12  63  13  29  14  40  15  32  16  44  17  54  18  67  19  44 
  0  20   1  39   2  73   3  69   4  16   5  31   6  14   7  61   8  66   9  71  10  32  11  58  12  62  13  34  14  42  15  33  16  47  17  53  18  67  19  48 
  0  17   1  37   2  70   3  63   4  17   5  33   6  16   7  59   8  67   9  71  10  33  11  57  12  64  13  33  14  41  15  34  16  43  17  53  18  65  19  46 
  0  14   1  32   2  72   3  61   4  12   5  31   6  15   7  54   8  64   9  68  10  30  11  56  12  63  13  30  14  39  15  32  16  41  17  50  18  67  19  45 
  0  19   1  35   2  73   3  69   4  18   5  31   6  16   7  61   8  67   9  73  10  35  11  57  12  64  13  35  14  41  15  32  16  44  17  55  18  67  19  48 
  0  24   1  40   2  71   3  70   4  21   5  32   6  14   7  62   8  69   9  71  10  35  11  58  12  64  13  35  14  43  15  35  16  49  17  56  18  67  19  46 
  0  17   1  33   2  71   3  60   4  11   5  31   6  16   7  57   8  63   9  68  10  28  11  58  12  64  13  31  14  38  15  31  16  40  17  52  18  66  19  46 
  0  16   1  30   2  69   3  61   4  12   5  33   6  14   7  54   8  63   9  69  10  28  11  56  12  62  13  31  14  36  15  31  16  39  17  51  18  65  19  44 
  0  21   1  40   2  70   3  67   4  18   5  33   6  16   7  63   8  66   9  70  10  32  11  58  12  62  13  33  14  41  15  35  16  45  17  53  18  65  19  48 
  0  15   1  32   2  69   3  62   4  12   5  31   6  14   7  58   8  66   9  68  10  30  11  56  12  64  13  32  14  36  15  31  16  42  17  51  18  67  19  44 


