
 20  20

  0  56   1  52   2  92   3  43   4  45   5  41   6  80   7  29   8  98   9  70  10  80  11  64  12  38  13  81  14  94  15  32  16  81  17  39  18  49  19  38 
  0  57   1  53   2  92   3  44   4  46   5  44   6  83   7  33   8  99   9  70  10  78  11  66  12  38  13  80  14  94  15  34  16  80  17  39  18  51  19  35 
  0  61   1  58   2  92   3  47   4  45   5  44   6  82   7  31   8  99   9  74  10  80  11  68  12  41  13  82  14  95  15  35  16  80  17  44  18  54  19  37 
  0  58   1  56   2  92   3  45   4  44   5  43   6  84   7  34   8  99   9  74  10  78  11  63  12  40  13  79  14  95  15  33  16  80  17  42  18  51  19  38 
  0  58   1  58   2  95   3  46   4  45   5  42   6  82   7  31   8  99   9  74  10  79  11  67  12  41  13  82  14  99  15  34  16  81  17  43  18  52  19  40 
  0  61   1  55   2  95   3  47   4  46   5  42   6  85   7  33   8  99   9  73  10  79  11  68  12  39  13  82  14  99  15  35  16  81  17  45  18  53  19  42 
  0  62   1  58   2  95   3  47   4  46   5  44   6  85   7  35   8  99   9  74  10  78  11  68  12  39  13  82  14  99  15  33  16  80  17  45  18  54  19  40 
  0  57   1  54   2  88   3  46   4  45   5  40   6  82   7  32   8  98   9  73  10  78  11  62  12  35  13  78  14  96  15  31  16  79  17  38  18  47  19  37 
  0  60   1  56   2  96   3  45   4  46   5  44   6  83   7  32   8  99   9  73  10  80  11  67  12  38  13  82  14  99  15  35  16  79  17  45  18  54  19  42 
  0  61   1  58   2  96   3  46   4  46   5  44   6  85   7  34   8  99   9  73  10  80  11  66  12  41  13  81  14  98  15  35  16  79  17  45  18  53  19  42 
  0  62   1  55   2  93   3  47   4  46   5  44   6  82   7  32   8  99   9  74  10  78  11  64  12  38  13  82  14  96  15  35  16  79  17  42  18  55  19  40 
  0  62   1  58   2  93   3  47   4  46   5  44   6  85   7  35   8  98   9  71  10  79  11  65  12  41  13  82  14  99  15  35  16  81  17  46  18  55  19  39 
  0  59   1  53   2  93   3  47   4  46   5  40   6  81   7  33   8  99   9  73  10  79  11  65  12  39  13  80  14  96  15  35  16  81  17  39  18  51  19  36 
  0  56   1  56   2  93   3  43   4  46   5  40   6  81   7  32   8  99   9  73  10  78  11  67  12  38  13  82  14  94  15  34  16  79  17  40  18  51  19  39 
  0  56   1  52   2  90   3  44   4  44   5  42   6  79   7  29   8  99   9  70  10  78  11  63  12  37  13  80  14  96  15  31  16  79  17  38  18  47  19  35 
  0  62   1  58   2  92   3  45   4  45   5  42   6  84   7  32   8  99   9  74  10  78  11  68  12  41  13  82  14  98  15  35  16  81  17  42  18  53  19  42 
  0  62   1  58   2  96   3  47   4  46   5  44   6  83   7  32   8  99   9  72  10  80  11  66  12  38  13  82  14  97  15  35  16  80  17  46  18  53  19  39 
  0  57   1  56   2  92   3  45   4  44   5  43   6  83   7  30   8  98   9  72  10  78  11  67  12  40  13  81  14  97  15  34  16  79  17  40  18  50  19  36 
  0  63   1  56   2  96   3  47   4  44   5  42   6  85   7  35   8  99   9  74  10  80  11  67  12  39  13  81  14  99  15  33  16  79  17  44  18  52  19  41 
  0  56   1  56   2  92   3  44   4  46   5  40   6  81   7  34   8  99   9  72  10  80  11  67  12  38  13  78  14  95  15  35  16  79  17  42  18  48  19  37 


