
 20  20

  0  71   1  36   2  31   3  57   4  53   5  66   6  50   7  24   8  43   9  18  10  74  11  69  12  77  13  15  14  27  15  54  16  53  17  63  18  56  19  37 
  0  62   1  29   2  29   3  54   4  49   5  58   6  44   7  16   8  39   9  13  10  69  11  67  12  73  13  15  14  21  15  46  16  49  17  55  18  53  19  31 
  0  64   1  32   2  28   3  54   4  50   5  61   6  46   7  19   8  39   9  13  10  66  11  67  12  75  13  15  14  24  15  47  16  47  17  59  18  54  19  32 
  0  66   1  32   2  29   3  56   4  55   5  64   6  46   7  19   8  42   9  14  10  70  11  69  12  73  13  15  14  27  15  50  16  52  17  62  18  56  19  35 
  0  61   1  30   2  30   3  56   4  49   5  61   6  45   7  19   8  40   9  12  10  67  11  69  12  75  13  14  14  23  15  47  16  49  17  58  18  52  19  31 
  0  66   1  33   2  32   3  58   4  54   5  62   6  51   7  21   8  43   9  16  10  72  11  68  12  75  13  16  14  25  15  50  16  52  17  58  18  55  19  37 
  0  69   1  35   2  31   3  56   4  55   5  66   6  52   7  24   8  43   9  17  10  74  11  71  12  75  13  14  14  27  15  52  16  55  17  62  18  54  19  37 
  0  68   1  34   2  29   3  57   4  55   5  61   6  47   7  20   8  39   9  17  10  71  11  67  12  76  13  14  14  26  15  51  16  51  17  60  18  56  19  36 
  0  67   1  31   2  29   3  55   4  55   5  64   6  47   7  21   8  42   9  18  10  73  11  68  12  77  13  16  14  26  15  49  16  52  17  61  18  53  19  34 
  0  63   1  28   2  28   3  54   4  51   5  58   6  42   7  16   8  41   9  12  10  67  11  67  12  76  13  14  14  21  15  46  16  49  17  55  18  52  19  32 
  0  71   1  37   2  30   3  56   4  54   5  66   6  52   7  24   8  43   9  18  10  74  11  71  12  77  13  16  14  26  15  54  16  55  17  63  18  55  19  35 
  0  67   1  32   2  31   3  56   4  50   5  63   6  49   7  20   8  39   9  17  10  70  11  69  12  74  13  16  14  26  15  49  16  51  17  59  18  55  19  35 
  0  71   1  34   2  32   3  56   4  55   5  65   6  52   7  21   8  43   9  16  10  71  11  71  12  75  13  16  14  25  15  51  16  54  17  63  18  54  19  37 
  0  70   1  37   2  32   3  58   4  55   5  65   6  52   7  21   8  43   9  18  10  71  11  71  12  75  13  15  14  27  15  51  16  55  17  63  18  56  19  35 
  0  65   1  32   2  28   3  54   4  51   5  63   6  44   7  17   8  40   9  15  10  69  11  67  12  73  13  14  14  24  15  48  16  49  17  59  18  56  19  31 
  0  69   1  34   2  31   3  58   4  54   5  63   6  48   7  20   8  41   9  18  10  74  11  68  12  77  13  16  14  23  15  54  16  51  17  61  18  56  19  36 
  0  67   1  32   2  29   3  55   4  53   5  63   6  45   7  19   8  40   9  14  10  68  11  67  12  75  13  14  14  23  15  50  16  50  17  58  18  53  19  36 
  0  69   1  32   2  31   3  58   4  53   5  62   6  47   7  19   8  40   9  15  10  71  11  69  12  77  13  16  14  26  15  50  16  52  17  58  18  53  19  35 
  0  70   1  35   2  29   3  58   4  52   5  63   6  52   7  24   8  41   9  17  10  74  11  70  12  77  13  15  14  26  15  54  16  54  17  63  18  53  19  37 
  0  68   1  37   2  31   3  58   4  52   5  65   6  49   7  24   8  43   9  17  10  74  11  70  12  74  13  16  14  25  15  51  16  54  17  59  18  53  19  34 


