
 20  20

  0  48   1  77   2  37   3  54   4  33   5  29   6  41   7  53   8  24   9  71  10  76  11  28  12  33  13  42  14  85  15  27  16  26  17  39  18  23  19  78 
  0  45   1  76   2  36   3  52   4  30   5  29   6  40   7  50   8  24   9  71  10  75  11  26  12  34  13  42  14  83  15  29  16  24  17  36  18  22  19  76 
  0  40   1  71   2  30   3  50   4  26   5  28   6  39   7  47   8  23   9  70  10  73  11  24  12  27  13  44  14  82  15  27  16  26  17  35  18  21  19  72 
  0  39   1  73   2  32   3  50   4  29   5  28   6  41   7  48   8  24   9  71  10  74  11  26  12  30  13  44  14  81  15  29  16  26  17  37  18  22  19  73 
  0  48   1  77   2  40   3  54   4  33   5  31   6  43   7  55   8  25   9  72  10  76  11  26  12  34  13  44  14  85  15  27  16  25  17  38  18  27  19  80 
  0  41   1  71   2  34   3  51   4  31   5  29   6  41   7  49   8  23   9  71  10  76  11  25  12  30  13  43  14  82  15  28  16  26  17  36  18  22  19  74 
  0  45   1  74   2  33   3  54   4  28   5  31   6  42   7  53   8  23   9  72  10  76  11  26  12  29  13  42  14  81  15  29  16  26  17  37  18  23  19  74 
  0  44   1  74   2  34   3  52   4  30   5  28   6  39   7  50   8  22   9  71  10  73  11  24  12  30  13  42  14  82  15  29  16  24  17  35  18  24  19  77 
  0  40   1  72   2  32   3  51   4  27   5  30   6  39   7  47   8  22   9  70  10  73  11  24  12  27  13  43  14  82  15  29  16  26  17  35  18  22  19  75 
  0  41   1  71   2  32   3  51   4  29   5  30   6  41   7  51   8  22   9  70  10  73  11  26  12  28  13  43  14  79  15  27  16  26  17  36  18  19  19  74 
  0  43   1  72   2  30   3  51   4  28   5  28   6  39   7  49   8  24   9  70  10  76  11  27  12  29  13  42  14  79  15  27  16  24  17  38  18  22  19  76 
  0  40   1  74   2  33   3  53   4  30   5  29   6  39   7  51   8  24   9  71  10  75  11  24  12  28  13  44  14  79  15  27  16  24  17  35  18  21  19  75 
  0  44   1  73   2  36   3  55   4  31   5  29   6  43   7  50   8  22   9  71  10  73  11  24  12  30  13  44  14  82  15  29  16  24  17  37  18  24  19  75 
  0  49   1  77   2  40   3  56   4  32   5  31   6  42   7  52   8  25   9  72  10  75  11  28  12  33  13  44  14  84  15  27  16  24  17  37  18  24  19  76 
  0  40   1  71   2  33   3  50   4  26   5  28   6  39   7  50   8  24   9  70  10  73  11  24  12  29  13  42  14  79  15  28  16  24  17  35  18  22  19  72 
  0  42   1  73   2  36   3  55   4  31   5  28   6  43   7  49   8  22   9  72  10  74  11  28  12  32  13  42  14  82  15  27  16  24  17  38  18  24  19  74 
  0  43   1  71   2  31   3  50   4  27   5  28   6  41   7  50   8  22   9  70  10  73  11  25  12  29  13  43  14  82  15  27  16  26  17  35  18  21  19  74 
  0  45   1  74   2  38   3  52   4  31   5  31   6  43   7  53   8  26   9  72  10  77  11  28  12  33  13  42  14  83  15  29  16  26  17  39  18  22  19  76 
  0  43   1  73   2  35   3  53   4  27   5  31   6  42   7  52   8  24   9  72  10  77  11  28  12  31  13  42  14  81  15  29  16  24  17  36  18  22  19  77 
  0  42   1  73   2  31   3  52   4  26   5  28   6  40   7  47   8  22   9  72  10  73  11  24  12  28  13  44  14  82  15  28  16  24  17  35  18  21  19  73 


