
 20  20

  0  56   1  87   2  42   3  91   4  65   5  78   6  74   7  76   8  73   9  32  10  43  11  67  12  38  13  62  14  70  15  74  16  27  17  98  18  62  19  53 
  0  54   1  82   2  42   3  89   4  61   5  75   6  73   7  76   8  73   9  27  10  43  11  62  12  38  13  60  14  65  15  70  16  27  17  92  18  59  19  51 
  0  58   1  88   2  42   3  91   4  66   5  79   6  74   7  80   8  73   9  34  10  44  11  65  12  41  13  64  14  69  15  74  16  31  17  98  18  60  19  56 
  0  54   1  85   2  42   3  88   4  67   5  78   6  73   7  78   8  74   9  29  10  43  11  64  12  41  13  60  14  70  15  72  16  31  17  97  18  60  19  53 
  0  54   1  85   2  44   3  92   4  66   5  75   6  75   7  79   8  74   9  31  10  42  11  65  12  38  13  64  14  69  15  75  16  30  17  96  18  60  19  57 
  0  58   1  88   2  42   3  93   4  69   5  77   6  75   7  78   8  75   9  32  10  43  11  64  12  39  13  64  14  70  15  75  16  31  17  98  18  62  19  55 
  0  54   1  84   2  39   3  89   4  63   5  78   6  74   7  78   8  74   9  27  10  42  11  63  12  39  13  60  14  66  15  73  16  29  17  95  18  55  19  54 
  0  51   1  83   2  39   3  87   4  62   5  76   6  74   7  76   8  73   9  30  10  42  11  65  12  37  13  62  14  65  15  74  16  29  17  96  18  58  19  52 
  0  57   1  85   2  44   3  92   4  67   5  78   6  75   7  78   8  75   9  32  10  44  11  67  12  39  13  64  14  70  15  75  16  29  17  96  18  61  19  55 
  0  58   1  87   2  43   3  90   4  68   5  79   6  75   7  78   8  74   9  33  10  44  11  67  12  42  13  64  14  71  15  75  16  31  17  96  18  61  19  57 
  0  50   1  81   2  39   3  85   4  62   5  75   6  74   7  78   8  75   9  28  10  42  11  63  12  38  13  58  14  67  15  72  16  29  17  94  18  55  19  51 
  0  58   1  85   2  43   3  93   4  67   5  79   6  75   7  79   8  73   9  32  10  44  11  66  12  42  13  64  14  71  15  74  16  31  17  95  18  62  19  57 
  0  53   1  83   2  39   3  85   4  62   5  76   6  74   7  76   8  73   9  27  10  42  11  62  12  39  13  60  14  65  15  71  16  30  17  95  18  58  19  53 
  0  54   1  83   2  41   3  89   4  64   5  78   6  73   7  78   8  73   9  30  10  44  11  62  12  39  13  63  14  68  15  75  16  30  17  97  18  58  19  52 
  0  54   1  84   2  40   3  89   4  62   5  79   6  74   7  78   8  75   9  29  10  44  11  64  12  39  13  61  14  70  15  74  16  28  17  97  18  58  19  52 
  0  60   1  88   2  43   3  92   4  68   5  78   6  75   7  80   8  73   9  34  10  42  11  65  12  40  13  63  14  71  15  76  16  29  17  98  18  63  19  57 
  0  59   1  86   2  44   3  93   4  68   5  77   6  75   7  79   8  75   9  32  10  44  11  64  12  41  13  64  14  68  15  76  16  29  17  98  18  61  19  56 
  0  57   1  85   2  45   3  91   4  65   5  76   6  73   7  80   8  73   9  33  10  42  11  64  12  42  13  64  14  68  15  75  16  30  17  97  18  60  19  53 
  0  53   1  83   2  41   3  89   4  64   5  79   6  74   7  78   8  74   9  27  10  44  11  65  12  37  13  60  14  67  15  74  16  29  17  94  18  56  19  55 
  0  59   1  85   2  44   3  93   4  69   5  76   6  74   7  79   8  73   9  32  10  44  11  65  12  39  13  63  14  68  15  73  16  31  17  96  18  63  19  54 


