
 20  20

  0  85   1  35   2  76   3  88   4  41   5  78   6  70   7  36   8  53   9  73  10  95  11  86  12  52  13  73  14  74  15  74  16  57  17  48  18  36  19  59 
  0  86   1  35   2  77   3  87   4  38   5  80   6  68   7  36   8  53   9  74  10  93  11  85  12  52  13  74  14  76  15  71  16  54  17  49  18  39  19  59 
  0  85   1  35   2  78   3  84   4  39   5  81   6  67   7  34   8  53   9  75  10  94  11  83  12  54  13  75  14  76  15  73  16  55  17  49  18  37  19  59 
  0  81   1  33   2  75   3  83   4  39   5  76   6  66   7  36   8  51   9  71  10  91  11  83  12  52  13  75  14  75  15  70  16  56  17  48  18  37  19  58 
  0  76   1  33   2  69   3  84   4  34   5  74   6  66   7  36   8  47   9  67  10  87  11  76  12  53  13  73  14  73  15  65  16  53  17  47  18  35  19  57 
  0  82   1  35   2  74   3  85   4  36   5  78   6  66   7  34   8  49   9  70  10  91  11  81  12  54  13  75  14  76  15  71  16  55  17  49  18  36  19  57 
  0  81   1  35   2  74   3  85   4  41   5  78   6  70   7  34   8  52   9  75  10  93  11  84  12  53  13  73  14  76  15  72  16  57  17  49  18  39  19  59 
  0  84   1  35   2  76   3  86   4  39   5  77   6  71   7  34   8  48   9  73  10  91  11  80  12  52  13  74  14  74  15  69  16  54  17  47  18  35  19  59 
  0  82   1  33   2  76   3  87   4  39   5  77   6  70   7  34   8  48   9  75  10  92  11  80  12  52  13  75  14  77  15  71  16  54  17  49  18  35  19  57 
  0  77   1  33   2  72   3  82   4  34   5  74   6  65   7  36   8  46   9  69  10  91  11  80  12  54  13  74  14  74  15  68  16  55  17  48  18  37  19  59 
  0  78   1  33   2  69   3  85   4  32   5  75   6  66   7  36   8  47   9  70  10  87  11  77  12  54  13  73  14  72  15  69  16  54  17  47  18  36  19  59 
  0  84   1  35   2  73   3  87   4  40   5  80   6  71   7  36   8  52   9  73  10  91  11  84  12  54  13  74  14  77  15  70  16  55  17  47  18  39  19  57 
  0  78   1  33   2  70   3  82   4  33   5  73   6  66   7  34   8  45   9  67  10  89  11  77  12  52  13  73  14  72  15  65  16  52  17  48  18  35  19  57 
  0  84   1  34   2  74   3  87   4  37   5  79   6  69   7  36   8  51   9  72  10  92  11  84  12  52  13  73  14  77  15  74  16  57  17  49  18  38  19  59 
  0  84   1  33   2  75   3  84   4  36   5  75   6  68   7  35   8  50   9  73  10  91  11  83  12  54  13  73  14  76  15  70  16  56  17  49  18  35  19  57 
  0  81   1  33   2  73   3  84   4  38   5  76   6  68   7  34   8  47   9  72  10  93  11  79  12  53  13  73  14  76  15  72  16  55  17  48  18  38  19  57 
  0  85   1  35   2  76   3  87   4  41   5  78   6  71   7  34   8  53   9  77  10  94  11  86  12  53  13  74  14  74  15  74  16  54  17  47  18  39  19  58 
  0  84   1  33   2  73   3  85   4  38   5  78   6  69   7  36   8  51   9  73  10  94  11  84  12  53  13  73  14  75  15  70  16  57  17  49  18  35  19  57 
  0  76   1  33   2  69   3  83   4  32   5  73   6  65   7  34   8  47   9  68  10  87  11  76  12  52  13  73  14  71  15  65  16  51  17  47  18  38  19  57 
  0  83   1  33   2  74   3  83   4  38   5  75   6  66   7  36   8  48   9  72  10  92  11  82  12  54  13  74  14  76  15  71  16  56  17  49  18  38  19  59 


