
 20  20

  0  18   1  56   2  72   3  55   4  56   5  30   6  46   7  22   8  47   9  30  10  26  11  79  12  17  13  30  14  76  15  31  16  73  17  14  18  47  19  70 
  0  14   1  55   2  72   3  52   4  53   5  29   6  43   7  20   8  46   9  28  10  22  11  73  12  15  13  26  14  72  15  26  16  66  17  13  18  45  19  71 
  0  17   1  54   2  70   3  52   4  55   5  28   6  46   7  22   8  48   9  28  10  25  11  74  12  15  13  28  14  72  15  29  16  66  17  11  18  45  19  70 
  0  16   1  54   2  71   3  52   4  56   5  28   6  47   7  24   8  48   9  29  10  26  11  74  12  15  13  26  14  75  15  27  16  70  17  16  18  45  19  70 
  0  17   1  56   2  71   3  55   4  56   5  28   6  49   7  24   8  48   9  30  10  25  11  78  12  18  13  27  14  76  15  31  16  69  17  14  18  47  19  70 
  0  22   1  56   2  76   3  61   4  57   5  30   6  48   7  26   8  52   9  29  10  28  11  83  12  19  13  30  14  76  15  33  16  76  17  15  18  47  19  71 
  0  15   1  54   2  70   3  51   4  52   5  28   6  43   7  20   8  45   9  28  10  22  11  73  12  15  13  25  14  72  15  25  16  68  17  12  18  45  19  70 
  0  16   1  54   2  72   3  51   4  54   5  28   6  44   7  21   8  45   9  29  10  22  11  73  12  16  13  26  14  72  15  26  16  67  17  13  18  45  19  70 
  0  14   1  56   2  70   3  54   4  54   5  30   6  43   7  21   8  49   9  28  10  25  11  75  12  15  13  30  14  74  15  30  16  71  17  16  18  46  19  70 
  0  22   1  56   2  74   3  59   4  56   5  28   6  50   7  25   8  49   9  29  10  26  11  82  12  16  13  33  14  77  15  31  16  74  17  16  18  47  19  72 
  0  13   1  54   2  70   3  53   4  52   5  30   6  43   7  20   8  45   9  29  10  22  11  73  12  15  13  25  14  72  15  25  16  69  17  11  18  45  19  70 
  0  18   1  54   2  74   3  57   4  56   5  30   6  48   7  24   8  50   9  29  10  25  11  79  12  16  13  27  14  73  15  29  16  69  17  14  18  45  19  71 
  0  19   1  56   2  74   3  58   4  58   5  29   6  46   7  23   8  52   9  30  10  25  11  81  12  19  13  32  14  74  15  32  16  71  17  18  18  45  19  72 
  0  19   1  56   2  72   3  58   4  59   5  30   6  46   7  23   8  49   9  28  10  25  11  77  12  19  13  28  14  78  15  28  16  74  17  15  18  45  19  71 
  0  15   1  54   2  70   3  51   4  52   5  28   6  42   7  19   8  47   9  30  10  22  11  73  12  15  13  25  14  72  15  25  16  67  17  12  18  45  19  72 
  0  21   1  54   2  75   3  61   4  59   5  29   6  52   7  27   8  52   9  30  10  30  11  83  12  18  13  32  14  76  15  33  16  76  17  19  18  47  19  71 
  0  13   1  56   2  73   3  53   4  52   5  28   6  43   7  19   8  45   9  29  10  25  11  75  12  16  13  25  14  75  15  25  16  66  17  11  18  45  19  71 
  0  23   1  55   2  76   3  58   4  57   5  28   6  50   7  28   8  50   9  30  10  27  11  79  12  19  13  33  14  76  15  29  16  72  17  16  18  46  19  70 
  0  21   1  55   2  72   3  60   4  58   5  28   6  47   7  26   8  50   9  28  10  27  11  81  12  19  13  31  14  76  15  31  16  73  17  17  18  47  19  72 
  0  19   1  56   2  71   3  55   4  54   5  28   6  48   7  21   8  47   9  30  10  23  11  75  12  17  13  30  14  72  15  26  16  72  17  15  18  47  19  72 


