
 20  20

  0  36   1  61   2  62   3  65   4  34   5  63   6  19   7  25   8  11   9  10  10  26  11  30  12  36  13  73  14  50  15  51  16  66  17  73  18  25  19  72 
  0  44   1  61   2  66   3  69   4  43   5  65   6  25   7  32   8  15   9  18  10  26  11  31  12  38  13  75  14  55  15  58  16  72  17  73  18  26  19  74 
  0  39   1  60   2  64   3  69   4  36   5  65   6  18   7  28   8  14   9  14  10  24  11  31  12  35  13  73  14  51  15  52  16  68  17  71  18  25  19  74 
  0  44   1  60   2  65   3  69   4  39   5  65   6  21   7  27   8  11   9  17  10  26  11  29  12  37  13  77  14  54  15  56  16  69  17  72  18  28  19  74 
  0  46   1  60   2  68   3  69   4  43   5  65   6  25   7  32   8  14   9  19  10  26  11  31  12  40  13  77  14  55  15  59  16  72  17  71  18  27  19  73 
  0  46   1  62   2  68   3  70   4  43   5  65   6  23   7  32   8  15   9  19  10  25  11  31  12  39  13  76  14  55  15  60  16  71  17  73  18  28  19  74 
  0  41   1  60   2  64   3  67   4  36   5  63   6  22   7  25   8  12   9  12  10  24  11  31  12  37  13  73  14  50  15  56  16  69  17  71  18  24  19  72 
  0  42   1  62   2  66   3  69   4  40   5  65   6  20   7  27   8  10   9  16  10  26  11  29  12  38  13  75  14  51  15  54  16  71  17  71  18  26  19  74 
  0  36   1  61   2  62   3  66   4  33   5  61   6  18   7  22   8   9   9  10  10  24  11  29  12  34  13  71  14  47  15  52  16  67  17  71  18  22  19  74 
  0  45   1  62   2  66   3  70   4  40   5  63   6  21   7  29   8  13   9  16  10  26  11  30  12  39  13  77  14  55  15  56  16  69  17  73  18  27  19  74 
  0  39   1  62   2  64   3  64   4  35   5  61   6  20   7  24   8   9   9  11  10  26  11  31  12  36  13  72  14  49  15  50  16  67  17  73  18  22  19  72 
  0  38   1  60   2  64   3  64   4  33   5  61   6  19   7  22   8  11   9  11  10  24  11  29  12  34  13  72  14  49  15  52  16  66  17  71  18  24  19  74 
  0  44   1  62   2  66   3  68   4  43   5  65   6  24   7  30   8  14   9  17  10  26  11  31  12  40  13  77  14  54  15  60  16  72  17  73  18  27  19  74 
  0  40   1  61   2  65   3  68   4  35   5  62   6  17   7  27   8  12   9  11  10  26  11  29  12  34  13  72  14  47  15  53  16  67  17  72  18  23  19  73 
  0  36   1  60   2  63   3  64   4  35   5  61   6  17   7  24   8  11   9   9  10  26  11  29  12  34  13  71  14  48  15  52  16  66  17  73  18  22  19  72 
  0  38   1  62   2  65   3  67   4  37   5  62   6  17   7  22   8  12   9  10  10  26  11  31  12  35  13  71  14  50  15  50  16  68  17  71  18  25  19  73 
  0  41   1  60   2  66   3  65   4  38   5  61   6  20   7  26   8   9   9  13  10  25  11  30  12  38  13  71  14  48  15  52  16  66  17  73  18  24  19  72 
  0  45   1  60   2  67   3  70   4  42   5  65   6  25   7  32   8  15   9  19  10  25  11  31  12  39  13  77  14  55  15  60  16  70  17  71  18  28  19  74 
  0  38   1  60   2  62   3  66   4  33   5  61   6  21   7  25   8  12   9  13  10  26  11  29  12  34  13  72  14  48  15  54  16  66  17  72  18  24  19  73 
  0  45   1  61   2  66   3  69   4  40   5  65   6  25   7  30   8  15   9  19  10  26  11  30  12  40  13  77  14  55  15  60  16  70  17  71  18  26  19  74 


