
 20  20

  0  24   1  63   2  12   3  36   4  77   5  32   6  77   7  59   8  12   9  61  10  20  11  68  12  71  13  15  14  42  15  20  16  68  17  37  18  64  19  29 
  0  15   1  60   2  10   3  34   4  73   5  30   6  68   7  60   8   4   9  54  10  16  11  58  12  63  13   8  14  32  15  20  16  66  17  29  18  54  19  28 
  0  18   1  59   2  12   3  32   4  75   5  30   6  70   7  59   8   5   9  57  10  17  11  62  12  68  13  12  14  38  15  20  16  66  17  32  18  57  19  29 
  0  22   1  63   2  12   3  34   4  77   5  30   6  70   7  60   8   9   9  55  10  15  11  64  12  69  13  12  14  35  15  21  16  68  17  31  18  60  19  29 
  0  25   1  63   2  12   3  37   4  77   5  31   6  77   7  60   8   9   9  61  10  18  11  68  12  70  13  16  14  42  15  22  16  66  17  37  18  62  19  29 
  0  17   1  59   2  10   3  34   4  75   5  31   6  67   7  59   8   7   9  54  10  17  11  61  12  65  13  10  14  33  15  21  16  66  17  29  18  55  19  27 
  0  21   1  62   2  10   3  37   4  76   5  32   6  70   7  60   8   8   9  59  10  18  11  64  12  69  13  14  14  37  15  22  16  66  17  33  18  57  19  29 
  0  17   1  61   2  10   3  36   4  73   5  32   6  71   7  58   8   4   9  54  10  15  11  60  12  65  13  11  14  33  15  21  16  68  17  29  18  55  19  27 
  0  20   1  60   2  11   3  35   4  74   5  32   6  74   7  58   8   7   9  57  10  20  11  62  12  66  13  14  14  38  15  22  16  68  17  34  18  60  19  29 
  0  21   1  63   2  12   3  35   4  74   5  31   6  74   7  59   8   9   9  56  10  17  11  65  12  70  13  14  14  36  15  22  16  66  17  36  18  59  19  29 
  0  21   1  60   2  12   3  38   4  74   5  31   6  77   7  58   8   9   9  59  10  19  11  67  12  70  13  13  14  42  15  21  16  68  17  35  18  62  19  27 
  0  23   1  60   2  12   3  35   4  73   5  30   6  72   7  58   8   9   9  58  10  17  11  62  12  68  13  13  14  37  15  20  16  68  17  36  18  60  19  27 
  0  18   1  60   2  10   3  33   4  75   5  32   6  71   7  58   8   5   9  56  10  15  11  59  12  63  13  11  14  33  15  20  16  68  17  29  18  58  19  28 
  0  23   1  62   2  10   3  38   4  75   5  32   6  75   7  59   8  11   9  58  10  20  11  64  12  68  13  12  14  38  15  22  16  66  17  36  18  60  19  27 
  0  21   1  59   2  10   3  32   4  74   5  32   6  72   7  60   8   8   9  58  10  17  11  61  12  66  13   9  14  37  15  20  16  66  17  33  18  59  19  28 
  0  17   1  61   2  11   3  37   4  77   5  31   6  70   7  58   8   5   9  58  10  15  11  62  12  67  13  12  14  37  15  22  16  68  17  33  18  59  19  29 
  0  18   1  60   2  11   3  35   4  75   5  32   6  70   7  58   8   5   9  56  10  15  11  60  12  64  13   9  14  38  15  21  16  68  17  30  18  58  19  27 
  0  17   1  59   2  11   3  34   4  73   5  31   6  69   7  59   8   4   9  53  10  14  11  60  12  64  13   8  14  32  15  22  16  66  17  31  18  55  19  28 
  0  18   1  59   2  11   3  32   4  76   5  31   6  71   7  58   8   5   9  53  10  14  11  59  12  64  13   9  14  35  15  20  16  66  17  30  18  55  19  27 
  0  25   1  60   2  10   3  36   4  77   5  32   6  75   7  59   8  11   9  58  10  19  11  67  12  69  13  16  14  42  15  21  16  66  17  36  18  62  19  29 


