
 20  20

  0  38   1  33   2  19   3  20   4  30   5  81   6  42   7  18   8  20   9  32  10  64  11  60  12  29  13  40  14  23  15  74  16  17  17  28  18  68  19  25 
  0  32   1  31   2  17   3  21   4  28   5  80   6  42   7  18   8  19   9  28  10  62  11  56  12  26  13  35  14  21  15  76  16  19  17  25  18  64  19  22 
  0  31   1  25   2  10   3  14   4  28   5  80   6  40   7  12   8  19   9  28  10  60  11  55  12  22  13  30  14  21  15  70  16  16  17  20  18  61  19  22 
  0  38   1  31   2  18   3  19   4  30   5  81   6  41   7  15   8  20   9  32  10  64  11  60  12  26  13  36  14  23  15  74  16  19  17  27  18  68  19  22 
  0  30   1  28   2  13   3  14   4  30   5  82   6  42   7  16   8  20   9  30  10  60  11  57  12  24  13  33  14  22  15  71  16  13  17  20  18  59  19  23 
  0  33   1  25   2  12   3  16   4  30   5  82   6  41   7  14   8  19   9  28  10  63  11  57  12  26  13  32  14  23  15  69  16  15  17  21  18  63  19  21 
  0  35   1  32   2  17   3  20   4  30   5  82   6  42   7  18   8  21   9  32  10  64  11  60  12  30  13  40  14  21  15  77  16  19  17  27  18  66  19  25 
  0  32   1  31   2  16   3  20   4  28   5  81   6  42   7  18   8  19   9  30  10  64  11  57  12  29  13  35  14  23  15  75  16  18  17  25  18  65  19  22 
  0  36   1  33   2  15   3  22   4  30   5  82   6  40   7  17   8  21   9  30  10  64  11  60  12  29  13  39  14  23  15  73  16  17  17  24  18  66  19  25 
  0  30   1  26   2  13   3  19   4  30   5  80   6  40   7  14   8  21   9  26  10  61  11  58  12  26  13  36  14  23  15  71  16  13  17  25  18  63  19  21 
  0  32   1  26   2  11   3  14   4  30   5  81   6  40   7  13   8  20   9  27  10  60  11  55  12  22  13  30  14  21  15  71  16  14  17  20  18  59  19  24 
  0  35   1  30   2  17   3  19   4  30   5  82   6  41   7  16   8  20   9  30  10  63  11  60  12  27  13  37  14  22  15  75  16  19  17  26  18  67  19  25 
  0  32   1  28   2  17   3  20   4  30   5  82   6  42   7  18   8  19   9  29  10  63  11  58  12  25  13  38  14  21  15  74  16  18  17  23  18  65  19  23 
  0  33   1  28   2  12   3  20   4  30   5  82   6  41   7  17   8  19   9  27  10  61  11  57  12  24  13  36  14  21  15  74  16  14  17  26  18  65  19  25 
  0  29   1  25   2  10   3  14   4  28   5  81   6  40   7  13   8  19   9  26  10  60  11  56  12  22  13  30  14  21  15  73  16  15  17  24  18  61  19  23 
  0  38   1  33   2  17   3  20   4  30   5  82   6  40   7  15   8  19   9  30  10  64  11  59  12  29  13  37  14  23  15  75  16  19  17  25  18  65  19  25 
  0  37   1  34   2  18   3  21   4  30   5  81   6  42   7  18   8  20   9  32  10  62  11  58  12  30  13  39  14  23  15  77  16  18  17  28  18  68  19  25 
  0  35   1  31   2  14   3  21   4  28   5  82   6  40   7  15   8  19   9  29  10  61  11  56  12  25  13  38  14  21  15  76  16  15  17  26  18  65  19  21 
  0  33   1  28   2  13   3  19   4  30   5  80   6  40   7  16   8  19   9  28  10  62  11  56  12  28  13  36  14  21  15  75  16  15  17  26  18  64  19  22 
  0  29   1  29   2  12   3  15   4  28   5  81   6  42   7  15   8  19   9  30  10  61  11  55  12  25  13  32  14  23  15  70  16  17  17  24  18  60  19  23 


