
 20  20

  0  21   1  77   2  79   3  51   4  29   5  27   6  84   7  60   8  38   9  58  10  26  11  33  12  45  13  29  14  42  15  30  16  34  17  52  18  27  19  32 
  0  15   1  74   2  76   3  45   4  28   5  28   6  81   7  60   8  32   9  58  10  24  11  28  12  39  13  27  14  38  15  28  16  31  17  45  18  27  19  29 
  0  14   1  77   2  70   3  45   4  23   5  28   6  78   7  58   8  29   9  54  10  21  11  29  12  40  13  26  14  40  15  26  16  24  17  45  18  25  19  23 
  0  16   1  78   2  74   3  44   4  25   5  27   6  76   7  58   8  32   9  59  10  20  11  31  12  40  13  28  14  42  15  24  16  29  17  47  18  25  19  25 
  0  12   1  75   2  71   3  45   4  23   5  27   6  74   7  59   8  30   9  57  10  18  11  26  12  40  13  23  14  40  15  25  16  26  17  42  18  26  19  22 
  0  13   1  74   2  69   3  43   4  25   5  26   6  74   7  60   8  28   9  54  10  20  11  27  12  39  13  24  14  39  15  24  16  24  17  42  18  25  19  22 
  0  12   1  74   2  70   3  43   4  25   5  28   6  76   7  59   8  31   9  56  10  19  11  28  12  40  13  23  14  39  15  25  16  26  17  46  18  25  19  24 
  0  20   1  78   2  79   3  51   4  28   5  28   6  82   7  60   8  36   9  60  10  26  11  34  12  45  13  28  14  42  15  32  16  33  17  52  18  27  19  31 
  0  14   1  74   2  71   3  44   4  24   5  28   6  76   7  59   8  28   9  54  10  18  11  26  12  37  13  25  14  39  15  22  16  26  17  42  18  26  19  23 
  0  20   1  78   2  77   3  47   4  29   5  26   6  80   7  58   8  36   9  58  10  23  11  33  12  43  13  30  14  39  15  31  16  33  17  50  18  25  19  28 
  0  20   1  75   2  77   3  52   4  28   5  27   6  81   7  60   8  34   9  60  10  25  11  32  12  42  13  28  14  42  15  30  16  34  17  49  18  27  19  32 
  0  13   1  75   2  72   3  46   4  26   5  26   6  77   7  60   8  29   9  55  10  18  11  26  12  37  13  24  14  40  15  26  16  24  17  43  18  25  19  23 
  0  22   1  78   2  77   3  48   4  29   5  26   6  81   7  60   8  35   9  57  10  24  11  32  12  43  13  28  14  41  15  28  16  30  17  48  18  27  19  28 
  0  14   1  74   2  69   3  42   4  24   5  26   6  75   7  60   8  31   9  56  10  18  11  26  12  40  13  24  14  40  15  23  16  24  17  43  18  25  19  24 
  0  17   1  74   2  73   3  44   4  23   5  28   6  78   7  59   8  31   9  58  10  23  11  27  12  38  13  24  14  38  15  26  16  28  17  48  18  26  19  25 
  0  12   1  74   2  70   3  43   4  24   5  26   6  76   7  58   8  29   9  54  10  18  11  27  12  37  13  23  14  38  15  22  16  24  17  42  18  27  19  23 
  0  14   1  76   2  69   3  42   4  24   5  28   6  77   7  58   8  30   9  54  10  20  11  27  12  37  13  26  14  38  15  22  16  26  17  44  18  25  19  24 
  0  15   1  77   2  76   3  49   4  28   5  27   6  79   7  60   8  33   9  59  10  20  11  31  12  42  13  28  14  39  15  25  16  27  17  49  18  26  19  29 
  0  16   1  74   2  72   3  46   4  27   5  28   6  79   7  58   8  33   9  56  10  22  11  31  12  40  13  27  14  41  15  26  16  27  17  49  18  25  19  28 
  0  17   1  74   2  74   3  46   4  26   5  26   6  78   7  59   8  30   9  56  10  22  11  31  12  41  13  29  14  39  15  28  16  26  17  44  18  25  19  26 


