
 20  20

  0  70   1  78   2  20   3  89   4  63   5  66   6  60   7  20   8  30   9  29  10  86  11  65  12  75  13  40  14  28  15  63  16  31  17  81  18  61  19  55 
  0  66   1  76   2  19   3  87   4  64   5  63   6  60   7  22   8  28   9  27  10  84  11  62  12  71  13  38  14  29  15  61  16  28  17  79  18  58  19  52 
  0  63   1  75   2  19   3  84   4  63   5  60   6  59   7  20   8  28   9  27  10  79  11  61  12  69  13  31  14  26  15  61  16  28  17  78  18  60  19  49 
  0  65   1  77   2  17   3  83   4  62   5  63   6  61   7  20   8  28   9  27  10  82  11  61  12  69  13  33  14  25  15  62  16  26  17  76  18  57  19  50 
  0  61   1  74   2  18   3  81   4  62   5  60   6  59   7  19   8  28   9  28  10  81  11  60  12  69  13  31  14  25  15  61  16  25  17  76  18  59  19  51 
  0  63   1  74   2  20   3  81   4  62   5  60   6  59   7  20   8  28   9  27  10  80  11  60  12  68  13  30  14  24  15  62  16  25  17  78  18  60  19  52 
  0  62   1  77   2  21   3  83   4  64   5  61   6  61   7  18   8  29   9  27  10  80  11  62  12  68  13  34  14  25  15  63  16  26  17  76  18  61  19  50 
  0  69   1  77   2  19   3  86   4  63   5  64   6  61   7  21   8  28   9  27  10  85  11  62  12  74  13  34  14  26  15  63  16  28  17  77  18  60  19  53 
  0  68   1  78   2  19   3  84   4  63   5  66   6  61   7  18   8  29   9  30  10  86  11  65  12  75  13  35  14  27  15  61  16  31  17  80  18  63  19  56 
  0  67   1  78   2  18   3  87   4  64   5  64   6  61   7  21   8  30   9  28  10  82  11  61  12  74  13  36  14  25  15  63  16  30  17  76  18  58  19  52 
  0  67   1  75   2  19   3  86   4  64   5  63   6  59   7  18   8  28   9  30  10  82  11  61  12  74  13  36  14  29  15  63  16  26  17  76  18  61  19  55 
  0  67   1  75   2  22   3  89   4  64   5  68   6  61   7  22   8  30   9  28  10  86  11  62  12  72  13  35  14  26  15  61  16  29  17  81  18  59  19  55 
  0  61   1  75   2  18   3  81   4  63   5  60   6  60   7  19   8  28   9  27  10  81  11  63  12  71  13  30  14  27  15  61  16  25  17  75  18  58  19  51 
  0  67   1  78   2  20   3  83   4  63   5  63   6  59   7  21   8  28   9  30  10  81  11  63  12  71  13  34  14  25  15  63  16  26  17  80  18  59  19  52 
  0  68   1  78   2  22   3  88   4  64   5  64   6  61   7  22   8  28   9  30  10  87  11  63  12  74  13  38  14  26  15  61  16  29  17  80  18  59  19  54 
  0  62   1  76   2  17   3  85   4  63   5  60   6  61   7  18   8  30   9  27  10  80  11  60  12  70  13  33  14  26  15  62  16  26  17  75  18  59  19  53 
  0  61   1  74   2  19   3  84   4  62   5  62   6  60   7  18   8  28   9  27  10  80  11  63  12  69  13  33  14  24  15  61  16  25  17  78  18  58  19  51 
  0  68   1  78   2  20   3  86   4  64   5  65   6  61   7  21   8  28   9  31  10  87  11  62  12  72  13  36  14  27  15  62  16  28  17  81  18  63  19  52 
  0  65   1  74   2  20   3  87   4  63   5  63   6  60   7  18   8  30   9  29  10  85  11  65  12  72  13  34  14  29  15  62  16  27  17  78  18  62  19  52 
  0  63   1  77   2  19   3  84   4  63   5  61   6  59   7  18   8  30   9  28  10  81  11  60  12  70  13  33  14  26  15  61  16  25  17  78  18  58  19  51 


