
 20  20

  0  28   1  23   2  77   3  40   4  77   5  80   6  87   7  51   8  63   9  69  10  73  11  73  12  45  13  54  14  57  15  84  16  88  17  77  18  49  19  68 
  0  31   1  26   2  77   3  40   4  80   5  82   6  87   7  52   8  63   9  73  10  73  11  71  12  48  13  54  14  61  15  81  16  90  17  77  18  50  19  66 
  0  36   1  27   2  77   3  39   4  81   5  80   6  87   7  52   8  61   9  74  10  73  11  73  12  48  13  57  14  61  15  82  16  91  17  81  18  51  19  70 
  0  32   1  24   2  78   3  38   4  80   5  81   6  85   7  48   8  63   9  72  10  72  11  72  12  47  13  57  14  59  15  80  16  90  17  79  18  49  19  66 
  0  36   1  27   2  76   3  40   4  81   5  82   6  87   7  52   8  63   9  75  10  74  11  74  12  49  13  58  14  62  15  84  16  89  17  81  18  51  19  70 
  0  34   1  27   2  78   3  40   4  82   5  82   6  87   7  50   8  61   9  74  10  75  11  75  12  49  13  58  14  63  15  83  16  91  17  80  18  49  19  69 
  0  29   1  20   2  77   3  39   4  77   5  82   6  85   7  49   8  62   9  72  10  72  11  72  12  44  13  53  14  60  15  80  16  88  17  76  18  51  19  69 
  0  31   1  23   2  76   3  38   4  81   5  80   6  87   7  49   8  61   9  73  10  72  11  70  12  44  13  52  14  57  15  84  16  89  17  75  18  51  19  65 
  0  31   1  21   2  77   3  38   4  80   5  80   6  86   7  50   8  61   9  69  10  71  11  70  12  47  13  52  14  60  15  80  16  89  17  77  18  49  19  65 
  0  30   1  25   2  78   3  38   4  79   5  82   6  87   7  49   8  62   9  71  10  75  11  75  12  49  13  54  14  58  15  81  16  90  17  77  18  49  19  68 
  0  30   1  25   2  74   3  38   4  77   5  80   6  87   7  52   8  63   9  72  10  74  11  74  12  48  13  56  14  59  15  81  16  90  17  78  18  51  19  65 
  0  30   1  26   2  77   3  40   4  78   5  80   6  87   7  52   8  62   9  71  10  72  11  75  12  45  13  57  14  58  15  84  16  90  17  80  18  50  19  67 
  0  26   1  19   2  76   3  38   4  77   5  80   6  85   7  49   8  62   9  67  10  69  11  69  12  43  13  50  14  55  15  80  16  87  17  74  18  49  19  64 
  0  28   1  23   2  74   3  40   4  79   5  80   6  87   7  49   8  62   9  71  10  72  11  71  12  46  13  53  14  60  15  84  16  90  17  76  18  51  19  66 
  0  33   1  27   2  78   3  39   4  81   5  81   6  87   7  52   8  63   9  72  10  75  11  75  12  49  13  56  14  63  15  84  16  89  17  78  18  50  19  67 
  0  31   1  20   2  74   3  38   4  80   5  81   6  87   7  48   8  61   9  68  10  72  11  72  12  43  13  54  14  58  15  82  16  87  17  74  18  49  19  65 
  0  33   1  22   2  75   3  38   4  81   5  82   6  86   7  52   8  62   9  70  10  75  11  74  12  46  13  56  14  61  15  83  16  91  17  80  18  49  19  70 
  0  30   1  23   2  74   3  38   4  77   5  80   6  87   7  48   8  63   9  72  10  71  11  71  12  44  13  54  14  60  15  83  16  87  17  78  18  49  19  66 
  0  36   1  27   2  78   3  38   4  82   5  82   6  85   7  52   8  63   9  75  10  75  11  75  12  47  13  58  14  61  15  83  16  91  17  81  18  49  19  70 
  0  33   1  25   2  78   3  39   4  81   5  82   6  86   7  52   8  63   9  73  10  72  11  74  12  49  13  56  14  61  15  82  16  91  17  81  18  51  19  70 


