
 20  20

  0  41   1  85   2  88   3  62   4  92   5  59   6  41   7  76   8  84   9  27  10  34  11  70  12  77  13  55  14  40  15  48  16  59  17  48  18  43  19  40 
  0  50   1  88   2  91   3  64   4  91   5  61   6  45   7  76   8  87   9  33  10  36  11  77  12  80  13  57  14  42  15  52  16  62  17  50  18  49  19  46 
  0  47   1  91   2  93   3  67   4  94   5  61   6  45   7  75   8  88   9  32  10  36  11  77  12  81  13  55  14  42  15  55  16  66  17  51  18  49  19  44 
  0  44   1  83   2  88   3  59   4  88   5  59   6  43   7  75   8  82   9  27  10  32  11  70  12  79  13  55  14  41  15  49  16  60  17  44  18  43  19  41 
  0  44   1  85   2  84   3  58   4  89   5  61   6  41   7  75   8  83   9  29  10  33  11  69  12  80  13  55  14  40  15  47  16  61  17  45  18  46  19  40 
  0  44   1  87   2  91   3  61   4  90   5  59   6  43   7  76   8  85   9  31  10  34  11  72  12  78  13  55  14  40  15  51  16  62  17  50  18  46  19  42 
  0  46   1  89   2  88   3  61   4  92   5  59   6  45   7  74   8  88   9  32  10  36  11  73  12  79  13  57  14  40  15  49  16  64  17  49  18  45  19  42 
  0  46   1  91   2  92   3  63   4  92   5  61   6  45   7  76   8  86   9  33  10  33  11  73  12  81  13  57  14  41  15  55  16  63  17  50  18  50  19  43 
  0  48   1  91   2  90   3  65   4  92   5  61   6  42   7  76   8  85   9  31  10  35  11  75  12  80  13  57  14  41  15  52  16  64  17  53  18  49  19  45 
  0  42   1  82   2  86   3  60   4  90   5  59   6  41   7  74   8  84   9  27  10  35  11  70  12  80  13  55  14  41  15  47  16  58  17  44  18  45  19  42 
  0  45   1  86   2  87   3  60   4  88   5  59   6  44   7  76   8  82   9  30  10  32  11  69  12  79  13  55  14  40  15  49  16  59  17  48  18  44  19  44 
  0  45   1  87   2  90   3  66   4  94   5  60   6  45   7  76   8  86   9  29  10  34  11  72  12  81  13  57  14  42  15  54  16  64  17  49  18  48  19  43 
  0  40   1  83   2  84   3  58   4  91   5  59   6  41   7  74   8  82   9  27  10  32  11  67  12  80  13  55  14  40  15  49  16  60  17  44  18  45  19  40 
  0  47   1  90   2  91   3  62   4  90   5  61   6  44   7  74   8  87   9  30  10  36  11  75  12  81  13  56  14  40  15  55  16  63  17  50  18  51  19  46 
  0  43   1  88   2  87   3  62   4  89   5  61   6  45   7  75   8  87   9  27  10  36  11  69  12  77  13  57  14  40  15  50  16  63  17  47  18  44  19  40 
  0  45   1  87   2  86   3  62   4  90   5  61   6  43   7  74   8  86   9  29  10  32  11  71  12  77  13  55  14  40  15  48  16  59  17  48  18  45  19  44 
  0  42   1  87   2  89   3  63   4  89   5  61   6  41   7  75   8  86   9  30  10  35  11  69  12  78  13  55  14  41  15  51  16  61  17  46  18  44  19  43 
  0  50   1  91   2  91   3  66   4  91   5  61   6  44   7  76   8  90   9  31  10  33  11  76  12  79  13  57  14  40  15  55  16  64  17  54  18  51  19  43 
  0  47   1  90   2  88   3  62   4  90   5  61   6  44   7  75   8  89   9  32  10  33  11  72  12  81  13  55  14  40  15  51  16  65  17  51  18  49  19  44 
  0  47   1  92   2  92   3  65   4  93   5  60   6  45   7  76   8  87   9  33  10  36  11  75  12  81  13  57  14  41  15  55  16  64  17  54  18  49  19  45 


