
 20  20

  0  43   1  70   2  25   3  72   4  80   5  27   6  85   7  85   8  67   9  44  10  85  11  41  12  50  13  62  14  48  15  37  16  28  17  88  18  77  19  50 
  0  45   1  72   2  27   3  77   4  82   5  29   6  86   7  89   8  65   9  43  10  88  11  43  12  52  13  61  14  48  15  40  16  32  17  88  18  79  19  51 
  0  47   1  72   2  31   3  78   4  82   5  32   6  87   7  90   8  66   9  47  10  89  11  42  12  55  13  62  14  51  15  41  16  35  17  92  18  85  19  55 
  0  47   1  72   2  31   3  79   4  82   5  32   6  89   7  89   8  66   9  45  10  87  11  43  12  54  13  62  14  50  15  41  16  35  17  92  18  83  19  54 
  0  46   1  71   2  28   3  77   4  80   5  30   6  89   7  89   8  66   9  46  10  87  11  44  12  53  13  60  14  52  15  36  16  31  17  88  18  80  19  54 
  0  38   1  68   2  25   3  69   4  80   5  28   6  86   7  86   8  65   9  41  10  83  11  40  12  50  13  60  14  49  15  34  16  26  17  88  18  76  19  47 
  0  45   1  70   2  31   3  76   4  82   5  31   6  89   7  90   8  67   9  47  10  88  11  44  12  55  13  62  14  52  15  38  16  34  17  92  18  85  19  53 
  0  39   1  69   2  25   3  73   4  80   5  28   6  85   7  84   8  65   9  44  10  85  11  40  12  51  13  61  14  51  15  36  16  25  17  90  18  79  19  50 
  0  46   1  72   2  28   3  79   4  82   5  33   6  88   7  88   8  67   9  45  10  89  11  44  12  53  13  60  14  52  15  41  16  33  17  92  18  85  19  52 
  0  44   1  72   2  26   3  75   4  81   5  29   6  87   7  87   8  67   9  43  10  88  11  43  12  52  13  60  14  51  15  35  16  29  17  92  18  80  19  49 
  0  42   1  72   2  29   3  74   4  81   5  32   6  89   7  89   8  66   9  45  10  86  11  41  12  50  13  62  14  50  15  39  16  29  17  90  18  80  19  50 
  0  38   1  69   2  26   3  70   4  80   5  27   6  85   7  85   8  67   9  43  10  84  11  40  12  49  13  60  14  48  15  35  16  28  17  89  18  75  19  47 
  0  47   1  72   2  31   3  77   4  82   5  33   6  88   7  87   8  67   9  47  10  86  11  44  12  55  13  61  14  52  15  40  16  35  17  90  18  84  19  54 
  0  46   1  69   2  31   3  78   4  81   5  33   6  86   7  90   8  67   9  46  10  88  11  43  12  55  13  61  14  52  15  38  16  34  17  92  18  81  19  53 
  0  44   1  72   2  29   3  76   4  80   5  33   6  88   7  86   8  65   9  43  10  86  11  42  12  54  13  62  14  52  15  40  16  30  17  92  18  81  19  54 
  0  40   1  70   2  25   3  71   4  80   5  29   6  85   7  84   8  65   9  41  10  83  11  40  12  49  13  62  14  48  15  33  16  25  17  89  18  77  19  47 
  0  39   1  69   2  27   3  71   4  82   5  28   6  86   7  84   8  65   9  41  10  85  11  40  12  51  13  61  14  48  15  35  16  25  17  88  18  75  19  48 
  0  41   1  68   2  29   3  72   4  82   5  28   6  86   7  87   8  66   9  43  10  88  11  43  12  54  13  62  14  48  15  39  16  29  17  92  18  81  19  52 
  0  48   1  72   2  29   3  76   4  82   5  32   6  89   7  90   8  66   9  47  10  87  11  43  12  55  13  60  14  50  15  38  16  35  17  91  18  85  19  54 
  0  47   1  70   2  30   3  77   4  82   5  32   6  86   7  86   8  65   9  44  10  88  11  44  12  54  13  62  14  49  15  39  16  34  17  90  18  81  19  54 


