
 20  20

  0  30   1  17   2  54   3  37   4  65   5  12   6  26   7  36   8  40   9  17  10  58  11  52  12  29  13  67  14  34  15  13  16  58  17  63  18  12  19  56 
  0  27   1  17   2  52   3  32   4  63   5  11   6  24   7  38   8  39   9  15  10  58  11  48  12  27  13  68  14  34  15  13  16  51  17  59  18   8  19  49 
  0  26   1  17   2  52   3  37   4  65   5  13   6  29   7  37   8  39   9  13  10  61  11  51  12  27  13  67  14  34  15  12  16  54  17  61  18   6  19  51 
  0  23   1  19   2  54   3  33   4  62   5  12   6  26   7  38   8  39   9  12  10  59  11  49  12  27  13  68  14  33  15   8  16  50  17  60  18   7  19  51 
  0  25   1  17   2  52   3  33   4  62   5   9   6  25   7  35   8  41   9  15  10  59  11  49  12  29  13  66  14  33  15  10  16  53  17  59  18   3  19  47 
  0  28   1  18   2  52   3  37   4  63   5  11   6  27   7  39   8  39   9  13  10  57  11  53  12  27  13  66  14  33  15  14  16  55  17  62  18   9  19  50 
  0  26   1  17   2  54   3  37   4  63   5   9   6  25   7  37   8  41   9  17  10  60  11  52  12  29  13  66  14  33  15  10  16  54  17  61  18   8  19  50 
  0  32   1  19   2  54   3  38   4  66   5  13   6  28   7  39   8  40   9  17  10  59  11  54  12  28  13  68  14  33  15  16  16  59  17  66  18  12  19  57 
  0  30   1  19   2  52   3  37   4  68   5   9   6  29   7  35   8  39   9  15  10  57  11  53  12  27  13  66  14  33  15  14  16  55  17  65  18   9  19  55 
  0  23   1  17   2  52   3  32   4  64   5   9   6  24   7  35   8  39   9  13  10  58  11  48  12  29  13  67  14  33  15   8  16  52  17  60  18   5  19  48 
  0  31   1  19   2  54   3  39   4  68   5  13   6  30   7  39   8  41   9  18  10  61  11  54  12  27  13  68  14  34  15  17  16  57  17  67  18  13  19  57 
  0  28   1  19   2  52   3  35   4  67   5  12   6  29   7  38   8  39   9  14  10  58  11  54  12  28  13  66  14  34  15  12  16  56  17  62  18  10  19  54 
  0  32   1  19   2  54   3  37   4  68   5  13   6  30   7  39   8  40   9  18  10  61  11  52  12  28  13  68  14  34  15  16  16  57  17  67  18  11  19  55 
  0  28   1  19   2  54   3  37   4  64   5  10   6  29   7  39   8  41   9  15  10  59  11  52  12  29  13  68  14  34  15  14  16  52  17  64  18   8  19  54 
  0  30   1  19   2  52   3  39   4  68   5  11   6  29   7  37   8  40   9  15  10  58  11  54  12  29  13  68  14  33  15  13  16  56  17  66  18  11  19  57 
  0  25   1  17   2  52   3  32   4  65   5  12   6  24   7  35   8  41   9  14  10  60  11  52  12  27  13  66  14  32  15  12  16  52  17  58  18   7  19  49 
  0  28   1  17   2  52   3  36   4  64   5  10   6  27   7  39   8  39   9  15  10  58  11  53  12  28  13  68  14  32  15  15  16  56  17  66  18  11  19  53 
  0  24   1  18   2  53   3  33   4  62   5   9   6  24   7  35   8  39   9  15  10  57  11  48  12  27  13  66  14  32  15  11  16  53  17  61  18   3  19  50 
  0  27   1  17   2  52   3  37   4  66   5  12   6  29   7  37   8  39   9  17  10  60  11  52  12  27  13  66  14  34  15  11  16  52  17  60  18   7  19  49 
  0  22   1  17   2  52   3  31   4  62   5   9   6  25   7  36   8  39   9  14  10  57  11  48  12  28  13  66  14  33  15   8  16  51  17  59  18   4  19  48 


