
 20  20

  0  74   1  60   2  57   3  54   4  37   5  59   6  68   7  72   8  47   9  30  10  83  11  40  12  46  13  70  14  82  15  48  16  48  17  38  18  76  19  78 
  0  72   1  59   2  57   3  52   4  37   5  59   6  69   7  71   8  47   9  30  10  83  11  41  12  48  13  68  14  82  15  46  16  48  17  38  18  75  19  77 
  0  71   1  60   2  54   3  51   4  37   5  61   6  69   7  68   8  47   9  29  10  80  11  42  12  48  13  68  14  83  15  48  16  46  17  37  18  77  19  78 
  0  64   1  56   2  51   3  46   4  35   5  55   6  67   7  64   8  42   9  28  10  75  11  40  12  46  13  62  14  83  15  45  16  41  17  31  18  73  19  70 
  0  65   1  56   2  50   3  51   4  35   5  59   6  68   7  63   8  45   9  28  10  75  11  42  12  48  13  63  14  83  15  44  16  41  17  31  18  75  19  72 
  0  68   1  58   2  53   3  49   4  35   5  55   6  66   7  64   8  42   9  29  10  78  11  42  12  46  13  66  14  84  15  45  16  42  17  35  18  75  19  71 
  0  64   1  57   2  52   3  48   4  35   5  55   6  67   7  64   8  42   9  29  10  74  11  42  12  48  13  62  14  82  15  42  16  40  17  32  18  74  19  72 
  0  72   1  60   2  54   3  54   4  36   5  61   6  70   7  70   8  44   9  30  10  83  11  40  12  48  13  70  14  84  15  45  16  48  17  38  18  78  19  75 
  0  67   1  54   2  50   3  46   4  37   5  56   6  68   7  63   8  42   9  30  10  73  11  40  12  47  13  65  14  82  15  44  16  40  17  32  18  73  19  70 
  0  69   1  59   2  53   3  49   4  35   5  60   6  68   7  67   8  46   9  28  10  80  11  42  12  46  13  67  14  82  15  44  16  45  17  36  18  74  19  74 
  0  67   1  55   2  51   3  48   4  36   5  58   6  68   7  66   8  42   9  28  10  75  11  40  12  47  13  63  14  83  15  42  16  40  17  33  18  75  19  73 
  0  68   1  54   2  49   3  49   4  36   5  58   6  69   7  62   8  43   9  28  10  76  11  41  12  47  13  62  14  84  15  42  16  39  17  30  18  72  19  70 
  0  65   1  54   2  51   3  46   4  37   5  58   6  67   7  65   8  42   9  30  10  74  11  42  12  46  13  63  14  82  15  45  16  38  17  30  18  72  19  70 
  0  66   1  54   2  52   3  50   4  35   5  59   6  66   7  64   8  41   9  29  10  74  11  41  12  48  13  65  14  84  15  44  16  43  17  33  18  72  19  73 
  0  73   1  56   2  56   3  50   4  35   5  58   6  68   7  71   8  45   9  29  10  81  11  40  12  46  13  66  14  82  15  45  16  43  17  34  18  78  19  77 
  0  72   1  58   2  57   3  54   4  37   5  61   6  70   7  69   8  44   9  28  10  80  11  42  12  47  13  67  14  83  15  48  16  46  17  38  18  75  19  78 
  0  67   1  55   2  51   3  52   4  35   5  57   6  69   7  66   8  46   9  29  10  77  11  42  12  48  13  65  14  84  15  43  16  45  17  35  18  77  19  73 
  0  68   1  58   2  53   3  48   4  35   5  58   6  70   7  68   8  42   9  28  10  76  11  42  12  48  13  64  14  82  15  45  16  44  17  36  18  75  19  76 
  0  68   1  54   2  52   3  48   4  35   5  56   6  67   7  65   8  41   9  28  10  77  11  40  12  46  13  66  14  82  15  42  16  39  17  34  18  72  19  72 
  0  69   1  58   2  56   3  53   4  37   5  58   6  68   7  67   8  47   9  29  10  82  11  41  12  48  13  70  14  82  15  45  16  47  17  36  18  75  19  78 


