
 20  20

  0  18   1  20   2  47   3  82   4  37   5  62   6  52   7  46   8  73   9  68  10  62  11  75  12  84  13  45  14  31  15  59  16  48  17  29  18  37  19  56 
  0  17   1  22   2  51   3  80   4  37   5  62   6  52   7  46   8  70   9  67  10  61  11  78  12  84  13  46  14  30  15  57  16  48  17  29  18  37  19  56 
  0  16   1  20   2  47   3  82   4  37   5  60   6  54   7  46   8  70   9  67  10  61  11  76  12  85  13  45  14  30  15  57  16  48  17  31  18  37  19  54 
  0  16   1  20   2  48   3  80   4  37   5  61   6  53   7  46   8  71   9  67  10  59  11  78  12  85  13  45  14  30  15  60  16  48  17  29  18  37  19  55 
  0  21   1  27   2  52   3  84   4  37   5  64   6  54   7  48   8  74   9  69  10  64  11  81  12  85  13  47  14  31  15  62  16  50  17  31  18  39  19  54 
  0  25   1  26   2  55   3  84   4  39   5  69   6  53   7  48   8  74   9  71  10  64  11  83  12  84  13  48  14  34  15  59  16  54  17  29  18  39  19  58 
  0  22   1  30   2  56   3  84   4  39   5  70   6  55   7  48   8  76   9  72  10  64  11  83  12  86  13  49  14  35  15  61  16  52  17  29  18  39  19  56 
  0  26   1  30   2  57   3  84   4  39   5  67   6  55   7  48   8  75   9  73  10  66  11  83  12  86  13  51  14  34  15  63  16  55  17  31  18  39  19  58 
  0  22   1  25   2  51   3  80   4  39   5  64   6  56   7  46   8  75   9  68  10  61  11  81  12  86  13  46  14  34  15  58  16  52  17  29  18  38  19  56 
  0  25   1  29   2  56   3  84   4  39   5  67   6  55   7  47   8  78   9  71  10  64  11  82  12  84  13  51  14  36  15  62  16  53  17  30  18  39  19  57 
  0  22   1  26   2  52   3  83   4  37   5  67   6  54   7  48   8  77   9  71  10  66  11  83  12  86  13  50  14  36  15  59  16  50  17  31  18  37  19  57 
  0  22   1  27   2  52   3  84   4  38   5  66   6  53   7  46   8  75   9  68  10  65  11  80  12  84  13  46  14  32  15  59  16  51  17  31  18  37  19  57 
  0  16   1  20   2  49   3  80   4  38   5  60   6  53   7  47   8  70   9  69  10  60  11  77  12  84  13  47  14  30  15  57  16  49  17  31  18  37  19  54 
  0  21   1  28   2  52   3  82   4  37   5  64   6  55   7  48   8  75   9  70  10  64  11  79  12  86  13  47  14  35  15  63  16  51  17  31  18  37  19  58 
  0  21   1  26   2  52   3  83   4  39   5  65   6  56   7  48   8  74   9  73  10  67  11  81  12  86  13  49  14  32  15  62  16  55  17  30  18  39  19  56 
  0  22   1  25   2  54   3  84   4  37   5  65   6  56   7  46   8  78   9  69  10  67  11  82  12  86  13  50  14  32  15  59  16  55  17  29  18  38  19  58 
  0  21   1  23   2  48   3  80   4  37   5  63   6  52   7  47   8  72   9  70  10  61  11  80  12  84  13  45  14  30  15  58  16  51  17  29  18  37  19  54 
  0  19   1  27   2  52   3  81   4  37   5  67   6  56   7  48   8  73   9  71  10  62  11  81  12  86  13  49  14  34  15  58  16  53  17  29  18  39  19  55 
  0  16   1  24   2  47   3  82   4  37   5  62   6  52   7  46   8  71   9  70  10  60  11  79  12  84  13  45  14  32  15  59  16  47  17  29  18  39  19  55 
  0  16   1  20   2  48   3  82   4  37   5  60   6  54   7  46   8  71   9  68  10  59  11  75  12  84  13  45  14  30  15  59  16  47  17  29  18  37  19  54 


