
 20  20

  0  43   1  58   2  78   3  88   4  33   5  62   6  57   7  73   8  72   9  41  10  49  11  67  12  72  13  75  14  44  15  65  16  39  17  68  18  53  19  59 
  0  43   1  61   2  80   3  91   4  31   5  63   6  57   7  74   8  72   9  41  10  45  11  65  12  71  13  73  14  43  15  62  16  39  17  67  18  52  19  59 
  0  45   1  60   2  78   3  92   4  31   5  62   6  57   7  77   8  76   9  43  10  50  11  65  12  77  13  82  14  45  15  66  16  40  17  69  18  56  19  62 
  0  46   1  62   2  80   3  92   4  33   5  65   6  57   7  78   8  76   9  43  10  49  11  67  12  79  13  80  14  45  15  69  16  40  17  71  18  56  19  64 
  0  39   1  61   2  80   3  88   4  31   5  61   6  56   7  74   8  71   9  41  10  47  11  66  12  74  13  74  14  43  15  59  16  35  17  65  18  49  19  59 
  0  40   1  58   2  80   3  88   4  32   5  61   6  56   7  74   8  72   9  41  10  47  11  65  12  71  13  72  14  43  15  61  16  38  17  65  18  49  19  57 
  0  49   1  62   2  80   3  94   4  33   5  65   6  59   7  80   8  77   9  45  10  50  11  67  12  79  13  80  14  45  15  69  16  41  17  72  18  58  19  65 
  0  46   1  61   2  78   3  94   4  31   5  65   6  57   7  80   8  74   9  42  10  51  11  65  12  78  13  80  14  45  15  65  16  39  17  72  18  55  19  64 
  0  48   1  61   2  78   3  93   4  31   5  62   6  58   7  77   8  77   9  43  10  48  11  65  12  75  13  78  14  43  15  65  16  37  17  68  18  54  19  61 
  0  45   1  62   2  80   3  91   4  33   5  63   6  54   7  78   8  76   9  42  10  49  11  65  12  76  13  77  14  45  15  64  16  37  17  68  18  53  19  62 
  0  47   1  61   2  80   3  92   4  33   5  65   6  58   7  78   8  74   9  45  10  50  11  67  12  78  13  82  14  45  15  68  16  40  17  70  18  58  19  65 
  0  47   1  62   2  79   3  93   4  33   5  65   6  59   7  77   8  75   9  43  10  48  11  67  12  79  13  82  14  43  15  68  16  41  17  72  18  57  19  62 
  0  44   1  62   2  78   3  90   4  33   5  61   6  54   7  74   8  72   9  41  10  49  11  66  12  74  13  76  14  43  15  61  16  36  17  68  18  50  19  59 
  0  42   1  60   2  78   3  89   4  31   5  62   6  55   7  75   8  73   9  41  10  48  11  65  12  71  13  76  14  44  15  62  16  37  17  67  18  50  19  57 
  0  46   1  59   2  78   3  91   4  33   5  62   6  58   7  77   8  77   9  42  10  48  11  65  12  77  13  78  14  45  15  65  16  41  17  70  18  54  19  62 
  0  47   1  59   2  80   3  94   4  33   5  65   6  58   7  77   8  76   9  44  10  51  11  67  12  79  13  78  14  45  15  69  16  40  17  72  18  56  19  62 
  0  42   1  58   2  78   3  88   4  33   5  63   6  55   7  72   8  73   9  43  10  48  11  67  12  71  13  76  14  43  15  62  16  36  17  67  18  49  19  57 
  0  48   1  60   2  80   3  91   4  33   5  63   6  59   7  77   8  76   9  45  10  50  11  65  12  79  13  81  14  45  15  69  16  38  17  72  18  55  19  65 
  0  42   1  60   2  78   3  89   4  32   5  64   6  54   7  75   8  73   9  43  10  45  11  67  12  72  13  77  14  45  15  60  16  38  17  67  18  51  19  57 
  0  41   1  58   2  78   3  89   4  33   5  64   6  56   7  77   8  71   9  45  10  45  11  67  12  76  13  76  14  44  15  61  16  38  17  66  18  53  19  62 


