
 20  20

  0  63   1  36   2  92   3  53   4  74   5  47   6  51   7  68   8  47   9  44  10  85  11  48  12  83  13  84  14  64  15  37  16  51  17  79  18  74  19  83 
  0  62   1  36   2  93   3  56   4  77   5  47   6  54   7  68   8  50   9  48  10  84  11  48  12  83  13  85  14  63  15  41  16  53  17  80  18  72  19  83 
  0  59   1  35   2  90   3  54   4  77   5  44   6  50   7  68   8  45   9  47  10  85  11  44  12  84  13  84  14  63  15  40  16  51  17  78  18  70  19  83 
  0  58   1  35   2  87   3  54   4  75   5  44   6  50   7  66   8  43   9  42  10  84  11  41  12  85  13  82  14  61  15  35  16  52  17  74  18  69  19  82 
  0  62   1  36   2  93   3  54   4  77   5  47   6  54   7  68   8  50   9  48  10  85  11  48  12  85  13  85  14  65  15  41  16  51  17  83  18  75  19  83 
  0  61   1  34   2  90   3  55   4  73   5  43   6  50   7  68   8  48   9  45  10  83  11  47  12  83  13  82  14  61  15  38  16  52  17  79  18  74  19  83 
  0  64   1  35   2  92   3  55   4  74   5  47   6  53   7  68   8  49   9  45  10  85  11  47  12  85  13  85  14  63  15  38  16  53  17  79  18  73  19  83 
  0  58   1  34   2  87   3  53   4  76   5  46   6  49   7  67   8  42   9  44  10  84  11  42  12  85  13  82  14  62  15  33  16  51  17  77  18  71  19  83 
  0  54   1  33   2  87   3  55   4  75   5  43   6  48   7  65   8  43   9  41  10  84  11  42  12  85  13  81  14  58  15  32  16  51  17  73  18  67  19  81 
  0  54   1  32   2  89   3  54   4  73   5  43   6  49   7  64   8  41   9  40  10  84  11  40  12  83  13  81  14  60  15  31  16  53  17  73  18  68  19  81 
  0  64   1  36   2  93   3  56   4  77   5  47   6  54   7  67   8  50   9  48  10  85  11  46  12  85  13  85  14  65  15  38  16  51  17  80  18  75  19  81 
  0  57   1  33   2  87   3  54   4  73   5  44   6  46   7  66   8  42   9  40  10  83  11  43  12  84  13  81  14  57  15  33  16  51  17  75  18  67  19  81 
  0  57   1  32   2  90   3  54   4  76   5  45   6  47   7  64   8  43   9  43  10  83  11  45  12  85  13  82  14  58  15  36  16  53  17  79  18  70  19  83 
  0  56   1  32   2  87   3  53   4  73   5  44   6  48   7  64   8  42   9  40  10  83  11  42  12  83  13  81  14  57  15  31  16  53  17  73  18  67  19  81 
  0  64   1  36   2  93   3  56   4  77   5  46   6  54   7  68   8  49   9  46  10  85  11  48  12  83  13  85  14  65  15  41  16  53  17  82  18  75  19  83 
  0  60   1  36   2  93   3  54   4  77   5  45   6  53   7  65   8  46   9  44  10  85  11  47  12  85  13  85  14  64  15  37  16  53  17  81  18  73  19  82 
  0  60   1  33   2  93   3  53   4  75   5  47   6  54   7  68   8  50   9  48  10  83  11  48  12  85  13  83  14  62  15  37  16  53  17  81  18  75  19  82 
  0  60   1  35   2  90   3  56   4  76   5  46   6  51   7  68   8  46   9  45  10  84  11  44  12  85  13  85  14  63  15  39  16  51  17  82  18  72  19  82 
  0  54   1  32   2  89   3  52   4  75   5  44   6  46   7  66   8  40   9  42  10  83  11  40  12  83  13  81  14  58  15  31  16  51  17  76  18  69  19  81 
  0  57   1  32   2  89   3  52   4  75   5  46   6  50   7  65   8  45   9  45  10  83  11  42  12  85  13  84  14  59  15  32  16  53  17  76  18  68  19  83 


