
 20  20

  0  93   1  59   2  92   3  59   4  66   5  28   6  37   7  37   8  66   9  84  10  37  11  30  12  31  13  87  14  30  15  30  16  36  17  28  18  85  19  85 
  0  89   1  58   2  91   3  58   4  65   5  26   6  35   7  38   8  67   9  85  10  37  11  27  12  35  13  85  14  32  15  31  16  37  17  26  18  88  19  85 
  0  93   1  63   2  97   3  62   4  71   5  32   6  39   7  38   8  73   9  87  10  44  11  34  12  36  13  86  14  32  15  31  16  37  17  30  18  87  19  87 
  0  96   1  62   2  95   3  62   4  69   5  34   6  37   7  36   8  69   9  88  10  41  11  30  12  36  13  85  14  30  15  29  16  36  17  32  18  87  19  87 
  0  88   1  58   2  91   3  59   4  67   5  27   6  33   7  36   8  66   9  87  10  36  11  28  12  31  13  86  14  30  15  30  16  36  17  28  18  85  19  82 
  0  90   1  57   2  94   3  59   4  65   5  27   6  33   7  37   8  69   9  85  10  37  11  28  12  33  13  86  14  31  15  30  16  37  17  30  18  85  19  84 
  0  98   1  62   2  98   3  62   4  71   5  33   6  41   7  38   8  74   9  87  10  42  11  35  12  39  13  88  14  32  15  31  16  37  17  32  18  89  19  90 
  0  91   1  61   2  95   3  62   4  68   5  30   6  38   7  38   8  68   9  85  10  40  11  29  12  35  13  86  14  30  15  29  16  36  17  30  18  88  19  86 
  0  91   1  57   2  92   3  61   4  65   5  29   6  37   7  37   8  69   9  87  10  39  11  28  12  35  13  86  14  31  15  29  16  36  17  27  18  85  19  83 
  0  90   1  57   2  91   3  58   4  68   5  28   6  37   7  36   8  66   9  84  10  39  11  27  12  31  13  85  14  32  15  29  16  36  17  29  18  86  19  85 
  0  94   1  61   2  95   3  58   4  68   5  32   6  37   7  38   8  69   9  86  10  39  11  31  12  34  13  85  14  30  15  31  16  37  17  31  18  88  19  87 
  0  92   1  59   2  93   3  59   4  69   5  28   6  35   7  36   8  71   9  87  10  39  11  31  12  36  13  86  14  30  15  29  16  36  17  26  18  85  19  84 
  0  97   1  62   2  97   3  60   4  72   5  31   6  39   7  36   8  71   9  86  10  40  11  34  12  39  13  86  14  32  15  30  16  36  17  31  18  87  19  90 
  0  95   1  61   2  96   3  60   4  68   5  32   6  37   7  37   8  73   9  85  10  39  11  32  12  36  13  88  14  30  15  31  16  38  17  32  18  87  19  89 
  0  88   1  58   2  91   3  60   4  65   5  26   6  36   7  36   8  67   9  85  10  36  11  25  12  34  13  86  14  31  15  31  16  38  17  26  18  87  19  82 
  0  88   1  58   2  92   3  60   4  66   5  27   6  34   7  36   8  68   9  84  10  38  11  26  12  34  13  85  14  31  15  29  16  36  17  27  18  85  19  82 
  0  88   1  58   2  93   3  59   4  67   5  25   6  35   7  38   8  68   9  86  10  38  11  26  12  31  13  84  14  30  15  29  16  36  17  26  18  86  19  82 
  0  96   1  62   2  97   3  62   4  72   5  33   6  41   7  38   8  72   9  88  10  44  11  35  12  38  13  86  14  32  15  30  16  37  17  31  18  89  19  90 
  0  91   1  59   2  94   3  61   4  65   5  26   6  34   7  36   8  70   9  86  10  37  11  28  12  33  13  86  14  32  15  29  16  38  17  26  18  85  19  85 
  0  91   1  60   2  91   3  58   4  68   5  28   6  34   7  38   8  70   9  84  10  40  11  26  12  35  13  84  14  31  15  29  16  37  17  28  18  85  19  86 


