
 20  20

  0  35   1  70   2   9   3  49   4  14   5  28   6  51   7  36   8   2   9  11  10  63  11   4  12  13  13  55  14  53  15  25  16  56  17  22  18  49  19  63 
  0  35   1  70   2  11   3  50   4  14   5  28   6  51   7  36   8   4   9  12  10  62  11   5  12  12  13  57  14  56  15  28  16  60  17  22  18  51  19  61 
  0  39   1  72   2  17   3  51   4  16   5  30   6  55   7  38   8   6   9  13  10  62  11   8  12  13  13  57  14  58  15  31  16  61  17  27  18  54  19  63 
  0  44   1  70   2  18   3  50   4  18   5  33   6  53   7  40   8   3   9  18  10  64  11   8  12  17  13  58  14  58  15  29  16  63  17  28  18  55  19  61 
  0  37   1  72   2  10   3  51   4  14   5  28   6  50   7  40   8   4   9  12  10  63  11   7  12  14  13  56  14  54  15  27  16  57  17  26  18  50  19  63 
  0  44   1  72   2  19   3  51   4  21   5  31   6  55   7  40   8   6   9  17  10  62  11   8  12  14  13  61  14  61  15  33  16  61  17  28  18  52  19  61 
  0  37   1  72   2  14   3  49   4  16   5  33   6  52   7  38   8   5   9  15  10  64  11   7  12  16  13  60  14  59  15  27  16  60  17  25  18  52  19  61 
  0  43   1  72   2  19   3  51   4  18   5  34   6  53   7  42   8   4   9  19  10  64  11   6  12  17  13  61  14  62  15  30  16  64  17  25  18  54  19  63 
  0  38   1  70   2   9   3  51   4  16   5  30   6  49   7  39   8   2   9  12  10  63  11   7  12  13  13  55  14  55  15  27  16  60  17  24  18  49  19  62 
  0  43   1  72   2  17   3  51   4  17   5  32   6  53   7  42   8   4   9  16  10  64  11   8  12  15  13  58  14  62  15  32  16  60  17  25  18  53  19  62 
  0  43   1  70   2  18   3  49   4  18   5  31   6  52   7  39   8   5   9  17  10  64  11   7  12  15  13  61  14  58  15  30  16  62  17  24  18  53  19  63 
  0  37   1  72   2  10   3  50   4  16   5  32   6  53   7  38   8   3   9  11  10  63  11   4  12  14  13  56  14  53  15  25  16  57  17  25  18  51  19  63 
  0  36   1  71   2  14   3  49   4  17   5  31   6  51   7  36   8   5   9  15  10  62  11   5  12  15  13  57  14  58  15  27  16  57  17  24  18  52  19  61 
  0  43   1  70   2  17   3  49   4  19   5  34   6  54   7  42   8   6   9  18  10  63  11   5  12  17  13  61  14  60  15  30  16  62  17  28  18  55  19  63 
  0  36   1  70   2   9   3  50   4  13   5  28   6  49   7  37   8   2   9   9  10  64  11   4  12  11  13  57  14  53  15  25  16  56  17  22  18  49  19  63 
  0  40   1  72   2  13   3  51   4  16   5  31   6  50   7  36   8   5   9  12  10  63  11   4  12  11  13  59  14  54  15  29  16  60  17  25  18  50  19  61 
  0  37   1  70   2  11   3  49   4  17   5  28   6  49   7  39   8   5   9  10  10  62  11   5  12  13  13  58  14  55  15  26  16  59  17  22  18  49  19  63 
  0  37   1  70   2  13   3  51   4  17   5  32   6  51   7  38   8   6   9  15  10  64  11   4  12  13  13  59  14  59  15  30  16  60  17  25  18  50  19  63 
  0  44   1  70   2  16   3  51   4  19   5  34   6  53   7  42   8   6   9  16  10  64  11   8  12  17  13  61  14  62  15  33  16  61  17  27  18  55  19  61 
  0  34   1  70   2  12   3  50   4  17   5  30   6  49   7  37   8   5   9  11  10  62  11   4  12  11  13  57  14  53  15  26  16  57  17  22  18  51  19  61 


