
 20  20

  0  69   1  35   2  51   3  59   4  64   5  61   6  34   7  32   8  63   9  70  10  82  11  89  12  91  13  69  14  47  15  48  16  88  17  69  18  25  19  49 
  0  70   1  35   2  52   3  59   4  66   5  60   6  35   7  30   8  59   9  71  10  78  11  87  12  94  13  67  14  46  15  47  16  82  17  70  18  25  19  47 
  0  74   1  38   2  52   3  61   4  66   5  61   6  38   7  37   8  60   9  73  10  84  11  88  12  97  13  70  14  50  15  47  16  89  17  71  18  29  19  49 
  0  74   1  39   2  53   3  62   4  68   5  63   6  39   7  37   8  62   9  73  10  85  11  90  12  96  13  73  14  50  15  47  16  91  17  74  18  28  19  49 
  0  74   1  39   2  53   3  58   4  67   5  61   6  36   7  37   8  62   9  73  10  83  11  88  12  95  13  69  14  49  15  47  16  90  17  71  18  29  19  47 
  0  68   1  36   2  49   3  55   4  66   5  61   6  36   7  31   8  62   9  68  10  79  11  90  12  92  13  65  14  48  15  48  16  81  17  71  18  26  19  49 
  0  75   1  39   2  52   3  62   4  68   5  64   6  39   7  38   8  61   9  74  10  86  11  91  12  96  13  72  14  49  15  49  16  91  17  73  18  27  19  48 
  0  68   1  36   2  48   3  55   4  64   5  58   6  33   7  28   8  59   9  67  10  80  11  87  12  90  13  65  14  46  15  47  16  84  17  68  18  23  19  49 
  0  68   1  37   2  51   3  59   4  67   5  62   6  38   7  35   8  62   9  73  10  81  11  90  12  93  13  70  14  49  15  48  16  87  17  70  18  24  19  48 
  0  71   1  39   2  53   3  61   4  65   5  62   6  37   7  33   8  61   9  70  10  85  11  91  12  92  13  72  14  48  15  47  16  88  17  72  18  28  19  49 
  0  69   1  39   2  50   3  57   4  65   5  62   6  37   7  34   8  62   9  71  10  79  11  87  12  95  13  67  14  46  15  49  16  85  17  71  18  27  19  48 
  0  69   1  38   2  49   3  60   4  65   5  60   6  35   7  34   8  60   9  70  10  82  11  88  12  95  13  70  14  46  15  49  16  85  17  70  18  27  19  48 
  0  65   1  35   2  49   3  55   4  65   5  58   6  33   7  28   8  59   9  68  10  77  11  87  12  89  13  65  14  48  15  48  16  81  17  70  18  23  19  49 
  0  75   1  39   2  52   3  60   4  68   5  63   6  39   7  37   8  63   9  75  10  84  11  90  12  96  13  73  14  50  15  47  16  91  17  72  18  29  19  49 
  0  71   1  38   2  52   3  57   4  65   5  63   6  38   7  32   8  63   9  70  10  79  11  87  12  92  13  68  14  46  15  47  16  85  17  73  18  27  19  47 
  0  75   1  36   2  54   3  62   4  65   5  64   6  39   7  34   8  63   9  74  10  86  11  91  12  96  13  71  14  49  15  49  16  90  17  73  18  26  19  49 
  0  71   1  35   2  49   3  57   4  64   5  62   6  36   7  30   8  62   9  69  10  83  11  87  12  92  13  71  14  49  15  48  16  85  17  70  18  27  19  48 
  0  71   1  37   2  52   3  59   4  67   5  62   6  39   7  36   8  60   9  72  10  85  11  88  12  93  13  69  14  48  15  49  16  90  17  72  18  28  19  48 
  0  69   1  37   2  51   3  55   4  66   5  58   6  33   7  34   8  59   9  68  10  82  11  88  12  93  13  69  14  49  15  48  16  86  17  70  18  26  19  48 
  0  69   1  36   2  51   3  60   4  67   5  61   6  38   7  35   8  61   9  74  10  84  11  91  12  92  13  71  14  50  15  48  16  87  17  70  18  25  19  47 


