
 20  20

  0   6   1  45   2   9   3  45   4  22   5  44   6  63   7  67   8  49   9  43  10  36  11  21  12  64  13  57  14  20  15  33  16   8  17   2  18  37  19  57 
  0   9   1  50   2  13   3  44   4  25   5  48   6  67   7  70   8  50   9  46  10  39  11  20  12  65  13  60  14  20  15  37  16  10  17   5  18  37  19  62 
  0   6   1  44   2  12   3  44   4  23   5  48   6  66   7  71   8  48   9  44  10  37  11  20  12  62  13  56  14  18  15  38  16   6  17   4  18  36  19  59 
  0   3   1  43   2   8   3  45   4  22   5  43   6  65   7  69   8  46   9  43  10  38  11  20  12  63  13  55  14  19  15  34  16   3  17   1  18  37  19  56 
  0   3   1  41   2   6   3  43   4  20   5  43   6  61   7  64   8  45   9  42  10  37  11  20  12  61  13  52  14  16  15  31  16   4  17   1  18  35  19  56 
  0   1   1  41   2   7   3  45   4  22   5  44   6  61   7  65   8  48   9  41  10  37  11  20  12  60  13  53  14  17  15  31  16   5  17   1  18  37  19  57 
  0   4   1  45   2   8   3  45   4  20   5  46   6  62   7  66   8  48   9  42  10  37  11  22  12  61  13  56  14  16  15  34  16   5  17   3  18  37  19  57 
  0  10   1  48   2  10   3  43   4  24   5  47   6  67   7  72   8  47   9  42  10  39  11  20  12  62  13  60  14  19  15  36  16  10  17   7  18  35  19  62 
  0   3   1  41   2   8   3  43   4  19   5  43   6  61   7  65   8  45   9  40  10  36  11  22  12  60  13  52  14  17  15  34  16   2  17   1  18  37  19  57 
  0   5   1  47   2   9   3  44   4  24   5  45   6  64   7  71   8  50   9  43  10  39  11  21  12  63  13  55  14  17  15  37  16   7  17   3  18  35  19  61 
  0   1   1  40   2   5   3  45   4  21   5  41   6  61   7  65   8  48   9  41  10  34  11  20  12  61  13  53  14  16  15  33  16   2  17   1  18  35  19  59 
  0   4   1  43   2   5   3  44   4  22   5  41   6  64   7  63   8  45   9  41  10  35  11  20  12  59  13  55  14  18  15  32  16   2  17   1  18  35  19  59 
  0   1   1  42   2   7   3  43   4  21   5  43   6  61   7  63   8  47   9  40  10  34  11  20  12  60  13  53  14  16  15  31  16   2  17   1  18  37  19  56 
  0   4   1  44   2   6   3  43   4  20   5  45   6  62   7  64   8  47   9  42  10  36  11  20  12  63  13  54  14  17  15  34  16   6  17   3  18  37  19  58 
  0  10   1  48   2  13   3  45   4  25   5  49   6  67   7  73   8  48   9  46  10  40  11  22  12  66  13  60  14  20  15  39  16   7  17   7  18  35  19  61 
  0   3   1  41   2   7   3  43   4  20   5  41   6  61   7  63   8  45   9  40  10  34  11  20  12  60  13  52  14  16  15  31  16   2  17   1  18  35  19  56 
  0  10   1  47   2  13   3  45   4  25   5  51   6  67   7  73   8  49   9  46  10  40  11  22  12  66  13  59  14  20  15  37  16  10  17   8  18  37  19  62 
  0   2   1  41   2   7   3  44   4  21   5  41   6  64   7  64   8  45   9  40  10  36  11  20  12  58  13  53  14  19  15  31  16   3  17   1  18  37  19  56 
  0   7   1  48   2   9   3  45   4  21   5  50   6  64   7  69   8  47   9  42  10  40  11  20  12  66  13  57  14  18  15  35  16   9  17   4  18  35  19  58 
  0   5   1  45   2  10   3  44   4  23   5  42   6  63   7  65   8  49   9  41  10  38  11  22  12  60  13  56  14  18  15  32  16   5  17   3  18  37  19  57 


