
 20  20

  0  93   1  84   2  99   3  51   4  43   5  97   6  72   7  71   8  57   9  46  10  36  11  53  12  61  13  81  14  70  15  98  16  65  17  61  18  67  19  44 
  0  94   1  83   2  97   3  52   4  41   5  99   6  72   7  73   8  55   9  47  10  35  11  51  12  61  13  82  14  71  15  95  16  64  17  62  18  70  19  45 
  0  94   1  83   2  98   3  49   4  39   5  97   6  70   7  71   8  54   9  44  10  39  11  51  12  61  13  83  14  66  15  97  16  64  17  65  18  67  19  44 
  0  95   1  83   2  99   3  52   4  43   5  98   6  70   7  72   8  56   9  48  10  35  11  53  12  61  13  84  14  69  15  98  16  63  17  63  18  69  19  45 
  0  93   1  82   2  99   3  49   4  41   5  98   6  72   7  73   8  56   9  48  10  35  11  51  12  61  13  84  14  68  15  98  16  63  17  63  18  68  19  42 
  0  89   1  82   2  98   3  50   4  41   5  97   6  68   7  73   8  52   9  43  10  35  11  50  12  60  13  80  14  67  15  95  16  65  17  59  18  70  19  43 
  0  90   1  77   2  91   3  51   4  38   5  95   6  68   7  71   8  50   9  42  10  31  11  47  12  59  13  82  14  64  15  95  16  63  17  60  18  66  19  39 
  0  89   1  80   2  94   3  48   4  37   5  96   6  67   7  73   8  50   9  42  10  33  11  47  12  61  13  80  14  63  15  94  16  65  17  62  18  66  19  42 
  0  95   1  85   2  99   3  51   4  43   5  99   6  72   7  72   8  59   9  48  10  39  11  54  12  61  13  84  14  71  15  98  16  65  17  65  18  70  19  45 
  0  88   1  77   2  93   3  50   4  38   5  95   6  68   7  71   8  50   9  40  10  33  11  47  12  59  13  80  14  61  15  96  16  64  17  57  18  69  19  40 
  0  89   1  78   2  96   3  48   4  40   5  93   6  68   7  73   8  51   9  43  10  34  11  48  12  59  13  80  14  64  15  95  16  64  17  57  18  66  19  39 
  0  86   1  79   2  91   3  48   4  37   5  94   6  68   7  71   8  49   9  42  10  31  11  46  12  60  13  80  14  61  15  94  16  65  17  57  18  66  19  39 
  0  94   1  85   2  99   3  52   4  43   5  99   6  72   7  73   8  58   9  47  10  38  11  52  12  61  13  84  14  68  15  98  16  63  17  62  18  70  19  42 
  0  86   1  79   2  92   3  50   4  38   5  92   6  66   7  71   8  50   9  42  10  31  11  48  12  59  13  80  14  61  15  94  16  63  17  57  18  67  19  41 
  0  88   1  78   2  93   3  50   4  37   5  97   6  68   7  73   8  51   9  44  10  34  11  48  12  60  13  82  14  66  15  94  16  64  17  59  18  66  19  41 
  0  88   1  80   2  93   3  50   4  40   5  94   6  66   7  71   8  49   9  43  10  31  11  47  12  61  13  80  14  62  15  96  16  63  17  57  18  66  19  41 
  0  89   1  79   2  95   3  48   4  40   5  96   6  66   7  71   8  53   9  44  10  31  11  47  12  61  13  81  14  63  15  97  16  63  17  59  18  68  19  39 
  0  92   1  84   2  98   3  50   4  39   5  98   6  68   7  71   8  54   9  48  10  35  11  50  12  59  13  81  14  69  15  96  16  63  17  61  18  70  19  44 
  0  86   1  77   2  93   3  48   4  38   5  94   6  69   7  71   8  49   9  43  10  32  11  48  12  59  13  82  14  61  15  94  16  63  17  58  18  67  19  41 
  0  90   1  79   2  94   3  49   4  41   5  96   6  70   7  71   8  52   9  44  10  32  11  47  12  60  13  80  14  66  15  94  16  65  17  58  18  66  19  42 


