
 20  20

  0  82   1  90   2  86   3  98   4  96   5  50   6  44   7  49   8  31   9  91  10  74  11  52  12  95  13  85  14  87  15  60  16  96  17  92  18  71  19  66 
  0  81   1  87   2  84   3  99   4  99   5  51   6  45   7  47   8  31   9  90  10  73  11  51  12  95  13  84  14  87  15  61  16  94  17  90  18  72  19  65 
  0  80   1  90   2  84   3  99   4  99   5  51   6  44   7  48   8  31   9  91  10  75  11  52  12  96  13  84  14  86  15  58  16  95  17  91  18  73  19  68 
  0  74   1  86   2  85   3  96   4  95   5  43   6  42   7  45   8  29   9  82  10  73  11  50  12  96  13  79  14  81  15  53  16  88  17  86  18  68  19  63 
  0  75   1  87   2  84   3  98   4  96   5  48   6  42   7  44   8  31   9  83  10  73  11  50  12  96  13  78  14  84  15  54  16  91  17  87  18  68  19  67 
  0  79   1  90   2  83   3  99   4  99   5  50   6  46   7  48   8  30   9  88  10  75  11  52  12  96  13  84  14  84  15  59  16  92  17  92  18  73  19  68 
  0  74   1  84   2  83   3  94   4  97   5  45   6  40   7  43   8  31   9  84  10  74  11  50  12  95  13  75  14  81  15  52  16  88  17  86  18  68  19  64 
  0  83   1  90   2  86   3  99   4  99   5  52   6  46   7  49   8  29   9  91  10  75  11  51  12  96  13  85  14  85  15  60  16  94  17  92  18  72  19  68 
  0  79   1  87   2  85   3  99   4  99   5  53   6  46   7  49   8  31   9  90  10  74  11  50  12  96  13  85  14  85  15  58  16  96  17  90  18  71  19  67 
  0  78   1  89   2  86   3  99   4  95   5  50   6  42   7  49   8  30   9  86  10  75  11  51  12  96  13  81  14  86  15  58  16  95  17  88  18  71  19  65 
  0  80   1  87   2  84   3  98   4  97   5  46   6  43   7  48   8  31   9  87  10  73  11  50  12  95  13  79  14  82  15  56  16  94  17  87  18  72  19  64 
  0  73   1  84   2  82   3  94   4  95   5  43   6  40   7  43   8  29   9  83  10  73  11  51  12  96  13  75  14  81  15  52  16  89  17  87  18  68  19  62 
  0  79   1  89   2  83   3  97   4  99   5  52   6  45   7  46   8  29   9  90  10  75  11  51  12  97  13  82  14  86  15  57  16  96  17  90  18  69  19  65 
  0  82   1  90   2  84   3  98   4  97   5  51   6  46   7  49   8  29   9  89  10  75  11  51  12  95  13  82  14  87  15  59  16  94  17  90  18  73  19  67 
  0  83   1  90   2  85   3  98   4  96   5  50   6  43   7  46   8  31   9  90  10  74  11  52  12  96  13  83  14  86  15  61  16  93  17  89  18  71  19  67 
  0  75   1  84   2  83   3  94   4  95   5  44   6  40   7  43   8  30   9  83  10  74  11  50  12  97  13  78  14  84  15  52  16  88  17  87  18  67  19  65 
  0  80   1  88   2  82   3  97   4  96   5  46   6  43   7  45   8  31   9  86  10  74  11  52  12  98  13  81  14  85  15  59  16  93  17  88  18  72  19  64 
  0  74   1  87   2  83   3  94   4  95   5  45   6  40   7  43   8  29   9  83  10  73  11  50  12  94  13  79  14  83  15  54  16  88  17  86  18  67  19  62 
  0  79   1  89   2  84   3  95   4  98   5  47   6  42   7  45   8  29   9  86  10  73  11  50  12  96  13  79  14  82  15  58  16  90  17  90  18  68  19  63 
  0  76   1  87   2  82   3  96   4  98   5  46   6  41   7  44   8  29   9  82  10  74  11  50  12  97  13  79  14  85  15  54  16  90  17  88  18  70  19  66 


