
 20  20

  0  38   1  32   2  53   3  27   4  47   5  63   6  31   7  24   8  69   9  27  10  37  11  25  12  30  13  25  14  50  15  65  16  46  17  21  18  28  19  20 
  0  42   1  33   2  56   3  28   4  51   5  66   6  36   7  27   8  72   9  31  10  37  11  22  12  34  13  24  14  52  15  66  16  46  17  20  18  30  19  20 
  0  37   1  31   2  55   3  27   4  48   5  64   6  32   7  28   8  68   9  26  10  37  11  25  12  32  13  25  14  54  15  68  16  43  17  19  18  30  19  21 
  0  37   1  34   2  53   3  28   4  47   5  67   6  34   7  28   8  70   9  30  10  40  11  22  12  31  13  25  14  50  15  65  16  43  17  21  18  32  19  22 
  0  43   1  38   2  59   3  28   4  52   5  67   6  37   7  29   8  70   9  31  10  41  11  26  12  38  13  26  14  56  15  68  16  46  17  27  18  35  19  24 
  0  37   1  35   2  52   3  27   4  47   5  65   6  34   7  25   8  68   9  27  10  41  11  24  12  31  13  24  14  54  15  66  16  47  17  21  18  30  19  23 
  0  43   1  39   2  55   3  26   4  50   5  65   6  38   7  30   8  72   9  30  10  41  11  25  12  37  13  24  14  56  15  68  16  46  17  22  18  31  19  24 
  0  42   1  35   2  55   3  28   4  50   5  65   6  35   7  29   8  68   9  28  10  40  11  22  12  34  13  25  14  55  15  67  16  47  17  22  18  29  19  20 
  0  36   1  31   2  51   3  28   4  46   5  63   6  29   7  25   8  68   9  25  10  37  11  24  12  29  13  22  14  51  15  66  16  43  17  17  18  29  19  18 
  0  37   1  31   2  51   3  26   4  46   5  66   6  32   7  26   8  69   9  25  10  37  11  22  12  28  13  22  14  53  15  66  16  43  17  18  18  27  19  20 
  0  39   1  36   2  55   3  28   4  50   5  68   6  35   7  26   8  72   9  31  10  38  11  24  12  36  13  25  14  54  15  66  16  47  17  22  18  34  19  24 
  0  36   1  32   2  55   3  28   4  49   5  64   6  33   7  25   8  70   9  29  10  37  11  24  12  29  13  25  14  50  15  68  16  43  17  20  18  28  19  20 
  0  37   1  31   2  51   3  26   4  48   5  65   6  29   7  26   8  70   9  25  10  38  11  22  12  28  13  25  14  50  15  65  16  43  17  17  18  27  19  21 
  0  45   1  38   2  58   3  28   4  50   5  67   6  36   7  29   8  70   9  32  10  41  11  26  12  36  13  25  14  56  15  67  16  46  17  26  18  35  19  24 
  0  37   1  34   2  54   3  26   4  50   5  66   6  32   7  25   8  70   9  27  10  37  11  22  12  32  13  22  14  50  15  65  16  43  17  23  18  29  19  21 
  0  44   1  36   2  57   3  28   4  51   5  66   6  38   7  26   8  71   9  30  10  40  11  23  12  33  13  26  14  54  15  66  16  44  17  22  18  31  19  24 
  0  35   1  33   2  51   3  26   4  46   5  66   6  29   7  24   8  68   9  26  10  39  11  22  12  30  13  24  14  53  15  65  16  46  17  17  18  29  19  21 
  0  43   1  39   2  59   3  26   4  52   5  69   6  38   7  30   8  72   9  31  10  41  11  26  12  38  13  24  14  54  15  69  16  47  17  27  18  35  19  22 
  0  42   1  39   2  59   3  28   4  51   5  68   6  38   7  30   8  72   9  33  10  41  11  26  12  38  13  26  14  56  15  69  16  47  17  26  18  34  19  22 
  0  40   1  35   2  53   3  26   4  48   5  65   6  34   7  29   8  72   9  31  10  41  11  26  12  35  13  23  14  54  15  69  16  45  17  23  18  31  19  19 


