
 20  20

  0  27   1  30   2  25   3  19   4  58   5  50   6  49   7  62   8  51   9  71  10  40  11  47  12  23  13  39  14  66  15  56  16  79  17  26  18  78  19  53 
  0  24   1  31   2  21   3  20   4  58   5  47   6  47   7  62   8  51   9  70  10  38  11  45  12  23  13  34  14  61  15  54  16  79  17  28  18  78  19  55 
  0  27   1  30   2  24   3  18   4  56   5  47   6  47   7  61   8  50   9  71  10  41  11  44  12  21  13  33  14  64  15  55  16  79  17  26  18  76  19  56 
  0  32   1  35   2  24   3  25   4  60   5  49   6  47   7  60   8  56   9  72  10  41  11  47  12  22  13  42  14  68  15  56  16  85  17  30  18  76  19  57 
  0  25   1  31   2  21   3  19   4  59   5  49   6  49   7  60   8  50   9  71  10  38  11  47  12  22  13  35  14  61  15  54  16  80  17  27  18  76  19  53 
  0  31   1  36   2  25   3  26   4  59   5  50   6  48   7  61   8  55   9  74  10  43  11  52  12  24  13  42  14  69  15  55  16  82  17  27  18  77  19  59 
  0  30   1  33   2  25   3  24   4  60   5  49   6  49   7  60   8  54   9  71  10  40  11  48  12  21  13  39  14  65  15  54  16  80  17  30  18  78  19  55 
  0  32   1  35   2  26   3  26   4  60   5  51   6  49   7  62   8  54   9  75  10  42  11  49  12  22  13  39  14  68  15  56  16  82  17  28  18  78  19  56 
  0  33   1  34   2  26   3  22   4  57   5  51   6  47   7  60   8  55   9  72  10  43  11  51  12  25  13  42  14  67  15  56  16  84  17  27  18  78  19  55 
  0  29   1  35   2  24   3  22   4  57   5  50   6  47   7  62   8  55   9  72  10  40  11  50  12  24  13  40  14  65  15  56  16  83  17  30  18  76  19  55 
  0  24   1  30   2  23   3  18   4  58   5  48   6  47   7  60   8  50   9  70  10  40  11  45  12  22  13  33  14  61  15  55  16  80  17  29  18  78  19  55 
  0  34   1  33   2  28   3  26   4  60   5  51   6  47   7  61   8  55   9  76  10  44  11  49  12  24  13  42  14  69  15  56  16  85  17  28  18  78  19  58 
  0  31   1  32   2  23   3  24   4  59   5  47   6  47   7  61   8  56   9  70  10  42  11  49  12  25  13  36  14  66  15  54  16  83  17  27  18  77  19  57 
  0  34   1  34   2  28   3  26   4  60   5  51   6  48   7  62   8  58   9  76  10  44  11  51  12  24  13  41  14  69  15  56  16  85  17  30  18  77  19  59 
  0  31   1  35   2  26   3  26   4  58   5  48   6  47   7  62   8  56   9  73  10  44  11  52  12  22  13  43  14  71  15  55  16  84  17  28  18  77  19  58 
  0  29   1  36   2  26   3  22   4  58   5  50   6  49   7  60   8  54   9  71  10  41  11  51  12  24  13  39  14  68  15  56  16  81  17  27  18  77  19  58 
  0  29   1  33   2  25   3  20   4  59   5  47   6  48   7  60   8  53   9  70  10  43  11  50  12  21  13  37  14  65  15  56  16  81  17  28  18  78  19  56 
  0  33   1  36   2  25   3  25   4  60   5  49   6  47   7  62   8  58   9  74  10  44  11  50  12  25  13  43  14  70  15  56  16  84  17  29  18  78  19  58 
  0  32   1  34   2  25   3  25   4  60   5  51   6  49   7  62   8  56   9  74  10  43  11  48  12  25  13  41  14  67  15  54  16  83  17  30  18  77  19  57 
  0  27   1  32   2  20   3  20   4  57   5  50   6  47   7  61   8  52   9  71  10  40  11  44  12  22  13  35  14  61  15  54  16  82  17  29  18  76  19  55 


