
 20  20

  0  20   1  86   2  35   3  26   4  59   5  22   6  21   7  35   8  78   9  69  10  21  11  33  12  37  13  64  14  29  15  86  16  61  17  76  18  82  19  67 
  0  26   1  87   2  38   3  35   4  61   5  29   6  26   7  36   8  85   9  72  10  29  11  35  12  39  13  65  14  28  15  91  16  62  17  82  18  82  19  70 
  0  25   1  86   2  38   3  31   4  60   5  28   6  24   7  39   8  85   9  75  10  29  11  39  12  41  13  67  14  29  15  91  16  61  17  81  18  80  19  68 
  0  19   1  85   2  32   3  27   4  59   5  24   6  21   7  35   8  78   9  69  10  21  11  31  12  37  13  62  14  28  15  83  16  58  17  76  18  80  19  67 
  0  23   1  85   2  32   3  26   4  60   5  23   6  22   7  36   8  78   9  71  10  24  11  32  12  38  13  63  14  26  15  85  16  58  17  78  18  82  19  68 
  0  29   1  85   2  37   3  32   4  61   5  29   6  25   7  37   8  83   9  74  10  28  11  37  12  40  13  68  14  30  15  87  16  59  17  79  18  82  19  69 
  0  27   1  86   2  37   3  32   4  61   5  29   6  23   7  39   8  85   9  72  10  26  11  37  12  41  13  64  14  27  15  86  16  61  17  81  18  82  19  70 
  0  25   1  87   2  36   3  28   4  60   5  26   6  22   7  36   8  80   9  74  10  25  11  34  12  39  13  66  14  30  15  89  16  59  17  78  18  80  19  70 
  0  21   1  85   2  33   3  25   4  59   5  26   6  21   7  35   8  81   9  69  10  21  11  32  12  40  13  62  14  29  15  84  16  60  17  77  18  81  19  68 
  0  28   1  87   2  35   3  35   4  61   5  30   6  24   7  39   8  87   9  72  10  29  11  38  12  40  13  65  14  30  15  91  16  61  17  83  18  82  19  70 
  0  19   1  87   2  32   3  25   4  59   5  22   6  23   7  35   8  77   9  69  10  21  11  31  12  37  13  62  14  26  15  85  16  58  17  75  18  80  19  68 
  0  19   1  87   2  32   3  29   4  61   5  22   6  21   7  37   8  77   9  71  10  23  11  31  12  40  13  63  14  26  15  83  16  58  17  78  18  82  19  67 
  0  24   1  85   2  35   3  29   4  61   5  26   6  24   7  39   8  84   9  71  10  25  11  35  12  38  13  63  14  30  15  85  16  60  17  79  18  82  19  70 
  0  20   1  85   2  34   3  25   4  59   5  25   6  21   7  37   8  78   9  69  10  24  11  31  12  37  13  62  14  26  15  83  16  58  17  77  18  82  19  66 
  0  26   1  87   2  37   3  32   4  61   5  29   6  24   7  39   8  86   9  75  10  29  11  36  12  40  13  66  14  27  15  88  16  62  17  79  18  82  19  67 
  0  26   1  86   2  37   3  33   4  60   5  30   6  26   7  35   8  85   9  70  10  24  11  34  12  38  13  67  14  30  15  88  16  62  17  81  18  80  19  67 
  0  25   1  85   2  33   3  28   4  59   5  25   6  21   7  35   8  82   9  72  10  24  11  35  12  39  13  63  14  28  15  84  16  59  17  78  18  80  19  69 
  0  27   1  87   2  38   3  32   4  61   5  32   6  27   7  38   8  85   9  74  10  29  11  39  12  41  13  68  14  28  15  89  16  62  17  83  18  82  19  69 
  0  27   1  87   2  34   3  33   4  61   5  27   6  25   7  36   8  82   9  73  10  25  11  35  12  41  13  67  14  27  15  88  16  58  17  80  18  81  19  70 
  0  27   1  87   2  34   3  32   4  60   5  28   6  25   7  38   8  86   9  71  10  27  11  39  12  40  13  64  14  29  15  88  16  60  17  80  18  82  19  69 


