
 20  20

  0  19   1  65   2  21   3  40   4  36   5  66   6  78   7  35   8  42   9  28  10  64  11  53  12  66  13  12  14  11  15  75  16  64  17  37  18  73  19  60 
  0  17   1  65   2  19   3  41   4  32   5  65   6  76   7  37   8  42   9  29  10  65  11  55  12  65  13  11  14  13  15  72  16  64  17  36  18  74  19  61 
  0  14   1  65   2  18   3  37   4  34   5  66   6  78   7  33   8  43   9  30  10  64  11  53  12  63  13  14  14   9  15  74  16  62  17  37  18  73  19  60 
  0  17   1  63   2  20   3  40   4  35   5  65   6  79   7  37   8  41   9  29  10  64  11  55  12  66  13  12  14  13  15  71  16  62  17  35  18  74  19  60 
  0  22   1  69   2  25   3  41   4  39   5  68   6  82   7  40   8  44   9  30  10  66  11  55  12  67  13  18  14  14  15  77  16  64  17  35  18  74  19  62 
  0  20   1  65   2  21   3  38   4  38   5  68   6  82   7  38   8  44   9  28  10  67  11  53  12  66  13  18  14  12  15  77  16  64  17  35  18  74  19  62 
  0  12   1  63   2  17   3  38   4  31   5  66   6  74   7  33   8  42   9  28  10  61  11  53  12  63  13  12  14   9  15  71  16  63  17  35  18  72  19  60 
  0  17   1  64   2  22   3  37   4  36   5  65   6  79   7  38   8  40   9  29  10  67  11  53  12  66  13  14  14  13  15  73  16  62  17  37  18  72  19  60 
  0  17   1  63   2  19   3  39   4  36   5  67   6  80   7  34   8  43   9  28  10  66  11  55  12  64  13  15  14  10  15  74  16  62  17  36  18  72  19  62 
  0  21   1  68   2  24   3  41   4  39   5  66   6  81   7  39   8  41   9  29  10  66  11  55  12  67  13  16  14  14  15  74  16  64  17  37  18  74  19  62 
  0  19   1  69   2  22   3  41   4  39   5  66   6  82   7  36   8  43   9  30  10  69  11  55  12  67  13  15  14  16  15  74  16  64  17  35  18  72  19  62 
  0  18   1  66   2  21   3  41   4  39   5  67   6  78   7  36   8  43   9  30  10  68  11  53  12  66  13  17  14  12  15  75  16  63  17  36  18  74  19  62 
  0  12   1  62   2  19   3  38   4  33   5  65   6  74   7  35   8  40   9  28  10  61  11  53  12  66  13  13  14   9  15  71  16  63  17  35  18  72  19  62 
  0  12   1  61   2  18   3  40   4  31   5  65   6  76   7  32   8  40   9  28  10  63  11  53  12  65  13  13  14   8  15  73  16  64  17  35  18  73  19  62 
  0  13   1  60   2  16   3  38   4  31   5  65   6  76   7  32   8  40   9  30  10  61  11  53  12  64  13  11  14   8  15  72  16  64  17  35  18  72  19  60 
  0  14   1  63   2  20   3  40   4  34   5  66   6  77   7  32   8  40   9  29  10  62  11  55  12  66  13  10  14   8  15  71  16  63  17  35  18  72  19  62 
  0  12   1  60   2  17   3  37   4  31   5  65   6  74   7  32   8  40   9  29  10  61  11  54  12  63  13  12  14   8  15  71  16  63  17  36  18  74  19  60 
  0  16   1  63   2  19   3  38   4  34   5  65   6  79   7  33   8  40   9  28  10  65  11  55  12  63  13  15  14  12  15  71  16  63  17  37  18  72  19  60 
  0  17   1  62   2  21   3  38   4  35   5  67   6  77   7  35   8  40   9  29  10  63  11  54  12  63  13  14  14  13  15  74  16  63  17  35  18  72  19  60 
  0  18   1  68   2  24   3  41   4  35   5  67   6  77   7  36   8  42   9  28  10  67  11  55  12  66  13  13  14  15  15  76  16  64  17  37  18  73  19  61 


