
 20  20

  0  14   1  21   2  31   3   8   4  25   5  66   6  64   7  36   8  52   9  12  10  46  11  57  12  69  13  63  14   9  15  59  16  14  17  18  18  63  19  39 
  0  21   1  24   2  34   3  13   4  25   5  65   6  66   7  35   8  55   9  14  10  50  11  64  12  73  13  67  14  11  15  59  16  16  17  16  18  69  19  46 
  0  19   1  23   2  30   3  10   4  23   5  66   6  63   7  34   8  52   9  16  10  49  11  59  12  69  13  65  14  11  15  61  16  15  17  16  18  66  19  40 
  0  16   1  23   2  32   3  12   4  24   5  66   6  65   7  34   8  55   9  14  10  50  11  64  12  70  13  63  14  11  15  59  16  16  17  15  18  69  19  43 
  0  20   1  21   2  34   3  14   4  25   5  64   6  65   7  34   8  56   9  15  10  52  11  64  12  73  13  67  14  12  15  59  16  18  17  17  18  69  19  44 
  0  13   1  18   2  30   3   8   4  23   5  64   6  60   7  34   8  49   9  12  10  49  11  55  12  65  13  60  14   4  15  60  16  14  17  14  18  63  19  41 
  0  18   1  21   2  34   3  11   4  25   5  64   6  65   7  36   8  56   9  15  10  52  11  64  12  71  13  63  14   9  15  61  16  18  17  15  18  71  19  45 
  0  15   1  22   2  28   3   6   4  23   5  66   6  63   7  36   8  50   9  12  10  47  11  57  12  68  13  61  14   6  15  59  16  16  17  16  18  65  19  43 
  0  16   1  20   2  29   3  10   4  25   5  65   6  62   7  36   8  54   9  13  10  47  11  60  12  67  13  61  14   8  15  61  16  18  17  16  18  66  19  41 
  0  17   1  23   2  30   3   8   4  25   5  66   6  66   7  34   8  54   9  13  10  49  11  59  12  70  13  64  14   9  15  61  16  16  17  18  18  67  19  40 
  0  11   1  18   2  30   3   4   4  23   5  65   6  60   7  35   8  51   9  14  10  48  11  56  12  63  13  59  14   3  15  59  16  16  17  17  18  64  19  38 
  0  19   1  22   2  28   3  10   4  23   5  64   6  66   7  36   8  52   9  16  10  50  11  61  12  69  13  62  14  11  15  61  16  16  17  15  18  66  19  44 
  0  21   1  22   2  34   3  13   4  25   5  65   6  65   7  36   8  56   9  16  10  52  11  62  12  71  13  67  14  13  15  61  16  18  17  16  18  71  19  43 
  0  20   1  21   2  32   3  11   4  23   5  64   6  64   7  35   8  54   9  13  10  49  11  62  12  69  13  63  14  10  15  61  16  18  17  16  18  70  19  44 
  0  19   1  21   2  32   3   9   4  25   5  64   6  68   7  34   8  54   9  13  10  48  11  60  12  69  13  62  14  11  15  61  16  18  17  15  18  66  19  42 
  0  15   1  22   2  30   3  12   4  25   5  65   6  64   7  34   8  53   9  15  10  48  11  62  12  67  13  62  14  10  15  60  16  17  17  16  18  65  19  44 
  0  15   1  21   2  27   3   5   4  25   5  65   6  63   7  36   8  52   9  14  10  49  11  60  12  66  13  59  14   7  15  60  16  17  17  14  18  64  19  41 
  0  16   1  22   2  31   3   9   4  23   5  64   6  63   7  35   8  51   9  14  10  47  11  57  12  67  13  59  14   4  15  61  16  16  17  14  18  64  19  41 
  0  17   1  23   2  31   3  11   4  23   5  65   6  67   7  35   8  53   9  15  10  49  11  64  12  71  13  65  14   9  15  61  16  18  17  18  18  66  19  44 
  0  12   1  21   2  29   3   7   4  25   5  65   6  60   7  36   8  48   9  12  10  47  11  55  12  63  13  57  14   5  15  59  16  15  17  14  18  61  19  38 


