
 20  20

  0  37   1  44   2  72   3   7   4  29   5  32   6  62   7  37   8  57   9  23  10   9  11  68  12   7  13   6  14  59  15  40  16  35  17  43  18  54  19   8 
  0  44   1  44   2  79   3  13   4  28   5  37   6  68   7  41   8  66   9  33  10  10  11  71  12  15  13  10  14  62  15  42  16  39  17  46  18  62  19  11 
  0  39   1  44   2  74   3   9   4  28   5  33   6  65   7  37   8  60   9  29  10   7  11  71  12  11  13  10  14  61  15  40  16  36  17  46  18  60  19  13 
  0  38   1  45   2  73   3   9   4  27   5  33   6  62   7  41   8  61   9  29  10  10  11  70  12  11  13  10  14  58  15  40  16  37  17  42  18  58  19  13 
  0  38   1  41   2  74   3  11   4  26   5  31   6  62   7  39   8  59   9  28  10   8  11  66  12   8  13   7  14  58  15  40  16  36  17  45  18  59  19   8 
  0  35   1  45   2  70   3  11   4  27   5  34   6  64   7  37   8  58   9  25  10   8  11  69  12  10  13   6  14  58  15  40  16  36  17  43  18  57  19   9 
  0  40   1  46   2  75   3  12   4  29   5  35   6  67   7  41   8  66   9  31  10   9  11  71  12  15  13   9  14  61  15  42  16  38  17  45  18  59  19  11 
  0  44   1  46   2  79   3  13   4  30   5  34   6  69   7  39   8  64   9  30  10  10  11  70  12  15  13  10  14  61  15  41  16  40  17  46  18  62  19  12 
  0  34   1  43   2  69   3  10   4  27   5  32   6  61   7  38   8  57   9  25  10   7  11  67  12   7  13   6  14  57  15  40  16  34  17  44  18  57  19   8 
  0  36   1  41   2  71   3   8   4  26   5  31   6  61   7  37   8  58   9  23  10   6  11  66  12   5  13   7  14  59  15  40  16  34  17  42  18  54  19   8 
  0  35   1  45   2  70   3  11   4  26   5  32   6  65   7  39   8  59   9  27  10   9  11  69  12   8  13   8  14  56  15  41  16  37  17  43  18  58  19  10 
  0  41   1  43   2  72   3  12   4  28   5  31   6  63   7  41   8  61   9  27  10   8  11  71  12  10  13   8  14  59  15  42  16  36  17  46  18  59  19  12 
  0  41   1  47   2  76   3   9   4  30   5  34   6  66   7  40   8  61   9  31  10  10  11  70  12  12  13  10  14  61  15  42  16  39  17  46  18  58  19  10 
  0  39   1  41   2  71   3   9   4  28   5  32   6  65   7  39   8  60   9  28  10   7  11  70  12   8  13   6  14  61  15  42  16  37  17  42  18  57  19   8 
  0  40   1  42   2  75   3   9   4  28   5  33   6  62   7  37   8  59   9  26  10   6  11  67  12  10  13   7  14  58  15  42  16  35  17  42  18  56  19   8 
  0  42   1  47   2  76   3  13   4  30   5  36   6  66   7  39   8  66   9  31  10   8  11  69  12  15  13  10  14  64  15  42  16  37  17  46  18  61  19  12 
  0  42   1  45   2  79   3  12   4  30   5  35   6  69   7  41   8  67   9  32  10  10  11  71  12  15  13  10  14  64  15  41  16  40  17  46  18  62  19  13 
  0  41   1  46   2  76   3   9   4  30   5  35   6  66   7  41   8  63   9  27  10   6  11  70  12  11  13   7  14  60  15  42  16  36  17  42  18  58  19  10 
  0  38   1  45   2  74   3  10   4  29   5  34   6  63   7  41   8  62   9  26  10  10  11  68  12  10  13   9  14  59  15  42  16  38  17  43  18  60  19  12 
  0  39   1  46   2  77   3  12   4  27   5  33   6  69   7  41   8  66   9  30  10  10  11  71  12  13  13  10  14  62  15  41  16  39  17  46  18  58  19  14 


