
 20  20

  0  58   1  42   2  21   3  35   4  43   5  17   6  23   7  70   8  21   9  61  10  40  11  75  12  46  13  16  14  43  15  14  16  10  17  20  18  59  19  60 
  0  58   1  41   2  21   3  35   4  43   5  15   6  25   7  68   8  19   9  61  10  40  11  74  12  46  13  15  14  42  15  14  16   8  17  20  18  59  19  60 
  0  54   1  35   2  18   3  35   4  41   5  10   6  20   7  66   8  14   9  54  10  40  11  70  12  41  13  12  14  41  15  12  16   8  17  15  18  54  19  57 
  0  50   1  34   2  13   3  31   4  37   5  10   6  17   7  60   8  13   9  53  10  38  11  65  12  42  13   9  14  42  15   9  16   8  17  14  18  55  19  54 
  0  57   1  42   2  21   3  34   4  40   5  15   6  23   7  66   8  17   9  60  10  40  11  74  12  45  13  16  14  41  15  14  16   8  17  17  18  55  19  57 
  0  48   1  34   2  15   3  31   4  38   5   9   6  17   7  62   8  13   9  53  10  38  11  65  12  40  13   8  14  43  15   8  16   8  17  15  18  53  19  54 
  0  57   1  40   2  21   3  34   4  40   5  17   6  22   7  70   8  18   9  59  10  40  11  75  12  45  13  16  14  43  15  14  16  10  17  18  18  59  19  58 
  0  50   1  37   2  15   3  33   4  38   5  11   6  19   7  61   8  13   9  57  10  38  11  66  12  40  13  10  14  42  15  10  16   9  17  17  18  57  19  56 
  0  51   1  37   2  17   3  33   4  37   5  13   6  21   7  66   8  18   9  57  10  40  11  71  12  41  13   9  14  43  15  11  16   9  17  14  18  57  19  57 
  0  52   1  40   2  17   3  33   4  41   5  16   6  23   7  67   8  18   9  57  10  38  11  69  12  42  13  13  14  42  15  11  16  10  17  16  18  58  19  57 
  0  50   1  36   2  15   3  32   4  37   5  11   6  20   7  62   8  16   9  55  10  38  11  65  12  40  13  11  14  42  15  10  16   8  17  15  18  53  19  54 
  0  55   1  38   2  19   3  31   4  39   5  13   6  23   7  66   8  15   9  55  10  39  11  69  12  42  13  11  14  41  15   9  16   9  17  16  18  57  19  58 
  0  57   1  38   2  17   3  35   4  43   5  15   6  23   7  70   8  19   9  60  10  40  11  73  12  46  13  16  14  43  15  13  16   8  17  19  18  59  19  60 
  0  53   1  41   2  18   3  32   4  43   5  12   6  21   7  66   8  20   9  56  10  40  11  71  12  45  13  11  14  41  15  14  16   8  17  20  18  57  19  59 
  0  56   1  41   2  20   3  35   4  42   5  15   6  24   7  67   8  18   9  60  10  39  11  75  12  46  13  16  14  43  15  13  16  10  17  19  18  56  19  57 
  0  56   1  41   2  18   3  33   4  40   5  17   6  21   7  66   8  21   9  60  10  40  11  71  12  46  13  13  14  43  15  12  16   8  17  17  18  58  19  57 
  0  57   1  42   2  20   3  35   4  39   5  17   6  23   7  67   8  17   9  60  10  38  11  73  12  44  13  13  14  41  15  12  16   9  17  16  18  56  19  56 
  0  51   1  36   2  15   3  31   4  38   5  11   6  18   7  60   8  14   9  55  10  39  11  67  12  41  13   9  14  42  15   8  16   8  17  14  18  55  19  56 
  0  50   1  34   2  15   3  33   4  37   5  12   6  18   7  64   8  14   9  53  10  38  11  69  12  40  13   8  14  41  15  10  16   8  17  14  18  54  19  54 
  0  55   1  39   2  17   3  35   4  40   5  15   6  23   7  70   8  18   9  57  10  39  11  73  12  44  13  12  14  43  15  12  16   8  17  19  18  58  19  59 


