
 20  20

  0  95   1  39   2  36   3  92   4  31   5  96   6  54   7  75   8  65   9  30  10  90  11  57  12  62  13  65  14  63  15  82  16  88  17  41  18  62  19  93 
  0  91   1  38   2  34   3  89   4  25   5  90   6  56   7  70   8  65   9  27  10  91  11  54  12  59  13  59  14  63  15  84  16  87  17  42  18  61  19  93 
  0  96   1  39   2  41   3  95   4  34   5  98   6  55   7  73   8  67   9  33  10  94  11  58  12  64  13  65  14  64  15  84  16  89  17  46  18  63  19  95 
  0  87   1  38   2  33   3  90   4  26   5  92   6  56   7  71   8  66   9  27  10  88  11  57  12  60  13  62  14  62  15  84  16  86  17  38  18  61  19  95 
  0  97   1  36   2  39   3  93   4  31   5  99   6  58   7  75   8  67   9  33  10  94  11  57  12  67  13  65  14  63  15  84  16  90  17  45  18  63  19  95 
  0  89   1  36   2  32   3  87   4  24   5  90   6  55   7  71   8  66   9  25  10  90  11  54  12  59  13  61  14  62  15  84  16  86  17  38  18  61  19  93 
  0  97   1  37   2  39   3  95   4  32   5  95   6  58   7  75   8  66   9  34  10  94  11  60  12  64  13  65  14  63  15  84  16  88  17  43  18  63  19  95 
  0  89   1  37   2  36   3  91   4  27   5  93   6  56   7  70   8  65   9  27  10  89  11  54  12  63  13  60  14  64  15  84  16  86  17  41  18  63  19  93 
  0  96   1  37   2  40   3  97   4  34   5  99   6  58   7  75   8  67   9  33  10  94  11  58  12  65  13  64  14  63  15  84  16  90  17  46  18  61  19  95 
  0  95   1  38   2  39   3  93   4  31   5  97   6  58   7  75   8  66   9  32  10  94  11  58  12  66  13  65  14  64  15  83  16  90  17  43  18  63  19  95 
  0  93   1  39   2  38   3  94   4  33   5  97   6  58   7  72   8  65   9  32  10  91  11  57  12  63  13  64  14  64  15  82  16  88  17  45  18  62  19  93 
  0  96   1  37   2  39   3  97   4  32   5  99   6  58   7  75   8  67   9  35  10  93  11  58  12  67  13  65  14  64  15  84  16  90  17  46  18  62  19  94 
  0  95   1  37   2  37   3  95   4  32   5  93   6  58   7  73   8  65   9  31  10  94  11  56  12  62  13  62  14  63  15  82  16  89  17  44  18  63  19  93 
  0  94   1  39   2  34   3  92   4  30   5  93   6  56   7  73   8  65   9  32  10  93  11  55  12  62  13  64  14  63  15  84  16  89  17  44  18  61  19  95 
  0  87   1  35   2  32   3  90   4  27   5  90   6  55   7  69   8  65   9  27  10  88  11  54  12  59  13  61  14  62  15  82  16  86  17  38  18  63  19  93 
  0  91   1  37   2  35   3  95   4  28   5  97   6  57   7  71   8  65   9  32  10  93  11  57  12  62  13  64  14  64  15  84  16  89  17  42  18  61  19  94 
  0  90   1  39   2  36   3  94   4  27   5  92   6  56   7  71   8  67   9  28  10  93  11  57  12  61  13  64  14  64  15  84  16  89  17  44  18  62  19  94 
  0  94   1  36   2  40   3  95   4  32   5  95   6  58   7  74   8  66   9  31  10  93  11  58  12  66  13  63  14  62  15  82  16  89  17  44  18  61  19  95 
  0  90   1  38   2  35   3  90   4  26   5  94   6  54   7  70   8  66   9  31  10  91  11  56  12  62  13  64  14  64  15  82  16  89  17  43  18  63  19  95 
  0  95   1  37   2  39   3  95   4  33   5  96   6  55   7  75   8  67   9  34  10  94  11  59  12  63  13  63  14  64  15  82  16  89  17  44  18  63  19  93 


