
 20  20

  0  58   1  42   2  42   3  39   4  55   5  83   6  82   7  79   8  37   9  45  10  53  11  94  12  62  13  69  14  69  15  80  16  48  17  33  18  30  19  71 
  0  52   1  44   2  35   3  32   4  52   5  79   6  78   7  77   8  36   9  43  10  53  11  88  12  57  13  68  14  63  15  76  16  43  17  31  18  26  19  72 
  0  59   1  44   2  40   3  40   4  56   5  83   6  82   7  77   8  41   9  47  10  54  11  94  12  65  13  68  14  72  15  83  16  48  17  33  18  30  19  73 
  0  58   1  42   2  37   3  35   4  55   5  80   6  82   7  79   8  35   9  43  10  51  11  88  12  58  13  68  14  66  15  79  16  46  17  31  18  26  19  73 
  0  58   1  44   2  39   3  37   4  53   5  83   6  82   7  77   8  37   9  44  10  51  11  88  12  59  13  66  14  68  15  80  16  44  17  31  18  28  19  71 
  0  57   1  44   2  40   3  35   4  54   5  83   6  79   7  77   8  39   9  44  10  54  11  89  12  62  13  65  14  66  15  81  16  44  17  31  18  30  19  71 
  0  61   1  42   2  42   3  42   4  56   5  84   6  82   7  79   8  41   9  48  10  54  11  95  12  66  13  66  14  73  15  83  16  46  17  31  18  32  19  73 
  0  58   1  44   2  39   3  39   4  56   5  84   6  82   7  77   8  37   9  46  10  53  11  92  12  65  13  69  14  69  15  84  16  44  17  32  18  29  19  73 
  0  56   1  44   2  40   3  33   4  55   5  82   6  79   7  78   8  38   9  42  10  50  11  88  12  61  13  68  14  64  15  77  16  44  17  31  18  29  19  73 
  0  52   1  42   2  35   3  32   4  52   5  79   6  78   7  78   8  33   9  39  10  52  11  89  12  56  13  65  14  66  15  78  16  44  17  29  18  24  19  71 
  0  60   1  44   2  42   3  39   4  53   5  84   6  84   7  79   8  36   9  45  10  52  11  93  12  60  13  65  14  69  15  81  16  48  17  30  18  28  19  73 
  0  57   1  44   2  37   3  37   4  55   5  79   6  79   7  77   8  35   9  43  10  53  11  88  12  62  13  69  14  66  15  80  16  43  17  33  18  28  19  72 
  0  59   1  44   2  40   3  40   4  56   5  82   6  81   7  79   8  41   9  46  10  54  11  95  12  63  13  67  14  72  15  84  16  45  17  32  18  32  19  71 
  0  58   1  44   2  42   3  40   4  52   5  85   6  81   7  79   8  39   9  44  10  53  11  94  12  60  13  69  14  68  15  83  16  44  17  31  18  31  19  73 
  0  62   1  44   2  40   3  40   4  56   5  83   6  83   7  79   8  41   9  47  10  54  11  96  12  64  13  68  14  73  15  82  16  48  17  33  18  32  19  72 
  0  62   1  44   2  42   3  40   4  55   5  84   6  84   7  77   8  39   9  46  10  53  11  96  12  65  13  69  14  73  15  84  16  48  17  33  18  32  19  71 
  0  57   1  43   2  41   3  41   4  55   5  85   6  84   7  77   8  39   9  47  10  51  11  94  12  62  13  66  14  71  15  81  16  46  17  30  18  31  19  73 
  0  52   1  42   2  36   3  36   4  54   5  80   6  81   7  77   8  33   9  42  10  53  11  86  12  56  13  68  14  63  15  79  16  44  17  29  18  24  19  72 
  0  58   1  42   2  41   3  40   4  53   5  85   6  83   7  79   8  37   9  48  10  52  11  95  12  61  13  68  14  72  15  82  16  46  17  33  18  28  19  71 
  0  56   1  43   2  42   3  38   4  55   5  85   6  80   7  79   8  39   9  45  10  51  11  94  12  62  13  67  14  67  15  82  16  48  17  32  18  30  19  72 


