
 20  20

  0  47   1  82   2  73   3  58   4  50   5  11   6  32   7  62   8  73   9  68  10  51  11  59  12  34  13  29  14  44  15  19  16  50  17  34  18  58  19  73 
  0  52   1  81   2  77   3  64   4  49   5  17   6  35   7  66   8  72   9  69  10  51  11  63  12  38  13  32  14  46  15  21  16  57  17  37  18  60  19  75 
  0  48   1  83   2  75   3  60   4  49   5  13   6  31   7  65   8  72   9  72  10  53  11  62  12  39  13  31  14  44  15  21  16  51  17  33  18  60  19  73 
  0  53   1  83   2  78   3  63   4  49   5  18   6  36   7  65   8  73   9  73  10  55  11  67  12  39  13  34  14  46  15  27  16  56  17  37  18  66  19  75 
  0  53   1  81   2  80   3  64   4  49   5  18   6  35   7  65   8  76   9  74  10  55  11  63  12  41  13  31  14  46  15  27  16  57  17  35  18  64  19  78 
  0  51   1  82   2  75   3  62   4  49   5  13   6  37   7  63   8  74   9  70  10  54  11  63  12  37  13  33  14  45  15  24  16  53  17  35  18  60  19  73 
  0  49   1  81   2  74   3  60   4  49   5  12   6  30   7  62   8  72   9  68  10  52  11  60  12  36  13  30  14  44  15  22  16  53  17  33  18  59  19  71 
  0  50   1  82   2  74   3  60   4  49   5  14   6  35   7  63   8  72   9  69  10  51  11  60  12  35  13  31  14  46  15  21  16  53  17  33  18  60  19  71 
  0  50   1  81   2  76   3  61   4  51   5  16   6  33   7  64   8  75   9  71  10  53  11  61  12  36  13  32  14  46  15  23  16  55  17  34  18  61  19  73 
  0  55   1  82   2  81   3  67   4  51   5  18   6  39   7  67   8  76   9  73  10  53  11  65  12  44  13  35  14  46  15  27  16  57  17  35  18  66  19  77 
  0  52   1  82   2  80   3  63   4  51   5  15   6  37   7  64   8  76   9  73  10  55  11  65  12  39  13  33  14  45  15  25  16  57  17  37  18  63  19  74 
  0  53   1  81   2  80   3  65   4  49   5  16   6  35   7  64   8  73   9  71  10  54  11  67  12  40  13  33  14  44  15  26  16  57  17  36  18  61  19  76 
  0  47   1  81   2  73   3  57   4  50   5  11   6  30   7  61   8  73   9  69  10  51  11  60  12  34  13  31  14  44  15  21  16  51  17  34  18  58  19  73 
  0  49   1  81   2  73   3  59   4  49   5  14   6  31   7  64   8  73   9  68  10  54  11  62  12  38  13  30  14  45  15  21  16  52  17  33  18  58  19  74 
  0  48   1  81   2  73   3  58   4  51   5  13   6  31   7  65   8  72   9  69  10  52  11  62  12  35  13  30  14  46  15  20  16  54  17  34  18  59  19  72 
  0  48   1  81   2  78   3  59   4  49   5  15   6  34   7  62   8  73   9  71  10  54  11  60  12  37  13  33  14  44  15  20  16  53  17  35  18  62  19  72 
  0  52   1  81   2  75   3  60   4  51   5  16   6  33   7  63   8  73   9  72  10  54  11  63  12  38  13  34  14  44  15  23  16  54  17  36  18  62  19  76 
  0  49   1  81   2  73   3  57   4  49   5  13   6  33   7  63   8  72   9  68  10  51  11  58  12  34  13  29  14  44  15  20  16  50  17  35  18  59  19  72 
  0  54   1  83   2  78   3  66   4  51   5  16   6  36   7  66   8  73   9  72  10  53  11  65  12  44  13  35  14  46  15  26  16  60  17  37  18  64  19  79 
  0  49   1  81   2  73   3  60   4  50   5  15   6  32   7  63   8  72   9  68  10  52  11  59  12  39  13  33  14  46  15  20  16  54  17  36  18  62  19  75 


