
 20  20

  0  24   1  68   2  50   3  42   4  25   5  15   6  61   7  72   8  57   9  56  10  61  11  30  12  72  13  69  14  70  15  13  16  23  17  29  18  23  19  25 
  0  31   1  73   2  55   3  48   4  27   5  16   6  69   7  72   8  61   9  57  10  64  11  31  12  77  13  71  14  71  15  19  16  29  17  35  18  29  19  27 
  0  29   1  69   2  54   3  44   4  28   5  12   6  67   7  70   8  58   9  55  10  65  11  32  12  74  13  69  14  68  15  16  16  25  17  31  18  25  19  25 
  0  23   1  63   2  48   3  41   4  23   5  13   6  63   7  70   8  52   9  55  10  61  11  29  12  68  13  69  14  67  15  14  16  21  17  25  18  24  19  26 
  0  30   1  67   2  54   3  47   4  27   5  15   6  64   7  72   8  59   9  55  10  65  11  32  12  75  13  69  14  71  15  18  16  26  17  31  18  26  19  25 
  0  27   1  64   2  52   3  44   4  23   5  12   6  62   7  71   8  56   9  55  10  63  11  30  12  70  13  71  14  67  15  17  16  23  17  28  18  23  19  27 
  0  25   1  65   2  48   3  44   4  25   5  12   6  63   7  70   8  54   9  56  10  62  11  28  12  70  13  69  14  67  15  16  16  22  17  27  18  23  19  27 
  0  23   1  65   2  51   3  43   4  22   5  13   6  62   7  70   8  52   9  55  10  61  11  26  12  68  13  69  14  67  15  13  16  21  17  25  18  25  19  25 
  0  31   1  70   2  57   3  46   4  30   5  13   6  66   7  72   8  61   9  56  10  63  11  34  12  78  13  70  14  69  15  18  16  30  17  34  18  29  19  26 
  0  24   1  64   2  50   3  44   4  22   5  12   6  63   7  72   8  53   9  55  10  62  11  26  12  71  13  71  14  67  15  17  16  23  17  28  18  27  19  27 
  0  23   1  63   2  49   3  42   4  25   5  12   6  61   7  71   8  54   9  56  10  61  11  28  12  69  13  70  14  67  15  16  16  21  17  28  18  23  19  25 
  0  25   1  63   2  47   3  40   4  22   5  12   6  63   7  70   8  54   9  55  10  61  11  27  12  68  13  71  14  67  15  14  16  23  17  25  18  22  19  27 
  0  30   1  71   2  56   3  48   4  29   5  16   6  66   7  72   8  58   9  57  10  62  11  34  12  76  13  71  14  68  15  17  16  28  17  33  18  28  19  25 
  0  23   1  64   2  47   3  40   4  23   5  14   6  61   7  70   8  52   9  57  10  61  11  27  12  70  13  69  14  68  15  13  16  22  17  26  18  22  19  27 
  0  29   1  67   2  51   3  43   4  27   5  16   6  63   7  72   8  58   9  55  10  64  11  31  12  71  13  69  14  69  15  18  16  26  17  31  18  26  19  26 
  0  25   1  64   2  51   3  41   4  22   5  12   6  61   7  70   8  55   9  57  10  62  11  30  12  71  13  70  14  67  15  15  16  25  17  30  18  26  19  27 
  0  31   1  69   2  51   3  46   4  25   5  14   6  68   7  72   8  60   9  55  10  65  11  29  12  76  13  69  14  68  15  19  16  25  17  31  18  28  19  26 
  0  26   1  66   2  50   3  41   4  25   5  16   6  62   7  72   8  54   9  55  10  64  11  29  12  71  13  69  14  68  15  18  16  23  17  27  18  24  19  27 
  0  28   1  70   2  51   3  45   4  27   5  12   6  66   7  72   8  60   9  57  10  63  11  32  12  75  13  69  14  68  15  18  16  28  17  33  18  26  19  25 
  0  31   1  73   2  57   3  46   4  27   5  16   6  66   7  72   8  61   9  56  10  63  11  33  12  78  13  71  14  71  15  19  16  31  17  34  18  31  19  27 


