
 20  20

  0  67   1  16   2  39   3  67   4  43   5  36   6  23   7  30   8  21   9  30  10  55  11  39  12  51  13  18  14  36  15  38  16  22  17  29  18  17  19  44 
  0  66   1  15   2  41   3  68   4  41   5  34   6  22   7  30   8  22   9  29  10  56  11  42  12  49  13  19  14  36  15  40  16  20  17  29  18  20  19  45 
  0  63   1  15   2  37   3  68   4  42   5  29   6  17   7  32   8  19   9  27  10  52  11  37  12  47  13  18  14  31  15  35  16  16  17  29  18  14  19  40 
  0  64   1  16   2  36   3  66   4  41   5  30   6  21   7  32   8  21   9  26  10  49  11  39  12  48  13  19  14  31  15  33  16  18  17  29  18  18  19  40 
  0  64   1  16   2  35   3  67   4  43   5  28   6  19   7  30   8  21   9  27  10  50  11  36  12  48  13  18  14  31  15  35  16  16  17  29  18  19  19  39 
  0  59   1  12   2  34   3  66   4  43   5  29   6  15   7  32   8  16   9  25  10  46  11  34  12  47  13  19  14  31  15  32  16  16  17  30  18  14  19  37 
  0  62   1  14   2  39   3  68   4  43   5  32   6  17   7  30   8  18   9  26  10  52  11  37  12  46  13  18  14  32  15  36  16  15  17  29  18  18  19  40 
  0  68   1  16   2  41   3  67   4  43   5  34   6  25   7  32   8  23   9  31  10  55  11  40  12  51  13  18  14  35  15  40  16  20  17  28  18  18  19  44 
  0  64   1  14   2  38   3  67   4  43   5  33   6  24   7  32   8  23   9  31  10  56  11  39  12  51  13  18  14  36  15  39  16  18  17  29  18  19  19  44 
  0  64   1  16   2  38   3  66   4  43   5  31   6  19   7  30   8  22   9  27  10  50  11  40  12  49  13  18  14  30  15  34  16  20  17  30  18  19  19  43 
  0  61   1  14   2  34   3  68   4  42   5  27   6  18   7  31   8  18   9  27  10  50  11  35  12  45  13  20  14  30  15  31  16  17  17  28  18  15  19  38 
  0  68   1  15   2  42   3  68   4  43   5  36   6  25   7  31   8  25   9  31  10  56  11  42  12  50  13  20  14  34  15  39  16  22  17  28  18  20  19  45 
  0  62   1  14   2  37   3  68   4  43   5  34   6  22   7  30   8  21   9  31  10  54  11  38  12  47  13  20  14  32  15  38  16  19  17  30  18  20  19  44 
  0  58   1  12   2  34   3  66   4  42   5  27   6  15   7  32   8  15   9  27  10  47  11  34  12  45  13  18  14  28  15  30  16  14  17  28  18  15  19  39 
  0  65   1  15   2  39   3  68   4  42   5  31   6  22   7  32   8  22   9  30  10  54  11  39  12  49  13  20  14  32  15  37  16  20  17  28  18  17  19  43 
  0  63   1  14   2  38   3  68   4  41   5  29   6  21   7  30   8  21   9  30  10  52  11  37  12  46  13  19  14  33  15  33  16  17  17  29  18  15  19  39 
  0  58   1  12   2  35   3  66   4  41   5  28   6  17   7  30   8  15   9  25  10  46  11  37  12  47  13  18  14  30  15  32  16  16  17  28  18  14  19  37 
  0  59   1  12   2  34   3  67   4  41   5  28   6  15   7  30   8  19   9  25  10  47  11  37  12  45  13  18  14  31  15  31  16  16  17  28  18  15  19  37 
  0  59   1  12   2  34   3  67   4  41   5  27   6  15   7  30   8  18   9  27  10  48  11  35  12  45  13  18  14  28  15  31  16  14  17  28  18  14  19  40 
  0  62   1  12   2  36   3  66   4  41   5  31   6  20   7  31   8  21   9  26  10  54  11  40  12  47  13  20  14  31  15  37  16  17  17  30  18  19  19  40 


