
 20  20

  0  78   1  81   2  74   3  94   4  67   5  79   6  36   7  71   8  63   9  45  10  25  11  58  12  26  13  77  14  38  15  73  16  23  17  85  18  56  19  33 
  0  79   1  80   2  72   3  91   4  69   5  80   6  38   7  68   8  64   9  41  10  23  11  60  12  28  13  74  14  39  15  71  16  24  17  82  18  55  19  31 
  0  83   1  84   2  76   3  96   4  69   5  81   6  40   7  74   8  66   9  47  10  29  11  60  12  29  13  81  14  41  15  77  16  27  17  86  18  58  19  33 
  0  79   1  80   2  71   3  91   4  68   5  77   6  38   7  69   8  66   9  45  10  26  11  58  12  30  13  74  14  38  15  74  16  27  17  85  18  55  19  30 
  0  79   1  83   2  75   3  93   4  67   5  82   6  36   7  71   8  65   9  42  10  25  11  58  12  29  13  76  14  42  15  72  16  25  17  85  18  57  19  31 
  0  80   1  79   2  72   3  92   4  69   5  78   6  37   7  67   8  63   9  42  10  22  11  59  12  28  13  74  14  38  15  71  16  23  17  84  18  56  19  30 
  0  82   1  81   2  72   3  93   4  67   5  82   6  39   7  72   8  65   9  43  10  24  11  59  12  27  13  77  14  39  15  75  16  24  17  85  18  56  19  32 
  0  84   1  87   2  76   3  94   4  69   5  84   6  39   7  75   8  66   9  45  10  28  11  59  12  33  13  82  14  42  15  74  16  28  17  86  18  58  19  34 
  0  86   1  86   2  76   3  95   4  68   5  82   6  40   7  75   8  66   9  47  10  30  11  59  12  31  13  82  14  44  15  75  16  27  17  88  18  59  19  33 
  0  78   1  80   2  70   3  93   4  68   5  77   6  35   7  70   8  67   9  42  10  26  11  60  12  28  13  77  14  38  15  71  16  25  17  83  18  55  19  31 
  0  81   1  84   2  75   3  95   4  69   5  79   6  38   7  72   8  66   9  44  10  27  11  58  12  27  13  76  14  38  15  73  16  28  17  84  18  55  19  32 
  0  85   1  88   2  74   3  97   4  69   5  82   6  38   7  74   8  68   9  46  10  28  11  60  12  33  13  79  14  42  15  77  16  29  17  87  18  59  19  33 
  0  85   1  87   2  75   3  94   4  69   5  84   6  38   7  75   8  66   9  44  10  31  11  58  12  33  13  80  14  42  15  74  16  29  17  88  18  58  19  34 
  0  77   1  78   2  73   3  92   4  67   5  76   6  34   7  69   8  65   9  42  10  21  11  58  12  25  13  76  14  40  15  72  16  25  17  82  18  55  19  32 
  0  76   1  81   2  71   3  93   4  67   5  79   6  37   7  69   8  63   9  42  10  23  11  59  12  25  13  75  14  40  15  71  16  23  17  82  18  58  19  32 
  0  79   1  85   2  71   3  93   4  67   5  79   6  38   7  68   8  67   9  46  10  24  11  58  12  30  13  77  14  38  15  74  16  28  17  83  18  58  19  30 
  0  82   1  88   2  76   3  97   4  69   5  82   6  39   7  75   8  69   9  45  10  30  11  59  12  32  13  82  14  44  15  77  16  29  17  89  18  58  19  33 
  0  86   1  88   2  76   3  96   4  69   5  81   6  38   7  75   8  68   9  46  10  31  11  59  12  33  13  79  14  43  15  75  16  26  17  88  18  59  19  33 
  0  79   1  82   2  71   3  95   4  69   5  79   6  37   7  67   8  65   9  43  10  26  11  58  12  28  13  74  14  40  15  72  16  27  17  85  18  56  19  30 
  0  82   1  84   2  72   3  96   4  68   5  82   6  37   7  68   8  66   9  42  10  24  11  58  12  31  13  76  14  42  15  76  16  26  17  84  18  57  19  30 


