
 20  20

  0   3   1  66   2  67   3  12   4  61   5  52   6  41   7  30   8  53   9  25  10  53  11  60  12  33  13   8  14  55  15  48  16  26  17  60  18  62  19  50 
  0  12   1  67   2  71   3  13   4  65   5  50   6  51   7  36   8  54   9  33  10  60  11  64  12  37  13   9  14  58  15  53  16  29  17  63  18  62  19  50 
  0   8   1  66   2  67   3  13   4  62   5  51   6  45   7  34   8  54   9  28  10  55  11  64  12  34  13  11  14  55  15  53  16  25  17  63  18  64  19  50 
  0  11   1  66   2  69   3  13   4  64   5  50   6  50   7  35   8  54   9  32  10  58  11  65  12  39  13  12  14  59  15  55  16  29  17  64  18  64  19  52 
  0   8   1  67   2  70   3  10   4  64   5  52   6  45   7  35   8  53   9  30  10  55  11  64  12  33  13   8  14  54  15  50  16  26  17  59  18  60  19  52 
  0   6   1  68   2  69   3  11   4  64   5  51   6  45   7  32   8  54   9  27  10  54  11  62  12  33  13   8  14  58  15  51  16  24  17  63  18  62  19  50 
  0   4   1  68   2  67   3   9   4  65   5  52   6  45   7  34   8  52   9  25  10  53  11  62  12  32  13   9  14  53  15  51  16  26  17  60  18  63  19  52 
  0  12   1  68   2  68   3  15   4  65   5  50   6  51   7  33   8  52   9  32  10  60  11  64  12  39  13   9  14  59  15  53  16  29  17  61  18  63  19  51 
  0   8   1  67   2  70   3  12   4  63   5  50   6  43   7  35   8  52   9  25  10  56  11  63  12  33  13  11  14  58  15  50  16  26  17  59  18  60  19  50 
  0   2   1  66   2  67   3  10   4  61   5  50   6  41   7  30   8  52   9  23  10  52  11  61  12  32  13   8  14  53  15  48  16  23  17  60  18  62  19  51 
  0  10   1  66   2  70   3  14   4  63   5  51   6  48   7  35   8  54   9  32  10  58  11  65  12  39  13  10  14  58  15  54  16  28  17  64  18  63  19  52 
  0   9   1  66   2  66   3  11   4  63   5  52   6  45   7  32   8  54   9  29  10  56  11  64  12  35  13  10  14  56  15  49  16  26  17  62  18  62  19  50 
  0   3   1  66   2  68   3  11   4  62   5  50   6  42   7  33   8  54   9  26  10  53  11  60  12  32  13   7  14  55  15  49  16  23  17  60  18  60  19  51 
  0   6   1  67   2  68   3  11   4  64   5  50   6  43   7  33   8  52   9  29  10  55  11  64  12  31  13   7  14  57  15  51  16  25  17  58  18  60  19  52 
  0  12   1  68   2  70   3  15   4  64   5  51   6  49   7  33   8  54   9  33  10  59  11  66  12  37  13  12  14  58  15  54  16  28  17  63  18  64  19  52 
  0   5   1  68   2  67   3  11   4  61   5  50   6  45   7  32   8  54   9  29  10  56  11  63  12  35  13   7  14  58  15  49  16  27  17  59  18  63  19  50 
  0   8   1  68   2  71   3  12   4  62   5  52   6  49   7  34   8  54   9  27  10  58  11  65  12  33  13   9  14  55  15  51  16  29  17  64  18  64  19  51 
  0   9   1  68   2  69   3  12   4  62   5  52   6  44   7  34   8  54   9  30  10  56  11  65  12  35  13  11  14  56  15  49  16  25  17  63  18  61  19  50 
  0   7   1  68   2  67   3  10   4  62   5  51   6  46   7  33   8  53   9  30  10  57  11  64  12  36  13   7  14  56  15  49  16  28  17  62  18  63  19  52 
  0  12   1  68   2  71   3  13   4  65   5  52   6  50   7  34   8  53   9  32  10  60  11  66  12  39  13  11  14  59  15  52  16  28  17  61  18  64  19  52 


