
 20  20

  0  49   1  67   2  90   3  72   4  54   5  64   6  79   7  42   8  36   9  72  10  40  11  51  12  57  13  60  14  77  15  53  16  38  17  87  18  69  19  90 
  0  45   1  66   2  85   3  72   4  52   5  61   6  80   7  40   8  33   9  71  10  39  11  51  12  54  13  60  14  77  15  52  16  31  17  86  18  66  19  86 
  0  50   1  70   2  91   3  71   4  53   5  63   6  82   7  45   8  36   9  72  10  40  11  50  12  58  13  60  14  77  15  56  16  38  17  90  18  70  19  89 
  0  43   1  62   2  84   3  70   4  50   5  61   6  78   7  35   8  32   9  71  10  37  11  49  12  50  13  60  14  75  15  52  16  31  17  81  18  63  19  84 
  0  48   1  68   2  89   3  71   4  55   5  63   6  82   7  40   8  36   9  72  10  39  11  51  12  56  13  58  14  77  15  53  16  33  17  87  18  70  19  88 
  0  44   1  67   2  87   3  70   4  50   5  65   6  82   7  37   8  33   9  71  10  40  11  49  12  56  13  60  14  75  15  54  16  35  17  85  18  65  19  89 
  0  45   1  67   2  86   3  70   4  50   5  61   6  78   7  37   8  31   9  71  10  39  11  51  12  52  13  60  14  78  15  53  16  31  17  83  18  66  19  88 
  0  51   1  70   2  91   3  72   4  56   5  63   6  81   7  44   8  34   9  72  10  38  11  50  12  60  13  60  14  78  15  56  16  38  17  91  18  69  19  92 
  0  51   1  68   2  92   3  72   4  54   5  63   6  81   7  45   8  35   9  72  10  40  11  51  12  59  13  60  14  78  15  55  16  38  17  91  18  70  19  90 
  0  43   1  63   2  84   3  70   4  52   5  64   6  79   7  36   8  30   9  70  10  39  11  51  12  52  13  58  14  75  15  55  16  34  17  85  18  63  19  84 
  0  49   1  64   2  87   3  70   4  53   5  61   6  82   7  43   8  32   9  71  10  40  11  49  12  58  13  60  14  77  15  56  16  33  17  88  18  69  19  88 
  0  51   1  70   2  91   3  72   4  56   5  63   6  81   7  45   8  36   9  71  10  39  11  51  12  60  13  59  14  78  15  56  16  38  17  89  18  69  19  92 
  0  42   1  62   2  84   3  70   4  49   5  62   6  80   7  35   8  31   9  72  10  38  11  50  12  52  13  58  14  75  15  52  16  31  17  83  18  63  19  84 
  0  42   1  63   2  85   3  72   4  50   5  61   6  78   7  37   8  32   9  72  10  38  11  51  12  54  13  58  14  75  15  53  16  34  17  82  18  66  19  87 
  0  42   1  63   2  85   3  70   4  49   5  61   6  78   7  35   8  30   9  70  10  36  11  49  12  51  13  58  14  75  15  52  16  30  17  81  18  65  19  87 
  0  45   1  65   2  84   3  72   4  48   5  64   6  81   7  36   8  31   9  72  10  38  11  51  12  51  13  59  14  75  15  54  16  31  17  83  18  64  19  87 
  0  47   1  67   2  88   3  70   4  49   5  61   6  80   7  38   8  32   9  70  10  36  11  50  12  55  13  60  14  75  15  55  16  31  17  86  18  68  19  89 
  0  42   1  62   2  87   3  72   4  48   5  62   6  78   7  35   8  32   9  70  10  37  11  51  12  51  13  60  14  78  15  55  16  30  17  81  18  64  19  84 
  0  48   1  67   2  92   3  72   4  56   5  63   6  79   7  44   8  36   9  72  10  40  11  50  12  56  13  60  14  79  15  55  16  36  17  89  18  68  19  90 
  0  48   1  69   2  92   3  71   4  54   5  63   6  80   7  41   8  35   9  71  10  38  11  51  12  59  13  60  14  76  15  53  16  38  17  88  18  68  19  92 


