
 20  20

  0  56   1  65   2  26   3  75   4  33   5  11   6   9   7  64   8  29   9  47  10  28  11   6  12  47  13  64  14  40  15  68  16  33  17  69  18  51  19  38 
  0  54   1  65   2  24   3  71   4  30   5   8   6   7   7  63   8  25   9  41  10  22  11   4  12  45  13  62  14  39  15  68  16  30  17  67  18  49  19  39 
  0  54   1  65   2  24   3  71   4  30   5  10   6   5   7  65   8  29   9  41  10  24  11   5  12  47  13  62  14  40  15  66  16  30  17  64  18  47  19  39 
  0  50   1  66   2  24   3  71   4  30   5   8   6   8   7  64   8  24   9  40  10  22  11   3  12  47  13  61  14  36  15  68  16  31  17  63  18  49  19  37 
  0  54   1  67   2  24   3  73   4  30   5   9   6  10   7  64   8  28   9  43  10  24  11   9  12  47  13  64  14  37  15  68  16  32  17  67  18  50  19  39 
  0  54   1  65   2  26   3  71   4  27   5   8   6   7   7  64   8  28   9  42  10  24  11   5  12  45  13  59  14  37  15  68  16  29  17  63  18  47  19  39 
  0  53   1  65   2  23   3  75   4  32   5   7   6   6   7  62   8  30   9  43  10  24  11   8  12  46  13  59  14  37  15  66  16  29  17  66  18  51  19  39 
  0  52   1  65   2  25   3  71   4  27   5   7   6   7   7  64   8  23   9  40  10  19  11   1  12  45  13  58  14  36  15  66  16  30  17  61  18  47  19  39 
  0  49   1  66   2  26   3  72   4  27   5   8   6   8   7  63   8  24   9  43  10  24  11   4  12  45  13  60  14  37  15  68  16  29  17  62  18  49  19  37 
  0  48   1  63   2  23   3  72   4  27   5   8   6   7   7  61   8  24   9  39  10  22  11   6  12  45  13  60  14  38  15  68  16  32  17  62  18  49  19  38 
  0  53   1  63   2  25   3  74   4  30   5   9   6   6   7  62   8  26   9  43  10  22  11   8  12  45  13  59  14  40  15  67  16  29  17  64  18  50  19  38 
  0  49   1  66   2  26   3  71   4  27   5   7   6   8   7  61   8  24   9  38  10  22  11   4  12  46  13  60  14  39  15  66  16  30  17  66  18  48  19  39 
  0  50   1  65   2  23   3  73   4  31   5  10   6   8   7  63   8  25   9  43  10  25  11   4  12  45  13  61  14  37  15  68  16  30  17  63  18  47  19  39 
  0  50   1  66   2  24   3  69   4  27   5   6   6   3   7  63   8  23   9  37  10  19  11   3  12  45  13  58  14  38  15  66  16  32  17  62  18  50  19  37 
  0  51   1  64   2  27   3  71   4  29   5   7   6   9   7  63   8  27   9  43  10  22  11   6  12  46  13  59  14  40  15  68  16  32  17  65  18  51  19  39 
  0  48   1  63   2  25   3  69   4  25   5   6   6   5   7  61   8  23   9  40  10  19  11   1  12  45  13  58  14  38  15  66  16  31  17  62  18  47  19  39 
  0  56   1  66   2  27   3  77   4  34   5  10   6  11   7  65   8  30   9  47  10  26  11   9  12  47  13  65  14  40  15  67  16  33  17  69  18  49  19  39 
  0  47   1  65   2  22   3  70   4  24   5   6   6   3   7  61   8  24   9  37  10  18  11   1  12  45  13  58  14  36  15  66  16  29  17  61  18  47  19  37 
  0  53   1  64   2  25   3  73   4  27   5  11   6   8   7  65   8  28   9  41  10  22  11   5  12  47  13  58  14  40  15  66  16  30  17  64  18  49  19  38 
  0  47   1  63   2  22   3  70   4  28   5   6   6   7   7  62   8  23   9  37  10  22  11   1  12  47  13  55  14  36  15  66  16  31  17  65  18  47  19  39 


