
 20  20

  0  52   1  33   2  30   3  58   4  30   5  80   6  53   7  41   8  77   9  87  10  62  11  33  12  81  13  84  14  34  15  89  16  47  17  80  18  82  19  44 
  0  52   1  36   2  30   3  58   4  32   5  82   6  54   7  41   8  77   9  85  10  60  11  33  12  80  13  83  14  35  15  86  16  47  17  81  18  81  19  45 
  0  60   1  41   2  33   3  57   4  37   5  82   6  58   7  44   8  82   9  87  10  64  11  40  12  84  13  85  14  35  15  87  16  50  17  82  18  85  19  44 
  0  53   1  33   2  31   3  55   4  31   5  80   6  55   7  41   8  80   9  87  10  63  11  33  12  78  13  83  14  35  15  86  16  49  17  80  18  81  19  45 
  0  60   1  42   2  31   3  59   4  36   5  85   6  59   7  47   8  83   9  87  10  64  11  41  12  85  13  87  14  39  15  90  16  51  17  84  18  87  19  46 
  0  54   1  32   2  29   3  55   4  33   5  82   6  53   7  41   8  80   9  85  10  62  11  31  12  80  13  84  14  36  15  89  16  47  17  80  18  79  19  44 
  0  56   1  38   2  32   3  55   4  33   5  83   6  57   7  41   8  78   9  87  10  60  11  35  12  79  13  85  14  36  15  89  16  50  17  81  18  81  19  44 
  0  58   1  37   2  33   3  58   4  34   5  81   6  56   7  43   8  78   9  87  10  60  11  35  12  79  13  84  14  36  15  86  16  51  17  81  18  84  19  46 
  0  53   1  32   2  29   3  55   4  32   5  80   6  54   7  38   8  77   9  85  10  61  11  32  12  79  13  83  14  33  15  86  16  48  17  80  18  81  19  44 
  0  53   1  33   2  32   3  55   4  34   5  79   6  56   7  41   8  77   9  85  10  62  11  36  12  78  13  83  14  34  15  88  16  47  17  83  18  84  19  44 
  0  59   1  41   2  33   3  59   4  36   5  83   6  58   7  46   8  83   9  87  10  62  11  38  12  85  13  87  14  39  15  89  16  51  17  84  18  86  19  46 
  0  54   1  35   2  29   3  55   4  34   5  82   6  53   7  42   8  79   9  86  10  61  11  32  12  80  13  84  14  34  15  89  16  47  17  80  18  82  19  44 
  0  52   1  34   2  29   3  57   4  33   5  82   6  54   7  42   8  78   9  85  10  60  11  33  12  80  13  84  14  35  15  88  16  49  17  80  18  81  19  44 
  0  55   1  36   2  33   3  58   4  37   5  80   6  58   7  43   8  78   9  85  10  64  11  38  12  82  13  86  14  38  15  86  16  50  17  84  18  86  19  44 
  0  57   1  35   2  32   3  57   4  34   5  84   6  57   7  44   8  78   9  85  10  63  11  38  12  79  13  85  14  36  15  87  16  50  17  84  18  83  19  46 
  0  57   1  39   2  30   3  56   4  35   5  81   6  55   7  41   8  80   9  87  10  60  11  34  12  79  13  84  14  36  15  90  16  50  17  80  18  82  19  45 
  0  58   1  39   2  33   3  58   4  32   5  82   6  58   7  41   8  81   9  87  10  63  11  34  12  82  13  83  14  37  15  86  16  51  17  80  18  83  19  44 
  0  59   1  42   2  32   3  58   4  38   5  85   6  59   7  47   8  81   9  86  10  62  11  40  12  84  13  87  14  39  15  90  16  51  17  84  18  89  19  44 
  0  53   1  35   2  32   3  55   4  33   5  80   6  56   7  42   8  80   9  87  10  61  11  32  12  78  13  84  14  35  15  89  16  49  17  82  18  80  19  45 
  0  55   1  36   2  29   3  57   4  34   5  80   6  54   7  40   8  78   9  87  10  62  11  32  12  80  13  83  14  33  15  87  16  49  17  81  18  79  19  45 


