
 20  20

  0  77   1  21   2  18   3  76   4  45   5  44   6  66   7  78   8  57   9  41  10  60  11  37  12  74  13  61  14  47  15  46  16  88  17  35  18  84  19  20 
  0  82   1  22   2  25   3  76   4  48   5  48   6  68   7  83   8  57   9  43  10  68  11  36  12  78  13  63  14  48  15  49  16  88  17  40  18  84  19  22 
  0  84   1  26   2  27   3  78   4  52   5  52   6  69   7  83   8  59   9  46  10  68  11  38  12  77  13  63  14  49  15  49  16  93  17  40  18  85  19  24 
  0  80   1  21   2  21   3  78   4  46   5  48   6  69   7  81   8  58   9  46  10  64  11  38  12  75  13  61  14  47  15  47  16  86  17  36  18  81  19  21 
  0  84   1  24   2  23   3  78   4  51   5  53   6  66   7  85   8  59   9  47  10  65  11  37  12  77  13  61  14  50  15  46  16  91  17  38  18  85  19  24 
  0  78   1  18   2  19   3  78   4  42   5  43   6  66   7  80   8  56   9  42  10  59  11  36  12  73  13  61  14  42  15  45  16  83  17  36  18  82  19  21 
  0  80   1  24   2  21   3  78   4  47   5  48   6  67   7  84   8  57   9  44  10  67  11  36  12  74  13  63  14  49  15  49  16  91  17  39  18  82  19  23 
  0  76   1  20   2  21   3  76   4  42   5  46   6  66   7  77   8  56   9  41  10  59  11  34  12  76  13  61  14  45  15  48  16  84  17  34  18  81  19  22 
  0  75   1  19   2  20   3  76   4  44   5  46   6  65   7  78   8  56   9  43  10  62  11  36  12  73  13  61  14  42  15  45  16  84  17  36  18  81  19  20 
  0  77   1  19   2  20   3  78   4  45   5  45   6  67   7  79   8  59   9  42  10  65  11  36  12  74  13  61  14  45  15  49  16  87  17  37  18  81  19  23 
  0  77   1  17   2  21   3  78   4  44   5  44   6  65   7  78   8  59   9  42  10  61  11  36  12  75  13  61  14  45  15  47  16  86  17  35  18  81  19  20 
  0  75   1  20   2  19   3  77   4  42   5  47   6  65   7  80   8  56   9  44  10  61  11  37  12  73  13  62  14  43  15  48  16  83  17  35  18  84  19  21 
  0  78   1  20   2  23   3  78   4  47   5  46   6  66   7  80   8  57   9  44  10  65  11  35  12  77  13  61  14  46  15  46  16  86  17  38  18  82  19  20 
  0  81   1  25   2  25   3  78   4  50   5  50   6  68   7  81   8  60   9  47  10  67  11  37  12  79  13  63  14  48  15  46  16  92  17  40  18  85  19  21 
  0  75   1  18   2  17   3  78   4  42   5  45   6  67   7  81   8  58   9  43  10  62  11  37  12  73  13  61  14  46  15  46  16  84  17  37  18  84  19  20 
  0  81   1  24   2  24   3  76   4  50   5  49   6  69   7  80   8  59   9  46  10  67  11  36  12  76  13  61  14  47  15  49  16  91  17  37  18  82  19  23 
  0  80   1  23   2  25   3  78   4  49   5  50   6  68   7  81   8  59   9  44  10  67  11  36  12  77  13  63  14  49  15  46  16  90  17  37  18  83  19  24 
  0  78   1  23   2  21   3  78   4  44   5  45   6  68   7  78   8  58   9  45  10  62  11  34  12  76  13  61  14  48  15  46  16  87  17  37  18  84  19  23 
  0  85   1  26   2  24   3  78   4  49   5  50   6  68   7  84   8  60   9  47  10  69  11  38  12  78  13  63  14  50  15  49  16  93  17  40  18  85  19  24 
  0  83   1  22   2  25   3  77   4  49   5  52   6  69   7  83   8  59   9  46  10  68  11  38  12  78  13  63  14  50  15  48  16  91  17  38  18  82  19  24 


