
 20  20

  0  28   1  20   2  48   3  21   4  48   5  42   6  26   7  40   8  42   9  48  10  35  11  33  12  49  13  49  14  24  15  44  16  42  17  45  18  38  19  25 
  0  28   1  21   2  46   3  21   4  50   5  46   6  28   7  38   8  42   9  48  10  36  11  34  12  49  13  51  14  22  15  43  16  45  17  45  18  41  19  28 
  0  22   1  17   2  48   3  20   4  46   5  42   6  27   7  37   8  42   9  47  10  35  11  33  12  47  13  46  14  21  15  44  16  41  17  43  18  38  19  26 
  0  26   1  20   2  46   3  22   4  49   5  46   6  28   7  40   8  42   9  47  10  37  11  33  12  49  13  50  14  24  15  44  16  45  17  46  18  40  19  26 
  0  20   1  18   2  46   3  21   4  42   5  42   6  25   7  37   8  42   9  44  10  38  11  28  12  47  13  44  14  20  15  41  16  38  17  43  18  33  19  26 
  0  28   1  21   2  48   3  21   4  49   5  46   6  29   7  41   8  42   9  46  10  37  11  34  12  48  13  48  14  22  15  42  16  42  17  46  18  40  19  26 
  0  18   1  17   2  48   3  20   4  41   5  36   6  23   7  39   8  40   9  42  10  35  11  30  12  47  13  41  14  20  15  40  16  37  17  42  18  31  19  22 
  0  18   1  18   2  46   3  20   4  41   5  36   6  26   7  37   8  40   9  42  10  34  11  29  12  47  13  44  14  18  15  40  16  38  17  43  18  33  19  23 
  0  19   1  17   2  46   3  22   4  42   5  36   6  23   7  39   8  41   9  44  10  35  11  30  12  47  13  41  14  20  15  42  16  37  17  42  18  31  19  22 
  0  18   1  19   2  46   3  21   4  43   5  36   6  25   7  37   8  40   9  42  10  34  11  28  12  48  13  42  14  21  15  40  16  39  17  42  18  31  19  25 
  0  25   1  20   2  47   3  20   4  45   5  44   6  28   7  41   8  42   9  48  10  34  11  32  12  48  13  49  14  24  15  42  16  42  17  45  18  38  19  27 
  0  18   1  17   2  46   3  20   4  40   5  36   6  24   7  38   8  40   9  42  10  34  11  29  12  47  13  41  14  18  15  42  16  39  17  42  18  31  19  23 
  0  28   1  21   2  48   3  22   4  50   5  45   6  28   7  41   8  42   9  48  10  38  11  32  12  49  13  50  14  24  15  44  16  45  17  44  18  40  19  28 
  0  28   1  20   2  48   3  21   4  50   5  44   6  27   7  39   8  41   9  48  10  38  11  34  12  48  13  51  14  24  15  44  16  45  17  46  18  41  19  28 
  0  26   1  19   2  48   3  20   4  47   5  44   6  28   7  41   8  42   9  46  10  36  11  31  12  47  13  50  14  21  15  44  16  42  17  46  18  39  19  26 
  0  23   1  21   2  47   3  20   4  49   5  42   6  28   7  39   8  40   9  45  10  35  11  32  12  47  13  47  14  20  15  42  16  41  17  43  18  39  19  25 
  0  23   1  17   2  48   3  22   4  46   5  44   6  24   7  38   8  41   9  45  10  35  11  29  12  48  13  45  14  20  15  42  16  40  17  42  18  37  19  27 
  0  25   1  20   2  47   3  20   4  46   5  43   6  28   7  40   8  41   9  47  10  38  11  32  12  47  13  47  14  19  15  40  16  41  17  45  18  37  19  25 
  0  20   1  17   2  48   3  20   4  45   5  41   6  24   7  40   8  42   9  44  10  35  11  32  12  47  13  45  14  22  15  41  16  43  17  45  18  36  19  24 
  0  25   1  18   2  46   3  20   4  48   5  43   6  28   7  39   8  40   9  48  10  35  11  32  12  48  13  48  14  23  15  41  16  44  17  46  18  38  19  28 


