
 20  20

  0  46   1  51   2  49   3  59   4  48   5  40   6  50   7  39   8  52   9  46  10  57  11  58  12  47  13  33  14  39  15  44  16  47  17  51  18  37  19  36 
  0  40   1  47   2  45   3  54   4  42   5  37   6  49   7  35   8  49   9  44  10  56  11  54  12  43  13  33  14  38  15  41  16  42  17  48  18  35  19  31 
  0  41   1  48   2  49   3  57   4  43   5  38   6  51   7  36   8  50   9  44  10  57  11  53  12  43  13  33  14  40  15  42  16  42  17  47  18  34  19  34 
  0  45   1  53   2  50   3  57   4  48   5  40   6  49   7  36   8  52   9  43  10  55  11  57  12  46  13  35  14  40  15  46  16  47  17  48  18  37  19  38 
  0  43   1  51   2  45   3  56   4  46   5  40   6  51   7  38   8  51   9  46  10  57  11  54  12  42  13  31  14  38  15  43  16  42  17  50  18  35  19  34 
  0  39   1  45   2  43   3  54   4  42   5  37   6  47   7  36   8  46   9  45  10  55  11  51  12  41  13  34  14  38  15  42  16  42  17  47  18  33  19  32 
  0  39   1  47   2  43   3  55   4  42   5  36   6  46   7  36   8  49   9  45  10  55  11  54  12  41  13  33  14  38  15  42  16  39  17  49  18  33  19  29 
  0  44   1  49   2  48   3  54   4  41   5  40   6  50   7  35   8  47   9  43  10  56  11  53  12  42  13  35  14  38  15  40  16  42  17  51  18  35  19  32 
  0  41   1  50   2  49   3  57   4  45   5  39   6  50   7  34   8  50   9  46  10  55  11  55  12  46  13  33  14  40  15  44  16  44  17  50  18  37  19  31 
  0  43   1  49   2  46   3  58   4  47   5  39   6  52   7  38   8  49   9  44  10  55  11  56  12  44  13  32  14  40  15  42  16  45  17  51  18  34  19  35 
  0  44   1  48   2  49   3  56   4  44   5  38   6  48   7  38   8  49   9  42  10  56  11  52  12  45  13  31  14  38  15  42  16  44  17  48  18  33  19  33 
  0  47   1  48   2  47   3  59   4  45   5  39   6  50   7  35   8  48   9  46  10  57  11  54  12  43  13  35  14  39  15  43  16  45  17  49  18  35  19  34 
  0  48   1  51   2  50   3  61   4  49   5  37   6  49   7  37   8  50   9  45  10  57  11  55  12  44  13  35  14  40  15  46  16  47  17  49  18  39  19  35 
  0  38   1  46   2  43   3  56   4  42   5  37   6  48   7  35   8  47   9  42  10  57  11  50  12  41  13  33  14  40  15  40  16  38  17  47  18  31  19  28 
  0  47   1  51   2  46   3  56   4  44   5  40   6  49   7  37   8  51   9  46  10  57  11  55  12  44  13  35  14  40  15  45  16  45  17  48  18  34  19  36 
  0  39   1  45   2  43   3  53   4  41   5  36   6  46   7  32   8  47   9  43  10  55  11  52  12  41  13  31  14  38  15  41  16  38  17  47  18  31  19  28 
  0  39   1  47   2  47   3  56   4  41   5  36   6  49   7  34   8  48   9  42  10  56  11  52  12  41  13  33  14  38  15  40  16  40  17  47  18  34  19  31 
  0  41   1  51   2  48   3  56   4  43   5  36   6  47   7  36   8  50   9  44  10  56  11  56  12  42  13  35  14  40  15  45  16  41  17  49  18  37  19  35 
  0  41   1  47   2  45   3  55   4  40   5  36   6  48   7  35   8  46   9  42  10  55  11  50  12  42  13  33  14  38  15  43  16  40  17  49  18  34  19  30 
  0  45   1  48   2  46   3  59   4  46   5  40   6  50   7  38   8  49   9  44  10  57  11  53  12  45  13  34  14  39  15  45  16  41  17  50  18  34  19  31 


