
 20  20

  0  33   1  59   2  58   3  43   4  49   5  51   6  58   7  37   8  39   9  43  10  52  11  50  12  38  13  34  14  52  15  59  16  57  17  48  18  44  19  56 
  0  39   1  66   2  61   3  43   4  51   5  60   6  61   7  39   8  47   9  50  10  55  11  53  12  42  13  42  14  52  15  65  16  58  17  50  18  45  19  61 
  0  37   1  60   2  58   3  41   4  50   5  54   6  56   7  37   8  41   9  45  10  52  11  52  12  39  13  35  14  50  15  59  16  57  17  52  18  45  19  60 
  0  41   1  65   2  60   3  46   4  50   5  56   6  58   7  37   8  46   9  51  10  56  11  53  12  42  13  42  14  50  15  64  16  59  17  50  18  45  19  59 
  0  32   1  56   2  56   3  40   4  50   5  51   6  54   7  37   8  38   9  44  10  52  11  49  12  35  13  34  14  50  15  55  16  55  17  50  18  43  19  55 
  0  40   1  61   2  57   3  44   4  53   5  58   6  61   7  37   8  46   9  50  10  56  11  52  12  41  13  40  14  50  15  60  16  57  17  52  18  45  19  58 
  0  37   1  59   2  58   3  44   4  50   5  55   6  60   7  38   8  41   9  48  10  53  11  53  12  41  13  36  14  51  15  59  16  59  17  49  18  45  19  58 
  0  39   1  66   2  59   3  46   4  51   5  60   6  62   7  39   8  46   9  51  10  56  11  53  12  43  13  41  14  52  15  63  16  60  17  51  18  45  19  61 
  0  40   1  65   2  61   3  42   4  53   5  57   6  60   7  39   8  44   9  49  10  54  11  50  12  43  13  41  14  52  15  64  16  59  17  51  18  43  19  60 
  0  34   1  60   2  55   3  44   4  51   5  55   6  56   7  37   8  39   9  45  10  52  11  49  12  40  13  39  14  50  15  56  16  55  17  50  18  44  19  57 
  0  42   1  63   2  58   3  44   4  52   5  60   6  60   7  38   8  48   9  48  10  56  11  53  12  43  13  42  14  50  15  62  16  61  17  51  18  44  19  61 
  0  41   1  66   2  59   3  46   4  53   5  60   6  61   7  38   8  46   9  48  10  54  11  53  12  45  13  42  14  52  15  62  16  61  17  52  18  44  19  59 
  0  35   1  62   2  58   3  40   4  51   5  56   6  58   7  38   8  42   9  48  10  53  11  49  12  38  13  38  14  52  15  59  16  56  17  50  18  45  19  55 
  0  41   1  66   2  61   3  44   4  53   5  58   6  62   7  39   8  47   9  51  10  54  11  53  12  45  13  40  14  51  15  62  16  61  17  52  18  45  19  60 
  0  35   1  61   2  56   3  41   4  50   5  52   6  55   7  37   8  43   9  46  10  55  11  49  12  37  13  35  14  52  15  59  16  55  17  51  18  43  19  55 
  0  37   1  57   2  56   3  41   4  49   5  51   6  55   7  37   8  41   9  47  10  55  11  50  12  39  13  37  14  52  15  59  16  56  17  48  18  45  19  58 
  0  34   1  60   2  57   3  42   4  50   5  54   6  55   7  37   8  43   9  47  10  56  11  51  12  41  13  36  14  50  15  58  16  56  17  48  18  45  19  56 
  0  36   1  59   2  57   3  42   4  51   5  53   6  55   7  39   8  40   9  45  10  55  11  52  12  38  13  36  14  52  15  57  16  56  17  48  18  43  19  58 
  0  40   1  64   2  59   3  46   4  52   5  58   6  61   7  39   8  48   9  51  10  56  11  51  12  43  13  42  14  52  15  65  16  59  17  52  18  43  19  61 
  0  35   1  61   2  58   3  41   4  53   5  56   6  59   7  37   8  44   9  45  10  56  11  51  12  39  13  36  14  52  15  57  16  57  17  51  18  45  19  60 


