
 20  20

  0  54   1  61   2  66   3  57   4  35   5  41   6  51   7  52   8  43   9  62  10  49  11  64  12  50  13  39  14  44  15  41  16  58  17  58  18  57  19  36 
  0  61   1  61   2  66   3  61   4  38   5  41   6  53   7  54   8  43   9  68  10  54  11  64  12  58  13  44  14  47  15  48  16  58  17  68  18  61  19  38 
  0  59   1  60   2  66   3  58   4  38   5  41   6  50   7  53   8  42   9  64  10  50  11  65  12  51  13  42  14  43  15  45  16  56  17  61  18  58  19  39 
  0  61   1  61   2  64   3  57   4  40   5  41   6  54   7  54   8  41   9  65  10  49  11  64  12  56  13  43  14  45  15  44  16  58  17  66  18  59  19  38 
  0  62   1  62   2  66   3  60   4  41   5  42   6  55   7  52   8  43   9  68  10  54  11  66  12  58  13  47  14  47  15  50  16  58  17  67  18  61  19  41 
  0  61   1  60   2  66   3  61   4  38   5  40   6  51   7  54   8  41   9  64  10  52  11  66  12  57  13  42  14  47  15  45  16  58  17  64  18  59  19  41 
  0  59   1  62   2  66   3  61   4  38   5  44   6  54   7  51   8  43   9  65  10  53  11  66  12  57  13  43  14  46  15  46  16  57  17  65  18  60  19  38 
  0  61   1  62   2  65   3  60   4  37   5  42   6  52   7  52   8  41   9  68  10  51  11  66  12  53  13  44  14  44  15  46  16  56  17  64  18  59  19  37 
  0  55   1  61   2  64   3  58   4  37   5  39   6  49   7  50   8  41   9  63  10  49  11  66  12  49  13  39  14  43  15  45  16  58  17  63  18  58  19  39 
  0  53   1  62   2  64   3  57   4  34   5  38   6  47   7  50   8  41   9  62  10  49  11  65  12  49  13  40  14  43  15  43  16  56  17  58  18  57  19  35 
  0  58   1  60   2  66   3  61   4  39   5  43   6  51   7  54   8  43   9  68  10  50  11  66  12  56  13  42  14  44  15  46  16  58  17  66  18  59  19  37 
  0  57   1  62   2  64   3  60   4  38   5  40   6  51   7  51   8  43   9  66  10  49  11  65  12  50  13  42  14  46  15  43  16  56  17  62  18  60  19  38 
  0  61   1  62   2  66   3  61   4  39   5  44   6  55   7  53   8  42   9  64  10  54  11  64  12  56  13  45  14  44  15  49  16  56  17  67  18  58  19  40 
  0  56   1  61   2  66   3  57   4  35   5  40   6  48   7  50   8  43   9  65  10  47  11  66  12  49  13  39  14  44  15  43  16  57  17  60  18  58  19  39 
  0  60   1  60   2  65   3  61   4  37   5  43   6  52   7  52   8  43   9  64  10  54  11  65  12  55  13  45  14  47  15  46  16  58  17  67  18  61  19  41 
  0  59   1  62   2  66   3  58   4  36   5  43   6  50   7  52   8  43   9  66  10  52  11  64  12  55  13  41  14  45  15  43  16  56  17  62  18  61  19  40 
  0  58   1  62   2  64   3  57   4  34   5  38   6  48   7  53   8  43   9  65  10  50  11  64  12  50  13  40  14  43  15  46  16  56  17  62  18  57  19  36 
  0  56   1  62   2  66   3  57   4  36   5  40   6  50   7  51   8  43   9  63  10  51  11  65  12  54  13  39  14  46  15  45  16  57  17  64  18  59  19  35 
  0  62   1  62   2  66   3  61   4  41   5  44   6  53   7  54   8  42   9  68  10  54  11  65  12  57  13  45  14  47  15  47  16  57  17  66  18  61  19  40 
  0  58   1  61   2  64   3  57   4  36   5  42   6  49   7  50   8  42   9  65  10  49  11  66  12  51  13  41  14  43  15  43  16  56  17  60  18  57  19  39 


