
 20  20

  0  29   1  15   2  33   3  27   4  41   5  37   6  26   7  30   8  26   9  37  10  16  11  17  12  33  13  40  14  32  15  31  16  42  17  26  18  44  19  24 
  0  31   1  15   2  31   3  31   4  43   5  38   6  26   7  30   8  25   9  37  10  13  11  14  12  32  13  41  14  33  15  31  16  42  17  27  18  41  19  24 
  0  31   1  17   2  32   3  31   4  43   5  40   6  30   7  34   8  26   9  37  10  18  11  16  12  32  13  42  14  33  15  31  16  41  17  27  18  44  19  24 
  0  26   1  12   2  29   3  29   4  42   5  34   6  26   7  30   8  26   9  35  10  14  11  15  12  31  13  35  14  32  15  26  16  40  17  26  18  41  19  26 
  0  33   1  16   2  33   3  31   4  44   5  38   6  26   7  33   8  25   9  37  10  15  11  15  12  32  13  41  14  36  15  31  16  41  17  25  18  43  19  26 
  0  29   1  13   2  29   3  29   4  38   5  34   6  28   7  32   8  25   9  35  10  11  11  13  12  30  13  36  14  31  15  26  16  38  17  25  18  43  19  23 
  0  30   1  14   2  30   3  27   4  43   5  37   6  29   7  32   8  24   9  35  10  14  11  14  12  31  13  37  14  35  15  29  16  38  17  25  18  41  19  23 
  0  27   1  15   2  29   3  30   4  41   5  33   6  26   7  30   8  24   9  36  10  15  11  14  12  30  13  35  14  31  15  26  16  36  17  26  18  42  19  26 
  0  33   1  14   2  34   3  28   4  44   5  40   6  30   7  33   8  24   9  35  10  14  11  15  12  35  13  41  14  36  15  31  16  44  17  26  18  44  19  26 
  0  26   1  15   2  29   3  28   4  38   5  33   6  25   7  32   8  24   9  37  10  12  11  16  12  30  13  37  14  31  15  27  16  36  17  27  18  43  19  25 
  0  33   1  18   2  36   3  31   4  45   5  39   6  31   7  35   8  25   9  37  10  19  11  19  12  36  13  43  14  37  15  33  16  45  17  25  18  45  19  29 
  0  32   1  14   2  30   3  28   4  42   5  34   6  28   7  32   8  25   9  35  10  16  11  15  12  30  13  37  14  32  15  29  16  40  17  26  18  44  19  27 
  0  32   1  16   2  37   3  30   4  45   5  37   6  30   7  32   8  24   9  36  10  16  11  17  12  35  13  40  14  37  15  33  16  44  17  27  18  43  19  28 
  0  27   1  13   2  32   3  27   4  41   5  33   6  27   7  30   8  25   9  35  10  11  11  14  12  32  13  35  14  32  15  29  16  36  17  25  18  41  19  23 
  0  31   1  15   2  34   3  31   4  43   5  41   6  28   7  33   8  24   9  37  10  18  11  15  12  36  13  42  14  36  15  33  16  43  17  26  18  44  19  28 
  0  36   1  18   2  35   3  30   4  48   5  39   6  31   7  33   8  26   9  37  10  17  11  18  12  35  13  40  14  37  15  33  16  42  17  27  18  43  19  26 
  0  36   1  18   2  34   3  31   4  48   5  42   6  29   7  35   8  26   9  36  10  19  11  19  12  35  13  42  14  37  15  33  16  45  17  27  18  43  19  27 
  0  29   1  12   2  29   3  27   4  40   5  34   6  25   7  30   8  24   9  35  10  12  11  13  12  31  13  35  14  34  15  30  16  36  17  25  18  41  19  25 
  0  31   1  15   2  30   3  28   4  41   5  36   6  27   7  33   8  26   9  37  10  16  11  15  12  34  13  38  14  32  15  31  16  40  17  25  18  41  19  26 
  0  26   1  13   2  30   3  29   4  38   5  35   6  25   7  30   8  26   9  35  10  11  11  15  12  30  13  36  14  31  15  27  16  38  17  25  18  44  19  25 


