
 20  20

  0  75   1  84   2  81   3  80   4  83   5  77   6  84   7  95   8  93   9  91  10  67  11  72  12  89  13  82  14  76  15  75  16  69  17  65  18  66  19  91 
  0  73   1  85   2  82   3  79   4  81   5  79   6  82   7  96   8  94   9  90  10  67  11  73  12  89  13  82  14  76  15  80  16  70  17  67  18  69  19  91 
  0  75   1  89   2  82   3  81   4  81   5  80   6  83   7  95   8  94   9  92  10  65  11  76  12  93  13  82  14  74  15  80  16  70  17  70  18  70  19  93 
  0  73   1  86   2  80   3  79   4  81   5  75   6  84   7  95   8  92   9  86  10  65  11  70  12  87  13  81  14  72  15  76  16  70  17  64  18  67  19  91 
  0  75   1  88   2  82   3  81   4  83   5  82   6  85   7  96   8  94   9  93  10  66  11  74  12  90  13  82  14  74  15  77  16  70  17  67  18  68  19  93 
  0  71   1  81   2  79   3  80   4  82   5  74   6  84   7  94   8  93   9  86  10  66  11  74  12  87  13  82  14  70  15  75  16  68  17  61  18  63  19  92 
  0  77   1  85   2  80   3  80   4  83   5  78   6  85   7  93   8  94   9  92  10  67  11  73  12  91  13  80  14  77  15  78  16  69  17  68  18  69  19  93 
  0  75   1  86   2  81   3  79   4  83   5  79   6  83   7  96   8  92   9  90  10  65  11  73  12  89  13  82  14  71  15  77  16  69  17  64  18  64  19  91 
  0  68   1  81   2  79   3  79   4  81   5  76   6  81   7  92   8  94   9  89  10  65  11  73  12  89  13  82  14  73  15  75  16  68  17  62  18  64  19  93 
  0  74   1  86   2  82   3  80   4  83   5  81   6  82   7  96   8  92   9  89  10  67  11  76  12  93  13  82  14  73  15  80  16  70  17  70  18  66  19  93 
  0  75   1  87   2  79   3  81   4  81   5  80   6  84   7  93   8  92   9  92  10  67  11  75  12  90  13  81  14  76  15  79  16  68  17  67  18  66  19  91 
  0  70   1  82   2  79   3  80   4  81   5  73   6  83   7  94   8  94   9  86  10  67  11  70  12  88  13  81  14  70  15  75  16  68  17  61  18  64  19  91 
  0  71   1  85   2  78   3  79   4  81   5  73   6  82   7  92   8  94   9  86  10  65  11  70  12  88  13  80  14  70  15  75  16  68  17  61  18  66  19  91 
  0  78   1  89   2  81   3  79   4  83   5  82   6  84   7  96   8  94   9  91  10  66  11  76  12  93  13  82  14  76  15  80  16  70  17  69  18  70  19  91 
  0  72   1  86   2  80   3  81   4  83   5  76   6  83   7  92   8  92   9  89  10  65  11  71  12  87  13  81  14  73  15  74  16  69  17  62  18  65  19  92 
  0  74   1  82   2  80   3  79   4  82   5  76   6  81   7  93   8  93   9  86  10  65  11  73  12  92  13  80  14  73  15  73  16  70  17  64  18  67  19  92 
  0  76   1  89   2  80   3  79   4  81   5  77   6  84   7  93   8  92   9  91  10  65  11  73  12  90  13  80  14  73  15  79  16  70  17  65  18  70  19  93 
  0  70   1  81   2  79   3  81   4  81   5  74   6  83   7  93   8  93   9  87  10  66  11  73  12  90  13  80  14  69  15  72  16  68  17  61  18  65  19  93 
  0  73   1  83   2  78   3  79   4  82   5  78   6  85   7  95   8  92   9  88  10  65  11  75  12  88  13  82  14  73  15  76  16  68  17  65  18  64  19  91 
  0  76   1  85   2  81   3  81   4  81   5  80   6  81   7  92   8  92   9  90  10  66  11  74  12  91  13  82  14  72  15  78  16  68  17  64  18  67  19  91 


