
 20  20

  0  63   1  64   2  67   3  73   4  52   5  63   6  75   7  56   8  54   9  75  10  73  11  54  12  72  13  54  14  53  15  65  16  66  17  61  18  57  19  49 
  0  68   1  65   2  68   3  76   4  58   5  66   6  79   7  58   8  57   9  76  10  71  11  56  12  74  13  62  14  53  15  67  16  68  17  62  18  56  19  51 
  0  66   1  67   2  63   3  73   4  55   5  64   6  75   7  55   8  55   9  72  10  71  11  52  12  72  13  57  14  51  15  65  16  69  17  62  18  55  19  51 
  0  69   1  65   2  68   3  76   4  58   5  66   6  79   7  58   8  54   9  74  10  72  11  56  12  74  13  58  14  51  15  65  16  71  17  64  18  58  19  51 
  0  71   1  64   2  68   3  78   4  56   5  67   6  80   7  60   8  55   9  78  10  75  11  57  12  72  13  58  14  53  15  67  16  70  17  65  18  57  19  54 
  0  72   1  68   2  71   3  79   4  61   5  66   6  79   7  61   8  57   9  75  10  77  11  59  12  72  13  62  14  51  15  65  16  74  17  65  18  56  19  54 
  0  71   1  64   2  70   3  77   4  58   5  64   6  78   7  57   8  53   9  73  10  72  11  58  12  74  13  58  14  51  15  65  16  72  17  61  18  57  19  54 
  0  68   1  66   2  64   3  74   4  52   5  65   6  75   7  53   8  53   9  72  10  71  11  54  12  72  13  56  14  53  15  66  16  68  17  60  18  57  19  49 
  0  66   1  64   2  63   3  72   4  52   5  64   6  75   7  53   8  53   9  72  10  69  11  50  12  72  13  55  14  52  15  65  16  67  17  60  18  56  19  52 
  0  63   1  66   2  63   3  71   4  53   5  63   6  75   7  55   8  53   9  72  10  72  11  53  12  73  13  54  14  51  15  65  16  66  17  62  18  55  19  49 
  0  70   1  68   2  71   3  81   4  58   5  67   6  82   7  59   8  57   9  78  10  76  11  58  12  73  13  61  14  53  15  65  16  74  17  66  18  59  19  55 
  0  66   1  66   2  66   3  74   4  52   5  65   6  75   7  56   8  53   9  72  10  69  11  51  12  74  13  54  14  52  15  65  16  66  17  60  18  55  19  49 
  0  67   1  67   2  64   3  71   4  53   5  63   6  76   7  56   8  53   9  73  10  72  11  54  12  72  13  57  14  53  15  65  16  70  17  60  18  58  19  50 
  0  72   1  65   2  68   3  80   4  57   5  65   6  81   7  57   8  57   9  76  10  76  11  58  12  72  13  62  14  51  15  67  16  72  17  62  18  59  19  53 
  0  71   1  68   2  71   3  79   4  57   5  67   6  79   7  58   8  55   9  74  10  76  11  57  12  72  13  61  14  53  15  67  16  74  17  64  18  59  19  54 
  0  65   1  67   2  65   3  73   4  55   5  66   6  74   7  55   8  55   9  75  10  71  11  51  12  72  13  58  14  51  15  67  16  67  17  60  18  56  19  51 
  0  69   1  65   2  66   3  74   4  54   5  67   6  75   7  57   8  57   9  77  10  74  11  53  12  72  13  59  14  52  15  67  16  69  17  65  18  56  19  53 
  0  72   1  68   2  71   3  81   4  58   5  66   6  78   7  58   8  54   9  75  10  76  11  59  12  74  13  64  14  53  15  67  16  71  17  65  18  56  19  55 
  0  65   1  65   2  66   3  75   4  55   5  63   6  77   7  54   8  54   9  74  10  72  11  53  12  74  13  55  14  52  15  67  16  68  17  62  18  56  19  49 
  0  71   1  66   2  71   3  81   4  61   5  67   6  80   7  61   8  57   9  76  10  75  11  58  12  74  13  64  14  53  15  67  16  72  17  64  18  59  19  53 


