
 20  20

  0  46   1  60   2  59   3  60   4  50   5  51   6  73   7  57   8  66   9  72  10  48  11  58  12  48  13  54  14  71  15  53  16  55  17  67  18  47  19  60 
  0  40   1  51   2  51   3  60   4  47   5  43   6  65   7  53   8  56   9  70  10  44  11  56  12  42  13  51  14  69  15  45  16  53  17  59  18  47  19  55 
  0  39   1  53   2  54   3  62   4  49   5  45   6  64   7  55   8  60   9  70  10  44  11  56  12  42  13  50  14  71  15  49  16  53  17  63  18  48  19  55 
  0  43   1  56   2  58   3  60   4  49   5  46   6  70   7  56   8  62   9  72  10  46  11  58  12  47  13  51  14  71  15  48  16  53  17  63  18  48  19  60 
  0  40   1  51   2  53   3  62   4  46   5  43   6  63   7  54   8  56   9  70  10  44  11  56  12  44  13  51  14  71  15  45  16  53  17  59  18  47  19  53 
  0  42   1  56   2  57   3  60   4  50   5  45   6  70   7  54   8  60   9  70  10  48  11  58  12  47  13  54  14  69  15  48  16  57  17  64  18  49  19  60 
  0  43   1  54   2  55   3  60   4  50   5  44   6  66   7  54   8  60   9  70  10  44  11  59  12  42  13  54  14  71  15  47  16  53  17  62  18  47  19  57 
  0  47   1  58   2  56   3  60   4  48   5  50   6  70   7  55   8  62   9  72  10  45  11  60  12  47  13  55  14  69  15  50  16  57  17  67  18  48  19  58 
  0  47   1  60   2  58   3  62   4  50   5  51   6  69   7  56   8  64   9  72  10  45  11  60  12  49  13  53  14  71  15  50  16  56  17  66  18  48  19  60 
  0  42   1  54   2  54   3  60   4  47   5  47   6  66   7  54   8  61   9  70  10  48  11  58  12  47  13  53  14  71  15  47  16  57  17  64  18  47  19  56 
  0  46   1  53   2  58   3  62   4  48   5  46   6  66   7  57   8  60   9  72  10  46  11  58  12  48  13  53  14  71  15  48  16  57  17  65  18  47  19  60 
  0  47   1  60   2  58   3  62   4  52   5  51   6  73   7  57   8  64   9  72  10  48  11  58  12  50  13  56  14  71  15  53  16  57  17  66  18  48  19  61 
  0  44   1  56   2  56   3  62   4  50   5  49   6  69   7  55   8  65   9  70  10  45  11  57  12  47  13  55  14  71  15  53  16  54  17  67  18  49  19  60 
  0  48   1  60   2  61   3  62   4  52   5  51   6  73   7  57   8  66   9  72  10  48  11  59  12  50  13  55  14  69  15  50  16  55  17  66  18  49  19  63 
  0  41   1  50   2  52   3  60   4  48   5  43   6  64   7  54   8  56   9  70  10  44  11  56  12  42  13  50  14  70  15  47  16  53  17  59  18  48  19  53 
  0  39   1  50   2  52   3  60   4  46   5  46   6  63   7  53   8  56   9  70  10  46  11  56  12  42  13  50  14  70  15  47  16  53  17  60  18  48  19  53 
  0  45   1  53   2  56   3  60   4  47   5  48   6  69   7  56   8  62   9  71  10  46  11  60  12  46  13  51  14  70  15  48  16  54  17  61  18  49  19  60 
  0  41   1  50   2  51   3  60   4  47   5  43   6  65   7  55   8  56   9  70  10  46  11  56  12  42  13  50  14  69  15  45  16  55  17  61  18  47  19  55 
  0  45   1  56   2  55   3  62   4  51   5  47   6  67   7  56   8  62   9  70  10  45  11  58  12  44  13  52  14  71  15  51  16  56  17  63  18  47  19  58 
  0  41   1  53   2  53   3  61   4  48   5  46   6  66   7  54   8  56   9  70  10  46  11  56  12  45  13  52  14  71  15  47  16  55  17  59  18  47  19  53 


