
 20  20

  0  82   1  80   2  78   3  71   4  93   5  80   6  81   7  87   8  89   9  78  10  93  11  81  12  66  13  83  14  82  15  85  16  86  17  73  18  68  19  87 
  0  82   1  79   2  76   3  67   4  89   5  78   6  81   7  85   8  87   9  77  10  92  11  78  12  64  13  78  14  81  15  82  16  85  17  68  18  64  19  84 
  0  76   1  73   2  77   3  68   4  91   5  76   6  79   7  84   8  85   9  73  10  88  11  71  12  62  13  77  14  80  15  81  16  83  17  67  18  62  19  84 
  0  78   1  77   2  76   3  68   4  90   5  80   6  81   7  85   8  88   9  76  10  92  11  72  12  62  13  76  14  81  15  80  16  83  17  69  18  66  19  83 
  0  77   1  74   2  77   3  68   4  89   5  79   6  79   7  85   8  87   9  73  10  91  11  74  12  62  13  78  14  81  15  83  16  82  17  68  18  62  19  85 
  0  83   1  78   2  76   3  69   4  89   5  80   6  79   7  83   8  89   9  79  10  91  11  77  12  65  13  78  14  80  15  83  16  87  17  69  18  64  19  85 
  0  76   1  76   2  76   3  69   4  89   5  77   6  79   7  84   8  86   9  73  10  89  11  73  12  62  13  78  14  80  15  81  16  81  17  67  18  64  19  82 
  0  77   1  74   2  76   3  69   4  90   5  76   6  79   7  84   8  85   9  74  10  87  11  72  12  62  13  79  14  78  15  82  16  81  17  70  18  64  19  82 
  0  86   1  82   2  78   3  71   4  92   5  82   6  80   7  86   8  89   9  78  10  97  11  79  12  67  13  84  14  85  15  86  16  89  17  73  18  68  19  85 
  0  78   1  77   2  78   3  68   4  90   5  79   6  80   7  83   8  85   9  75  10  91  11  76  12  67  13  79  14  83  15  81  16  84  17  67  18  66  19  85 
  0  78   1  74   2  76   3  69   4  89   5  76   6  79   7  84   8  86   9  73  10  87  11  74  12  62  13  80  14  78  15  84  16  81  17  67  18  62  19  84 
  0  77   1  73   2  78   3  67   4  89   5  76   6  79   7  82   8  85   9  73  10  89  11  71  12  63  13  77  14  78  15  80  16  83  17  67  18  64  19  84 
  0  83   1  78   2  76   3  69   4  92   5  81   6  79   7  86   8  88   9  79  10  94  11  78  12  65  13  79  14  85  15  83  16  86  17  73  18  66  19  87 
  0  83   1  79   2  76   3  71   4  93   5  80   6  79   7  87   8  86   9  78  10  96  11  78  12  69  13  83  14  86  15  88  16  85  17  71  18  67  19  88 
  0  79   1  75   2  77   3  70   4  90   5  77   6  81   7  84   8  86   9  78  10  90  11  74  12  64  13  80  14  80  15  85  16  85  17  70  18  62  19  82 
  0  83   1  82   2  76   3  70   4  91   5  81   6  81   7  86   8  89   9  80  10  95  11  78  12  70  13  81  14  86  15  88  16  87  17  71  18  68  19  88 
  0  80   1  77   2  78   3  70   4  92   5  78   6  79   7  84   8  85   9  73  10  90  11  75  12  65  13  78  14  80  15  82  16  84  17  71  18  66  19  82 
  0  83   1  80   2  78   3  67   4  91   5  81   6  80   7  87   8  89   9  78  10  94  11  79  12  65  13  81  14  81  15  86  16  88  17  71  18  66  19  84 
  0  84   1  83   2  76   3  69   4  91   5  82   6  79   7  85   8  86   9  79  10  97  11  81  12  66  13  80  14  83  15  85  16  88  17  72  18  68  19  88 
  0  80   1  80   2  76   3  71   4  90   5  78   6  80   7  86   8  86   9  79  10  94  11  76  12  69  13  81  14  84  15  86  16  88  17  68  18  63  19  84 


