
 20  20

  0  53   1  55   2  63   3  75   4  57   5  75   6  54   7  73   8  78   9  59  10  62  11  66  12  64  13  61  14  66  15  68  16  76  17  55  18  54  19  53 
  0  49   1  56   2  61   3  69   4  55   5  68   6  51   7  67   8  71   9  52  10  61  11  57  12  64  13  52  14  62  15  68  16  72  17  50  18  47  19  49 
  0  49   1  54   2  64   3  69   4  55   5  67   6  49   7  65   8  70   9  53  10  62  11  60  12  63  13  55  14  63  15  68  16  75  17  50  18  46  19  47 
  0  50   1  54   2  63   3  69   4  55   5  67   6  49   7  64   8  72   9  52  10  61  11  60  12  65  13  55  14  65  15  70  16  72  17  53  18  48  19  47 
  0  54   1  55   2  65   3  73   4  58   5  69   6  53   7  67   8  75   9  58  10  61  11  59  12  62  13  54  14  65  15  70  16  77  17  56  18  50  19  48 
  0  48   1  54   2  62   3  72   4  57   5  67   6  50   7  68   8  70   9  53  10  61  11  57  12  65  13  52  14  65  15  68  16  75  17  50  18  48  19  49 
  0  51   1  55   2  61   3  71   4  58   5  69   6  50   7  68   8  71   9  58  10  63  11  59  12  65  13  54  14  62  15  70  16  77  17  54  18  49  19  52 
  0  48   1  55   2  64   3  69   4  57   5  67   6  48   7  64   8  70   9  53  10  62  11  58  12  63  13  52  14  63  15  68  16  74  17  53  18  47  19  47 
  0  49   1  55   2  63   3  69   4  57   5  68   6  49   7  64   8  70   9  54  10  61  11  57  12  62  13  54  14  62  15  68  16  73  17  52  18  47  19  48 
  0  58   1  54   2  67   3  79   4  60   5  73   6  58   7  74   8  78   9  59  10  63  11  66  12  66  13  60  14  68  15  69  16  80  17  60  18  54  19  55 
  0  51   1  56   2  62   3  72   4  56   5  69   6  53   7  68   8  75   9  56  10  63  11  62  12  64  13  56  14  64  15  68  16  75  17  55  18  48  19  51 
  0  57   1  56   2  67   3  79   4  61   5  75   6  58   7  74   8  76   9  62  10  63  11  66  12  66  13  62  14  68  15  70  16  80  17  60  18  53  19  54 
  0  55   1  55   2  66   3  76   4  60   5  74   6  56   7  74   8  76   9  62  10  63  11  64  12  65  13  62  14  66  15  70  16  78  17  59  18  51  19  53 
  0  51   1  56   2  61   3  69   4  55   5  68   6  51   7  65   8  72   9  54  10  63  11  60  12  62  13  53  14  63  15  68  16  75  17  51  18  49  19  48 
  0  52   1  56   2  63   3  76   4  60   5  72   6  53   7  70   8  73   9  58  10  63  11  64  12  65  13  58  14  67  15  70  16  78  17  57  18  50  19  50 
  0  57   1  56   2  67   3  79   4  61   5  74   6  57   7  73   8  78   9  62  10  62  11  66  12  64  13  62  14  67  15  70  16  80  17  58  18  54  19  55 
  0  50   1  55   2  61   3  72   4  57   5  69   6  49   7  66   8  74   9  52  10  61  11  57  12  63  13  56  14  62  15  68  16  72  17  51  18  49  19  50 
  0  55   1  56   2  62   3  76   4  58   5  73   6  54   7  71   8  73   9  58  10  62  11  62  12  64  13  57  14  65  15  68  16  74  17  57  18  52  19  51 
  0  50   1  54   2  62   3  72   4  56   5  69   6  50   7  66   8  72   9  52  10  62  11  60  12  63  13  53  14  62  15  68  16  72  17  50  18  49  19  50 
  0  51   1  54   2  61   3  71   4  57   5  67   6  50   7  65   8  72   9  55  10  61  11  60  12  62  13  52  14  64  15  69  16  72  17  53  18  48  19  50 


