
 20  20

  0  15   1  23   2  16   3  33   4  15   5  17   6  15   7  22   8  24   9  16  10  15  11  24  12  14  13  28  14  33  15  22  16  13  17  29  18  31  19  23 
  0  17   1  25   2  21   3  36   4  19   5  21   6  16   7  23   8  26   9  21  10  16  11  24  12  14  13  37  14  33  15  23  16  15  17  32  18  36  19  27 
  0  21   1  26   2  22   3  35   4  21   5  23   6  19   7  24   8  26   9  22  10  13  11  26  12  15  13  35  14  36  15  24  16  19  17  34  18  38  19  24 
  0  12   1  23   2  19   3  30   4  18   5  19   6  16   7  22   8  24   9  18  10  14  11  23  12  12  13  29  14  30  15  23  16  13  17  28  18  28  19  24 
  0  17   1  27   2  17   3  33   4  16   5  21   6  19   7  24   8  24   9  18  10  14  11  21  12  12  13  30  14  30  15  23  16  16  17  32  18  30  19  23 
  0  12   1  23   2  18   3  30   4  16   5  16   6  17   7  22   8  20   9  16  10  12  11  22  12  11  13  28  14  30  15  24  16  10  17  26  18  28  19  24 
  0  16   1  27   2  19   3  33   4  15   5  18   6  15   7  24   8  21   9  17  10  14  11  25  12  14  13  32  14  32  15  25  16  14  17  30  18  29  19  23 
  0  15   1  26   2  18   3  31   4  17   5  19   6  16   7  22   8  22   9  17  10  15  11  22  12  11  13  31  14  32  15  25  16  11  17  31  18  29  19  26 
  0  21   1  29   2  21   3  35   4  21   5  26   6  19   7  22   8  29   9  26  10  16  11  26  12  15  13  36  14  36  15  26  16  19  17  36  18  37  19  25 
  0  20   1  29   2  23   3  36   4  21   5  25   6  19   7  23   8  30   9  24  10  16  11  27  12  15  13  38  14  36  15  26  16  20  17  35  18  38  19  25 
  0  12   1  25   2  17   3  31   4  15   5  16   6  17   7  22   8  20   9  18  10  12  11  21  12  13  13  28  14  30  15  22  16  10  17  26  18  30  19  24 
  0  11   1  23   2  16   3  30   4  15   5  16   6  15   7  22   8  20   9  16  10  13  11  21  12  11  13  28  14  30  15  22  16  12  17  28  18  28  19  24 
  0  18   1  26   2  19   3  32   4  20   5  23   6  18   7  22   8  26   9  22  10  12  11  23  12  15  13  34  14  34  15  23  16  14  17  34  18  35  19  24 
  0  19   1  27   2  23   3  36   4  21   5  26   6  19   7  22   8  30   9  26  10  16  11  27  12  14  13  38  14  36  15  24  16  19  17  36  18  37  19  26 
  0  11   1  23   2  16   3  32   4  15   5  16   6  17   7  22   8  20   9  16  10  13  11  21  12  11  13  29  14  30  15  22  16  10  17  26  18  30  19  23 
  0  21   1  29   2  23   3  35   4  21   5  25   6  19   7  23   8  30   9  26  10  14  11  27  12  15  13  38  14  35  15  25  16  20  17  36  18  36  19  25 
  0  16   1  26   2  21   3  31   4  19   5  22   6  17   7  24   8  24   9  22  10  15  11  26  12  14  13  32  14  31  15  24  16  13  17  29  18  33  19  24 
  0  20   1  26   2  24   3  33   4  21   5  23   6  18   7  24   8  29   9  22  10  16  11  24  12  13  13  38  14  36  15  23  16  19  17  36  18  36  19  25 
  0  21   1  29   2  23   3  36   4  19   5  25   6  17   7  24   8  27   9  26  10  15  11  27  12  14  13  38  14  36  15  25  16  19  17  36  18  38  19  27 
  0  15   1  25   2  20   3  32   4  16   5  17   6  16   7  24   8  23   9  20  10  12  11  23  12  13  13  31  14  30  15  23  16  10  17  26  18  28  19  23 


