
 20  20

  0  23   1  31   2  50   3  50   4  32   5  44   6  40   7  26   8  38   9  30  10  35  11  42  12  32  13  48  14  38  15  42  16  27  17  29  18  26  19  41 
  0  24   1  29   2  50   3  52   4  33   5  46   6  42   7  27   8  39   9  32  10  35  11  46  12  31  13  49  14  39  15  45  16  26  17  32  18  29  19  38 
  0  28   1  33   2  54   3  52   4  34   5  43   6  44   7  27   8  38   9  33  10  35  11  44  12  34  13  51  14  42  15  46  16  26  17  33  18  33  19  42 
  0  21   1  29   2  51   3  51   4  35   5  44   6  41   7  26   8  38   9  28  10  37  11  42  12  30  13  45  14  40  15  44  16  24  17  29  18  27  19  38 
  0  21   1  29   2  51   3  50   4  33   5  41   6  42   7  26   8  38   9  26  10  36  11  44  12  30  13  45  14  38  15  42  16  24  17  29  18  28  19  40 
  0  23   1  29   2  51   3  50   4  32   5  44   6  40   7  28   8  38   9  26  10  35  11  42  12  30  13  46  14  38  15  45  16  24  17  29  18  26  19  38 
  0  23   1  29   2  53   3  50   4  33   5  45   6  43   7  29   8  38   9  30  10  38  11  42  12  32  13  46  14  38  15  44  16  27  17  29  18  26  19  40 
  0  31   1  35   2  53   3  52   4  38   5  49   6  46   7  28   8  40   9  34  10  39  11  45  12  33  13  54  14  41  15  46  16  29  17  33  18  34  19  42 
  0  28   1  32   2  51   3  50   4  36   5  46   6  45   7  28   8  39   9  34  10  38  11  46  12  34  13  52  14  39  15  44  16  28  17  31  18  35  19  40 
  0  21   1  31   2  52   3  50   4  32   5  41   6  40   7  27   8  40   9  26  10  35  11  44  12  30  13  45  14  38  15  44  16  25  17  30  18  26  19  39 
  0  25   1  31   2  52   3  51   4  35   5  43   6  43   7  29   8  40   9  31  10  35  11  44  12  30  13  46  14  39  15  46  16  26  17  32  18  31  19  38 
  0  30   1  32   2  52   3  50   4  40   5  47   6  43   7  30   8  39   9  31  10  37  11  46  12  31  13  53  14  40  15  44  16  30  17  33  18  35  19  41 
  0  24   1  30   2  51   3  50   4  34   5  41   6  42   7  26   8  38   9  29  10  37  11  43  12  31  13  47  14  38  15  42  16  25  17  29  18  27  19  38 
  0  24   1  32   2  54   3  52   4  34   5  44   6  42   7  30   8  40   9  30  10  39  11  45  12  32  13  51  14  41  15  44  16  25  17  32  18  32  19  42 
  0  21   1  30   2  51   3  51   4  32   5  41   6  40   7  26   8  38   9  26  10  36  11  42  12  32  13  45  14  38  15  44  16  23  17  31  18  28  19  40 
  0  29   1  35   2  54   3  51   4  37   5  45   6  45   7  28   8  40   9  36  10  38  11  45  12  34  13  51  14  39  15  48  16  31  17  31  18  35  19  41 
  0  27   1  35   2  51   3  50   4  38   5  47   6  44   7  29   8  40   9  34  10  39  11  46  12  31  13  52  14  41  15  45  16  28  17  32  18  33  19  42 
  0  22   1  33   2  52   3  52   4  34   5  42   6  40   7  26   8  40   9  31  10  36  11  43  12  30  13  49  14  38  15  43  16  25  17  30  18  31  19  38 
  0  25   1  32   2  52   3  52   4  36   5  41   6  42   7  27   8  38   9  29  10  36  11  44  12  32  13  49  14  38  15  42  16  25  17  29  18  28  19  38 
  0  29   1  35   2  54   3  51   4  40   5  47   6  44   7  30   8  40   9  35  10  39  11  46  12  34  13  53  14  42  15  48  16  31  17  31  18  35  19  42 


