
 20  20

  0  65   1  80   2  78   3  62   4  61   5  54   6  57   7  59   8  82   9  77  10  71  11  54  12  69  13  63  14  65  15  53  16  54  17  65  18  65  19  77 
  0  57   1  74   2  76   3  59   4  61   5  54   6  55   7  59   8  75   9  75  10  70  11  50  12  68  13  63  14  60  15  51  16  53  17  61  18  62  19  77 
  0  57   1  74   2  74   3  59   4  63   5  52   6  55   7  57   8  74   9  77  10  70  11  51  12  69  13  63  14  61  15  51  16  55  17  61  18  65  19  78 
  0  64   1  76   2  78   3  61   4  61   5  52   6  57   7  59   8  77   9  76  10  72  11  54  12  70  13  65  14  65  15  53  16  54  17  65  18  67  19  77 
  0  57   1  75   2  76   3  60   4  61   5  54   6  56   7  57   8  76   9  76  10  70  11  48  12  68  13  63  14  59  15  51  16  53  17  61  18  63  19  76 
  0  59   1  75   2  76   3  62   4  63   5  54   6  56   7  59   8  77   9  75  10  70  11  48  12  70  13  63  14  63  15  53  16  53  17  61  18  63  19  78 
  0  64   1  82   2  79   3  67   4  62   5  54   6  56   7  57   8  82   9  82  10  72  11  56  12  71  13  64  14  67  15  57  16  55  17  65  18  70  19  76 
  0  67   1  82   2  81   3  67   4  61   5  54   6  57   7  57   8  81   9  81  10  72  11  55  12  70  13  63  14  67  15  56  16  55  17  64  18  70  19  76 
  0  61   1  76   2  75   3  60   4  63   5  53   6  57   7  59   8  80   9  79  10  71  11  52  12  71  13  65  14  63  15  52  16  54  17  61  18  64  19  78 
  0  63   1  79   2  77   3  66   4  63   5  54   6  57   7  58   8  80   9  78  10  72  11  53  12  70  13  63  14  65  15  56  16  56  17  64  18  70  19  78 
  0  61   1  79   2  78   3  64   4  63   5  54   6  57   7  59   8  79   9  79  10  71  11  49  12  72  13  65  14  63  15  51  16  53  17  64  18  67  19  78 
  0  60   1  78   2  78   3  63   4  63   5  54   6  57   7  57   8  78   9  79  10  70  11  51  12  71  13  63  14  63  15  51  16  54  17  64  18  63  19  76 
  0  64   1  81   2  79   3  65   4  62   5  54   6  56   7  57   8  80   9  82  10  70  11  55  12  72  13  65  14  67  15  53  16  57  17  65  18  66  19  76 
  0  62   1  77   2  79   3  62   4  63   5  54   6  57   7  59   8  81   9  76  10  72  11  54  12  71  13  63  14  65  15  54  16  56  17  64  18  64  19  77 
  0  60   1  78   2  74   3  64   4  63   5  53   6  55   7  57   8  78   9  78  10  70  11  50  12  69  13  65  14  64  15  54  16  55  17  62  18  66  19  78 
  0  63   1  80   2  76   3  63   4  61   5  54   6  55   7  57   8  80   9  77  10  72  11  54  12  70  13  63  14  67  15  55  16  56  17  64  18  66  19  76 
  0  64   1  78   2  75   3  62   4  61   5  52   6  56   7  58   8  82   9  77  10  70  11  52  12  68  13  65  14  66  15  56  16  55  17  64  18  67  19  77 
  0  63   1  78   2  78   3  62   4  63   5  54   6  55   7  57   8  81   9  81  10  70  11  54  12  69  13  64  14  66  15  53  16  56  17  62  18  67  19  78 
  0  60   1  74   2  73   3  61   4  62   5  52   6  55   7  59   8  74   9  75  10  70  11  49  12  69  13  63  14  59  15  53  16  53  17  62  18  63  19  76 
  0  67   1  81   2  78   3  64   4  63   5  54   6  57   7  57   8  81   9  79  10  70  11  53  12  71  13  63  14  69  15  54  16  57  17  63  18  67  19  78 


