
 20  20

  0  26   1  15   2  13   3  18   4  11   5  34   6   7   7  23   8  31   9  21  10  19  11  27  12  20  13  29  14  21  15  37  16  30  17  30  18  24  19  29 
  0  18   1  13   2   8   3  16   4  10   5  33   6   6   7  18   8  29   9  14  10  14  11  21  12  14  13  26  14  17  15  32  16  29  17  29  18  23  19  27 
  0  22   1  15   2  10   3  20   4  12   5  32   6   7   7  25   8  32   9  18  10  20  11  27  12  18  13  31  14  19  15  36  16  31  17  31  18  24  19  32 
  0  16   1  13   2   8   3  16   4   9   5  30   6   6   7  19   8  27   9  17  10  15  11  23  12  13  13  27  14  17  15  31  16  27  17  29  18  20  19  26 
  0  25   1  15   2  12   3  20   4  11   5  34   6   6   7  24   8  31   9  19  10  17  11  29  12  17  13  31  14  19  15  39  16  28  17  31  18  23  19  32 
  0  24   1  13   2  12   3  16   4  12   5  31   6   7   7  24   8  33   9  16  10  17  11  27  12  17  13  27  14  19  15  35  16  28  17  29  18  22  19  28 
  0  26   1  14   2  14   3  20   4  11   5  33   6   8   7  23   8  33   9  19  10  21  11  31  12  19  13  30  14  21  15  39  16  30  17  29  18  26  19  32 
  0  23   1  15   2   9   3  16   4  11   5  33   6   7   7  23   8  30   9  20  10  18  11  28  12  16  13  31  14  22  15  39  16  30  17  31  18  26  19  32 
  0  22   1  13   2   9   3  18   4  10   5  31   6   8   7  21   8  33   9  16  10  18  11  30  12  15  13  30  14  22  15  37  16  30  17  29  18  22  19  29 
  0  18   1  15   2   6   3  13   4  10   5  33   6   6   7  21   8  27   9  15  10  14  11  23  12  11  13  24  14  19  15  32  16  29  17  30  18  20  19  27 
  0  22   1  15   2  10   3  18   4  10   5  30   6   6   7  20   8  32   9  16  10  15  11  26  12  16  13  29  14  18  15  36  16  28  17  29  18  23  19  27 
  0  22   1  15   2  13   3  16   4  12   5  34   6   8   7  21   8  33   9  21  10  19  11  31  12  17  13  27  14  20  15  38  16  31  17  30  18  25  19  32 
  0  19   1  13   2   7   3  14   4   9   5  30   6   6   7  19   8  27   9  13  10  12  11  21  12  12  13  23  14  17  15  33  16  27  17  29  18  20  19  27 
  0  19   1  15   2   8   3  13   4  11   5  30   6   6   7  18   8  30   9  13  10  12  11  23  12  14  13  23  14  18  15  31  16  27  17  29  18  20  19  27 
  0  20   1  14   2   9   3  16   4  10   5  30   6   6   7  21   8  28   9  18  10  14  11  23  12  11  13  26  14  17  15  32  16  28  17  29  18  20  19  30 
  0  24   1  15   2  11   3  17   4  11   5  33   6   8   7  22   8  29   9  19  10  19  11  26  12  16  13  28  14  21  15  36  16  29  17  31  18  23  19  30 
  0  20   1  13   2   6   3  14   4  11   5  32   6   6   7  19   8  29   9  16  10  14  11  25  12  12  13  29  14  21  15  33  16  27  17  29  18  21  19  29 
  0  18   1  13   2   6   3  14   4   8   5  32   6   6   7  17   8  29   9  13  10  11  11  21  12  12  13  23  14  17  15  32  16  27  17  29  18  20  19  26 
  0  16   1  15   2   4   3  13   4   8   5  32   6   6   7  17   8  27   9  13  10  14  11  21  12  11  13  26  14  19  15  30  16  29  17  30  18  21  19  26 
  0  19   1  14   2   8   3  14   4   9   5  30   6   6   7  19   8  29   9  13  10  12  11  24  12  11  13  23  14  20  15  32  16  29  17  29  18  22  19  28 


