
 20  20

  0  74   1  80   2  70   3  80   4  79   5  70   6  68   7  76   8  81   9  61  10  80  11  71  12  58  13  64  14  74  15  70  16  59  17  85  18  53  19  66 
  0  68   1  77   2  71   3  74   4  76   5  66   6  63   7  74   8  79   9  56  10  74  11  65  12  56  13  59  14  69  15  68  16  54  17  77  18  51  19  65 
  0  67   1  76   2  70   3  72   4  75   5  66   6  63   7  72   8  79   9  60  10  74  11  64  12  59  13  61  14  69  15  69  16  55  17  77  18  51  19  65 
  0  73   1  78   2  70   3  78   4  78   5  70   6  68   7  75   8  83   9  63  10  78  11  69  12  60  13  61  14  72  15  68  16  58  17  81  18  55  19  68 
  0  66   1  76   2  72   3  73   4  74   5  68   6  61   7  72   8  82   9  59  10  75  11  66  12  56  13  58  14  70  15  68  16  56  17  79  18  52  19  66 
  0  68   1  76   2  72   3  73   4  74   5  67   6  61   7  72   8  79   9  56  10  74  11  66  12  56  13  60  14  66  15  68  16  52  17  77  18  53  19  65 
  0  71   1  78   2  72   3  79   4  76   5  67   6  65   7  77   8  84   9  63  10  77  11  73  12  58  13  66  14  72  15  71  16  57  17  83  18  52  19  68 
  0  66   1  78   2  70   3  75   4  77   5  66   6  63   7  72   8  80   9  56  10  73  11  64  12  56  13  57  14  69  15  67  16  52  17  77  18  51  19  65 
  0  75   1  82   2  70   3  81   4  80   5  69   6  69   7  80   8  82   9  63  10  77  11  74  12  58  13  64  14  76  15  70  16  58  17  85  18  52  19  69 
  0  75   1  82   2  72   3  82   4  80   5  69   6  70   7  80   8  85   9  64  10  80  11  74  12  60  13  65  14  76  15  72  16  60  17  85  18  53  19  69 
  0  72   1  81   2  70   3  77   4  77   5  70   6  69   7  76   8  83   9  65  10  79  11  70  12  57  13  62  14  72  15  71  16  59  17  84  18  55  19  69 
  0  74   1  82   2  72   3  81   4  80   5  69   6  69   7  77   8  85   9  64  10  80  11  73  12  60  13  66  14  74  15  72  16  60  17  83  18  55  19  67 
  0  69   1  80   2  70   3  76   4  77   5  69   6  63   7  73   8  80   9  61  10  73  11  68  12  56  13  59  14  69  15  69  16  57  17  81  18  51  19  67 
  0  66   1  76   2  70   3  73   4  77   5  68   6  61   7  72   8  80   9  56  10  75  11  67  12  56  13  58  14  67  15  66  16  56  17  78  18  51  19  67 
  0  66   1  76   2  72   3  72   4  74   5  66   6  60   7  74   8  80   9  56  10  72  11  64  12  56  13  57  14  67  15  66  16  52  17  77  18  53  19  67 
  0  71   1  76   2  71   3  75   4  74   5  68   6  62   7  74   8  80   9  59  10  76  11  66  12  56  13  60  14  68  15  70  16  57  17  80  18  52  19  67 
  0  70   1  77   2  70   3  79   4  75   5  69   6  66   7  78   8  84   9  61  10  75  11  72  12  60  13  65  14  73  15  68  16  59  17  81  18  53  19  67 
  0  74   1  77   2  70   3  78   4  75   5  69   6  65   7  76   8  80   9  60  10  75  11  69  12  59  13  65  14  72  15  70  16  55  17  80  18  51  19  68 
  0  68   1  76   2  71   3  72   4  74   5  68   6  60   7  72   8  80   9  57  10  75  11  65  12  56  13  57  14  68  15  68  16  55  17  80  18  53  19  67 
  0  66   1  77   2  70   3  75   4  74   5  68   6  62   7  72   8  79   9  58  10  72  11  66  12  56  13  58  14  67  15  67  16  52  17  77  18  52  19  67 


