
 20  20

  0  67   1  51   2  62   3  68   4  68   5  75   6  53   7  62   8  71   9  75  10  65  11  68  12  72  13  60  14  79  15  48  16  67  17  64  18  54  19  76 
  0  67   1  50   2  64   3  66   4  70   5  74   6  55   7  62   8  70   9  75  10  65  11  68  12  74  13  59  14  79  15  50  16  65  17  64  18  53  19  76 
  0  61   1  49   2  63   3  62   4  65   5  72   6  49   7  60   8  68   9  76  10  57  11  64  12  69  13  54  14  74  15  49  16  63  17  61  18  51  19  72 
  0  57   1  47   2  60   3  59   4  66   5  72   6  47   7  60   8  64   9  77  10  58  11  66  12  69  13  54  14  73  15  48  16  63  17  60  18  48  19  72 
  0  67   1  48   2  64   3  69   4  71   5  73   6  55   7  62   8  70   9  77  10  64  11  67  12  71  13  60  14  76  15  48  16  65  17  61  18  53  19  74 
  0  62   1  50   2  60   3  65   4  67   5  73   6  52   7  61   8  67   9  77  10  58  11  64  12  68  13  56  14  76  15  50  16  65  17  59  18  52  19  75 
  0  64   1  49   2  62   3  66   4  69   5  72   6  52   7  61   8  68   9  76  10  62  11  68  12  73  13  59  14  75  15  49  16  67  17  62  18  53  19  73 
  0  65   1  50   2  63   3  68   4  69   5  74   6  52   7  60   8  69   9  76  10  64  11  67  12  74  13  58  14  78  15  48  16  66  17  62  18  52  19  74 
  0  64   1  48   2  63   3  64   4  67   5  75   6  54   7  60   8  69   9  75  10  64  11  67  12  72  13  58  14  76  15  50  16  64  17  60  18  54  19  73 
  0  64   1  49   2  64   3  66   4  67   5  71   6  49   7  61   8  69   9  75  10  62  11  68  12  69  13  56  14  75  15  49  16  66  17  63  18  51  19  75 
  0  65   1  51   2  64   3  67   4  69   5  75   6  55   7  61   8  73   9  75  10  62  11  68  12  73  13  57  14  79  15  50  16  65  17  64  18  55  19  73 
  0  64   1  51   2  61   3  66   4  71   5  75   6  54   7  61   8  73   9  77  10  65  11  66  12  74  13  60  14  78  15  50  16  67  17  64  18  55  19  73 
  0  57   1  49   2  63   3  59   4  67   5  74   6  47   7  62   8  63   9  75  10  56  11  65  12  68  13  57  14  76  15  48  16  64  17  58  18  50  19  75 
  0  67   1  51   2  62   3  69   4  70   5  73   6  54   7  61   8  73   9  77  10  64  11  67  12  74  13  58  14  79  15  48  16  66  17  63  18  52  19  74 
  0  61   1  51   2  61   3  66   4  67   5  73   6  51   7  62   8  69   9  77  10  58  11  68  12  73  13  59  14  76  15  48  16  63  17  60  18  49  19  76 
  0  62   1  49   2  61   3  66   4  68   5  72   6  49   7  60   8  70   9  75  10  59  11  64  12  70  13  58  14  76  15  48  16  67  17  63  18  50  19  72 
  0  64   1  50   2  64   3  65   4  70   5  75   6  55   7  62   8  73   9  77  10  63  11  67  12  74  13  57  14  79  15  49  16  67  17  61  18  55  19  76 
  0  59   1  47   2  60   3  59   4  65   5  71   6  47   7  60   8  63   9  75  10  55  11  64  12  69  13  55  14  73  15  50  16  63  17  58  18  48  19  72 
  0  62   1  50   2  61   3  66   4  67   5  74   6  53   7  60   8  69   9  75  10  60  11  64  12  72  13  59  14  77  15  49  16  65  17  59  18  50  19  74 
  0  59   1  47   2  61   3  61   4  65   5  71   6  47   7  60   8  65   9  75  10  56  11  66  12  69  13  54  14  73  15  50  16  65  17  60  18  47  19  72 


