
 20  20

  0  17   1   6   2  32   3  11   4  22   5  11   6  30   7  26   8  10   9  24  10  21  11  26  12  14  13  21  14  27  15   9  16  27  17  22  18  12  19  11 
  0  21   1  11   2  31   3  17   4  29   5  13   6  33   7  27   8  14   9  28  10  26  11  30  12  13  13  24  14  28  15  13  16  28  17  26  18  15  19  15 
  0  21   1  10   2  32   3  17   4  25   5  11   6  33   7  26   8  17   9  26  10  26  11  29  12  13  13  27  14  31  15  13  16  28  17  27  18  16  19  13 
  0  16   1   7   2  30   3   9   4  24   5  11   6  31   7  27   8  11   9  25  10  21  11  26  12  14  13  20  14  27  15  10  16  25  17  26  18  12  19  13 
  0  24   1  11   2  32   3  16   4  27   5  13   6  30   7  26   8  17   9  27  10  24  11  30  12  13  13  27  14  30  15  13  16  29  17  25  18  15  19  15 
  0  16   1   7   2  30   3   9   4  21   5  11   6  30   7  26   8   9   9  24  10  20  11  23  12  13  13  19  14  25  15   7  16  25  17  22  18  13  19  10 
  0  16   1   6   2  30   3  12   4  25   5  11   6  30   7  27   8   9   9  27  10  21  11  24  12  13  13  22  14  25  15  10  16  25  17  24  18  13  19  10 
  0  18   1  10   2  30   3  15   4  27   5  11   6  31   7  28   8  12   9  26  10  25  11  28  12  12  13  22  14  27  15  12  16  29  17  27  18  12  19  14 
  0  19   1  10   2  31   3  13   4  28   5  12   6  33   7  27   8  12   9  26  10  25  11  31  12  15  13  26  14  29  15  13  16  26  17  24  18  15  19  12 
  0  14   1   9   2  30   3  10   4  19   5  11   6  29   7  26   8   8   9  24  10  19  11  24  12  11  13  19  14  23  15   7  16  25  17  23  18  14  19   9 
  0  18   1   8   2  30   3  14   4  26   5  11   6  30   7  26   8  14   9  27  10  24  11  27  12  12  13  25  14  27  15  11  16  26  17  25  18  16  19  12 
  0  20   1  10   2  30   3  14   4  23   5  13   6  33   7  26   8  11   9  27  10  22  11  29  12  13  13  26  14  28  15  10  16  29  17  27  18  14  19  15 
  0  14   1   6   2  30   3   8   4  21   5  12   6  31   7  26   8   8   9  24  10  20  11  23  12  14  13  19  14  23  15  10  16  25  17  22  18  13  19  12 
  0  19   1   8   2  30   3  14   4  27   5  13   6  30   7  28   8  14   9  26  10  24  11  29  12  15  13  25  14  30  15  11  16  27  17  26  18  16  19  14 
  0  23   1   8   2  32   3  12   4  28   5  13   6  30   7  27   8  14   9  28  10  25  11  28  12  12  13  27  14  30  15  13  16  29  17  28  18  15  19  11 
  0  23   1  12   2  30   3  17   4  29   5  13   6  31   7  27   8  17   9  28  10  24  11  31  12  13  13  25  14  31  15  13  16  27  17  28  18  16  19  15 
  0  23   1  10   2  32   3  15   4  29   5  13   6  30   7  28   8  14   9  26  10  25  11  31  12  15  13  23  14  28  15  11  16  26  17  28  18  16  19  15 
  0  20   1   9   2  30   3  13   4  27   5  12   6  31   7  26   8  12   9  27  10  25  11  27  12  14  13  25  14  29  15  12  16  28  17  27  18  16  19  14 
  0  24   1  12   2  32   3  16   4  29   5  13   6  33   7  28   8  17   9  26  10  26  11  29  12  15  13  27  14  31  15  13  16  29  17  28  18  16  19  13 
  0  20   1  10   2  32   3   9   4  21   5  13   6  31   7  27   8  13   9  24  10  22  11  26  12  11  13  24  14  28  15  12  16  29  17  23  18  14  19  12 


