
 20  20

  0  22   1  24   2  27   3  14   4  22   5  40   6  31   7  32   8  36   9  32  10  27  11  23  12  30  13  36  14  25  15  40  16  32  17  24  18  32  19  18 
  0  27   1  29   2  28   3  19   4  27   5  48   6  30   7  42   8  43   9  42  10  35  11  30  12  30  13  37  14  31  15  46  16  38  17  22  18  40  19  20 
  0  26   1  29   2  31   3  20   4  27   5  49   6  33   7  39   8  39   9  38  10  32  11  28  12  29  13  37  14  28  15  46  16  36  17  22  18  36  19  21 
  0  29   1  27   2  31   3  19   4  29   5  49   6  30   7  38   8  39   9  39  10  33  11  28  12  31  13  39  14  30  15  44  16  38  17  24  18  37  19  21 
  0  29   1  29   2  28   3  16   4  27   5  45   6  31   7  38   8  40   9  41  10  32  11  31  12  30  13  39  14  32  15  48  16  36  17  23  18  37  19  19 
  0  28   1  27   2  31   3  16   4  29   5  48   6  32   7  40   8  39   9  37  10  34  11  29  12  29  13  38  14  31  15  47  16  34  17  22  18  36  19  20 
  0  23   1  27   2  28   3  16   4  26   5  44   6  33   7  38   8  38   9  38  10  27  11  24  12  29  13  39  14  28  15  45  16  33  17  23  18  36  19  18 
  0  25   1  29   2  29   3  17   4  25   5  45   6  31   7  39   8  40   9  41  10  31  11  28  12  31  13  36  14  31  15  47  16  34  17  24  18  35  19  18 
  0  20   1  24   2  28   3  17   4  22   5  43   6  29   7  34   8  35   9  32  10  28  11  24  12  29  13  35  14  24  15  40  16  33  17  22  18  35  19  17 
  0  26   1  27   2  31   3  16   4  27   5  45   6  30   7  38   8  41   9  35  10  30  11  28  12  31  13  38  14  26  15  45  16  36  17  22  18  38  19  18 
  0  28   1  30   2  28   3  17   4  28   5  48   6  33   7  40   8  43   9  42  10  34  11  30  12  31  13  37  14  32  15  47  16  38  17  22  18  37  19  19 
  0  20   1  24   2  27   3  14   4  22   5  40   6  29   7  32   8  37   9  32  10  26  11  22  12  29  13  35  14  23  15  40  16  32  17  22  18  32  19  17 
  0  28   1  27   2  30   3  18   4  29   5  48   6  33   7  39   8  43   9  37  10  34  11  27  12  29  13  38  14  32  15  44  16  35  17  23  18  40  19  18 
  0  22   1  24   2  29   3  14   4  26   5  41   6  30   7  36   8  38   9  33  10  29  11  23  12  30  13  36  14  24  15  41  16  35  17  23  18  34  19  20 
  0  26   1  28   2  30   3  15   4  24   5  46   6  30   7  35   8  39   9  38  10  32  11  28  12  29  13  39  14  28  15  42  16  36  17  23  18  38  19  17 
  0  27   1  28   2  31   3  20   4  30   5  50   6  33   7  40   8  40   9  39  10  34  11  31  12  31  13  39  14  33  15  48  16  38  17  22  18  38  19  21 
  0  21   1  24   2  28   3  16   4  23   5  42   6  29   7  35   8  37   9  33  10  26  11  23  12  30  13  35  14  27  15  43  16  32  17  22  18  33  19  17 
  0  25   1  28   2  29   3  16   4  25   5  42   6  29   7  37   8  38   9  37  10  29  11  24  12  29  13  35  14  29  15  41  16  36  17  24  18  37  19  20 
  0  28   1  29   2  31   3  18   4  29   5  47   6  31   7  39   8  42   9  40  10  32  11  30  12  31  13  35  14  29  15  44  16  36  17  24  18  36  19  17 
  0  24   1  24   2  27   3  16   4  24   5  43   6  29   7  36   8  36   9  34  10  28  11  24  12  29  13  35  14  24  15  41  16  33  17  23  18  34  19  20 


