
 20  20

  0  24   1  31   2  13   3  28   4  28   5  22   6  35   7  14   8  16   9  17  10  27  11  13  12  20  13  26  14  27  15  23  16  34  17  35  18  28  19   6 
  0  33   1  33   2  15   3  30   4  29   5  24   6  34   7  17   8  17   9  16  10  34  11  16  12  21  13  31  14  28  15  25  16  39  17  33  18  29  19  14 
  0  28   1  33   2  13   3  33   4  31   5  24   6  35   7  15   8  16   9  18  10  31  11  17  12  20  13  30  14  26  15  25  16  37  17  35  18  32  19  10 
  0  29   1  33   2  13   3  29   4  31   5  23   6  36   7  18   8  16   9  16  10  29  11  16  12  20  13  33  14  27  15  23  16  36  17  33  18  29  19  10 
  0  30   1  32   2  15   3  32   4  32   5  23   6  32   7  18   8  18   9  16  10  29  11  18  12  17  13  28  14  28  15  23  16  38  17  33  18  29  19  12 
  0  23   1  31   2  13   3  29   4  26   5  22   6  34   7  14   8  16   9  16  10  29  11  13  12  18  13  24  14  27  15  23  16  32  17  33  18  28  19   7 
  0  33   1  32   2  13   3  32   4  32   5  26   6  36   7  18   8  18   9  18  10  32  11  19  12  20  13  34  14  27  15  25  16  38  17  35  18  32  19  13 
  0  27   1  33   2  15   3  29   4  27   5  24   6  34   7  15   8  16   9  17  10  26  11  15  12  19  13  29  14  26  15  25  16  33  17  34  18  28  19   8 
  0  26   1  31   2  15   3  29   4  28   5  22   6  32   7  14   8  17   9  16  10  29  11  14  12  18  13  26  14  26  15  24  16  32  17  33  18  28  19   4 
  0  33   1  31   2  15   3  33   4  31   5  26   6  36   7  16   8  18   9  16  10  33  11  18  12  21  13  31  14  28  15  23  16  37  17  33  18  30  19  14 
  0  28   1  31   2  15   3  33   4  29   5  26   6  33   7  15   8  18   9  18  10  30  11  18  12  20  13  32  14  26  15  23  16  39  17  33  18  30  19  11 
  0  24   1  31   2  13   3  26   4  26   5  23   6  33   7  15   8  16   9  18  10  27  11  16  12  17  13  25  14  26  15  23  16  30  17  33  18  28  19   7 
  0  24   1  32   2  13   3  28   4  27   5  22   6  34   7  14   8  16   9  16  10  29  11  15  12  17  13  24  14  26  15  23  16  31  17  34  18  29  19   7 
  0  33   1  33   2  15   3  34   4  32   5  25   6  35   7  17   8  18   9  16  10  34  11  19  12  19  13  34  14  26  15  25  16  39  17  35  18  30  19  14 
  0  27   1  31   2  15   3  29   4  30   5  25   6  32   7  14   8  18   9  16  10  28  11  18  12  20  13  28  14  27  15  25  16  35  17  34  18  31  19  10 
  0  29   1  31   2  14   3  33   4  30   5  26   6  36   7  15   8  18   9  16  10  32  11  18  12  19  13  29  14  27  15  25  16  36  17  33  18  29  19  12 
  0  23   1  31   2  14   3  26   4  26   5  23   6  32   7  16   8  16   9  16  10  28  11  13  12  18  13  24  14  27  15  24  16  31  17  33  18  30  19   5 
  0  33   1  33   2  15   3  33   4  29   5  24   6  36   7  16   8  18   9  18  10  32  11  17  12  18  13  32  14  28  15  25  16  39  17  35  18  30  19  10 
  0  33   1  33   2  15   3  32   4  32   5  25   6  36   7  17   8  16   9  18  10  31  11  19  12  21  13  31  14  28  15  25  16  39  17  34  18  32  19  14 
  0  26   1  32   2  15   3  27   4  26   5  24   6  32   7  14   8  16   9  16  10  27  11  16  12  20  13  26  14  28  15  23  16  34  17  33  18  31  19   5 


