
 20  20

  0  83   1  87   2  88   3  94   4  90   5  70   6  95   7  79   8  76   9  74  10  83  11  78  12  76  13  84  14  99  15  97  16  90  17  86  18  97  19  85 
  0  87   1  89   2  93   3  98   4  92   5  76   6  96   7  77   8  78   9  75  10  86  11  78  12  80  13  86  14  99  15  95  16  92  17  86  18  99  19  86 
  0  86   1  88   2  90   3  98   4  91   5  76   6  97   7  77   8  79   9  77  10  84  11  79  12  78  13  87  14  99  15  95  16  92  17  87  18  98  19  86 
  0  85   1  90   2  93   3  98   4  92   5  76   6  98   7  78   8  80   9  77  10  86  11  81  12  78  13  88  14  99  15  96  16  94  17  87  18  99  19  86 
  0  78   1  82   2  86   3  89   4  90   5  66   6  95   7  77   8  73   9  73  10  78  11  71  12  76  13  83  14  97  15  97  16  87  17  86  18  97  19  86 
  0  87   1  90   2  93   3  98   4  92   5  76   6  99   7  77   8  81   9  76  10  84  11  81  12  79  13  89  14  99  15  97  16  93  17  87  18  99  19  85 
  0  84   1  90   2  94   3  95   4  90   5  73   6  98   7  77   8  81   9  77  10  85  11  79  12  80  13  87  14  97  15  97  16  94  17  86  18  99  19  84 
  0  85   1  90   2  92   3  94   4  91   5  74   6  96   7  77   8  79   9  76  10  85  11  79  12  80  13  88  14  99  15  97  16  92  17  86  18  99  19  84 
  0  80   1  85   2  86   3  93   4  88   5  71   6  98   7  79   8  76   9  72  10  81  11  75  12  77  13  86  14  98  15  95  16  88  17  87  18  99  19  84 
  0  80   1  84   2  86   3  90   4  91   5  71   6  97   7  77   8  73   9  75  10  81  11  75  12  77  13  85  14  99  15  97  16  87  17  87  18  97  19  86 
  0  80   1  84   2  89   3  92   4  89   5  72   6  96   7  77   8  79   9  75  10  80  11  74  12  76  13  87  14  97  15  97  16  92  17  86  18  97  19  84 
  0  79   1  83   2  85   3  92   4  91   5  69   6  97   7  77   8  75   9  71  10  81  11  73  12  76  13  84  14  97  15  95  16  86  17  87  18  97  19  84 
  0  82   1  86   2  88   3  90   4  89   5  69   6  97   7  79   8  75   9  75  10  83  11  74  12  78  13  83  14  99  15  96  16  90  17  87  18  96  19  86 
  0  82   1  84   2  88   3  91   4  88   5  67   6  95   7  77   8  74   9  73  10  81  11  74  12  76  13  86  14  99  15  95  16  87  17  85  18  97  19  85 
  0  87   1  87   2  91   3  98   4  92   5  73   6  97   7  79   8  79   9  77  10  84  11  81  12  79  13  89  14  99  15  95  16  94  17  86  18  99  19  86 
  0  78   1  84   2  88   3  93   4  88   5  71   6  95   7  77   8  78   9  73  10  82  11  74  12  79  13  87  14  97  15  97  16  90  17  85  18  95  19  84 
  0  81   1  85   2  90   3  94   4  91   5  68   6  95   7  79   8  76   9  76  10  83  11  76  12  78  13  84  14  99  15  97  16  91  17  85  18  99  19  86 
  0  85   1  88   2  91   3  92   4  89   5  72   6  99   7  79   8  79   9  73  10  82  11  79  12  76  13  87  14  97  15  97  16  89  17  86  18  97  19  85 
  0  79   1  82   2  85   3  88   4  88   5  66   6  95   7  78   8  73   9  72  10  78  11  72  12  77  13  83  14  98  15  97  16  86  17  86  18  97  19  84 
  0  81   1  87   2  88   3  95   4  88   5  70   6  98   7  79   8  78   9  73  10  81  11  76  12  76  13  85  14  97  15  96  16  92  17  87  18  97  19  86 


