
 20  20

  0  67   1  85   2  73   3  67   4  71   5  84   6  67   7  80   8  80   9  78  10  80  11  70  12  72  13  76  14  79  15  86  16  79  17  73  18  65  19  69 
  0  63   1  86   2  74   3  66   4  72   5  83   6  69   7  80   8  79   9  74  10  78  11  69  12  73  13  76  14  78  15  85  16  80  17  75  18  64  19  67 
  0  59   1  81   2  67   3  66   4  72   5  77   6  69   7  75   8  77   9  68  10  77  11  64  12  68  13  73  14  75  15  82  16  75  17  69  18  57  19  67 
  0  65   1  84   2  74   3  66   4  73   5  84   6  67   7  79   8  78   9  76  10  78  11  74  12  72  13  79  14  77  15  86  16  80  17  73  18  66  19  67 
  0  61   1  85   2  71   3  66   4  72   5  81   6  67   7  76   8  80   9  70  10  78  11  67  12  73  13  74  14  77  15  85  16  75  17  73  18  60  19  69 
  0  64   1  84   2  73   3  68   4  71   5  81   6  67   7  78   8  81   9  72  10  80  11  68  12  75  13  76  14  79  15  86  16  77  17  76  18  62  19  69 
  0  64   1  84   2  74   3  67   4  73   5  86   6  67   7  79   8  78   9  77  10  78  11  73  12  75  13  80  14  78  15  84  16  79  17  75  18  63  19  69 
  0  59   1  83   2  69   3  64   4  71   5  78   6  68   7  77   8  77   9  71  10  76  11  66  12  70  13  72  14  77  15  83  16  75  17  69  18  57  19  69 
  0  59   1  81   2  68   3  64   4  72   5  79   6  67   7  75   8  77   9  69  10  76  11  64  12  68  13  72  14  75  15  82  16  74  17  69  18  57  19  67 
  0  62   1  84   2  67   3  65   4  71   5  80   6  69   7  75   8  77   9  69  10  78  11  68  12  71  13  76  14  75  15  84  16  77  17  73  18  60  19  67 
  0  68   1  86   2  75   3  65   4  71   5  87   6  69   7  80   8  81   9  78  10  77  11  72  12  75  13  78  14  77  15  85  16  80  17  75  18  67  19  69 
  0  60   1  82   2  69   3  64   4  71   5  77   6  68   7  78   8  79   9  70  10  77  11  64  12  70  13  75  14  76  15  83  16  77  17  69  18  59  19  67 
  0  60   1  83   2  68   3  64   4  71   5  77   6  67   7  78   8  77   9  70  10  76  11  64  12  68  13  75  14  77  15  82  16  74  17  71  18  58  19  67 
  0  63   1  87   2  75   3  68   4  71   5  82   6  69   7  83   8  81   9  75  10  80  11  71  12  74  13  79  14  79  15  86  16  76  17  75  18  64  19  68 
  0  66   1  87   2  75   3  66   4  71   5  87   6  67   7  81   8  78   9  77  10  80  11  74  12  76  13  77  14  78  15  85  16  80  17  77  18  67  19  69 
  0  64   1  83   2  70   3  68   4  73   5  80   6  67   7  79   8  77   9  74  10  79  11  69  12  74  13  77  14  75  15  83  16  78  17  75  18  64  19  69 
  0  65   1  86   2  75   3  68   4  72   5  85   6  69   7  82   8  79   9  78  10  79  11  71  12  75  13  80  14  77  15  86  16  80  17  77  18  64  19  67 
  0  65   1  84   2  72   3  66   4  73   5  81   6  67   7  79   8  81   9  72  10  76  11  68  12  74  13  74  14  79  15  83  16  79  17  73  18  63  19  67 
  0  66   1  87   2  75   3  68   4  73   5  86   6  69   7  82   8  79   9  75  10  80  11  71  12  73  13  78  14  78  15  86  16  80  17  77  18  66  19  69 
  0  66   1  86   2  70   3  66   4  71   5  83   6  68   7  78   8  80   9  76  10  80  11  70  12  75  13  76  14  75  15  85  16  80  17  74  18  61  19  68 


