
 20  20

  0  43   1  30   2  24   3  34   4  50   5  28   6  30   7  37   8  33   9  47  10  31  11  26  12  44  13  51  14  31  15  27  16  24  17  43  18  44  19  49 
  0  45   1  30   2  26   3  34   4  52   5  29   6  32   7  38   8  37   9  46  10  33  11  28  12  44  13  53  14  31  15  26  16  24  17  43  18  45  19  49 
  0  47   1  31   2  27   3  38   4  51   5  29   6  32   7  42   8  35   9  49  10  34  11  26  12  46  13  53  14  35  15  31  16  25  17  43  18  44  19  51 
  0  49   1  35   2  30   3  38   4  52   5  32   6  37   7  42   8  39   9  50  10  34  11  28  12  48  13  53  14  33  15  31  16  26  17  45  18  46  19  51 
  0  49   1  35   2  33   3  40   4  52   5  33   6  36   7  43   8  37   9  51  10  35  11  28  12  46  13  53  14  35  15  33  16  26  17  45  18  45  19  51 
  0  44   1  27   2  26   3  34   4  52   5  27   6  31   7  39   8  35   9  45  10  34  11  28  12  46  13  53  14  31  15  28  16  24  17  45  18  45  19  51 
  0  44   1  32   2  25   3  34   4  51   5  28   6  35   7  39   8  37   9  46  10  31  11  28  12  46  13  53  14  31  15  28  16  26  17  44  18  45  19  50 
  0  48   1  33   2  31   3  38   4  51   5  30   6  37   7  43   8  36   9  50  10  34  11  27  12  45  13  52  14  35  15  28  16  26  17  45  18  47  19  50 
  0  43   1  30   2  26   3  34   4  50   5  27   6  34   7  38   8  34   9  46  10  34  11  26  12  43  13  53  14  33  15  29  16  24  17  45  18  46  19  49 
  0  47   1  32   2  30   3  41   4  52   5  33   6  35   7  44   8  36   9  48  10  34  11  28  12  47  13  52  14  34  15  32  16  25  17  43  18  46  19  51 
  0  43   1  28   2  23   3  31   4  50   5  27   6  31   7  36   8  33   9  45  10  30  11  26  12  42  13  51  14  32  15  25  16  25  17  43  18  45  19  49 
  0  46   1  27   2  25   3  32   4  52   5  27   6  33   7  40   8  33   9  47  10  32  11  28  12  42  13  52  14  32  15  27  16  24  17  43  18  43  19  51 
  0  44   1  30   2  29   3  34   4  51   5  28   6  32   7  38   8  34   9  46  10  32  11  26  12  43  13  52  14  33  15  28  16  26  17  44  18  45  19  51 
  0  48   1  33   2  29   3  40   4  51   5  33   6  34   7  43   8  36   9  51  10  33  11  28  12  48  13  53  14  35  15  32  16  26  17  45  18  47  19  51 
  0  45   1  29   2  29   3  34   4  52   5  29   6  33   7  39   8  37   9  45  10  32  11  26  12  43  13  51  14  32  15  28  16  28  17  45  18  46  19  51 
  0  41   1  27   2  23   3  31   4  50   5  27   6  31   7  36   8  35   9  44  10  30  11  26  12  42  13  52  14  32  15  25  16  25  17  44  18  44  19  51 
  0  46   1  31   2  30   3  38   4  51   5  30   6  35   7  40   8  37   9  51  10  34  11  27  12  45  13  53  14  32  15  32  16  24  17  45  18  47  19  51 
  0  46   1  29   2  25   3  35   4  50   5  28   6  31   7  41   8  34   9  48  10  31  11  28  12  44  13  51  14  31  15  28  16  26  17  43  18  43  19  49 
  0  44   1  30   2  23   3  33   4  51   5  29   6  33   7  37   8  35   9  47  10  31  11  27  12  45  13  51  14  31  15  26  16  26  17  44  18  46  19  51 
  0  49   1  32   2  29   3  37   4  51   5  30   6  37   7  43   8  37   9  51  10  33  11  26  12  48  13  53  14  35  15  30  16  28  17  45  18  47  19  50 


