
 20  20

  0  85   1  71   2  78   3  77   4  80   5  83   6  86   7  75   8  83   9  70  10  82  11  77  12  76  13  80  14  84  15  77  16  74  17  87  18  88  19  88 
  0  84   1  73   2  77   3  79   4  84   5  83   6  86   7  77   8  81   9  72  10  84  11  80  12  78  13  82  14  87  15  76  16  76  17  86  18  89  19  89 
  0  90   1  74   2  79   3  77   4  88   5  86   6  90   7  78   8  85   9  74  10  86  11  79  12  86  13  82  14  85  15  79  16  76  17  89  18  89  19  92 
  0  85   1  70   2  77   3  77   4  80   5  84   6  86   7  73   8  82   9  70  10  82  11  77  12  76  13  80  14  84  15  74  16  74  17  86  18  89  19  88 
  0  88   1  73   2  77   3  79   4  87   5  83   6  88   7  76   8  85   9  70  10  88  11  79  12  81  13  82  14  84  15  78  16  75  17  87  18  89  19  91 
  0  91   1  74   2  77   3  79   4  85   5  82   6  86   7  80   8  85   9  71  10  85  11  78  12  83  13  80  14  84  15  77  16  74  17  89  18  89  19  94 
  0  91   1  74   2  78   3  79   4  85   5  86   6  88   7  78   8  83   9  73  10  87  11  77  12  80  13  80  14  88  15  77  16  75  17  89  18  89  19  94 
  0  86   1  74   2  77   3  79   4  82   5  83   6  86   7  73   8  81   9  70  10  82  11  78  12  80  13  82  14  87  15  77  16  75  17  88  18  89  19  88 
  0  85   1  71   2  77   3  77   4  82   5  84   6  88   7  76   8  83   9  71  10  82  11  79  12  78  13  80  14  85  15  77  16  74  17  85  18  87  19  90 
  0  89   1  74   2  78   3  79   4  83   5  84   6  86   7  78   8  83   9  74  10  87  11  78  12  84  13  82  14  84  15  81  16  76  17  85  18  87  19  94 
  0  85   1  70   2  77   3  77   4  80   5  82   6  86   7  75   8  82   9  71  10  82  11  77  12  77  13  80  14  84  15  77  16  75  17  86  18  89  19  90 
  0  90   1  76   2  79   3  79   4  88   5  86   6  90   7  79   8  85   9  74  10  88  11  80  12  85  13  81  14  87  15  81  16  74  17  88  18  89  19  92 
  0  90   1  74   2  78   3  79   4  88   5  85   6  90   7  79   8  82   9  73  10  86  11  80  12  85  13  80  14  88  15  82  16  76  17  87  18  87  19  91 
  0  88   1  73   2  77   3  77   4  84   5  84   6  86   7  78   8  83   9  74  10  85  11  77  12  83  13  80  14  86  15  77  16  76  17  88  18  88  19  92 
  0  87   1  70   2  79   3  78   4  81   5  83   6  86   7  74   8  81   9  70  10  85  11  79  12  77  13  80  14  87  15  74  16  74  17  85  18  87  19  88 
  0  83   1  70   2  79   3  79   4  81   5  82   6  86   7  73   8  81   9  70  10  82  11  79  12  78  13  80  14  85  15  77  16  74  17  85  18  87  19  89 
  0  87   1  72   2  77   3  79   4  84   5  85   6  89   7  74   8  82   9  73  10  83  11  79  12  81  13  82  14  88  15  77  16  76  17  86  18  88  19  92 
  0  89   1  74   2  79   3  79   4  88   5  84   6  90   7  80   8  85   9  71  10  88  11  81  12  85  13  82  14  85  15  80  16  76  17  86  18  89  19  93 
  0  84   1  74   2  77   3  77   4  81   5  82   6  89   7  73   8  82   9  71  10  82  11  77  12  81  13  80  14  84  15  78  16  76  17  86  18  89  19  88 
  0  90   1  74   2  79   3  78   4  84   5  83   6  89   7  80   8  82   9  72  10  88  11  79  12  83  13  82  14  87  15  79  16  75  17  89  18  88  19  94 


