
 20  20

  0  55   1  34   2  58   3  52   4  40   5  55   6  60   7  44   8  48   9  56  10  57  11  46  12  62  13  41  14  41  15  49  16  38  17  42  18  42  19  65 
  0  54   1  35   2  57   3  52   4  40   5  54   6  58   7  42   8  48   9  55  10  55  11  44  12  61  13  39  14  41  15  48  16  35  17  43  18  42  19  64 
  0  56   1  34   2  59   3  55   4  42   5  52   6  57   7  46   8  48   9  56  10  57  11  45  12  64  13  39  14  41  15  48  16  36  17  44  18  42  19  65 
  0  60   1  42   2  65   3  55   4  44   5  55   6  63   7  49   8  54   9  60  10  57  11  53  12  67  13  41  14  43  15  54  16  45  17  47  18  45  19  64 
  0  59   1  41   2  62   3  55   4  42   5  56   6  61   7  46   8  52   9  61  10  58  11  50  12  64  13  41  14  43  15  53  16  42  17  48  18  42  19  63 
  0  57   1  39   2  60   3  52   4  40   5  53   6  60   7  46   8  49   9  57  10  54  11  48  12  63  13  39  14  42  15  51  16  39  17  45  18  44  19  63 
  0  58   1  35   2  58   3  52   4  41   5  54   6  59   7  46   8  46   9  55  10  56  11  44  12  64  13  40  14  43  15  48  16  40  17  42  18  44  19  63 
  0  56   1  37   2  59   3  54   4  40   5  53   6  61   7  46   8  47   9  58  10  57  11  46  12  62  13  39  14  42  15  48  16  38  17  44  18  42  19  64 
  0  56   1  35   2  58   3  52   4  41   5  52   6  56   7  44   8  46   9  56  10  55  11  45  12  61  13  39  14  41  15  46  16  35  17  41  18  42  19  63 
  0  59   1  39   2  61   3  56   4  44   5  56   6  62   7  49   8  50   9  59  10  57  11  52  12  68  13  41  14  43  15  56  16  41  17  47  18  46  19  64 
  0  59   1  36   2  61   3  52   4  41   5  52   6  59   7  48   8  50   9  59  10  55  11  49  12  64  13  39  14  43  15  52  16  41  17  43  18  42  19  65 
  0  53   1  34   2  59   3  52   4  40   5  53   6  57   7  42   8  46   9  55  10  54  11  44  12  63  13  41  14  41  15  46  16  35  17  43  18  44  19  63 
  0  62   1  42   2  64   3  54   4  44   5  56   6  66   7  51   8  54   9  63  10  58  11  53  12  69  13  41  14  42  15  54  16  44  17  47  18  45  19  65 
  0  55   1  34   2  60   3  53   4  40   5  53   6  59   7  44   8  46   9  57  10  55  11  47  12  65  13  39  14  42  15  46  16  35  17  44  18  42  19  63 
  0  57   1  37   2  59   3  56   4  40   5  54   6  61   7  47   8  49   9  56  10  56  11  46  12  62  13  41  14  41  15  48  16  41  17  44  18  44  19  64 
  0  62   1  42   2  65   3  55   4  44   5  56   6  64   7  49   8  51   9  63  10  60  11  53  12  69  13  41  14  43  15  55  16  44  17  47  18  44  19  64 
  0  60   1  41   2  65   3  56   4  43   5  53   6  64   7  52   8  53   9  59  10  59  11  50  12  67  13  41  14  43  15  55  16  43  17  46  18  43  19  64 
  0  63   1  38   2  62   3  54   4  44   5  54   6  65   7  50   8  51   9  61  10  57  11  49  12  67  13  39  14  43  15  54  16  42  17  49  18  45  19  64 
  0  59   1  40   2  61   3  55   4  42   5  53   6  60   7  46   8  53   9  60  10  59  11  47  12  65  13  39  14  43  15  51  16  42  17  48  18  44  19  63 
  0  56   1  36   2  63   3  56   4  43   5  53   6  61   7  47   8  51   9  57  10  58  11  48  12  63  13  40  14  41  15  53  16  41  17  46  18  43  19  65 


