
 20  20

  0  21   1  15   2  26   3  18   4  36   5  15   6  15   7  21   8  10   9  22  10  32  11  12  12  18  13  35  14  38  15  10  16  17  17  35  18  41  19  35 
  0  22   1  12   2  24   3  13   4  36   5  12   6  10   7  19   8   9   9  20  10  26  11  12  12  15  13  34  14  38  15   9  16  16  17  36  18  37  19  32 
  0  25   1  14   2  26   3  17   4  39   5  14   6  15   7  18   8  14   9  21  10  31  11  14  12  19  13  34  14  40  15  14  16  19  17  37  18  40  19  34 
  0  25   1  14   2  24   3  17   4  35   5  15   6  16   7  22   8  15   9  22  10  33  11  12  12  16  13  35  14  38  15  11  16  21  17  36  18  39  19  34 
  0  20   1  15   2  24   3  14   4  32   5   8   6  12   7  15   8  12   9  18  10  25  11  12  12  12  13  34  14  38  15  11  16  19  17  32  18  36  19  31 
  0  24   1  15   2  25   3  14   4  33   5  13   6  12   7  18   8  14   9  19  10  30  11  13  12  14  13  33  14  39  15   9  16  21  17  34  18  41  19  33 
  0  17   1  14   2  24   3  14   4  31   5  11   6  10   7  18   8  12   9  19  10  24  11  12  12  16  13  36  14  38  15   8  16  18  17  31  18  40  19  32 
  0  26   1  16   2  25   3  19   4  37   5  17   6  16   7  21   8  13   9  22  10  32  11  14  12  20  13  36  14  40  15  14  16  20  17  39  18  43  19  36 
  0  21   1  14   2  26   3  16   4  36   5  14   6  11   7  16   8  11   9  18  10  26  11  14  12  14  13  33  14  38  15  12  16  19  17  32  18  39  19  34 
  0  24   1  14   2  25   3  19   4  38   5  13   6  14   7  20   8  13   9  18  10  30  11  14  12  17  13  37  14  40  15  11  16  20  17  38  18  41  19  34 
  0  17   1  14   2  25   3  16   4  33   5   8   6  13   7  16   8  12   9  19  10  24  11  12  12  15  13  33  14  38  15  11  16  19  17  33  18  38  19  30 
  0  18   1  12   2  24   3  14   4  35   5  13   6  13   7  20   8  11   9  18  10  28  11  12  12  14  13  35  14  39  15   8  16  17  17  31  18  41  19  34 
  0  22   1  14   2  25   3  19   4  36   5  12   6  14   7  22   8  14   9  22  10  30  11  13  12  16  13  34  14  38  15  14  16  20  17  34  18  43  19  36 
  0  23   1  16   2  26   3  16   4  37   5  18   6  13   7  23   8  15   9  22  10  33  11  12  12  18  13  34  14  39  15  14  16  22  17  38  18  41  19  36 
  0  20   1  12   2  25   3  14   4  30   5   9   6  13   7  18   8   9   9  20  10  26  11  13  12  15  13  33  14  38  15  11  16  16  17  31  18  38  19  32 
  0  26   1  13   2  25   3  19   4  36   5  18   6  16   7  21   8  15   9  21  10  30  11  14  12  20  13  37  14  38  15  13  16  19  17  40  18  42  19  35 
  0  17   1  12   2  24   3  13   4  31   5  12   6  12   7  16   8  10   9  21  10  28  11  12  12  12  13  35  14  39  15  11  16  17  17  34  18  36  19  30 
  0  23   1  15   2  24   3  18   4  37   5  15   6  12   7  20   8  12   9  22  10  32  11  13  12  17  13  34  14  40  15  14  16  22  17  34  18  42  19  32 
  0  24   1  14   2  26   3  16   4  37   5  14   6  12   7  23   8  15   9  22  10  31  11  14  12  17  13  34  14  38  15  12  16  19  17  36  18  43  19  33 
  0  17   1  15   2  24   3  14   4  30   5  10   6  11   7  16   8  10   9  18  10  25  11  14  12  14  13  33  14  38  15   9  16  16  17  31  18  37  19  30 


