
 20  20

  0  47   1  36   2  50   3  38   4  33   5  61   6  46   7  31   8  36   9  44  10  41  11  46  12  46  13  34  14  45  15  59  16  49  17  52  18  40  19  41 
  0  54   1  39   2  55   3  43   4  34   5  62   6  51   7  35   8  40   9  48  10  46  11  47  12  51  13  38  14  48  15  64  16  52  17  55  18  43  19  42 
  0  46   1  36   2  50   3  40   4  32   5  60   6  48   7  35   8  34   9  41  10  39  11  45  12  46  13  33  14  46  15  62  16  46  17  51  18  42  19  40 
  0  48   1  34   2  48   3  40   4  34   5  59   6  45   7  32   8  35   9  42  10  38  11  44  12  45  13  35  14  44  15  60  16  49  17  55  18  40  19  40 
  0  46   1  37   2  49   3  38   4  32   5  59   6  47   7  31   8  31   9  44  10  39  11  45  12  43  13  34  14  42  15  58  16  46  17  51  18  42  19  42 
  0  51   1  37   2  55   3  44   4  32   5  60   6  50   7  35   8  39   9  43  10  43  11  44  12  48  13  39  14  48  15  63  16  50  17  54  18  44  19  41 
  0  46   1  35   2  51   3  38   4  34   5  60   6  46   7  33   8  34   9  40  10  40  11  46  12  43  13  32  14  42  15  58  16  46  17  51  18  39  19  42 
  0  51   1  40   2  57   3  44   4  34   5  60   6  49   7  35   8  39   9  48  10  43  11  47  12  53  13  40  14  48  15  63  16  52  17  57  18  43  19  41 
  0  53   1  40   2  57   3  44   4  32   5  62   6  51   7  33   8  40   9  46  10  45  11  46  12  52  13  38  14  49  15  64  16  52  17  57  18  45  19  42 
  0  48   1  37   2  49   3  42   4  33   5  59   6  45   7  34   8  32   9  40  10  37  11  45  12  48  13  32  14  46  15  62  16  47  17  53  18  39  19  40 
  0  48   1  36   2  50   3  41   4  32   5  58   6  47   7  35   8  34   9  46  10  42  11  45  12  49  13  35  14  45  15  63  16  48  17  53  18  44  19  42 
  0  54   1  40   2  55   3  44   4  34   5  61   6  51   7  35   8  41   9  48  10  44  11  46  12  51  13  38  14  50  15  63  16  52  17  57  18  45  19  42 
  0  52   1  38   2  57   3  44   4  34   5  61   6  51   7  32   8  39   9  48  10  44  11  47  12  52  13  39  14  50  15  62  16  52  17  56  18  45  19  42 
  0  51   1  38   2  55   3  42   4  34   5  62   6  49   7  35   8  40   9  48  10  44  11  47  12  52  13  40  14  49  15  64  16  52  17  57  18  43  19  42 
  0  52   1  39   2  57   3  44   4  32   5  62   6  49   7  35   8  39   9  48  10  44  11  47  12  53  13  39  14  50  15  62  16  50  17  55  18  45  19  42 
  0  53   1  40   2  56   3  44   4  32   5  62   6  50   7  34   8  41   9  46  10  45  11  47  12  53  13  38  14  50  15  61  16  52  17  57  18  42  19  42 
  0  44   1  34   2  47   3  38   4  34   5  58   6  45   7  31   8  32   9  40  10  38  11  45  12  43  13  32  14  44  15  58  16  47  17  51  18  39  19  40 
  0  49   1  35   2  49   3  42   4  32   5  59   6  47   7  31   8  34   9  40  10  38  11  43  12  45  13  32  14  45  15  61  16  47  17  55  18  39  19  42 
  0  54   1  40   2  57   3  44   4  34   5  60   6  51   7  33   8  41   9  47  10  45  11  47  12  53  13  40  14  50  15  62  16  51  17  55  18  45  19  42 
  0  47   1  37   2  52   3  43   4  34   5  58   6  48   7  33   8  35   9  45  10  39  11  46  12  48  13  34  14  45  15  63  16  48  17  56  18  43  19  40 


