
 20  20

  0  70   1  72   2  62   3  83   4  65   5  66   6  59   7  76   8  82   9  70  10  80  11  72  12  74  13  69  14  63  15  66  16  63  17  74  18  81  19  73 
  0  65   1  70   2  58   3  78   4  64   5  62   6  59   7  76   8  81   9  69  10  77  11  70  12  75  13  67  14  63  15  63  16  59  17  71  18  82  19  72 
  0  64   1  72   2  56   3  78   4  63   5  63   6  59   7  77   8  80   9  67  10  76  11  71  12  75  13  69  14  61  15  63  16  61  17  69  18  81  19  72 
  0  70   1  72   2  64   3  84   4  67   5  66   6  59   7  76   8  87   9  73  10  84  11  74  12  76  13  72  14  67  15  73  16  65  17  78  18  87  19  76 
  0  71   1  72   2  61   3  84   4  70   5  65   6  61   7  78   8  88   9  72  10  83  11  74  12  79  13  73  14  66  15  70  16  67  17  76  18  85  19  73 
  0  68   1  70   2  59   3  81   4  63   5  64   6  61   7  78   8  80   9  67  10  78  11  73  12  75  13  69  14  65  15  64  16  60  17  69  18  83  19  71 
  0  66   1  72   2  59   3  79   4  63   5  65   6  59   7  77   8  84   9  71  10  81  11  73  12  73  13  69  14  62  15  68  16  61  17  74  18  84  19  71 
  0  70   1  72   2  61   3  82   4  67   5  63   6  61   7  78   8  84   9  70  10  81  11  73  12  77  13  71  14  63  15  69  16  66  17  72  18  86  19  75 
  0  71   1  70   2  63   3  84   4  68   5  63   6  61   7  78   8  87   9  70  10  86  11  71  12  77  13  73  14  66  15  69  16  64  17  75  18  86  19  76 
  0  71   1  71   2  59   3  81   4  68   5  62   6  59   7  78   8  84   9  69  10  83  11  70  12  79  13  73  14  66  15  69  16  63  17  72  18  83  19  74 
  0  68   1  72   2  59   3  79   4  64   5  63   6  61   7  78   8  84   9  72  10  78  11  72  12  74  13  71  14  64  15  68  16  62  17  72  18  82  19  71 
  0  72   1  72   2  64   3  83   4  70   5  66   6  61   7  78   8  89   9  70  10  85  11  74  12  79  13  73  14  67  15  70  16  68  17  78  18  87  19  74 
  0  72   1  70   2  60   3  83   4  67   5  64   6  61   7  77   8  84   9  70  10  84  11  72  12  79  13  73  14  63  15  69  16  62  17  73  18  83  19  73 
  0  74   1  72   2  63   3  82   4  70   5  66   6  61   7  77   8  89   9  73  10  86  11  72  12  76  13  71  14  67  15  70  16  68  17  78  18  85  19  76 
  0  66   1  71   2  60   3  78   4  65   5  62   6  59   7  76   8  83   9  70  10  78  11  73  12  73  13  70  14  62  15  66  16  59  17  72  18  82  19  70 
  0  67   1  70   2  57   3  81   4  63   5  62   6  59   7  76   8  81   9  68  10  77  11  73  12  75  13  67  14  62  15  65  16  58  17  69  18  79  19  70 
  0  71   1  70   2  64   3  84   4  69   5  64   6  61   7  77   8  89   9  72  10  83  11  74  12  78  13  70  14  64  15  71  16  68  17  75  18  87  19  74 
  0  73   1  72   2  60   3  81   4  67   5  66   6  61   7  77   8  85   9  70  10  83  11  74  12  78  13  71  14  67  15  72  16  66  17  73  18  83  19  73 
  0  74   1  70   2  64   3  84   4  70   5  66   6  59   7  76   8  89   9  71  10  85  11  73  12  79  13  73  14  67  15  73  16  66  17  78  18  87  19  74 
  0  71   1  70   2  59   3  81   4  65   5  65   6  59   7  78   8  85   9  69  10  84  11  73  12  76  13  72  14  66  15  70  16  65  17  75  18  84  19  75 


