
 20  20

  0  21   1  14   2  29   3  21   4  19   5  31   6  19   7  42   8  31   9  39  10  24  11  44  12  18  13  38  14  29  15  34  16  21  17  38  18  17  19  19 
  0  28   1  19   2  37   3  21   4  23   5  32   6  22   7  44   8  30   9  44  10  25  11  45  12  18  13  42  14  35  15  41  16  22  17  39  18  22  19  21 
  0  27   1  22   2  33   3  23   4  23   5  32   6  19   7  44   8  29   9  44  10  24  11  44  12  18  13  42  14  36  15  37  16  24  17  41  18  23  19  25 
  0  25   1  20   2  35   3  20   4  23   5  32   6  22   7  44   8  29   9  41  10  23  11  44  12  18  13  38  14  34  15  39  16  24  17  40  18  19  19  24 
  0  23   1  17   2  28   3  22   4  21   5  31   6  20   7  40   8  29   9  41  10  23  11  43  12  17  13  38  14  29  15  35  16  19  17  38  18  18  19  19 
  0  23   1  14   2  28   3  20   4  19   5  31   6  18   7  40   8  31   9  41  10  23  11  44  12  19  13  38  14  27  15  32  16  19  17  38  18  16  19  21 
  0  30   1  24   2  38   3  22   4  23   5  33   6  21   7  42   8  31   9  42  10  25  11  45  12  20  13  42  14  36  15  42  16  25  17  42  18  21  19  23 
  0  20   1  15   2  28   3  20   4  21   5  31   6  19   7  40   8  29   9  38  10  23  11  43  12  19  13  38  14  27  15  34  16  20  17  38  18  16  19  20 
  0  24   1  16   2  31   3  23   4  19   5  32   6  18   7  40   8  29   9  42  10  23  11  45  12  17  13  38  14  31  15  35  16  19  17  38  18  16  19  23 
  0  30   1  20   2  35   3  21   4  22   5  33   6  21   7  44   8  29   9  44  10  24  11  45  12  20  13  42  14  33  15  40  16  25  17  42  18  24  19  24 
  0  22   1  16   2  28   3  20   4  20   5  33   6  20   7  40   8  29   9  38  10  25  11  43  12  17  13  38  14  27  15  35  16  21  17  39  18  16  19  21 
  0  25   1  18   2  33   3  24   4  22   5  33   6  20   7  44   8  30   9  43  10  25  11  44  12  18  13  42  14  32  15  36  16  21  17  41  18  18  19  22 
  0  23   1  20   2  35   3  21   4  22   5  31   6  22   7  42   8  31   9  43  10  25  11  45  12  17  13  40  14  33  15  39  16  22  17  39  18  21  19  21 
  0  23   1  17   2  33   3  23   4  19   5  32   6  18   7  42   8  29   9  41  10  24  11  45  12  19  13  39  14  28  15  35  16  20  17  38  18  20  19  21 
  0  28   1  22   2  38   3  21   4  23   5  33   6  22   7  44   8  31   9  46  10  24  11  45  12  21  13  42  14  37  15  39  16  25  17  42  18  21  19  24 
  0  24   1  19   2  35   3  24   4  19   5  33   6  20   7  41   8  31   9  41  10  24  11  45  12  21  13  42  14  34  15  37  16  22  17  38  18  23  19  22 
  0  30   1  20   2  37   3  24   4  20   5  33   6  21   7  44   8  30   9  46  10  25  11  43  12  19  13  41  14  35  15  42  16  24  17  41  18  22  19  22 
  0  28   1  24   2  35   3  23   4  21   5  31   6  22   7  44   8  29   9  46  10  24  11  45  12  21  13  42  14  34  15  39  16  23  17  42  18  22  19  25 
  0  30   1  23   2  35   3  23   4  21   5  31   6  22   7  44   8  31   9  43  10  25  11  43  12  18  13  40  14  36  15  39  16  24  17  39  18  23  19  23 
  0  30   1  24   2  38   3  22   4  23   5  31   6  21   7  44   8  29   9  44  10  25  11  45  12  21  13  41  14  36  15  42  16  23  17  41  18  24  19  23 


