
 20  20

  0  64   1  42   2  68   3  58   4  56   5  44   6  70   7  40   8  69   9  51  10  53  11  48  12  67  13  45  14  62  15  48  16  42  17  50  18  53  19  53 
  0  60   1  44   2  70   3  61   4  56   5  45   6  65   7  38   8  67   9  47  10  51  11  44  12  68  13  43  14  64  15  46  16  42  17  49  18  54  19  51 
  0  58   1  43   2  69   3  60   4  56   5  41   6  66   7  38   8  66   9  48  10  50  11  44  12  68  13  45  14  63  15  46  16  41  17  51  18  53  19  50 
  0  64   1  43   2  69   3  58   4  58   5  44   6  67   7  39   8  68   9  52  10  54  11  51  12  66  13  43  14  64  15  49  16  43  17  51  18  55  19  53 
  0  62   1  44   2  66   3  61   4  57   5  44   6  66   7  40   8  67   9  51  10  51  11  49  12  66  13  45  14  63  15  49  16  41  17  49  18  54  19  54 
  0  65   1  45   2  70   3  61   4  58   5  45   6  70   7  42   8  70   9  53  10  55  11  52  12  68  13  45  14  64  15  49  16  41  17  51  18  56  19  54 
  0  64   1  44   2  70   3  61   4  57   5  46   6  71   7  41   8  69   9  54  10  52  11  52  12  68  13  44  14  64  15  49  16  41  17  51  18  53  19  54 
  0  58   1  44   2  68   3  61   4  55   5  45   6  69   7  40   8  67   9  48  10  50  11  47  12  66  13  43  14  62  15  46  16  41  17  50  18  56  19  52 
  0  55   1  41   2  66   3  59   4  54   5  40   6  63   7  37   8  68   9  45  10  47  11  42  12  66  13  43  14  62  15  45  16  41  17  49  18  54  19  50 
  0  64   1  45   2  70   3  59   4  59   5  44   6  71   7  43   8  70   9  54  10  55  11  52  12  68  13  45  14  64  15  48  16  43  17  51  18  56  19  53 
  0  57   1  41   2  66   3  57   4  54   5  44   6  64   7  41   8  69   9  46  10  51  11  46  12  68  13  43  14  64  15  45  16  43  17  49  18  54  19  50 
  0  58   1  44   2  66   3  59   4  54   5  42   6  64   7  38   8  66   9  47  10  47  11  45  12  68  13  43  14  62  15  47  16  43  17  49  18  52  19  50 
  0  62   1  45   2  70   3  60   4  60   5  46   6  69   7  43   8  70   9  53  10  52  11  52  12  68  13  45  14  64  15  46  16  42  17  49  18  54  19  54 
  0  64   1  45   2  67   3  60   4  56   5  46   6  69   7  39   8  69   9  51  10  52  11  50  12  66  13  45  14  63  15  49  16  43  17  50  18  56  19  51 
  0  55   1  43   2  66   3  57   4  56   5  42   6  64   7  38   8  66   9  45  10  47  11  42  12  66  13  43  14  63  15  45  16  42  17  51  18  52  19  50 
  0  59   1  45   2  66   3  58   4  58   5  45   6  66   7  39   8  66   9  50  10  50  11  47  12  68  13  43  14  62  15  47  16  43  17  51  18  56  19  51 
  0  57   1  44   2  66   3  59   4  56   5  45   6  66   7  38   8  69   9  47  10  49  11  48  12  68  13  45  14  62  15  47  16  42  17  51  18  53  19  50 
  0  56   1  41   2  66   3  58   4  54   5  42   6  65   7  40   8  66   9  45  10  48  11  42  12  67  13  43  14  62  15  46  16  41  17  49  18  54  19  51 
  0  64   1  42   2  69   3  61   4  57   5  42   6  70   7  39   8  69   9  53  10  55  11  48  12  66  13  44  14  62  15  49  16  43  17  51  18  54  19  53 
  0  59   1  44   2  68   3  57   4  58   5  44   6  64   7  39   8  66   9  47  10  52  11  45  12  66  13  45  14  62  15  45  16  43  17  51  18  52  19  51 


