
 20  20

  0  61   1  55   2  75   3  56   4  67   5  67   6  68   7  53   8  59   9  72  10  80  11  65  12  80  13  61  14  62  15  59  16  66  17  75  18  54  19  76 
  0  58   1  54   2  73   3  56   4  66   5  64   6  66   7  50   8  58   9  71  10  75  11  62  12  80  13  61  14  56  15  58  16  69  17  75  18  50  19  71 
  0  57   1  54   2  73   3  55   4  64   5  63   6  67   7  50   8  56   9  69  10  74  11  63  12  80  13  61  14  58  15  58  16  67  17  77  18  49  19  72 
  0  62   1  57   2  74   3  59   4  65   5  66   6  66   7  58   8  60   9  76  10  79  11  64  12  82  13  64  14  62  15  60  16  67  17  75  18  54  19  76 
  0  63   1  57   2  75   3  61   4  69   5  68   6  66   7  58   8  60   9  76  10  80  11  63  12  81  13  64  14  64  15  60  16  69  17  76  18  55  19  75 
  0  64   1  55   2  74   3  59   4  69   5  68   6  66   7  57   8  57   9  74  10  80  11  66  12  80  13  63  14  64  15  60  16  70  17  77  18  55  19  77 
  0  63   1  55   2  75   3  59   4  65   5  65   6  68   7  54   8  58   9  74  10  79  11  63  12  80  13  61  14  61  15  60  16  68  17  76  18  50  19  72 
  0  63   1  58   2  75   3  55   4  65   5  66   6  68   7  54   8  57   9  71  10  77  11  64  12  80  13  64  14  63  15  59  16  68  17  77  18  52  19  73 
  0  61   1  54   2  74   3  53   4  65   5  64   6  66   7  52   8  56   9  67  10  76  11  63  12  81  13  61  14  57  15  59  16  69  17  75  18  49  19  71 
  0  60   1  57   2  75   3  59   4  66   5  64   6  66   7  52   8  60   9  74  10  81  11  64  12  82  13  60  14  59  15  59  16  67  17  77  18  50  19  75 
  0  57   1  56   2  74   3  56   4  64   5  61   6  67   7  52   8  57   9  70  10  76  11  62  12  80  13  62  14  56  15  57  16  66  17  75  18  51  19  71 
  0  65   1  58   2  75   3  59   4  68   5  68   6  68   7  57   8  60   9  77  10  84  11  66  12  82  13  64  14  65  15  60  16  68  17  75  18  54  19  77 
  0  66   1  58   2  73   3  61   4  69   5  69   6  68   7  56   8  60   9  76  10  84  11  64  12  82  13  64  14  66  15  61  16  70  17  77  18  55  19  76 
  0  60   1  57   2  75   3  58   4  67   5  66   6  66   7  56   8  56   9  74  10  77  11  63  12  82  13  61  14  63  15  58  16  67  17  75  18  54  19  75 
  0  57   1  56   2  75   3  56   4  64   5  61   6  67   7  50   8  56   9  69  10  76  11  62  12  82  13  61  14  56  15  56  16  66  17  77  18  49  19  70 
  0  66   1  58   2  75   3  60   4  68   5  69   6  68   7  56   8  60   9  74  10  84  11  65  12  80  13  64  14  66  15  59  16  69  17  77  18  55  19  77 
  0  66   1  58   2  75   3  59   4  68   5  68   6  68   7  57   8  58   9  77  10  84  11  66  12  82  13  64  14  65  15  62  16  68  17  76  18  55  19  78 
  0  57   1  54   2  73   3  53   4  63   5  63   6  67   7  50   8  56   9  67  10  74  11  62  12  80  13  61  14  57  15  56  16  66  17  77  18  49  19  70 
  0  67   1  57   2  75   3  57   4  67   5  69   6  66   7  57   8  60   9  75  10  80  11  65  12  81  13  64  14  62  15  59  16  69  17  75  18  54  19  76 
  0  60   1  54   2  74   3  55   4  66   5  62   6  66   7  51   8  56   9  68  10  74  11  64  12  80  13  62  14  59  15  57  16  68  17  75  18  49  19  72 


