
 20  20

  0  36   1  27   2  20   3  24   4  43   5  34   6  20   7  24   8  20   9  33  10  45  11  23  12  26  13  48  14  34  15  37  16  33  17  23  18  44  19  27 
  0  36   1  28   2  19   3  23   4  41   5  32   6  18   7  23   8  20   9  31  10  44  11  21  12  25  13  46  14  34  15  40  16  32  17  21  18  42  19  27 
  0  37   1  32   2  22   3  22   4  41   5  37   6  23   7  26   8  23   9  34  10  46  11  25  12  27  13  47  14  39  15  39  16  35  17  25  18  46  19  25 
  0  38   1  27   2  18   3  22   4  43   5  33   6  20   7  26   8  23   9  31  10  45  11  21  12  27  13  49  14  39  15  37  16  32  17  21  18  40  19  25 
  0  36   1  31   2  22   3  24   4  43   5  35   6  21   7  29   8  24   9  34  10  47  11  26  12  30  13  47  14  41  15  38  16  36  17  22  18  45  19  25 
  0  38   1  30   2  22   3  22   4  43   5  37   6  21   7  26   8  25   9  32  10  48  11  23  12  29  13  49  14  39  15  40  16  35  17  23  18  45  19  27 
  0  36   1  27   2  20   3  23   4  42   5  32   6  17   7  24   8  21   9  30  10  45  11  23  12  24  13  46  14  36  15  38  16  31  17  21  18  40  19  25 
  0  37   1  30   2  20   3  23   4  43   5  36   6  18   7  27   8  20   9  33  10  43  11  24  12  26  13  48  14  36  15  37  16  33  17  23  18  44  19  26 
  0  35   1  27   2  19   3  24   4  41   5  32   6  17   7  22   8  20   9  28  10  44  11  24  12  24  13  44  14  33  15  37  16  31  17  18  18  41  19  26 
  0  35   1  29   2  20   3  22   4  41   5  32   6  19   7  24   8  23   9  28  10  43  11  22  12  25  13  46  14  37  15  38  16  32  17  18  18  40  19  25 
  0  33   1  29   2  18   3  23   4  43   5  32   6  19   7  24   8  21   9  32  10  44  11  24  12  24  13  46  14  33  15  37  16  31  17  20  18  42  19  25 
  0  32   1  30   2  19   3  24   4  41   5  35   6  19   7  22   8  20   9  32  10  44  11  23  12  24  13  47  14  36  15  37  16  31  17  22  18  40  19  26 
  0  33   1  27   2  18   3  23   4  42   5  32   6  21   7  26   8  23   9  31  10  45  11  21  12  28  13  46  14  34  15  39  16  33  17  19  18  41  19  27 
  0  39   1  30   2  21   3  22   4  43   5  33   6  20   7  29   8  23   9  31  10  48  11  24  12  26  13  50  14  38  15  40  16  36  17  21  18  44  19  25 
  0  39   1  30   2  20   3  24   4  43   5  38   6  23   7  32   8  27   9  38  10  50  11  27  12  28  13  52  14  40  15  41  16  38  17  27  18  46  19  27 
  0  32   1  29   2  20   3  24   4  42   5  34   6  18   7  23   8  21   9  28  10  42  11  21  12  23  13  47  14  33  15  37  16  33  17  18  18  41  19  25 
  0  41   1  32   2  20   3  23   4  43   5  37   6  23   7  31   8  25   9  36  10  52  11  24  12  29  13  52  14  42  15  41  16  37  17  28  18  46  19  27 
  0  40   1  32   2  20   3  22   4  43   5  37   6  21   7  32   8  26   9  35  10  51  11  27  12  30  13  49  14  40  15  41  16  39  17  25  18  46  19  27 
  0  39   1  30   2  22   3  22   4  43   5  36   6  20   7  27   8  25   9  34  10  47  11  24  12  26  13  47  14  38  15  38  16  35  17  26  18  43  19  25 
  0  40   1  32   2  22   3  22   4  42   5  34   6  19   7  30   8  23   9  33  10  50  11  25  12  28  13  49  14  38  15  40  16  36  17  27  18  43  19  27 


