
 20  20

  0  46   1  58   2  44   3  55   4  51   5  51   6  62   7  32   8  57   9  40  10  38  11  41  12  56  13  64  14  35  15  52  16  57  17  31  18  54  19  62 
  0  43   1  56   2  43   3  52   4  51   5  49   6  60   7  33   8  56   9  37  10  32  11  36  12  56  13  59  14  36  15  50  16  55  17  32  18  49  19  61 
  0  44   1  54   2  44   3  49   4  47   5  51   6  61   7  31   8  57   9  37  10  34  11  37  12  55  13  62  14  36  15  51  16  54  17  32  18  53  19  59 
  0  39   1  54   2  42   3  48   4  47   5  51   6  58   7  30   8  56   9  35  10  28  11  35  12  56  13  59  14  36  15  48  16  53  17  31  18  48  19  58 
  0  39   1  56   2  44   3  50   4  47   5  49   6  58   7  32   8  57   9  38  10  30  11  35  12  54  13  58  14  35  15  47  16  53  17  33  18  51  19  59 
  0  44   1  58   2  44   3  56   4  51   5  51   6  64   7  33   8  58   9  38  10  38  11  38  12  56  13  61  14  34  15  50  16  60  17  33  18  54  19  60 
  0  48   1  56   2  44   3  56   4  51   5  49   6  63   7  32   8  58   9  41  10  35  11  38  12  56  13  64  14  36  15  52  16  60  17  33  18  54  19  60 
  0  40   1  55   2  44   3  48   4  47   5  50   6  58   7  30   8  56   9  35  10  29  11  35  12  54  13  59  14  34  15  46  16  54  17  31  18  48  19  58 
  0  41   1  56   2  42   3  50   4  49   5  51   6  59   7  32   8  58   9  35  10  33  11  37  12  54  13  58  14  36  15  47  16  52  17  33  18  51  19  59 
  0  40   1  56   2  44   3  52   4  47   5  49   6  61   7  31   8  56   9  35  10  30  11  39  12  56  13  58  14  36  15  46  16  56  17  31  18  49  19  57 
  0  39   1  54   2  43   3  50   4  47   5  51   6  58   7  33   8  56   9  38  10  30  11  35  12  54  13  58  14  36  15  48  16  55  17  32  18  50  19  56 
  0  42   1  54   2  42   3  48   4  50   5  50   6  58   7  30   8  57   9  35  10  31  11  35  12  56  13  61  14  34  15  47  16  53  17  32  18  50  19  56 
  0  38   1  56   2  44   3  51   4  48   5  49   6  58   7  30   8  57   9  37  10  28  11  36  12  54  13  60  14  36  15  46  16  52  17  31  18  51  19  59 
  0  38   1  56   2  44   3  48   4  47   5  50   6  58   7  30   8  58   9  37  10  28  11  35  12  54  13  60  14  34  15  46  16  54  17  33  18  48  19  57 
  0  44   1  57   2  44   3  49   4  47   5  50   6  61   7  32   8  57   9  38  10  31  11  35  12  56  13  62  14  34  15  48  16  54  17  33  18  52  19  57 
  0  42   1  54   2  42   3  50   4  47   5  49   6  60   7  30   8  56   9  37  10  31  11  38  12  54  13  62  14  34  15  48  16  53  17  32  18  50  19  58 
  0  45   1  56   2  43   3  53   4  51   5  49   6  60   7  32   8  58   9  40  10  34  11  38  12  56  13  62  14  36  15  52  16  59  17  31  18  52  19  59 
  0  47   1  56   2  43   3  55   4  51   5  51   6  64   7  34   8  56   9  41  10  37  11  41  12  56  13  64  14  36  15  52  16  60  17  33  18  54  19  60 
  0  48   1  55   2  44   3  53   4  51   5  51   6  63   7  34   8  58   9  41  10  35  11  41  12  55  13  63  14  34  15  49  16  60  17  31  18  54  19  60 
  0  43   1  55   2  44   3  55   4  51   5  49   6  62   7  32   8  58   9  37  10  36  11  37  12  55  13  62  14  35  15  49  16  58  17  31  18  52  19  62 


