
 20  20

  0  14   1  24   2  13   3  28   4  32   5  34   6  11   7  29   8   9   9  29  10  20  11  23  12  14  13  27  14  10  15  28  16  15  17  27  18  27  19   8 
  0  10   1  18   2  11   3  29   4  32   5  28   6  10   7  28   8   9   9  27  10  20  11  24  12  11  13  27  14  11  15  26  16  13  17  22  18  22  19   6 
  0  13   1  23   2  12   3  30   4  30   5  31   6  10   7  28   8   8   9  28  10  18  11  25  12  13  13  28  14  10  15  27  16  13  17  25  18  26  19   8 
  0  11   1  21   2   9   3  27   4  29   5  30   6   9   7  28   8   6   9  26  10  18  11  22  12   9  13  28  14   8  15  27  16  11  17  23  18  20  19   6 
  0  13   1  22   2  10   3  26   4  29   5  31   6  11   7  27   8   5   9  27  10  20  11  21  12   8  13  27  14  10  15  25  16  12  17  24  18  23  19   7 
  0  12   1  22   2  10   3  25   4  33   5  31   6   8   7  27   8   7   9  27  10  20  11  24  12   9  13  29  14   9  15  27  16  11  17  23  18  21  19   6 
  0  14   1  23   2  13   3  32   4  32   5  33   6   9   7  29   8   8   9  30  10  18  11  22  12  10  13  29  14  11  15  28  16  14  17  24  18  27  19   7 
  0   8   1  19   2   8   3  24   4  31   5  27   6   8   7  28   8   5   9  29  10  18  11  21  12   6  13  29  14  10  15  25  16   9  17  22  18  20  19   8 
  0   9   1  17   2   7   3  26   4  29   5  27   6   8   7  26   8   7   9  26  10  20  11  21  12   7  13  27  14   7  15  22  16   9  17  24  18  22  19   8 
  0  14   1  23   2  14   3  28   4  33   5  34   6  12   7  29   8   6   9  29  10  20  11  25  12  14  13  27  14  10  15  28  16  15  17  26  18  25  19   6 
  0   8   1  16   2   7   3  24   4  29   5  27   6   8   7  26   8   7   9  27  10  20  11  21  12   7  13  27  14   7  15  22  16   7  17  22  18  20  19   8 
  0  15   1  25   2  15   3  31   4  33   5  35   6  12   7  30   8   7   9  29  10  20  11  25  12  12  13  27  14  11  15  32  16  17  17  26  18  25  19   8 
  0  17   1  21   2  14   3  31   4  32   5  33   6  11   7  30   8   8   9  31  10  18  11  25  12  10  13  27  14   9  15  29  16  12  17  27  18  27  19   8 
  0  13   1  19   2  13   3  30   4  31   5  30   6   8   7  29   8   8   9  31  10  20  11  25  12   8  13  27  14   8  15  25  16  11  17  23  18  26  19   7 
  0  13   1  19   2   9   3  26   4  30   5  30   6  12   7  26   8   8   9  28  10  20  11  21  12  11  13  27  14  10  15  28  16  10  17  25  18  23  19   6 
  0  10   1  17   2  11   3  26   4  32   5  28   6   8   7  26   8   6   9  26  10  19  11  21  12   7  13  27  14   8  15  24  16  10  17  22  18  23  19   6 
  0  17   1  24   2  15   3  31   4  33   5  32   6  11   7  32   8   8   9  32  10  20  11  23  12  14  13  29  14  12  15  30  16  14  17  26  18  25  19   8 
  0  11   1  23   2  14   3  29   4  30   5  33   6  11   7  28   8   9   9  28  10  18  11  22  12  12  13  27  14  11  15  25  16  13  17  23  18  22  19   8 
  0  16   1  23   2  14   3  29   4  31   5  34   6  11   7  31   8   7   9  30  10  18  11  23  12  11  13  29  14  11  15  31  16  14  17  28  18  28  19   8 
  0  10   1  21   2   8   3  26   4  29   5  32   6  10   7  30   8   5   9  30  10  20  11  23  12  10  13  27  14   8  15  23  16   8  17  22  18  25  19   6 


