
 20  20

  0  17   1  24   2  28   3  33   4   9   5  22   6   5   7  34   8  26   9  31  10  11  11   6  12  15  13  21  14  21  15  23  16  24  17  24  18  10  19   3 
  0  13   1  19   2  23   3  26   4   4   5  21   6   4   7  28   8  24   9  21  10   3  11   6  12   7  13  19  14  19  15  20  16  20  17  20  18   4  19   1 
  0  18   1  21   2  29   3  33   4   8   5  20   6   5   7  34   8  24   9  31  10  10  11   6  12  13  13  20  14  21  15  22  16  25  17  23  18  10  19   5 
  0  19   1  21   2  30   3  30   4  10   5  21   6   3   7  32   8  27   9  28  10   9  11   7  12  15  13  20  14  21  15  24  16  22  17  22  18   8  19   5 
  0  11   1  19   2  22   3  25   4   5   5  20   6   3   7  30   8  23   9  23  10   1  11   5  12   5  13  17  14  20  15  21  16  19  17  18  18   3  19   2 
  0  16   1  22   2  29   3  28   4   7   5  20   6   3   7  30   8  25   9  25  10   8  11   7  12  13  13  19  14  20  15  24  16  24  17  21  18   8  19   5 
  0  16   1  19   2  25   3  30   4   7   5  20   6   4   7  32   8  24   9  24  10   4  11   5  12  10  13  18  14  19  15  19  16  19  17  23  18   8  19   3 
  0  11   1  19   2  22   3  23   4   2   5  22   6   3   7  29   8  23   9  22  10   1  11   5  12   7  13  17  14  19  15  19  16  19  17  18  18   4  19   1 
  0  13   1  20   2  25   3  24   4   4   5  21   6   5   7  30   8  23   9  22  10   3  11   5  12   8  13  21  14  19  15  21  16  20  17  22  18   5  19   2 
  0  15   1  21   2  25   3  28   4   6   5  20   6   5   7  30   8  27   9  24  10   6  11   6  12  10  13  19  14  19  15  20  16  22  17  23  18   8  19   4 
  0  14   1  19   2  28   3  27   4   8   5  21   6   3   7  29   8  23   9  28  10   6  11   7  12   9  13  21  14  19  15  23  16  22  17  20  18   9  19   5 
  0  10   1  21   2  25   3  25   4   6   5  22   6   4   7  30   8  24   9  25  10   2  11   7  12   7  13  20  14  19  15  19  16  19  17  20  18   7  19   3 
  0  11   1  18   2  26   3  24   4   5   5  20   6   5   7  28   8  23   9  24  10   5  11   5  12   7  13  17  14  19  15  18  16  20  17  21  18   4  19   2 
  0  16   1  23   2  27   3  31   4   6   5  22   6   5   7  34   8  27   9  28  10   8  11   6  12  13  13  20  14  21  15  24  16  21  17  24  18  11  19   3 
  0  14   1  21   2  25   3  28   4   7   5  21   6   3   7  29   8  27   9  27  10   8  11   7  12  10  13  19  14  20  15  21  16  23  17  22  18   9  19   3 
  0  10   1  20   2  22   3  26   4   2   5  22   6   5   7  28   8  23   9  21  10   1  11   6  12   5  13  17  14  19  15  18  16  20  17  18  18   5  19   1 
  0   9   1  19   2  22   3  24   4   3   5  21   6   5   7  28   8  23   9  21  10   2  11   5  12   6  13  19  14  19  15  21  16  19  17  21  18   3  19   2 
  0  18   1  24   2  29   3  33   4  10   5  20   6   5   7  33   8  27   9  31  10  11  11   7  12  13  13  22  14  21  15  24  16  23  17  23  18  10  19   5 
  0   9   1  21   2  25   3  25   4   2   5  20   6   5   7  30   8  26   9  21  10   4  11   6  12   7  13  18  14  21  15  18  16  20  17  19  18   5  19   3 
  0  15   1  21   2  28   3  26   4   5   5  22   6   4   7  33   8  23   9  24  10   6  11   5  12   8  13  20  14  19  15  23  16  22  17  23  18   5  19   4 


