
 20  20

  0  48   1  63   2  54   3  56   4  59   5  63   6  54   7  53   8  72   9  68  10  55  11  71  12  58  13  55  14  67  15  57  16  70  17  46  18  68  19  55 
  0  44   1  62   2  52   3  57   4  50   5  57   6  46   7  48   8  66   9  66  10  54  11  72  12  56  13  47  14  66  15  54  16  68  17  45  18  61  19  52 
  0  44   1  60   2  50   3  55   4  52   5  57   6  48   7  47   8  69   9  64  10  52  11  72  12  56  13  47  14  65  15  54  16  70  17  44  18  59  19  51 
  0  49   1  62   2  54   3  57   4  56   5  62   6  50   7  51   8  70   9  67  10  55  11  70  12  57  13  51  14  65  15  57  16  70  17  48  18  67  19  57 
  0  49   1  64   2  54   3  55   4  54   5  62   6  52   7  52   8  69   9  65  10  53  11  72  12  58  13  54  14  65  15  55  16  69  17  48  18  63  19  54 
  0  43   1  60   2  50   3  57   4  50   5  58   6  44   7  48   8  69   9  64  10  51  11  70  12  56  13  50  14  67  15  52  16  69  17  44  18  58  19  52 
  0  48   1  63   2  51   3  57   4  59   5  60   6  51   7  52   8  72   9  68  10  52  11  70  12  60  13  55  14  65  15  59  16  70  17  47  18  66  19  57 
  0  45   1  63   2  51   3  56   4  52   5  60   6  50   7  50   8  67   9  66  10  53  11  71  12  57  13  51  14  67  15  55  16  68  17  45  18  61  19  53 
  0  49   1  65   2  53   3  57   4  55   5  59   6  52   7  50   8  71   9  68  10  52  11  72  12  59  13  53  14  67  15  57  16  70  17  48  18  63  19  57 
  0  40   1  62   2  52   3  55   4  49   5  58   6  44   7  45   8  67   9  66  10  51  11  71  12  56  13  48  14  67  15  52  16  69  17  44  18  58  19  54 
  0  43   1  63   2  52   3  55   4  54   5  60   6  45   7  49   8  66   9  66  10  51  11  72  12  57  13  49  14  66  15  55  16  70  17  44  18  63  19  53 
  0  44   1  60   2  53   3  55   4  53   5  62   6  50   7  52   8  70   9  65  10  53  11  70  12  59  13  49  14  65  15  57  16  70  17  44  18  64  19  54 
  0  50   1  65   2  54   3  57   4  59   5  63   6  53   7  53   8  70   9  67  10  54  11  71  12  59  13  55  14  67  15  58  16  70  17  48  18  68  19  56 
  0  48   1  63   2  54   3  55   4  57   5  63   6  53   7  55   8  69   9  68  10  55  11  72  12  60  13  54  14  66  15  60  16  70  17  48  18  67  19  54 
  0  49   1  64   2  54   3  56   4  58   5  63   6  50   7  50   8  72   9  66  10  52  11  70  12  60  13  52  14  65  15  59  16  68  17  45  18  65  19  57 
  0  42   1  59   2  50   3  56   4  54   5  61   6  48   7  48   8  68   9  64  10  54  11  70  12  59  13  51  14  67  15  55  16  68  17  45  18  60  19  52 
  0  48   1  62   2  53   3  55   4  58   5  63   6  51   7  55   8  72   9  68  10  52  11  72  12  57  13  55  14  67  15  57  16  70  17  48  18  68  19  57 
  0  44   1  61   2  53   3  57   4  51   5  62   6  47   7  50   8  70   9  65  10  51  11  70  12  56  13  51  14  65  15  55  16  70  17  48  18  61  19  53 
  0  43   1  59   2  50   3  57   4  50   5  57   6  44   7  46   8  66   9  67  10  51  11  70  12  58  13  47  14  65  15  52  16  68  17  44  18  62  19  51 
  0  41   1  62   2  50   3  55   4  53   5  59   6  49   7  46   8  68   9  67  10  54  11  72  12  58  13  50  14  65  15  53  16  68  17  46  18  60  19  51 


