
 20  20

  0  50   1  41   2  47   3  45   4  43   5  59   6  61   7  54   8  66   9  67  10  47  11  61  12  50  13  47  14  58  15  64  16  40  17  63  18  69  19  63 
  0  49   1  44   2  44   3  45   4  44   5  58   6  57   7  52   8  65   9  68  10  49  11  61  12  50  13  47  14  56  15  63  16  40  17  64  18  69  19  62 
  0  49   1  40   2  43   3  44   4  44   5  60   6  59   7  53   8  64   9  65  10  49  11  62  12  50  13  46  14  57  15  63  16  38  17  59  18  64  19  61 
  0  50   1  40   2  49   3  46   4  42   5  60   6  62   7  55   8  68   9  71  10  49  11  63  12  52  13  49  14  56  15  60  16  43  17  62  18  69  19  63 
  0  52   1  41   2  45   3  44   4  44   5  58   6  59   7  52   8  64   9  67  10  49  11  62  12  52  13  46  14  58  15  62  16  41  17  65  18  68  19  62 
  0  47   1  40   2  43   3  44   4  42   5  58   6  55   7  49   8  65   9  63  10  47  11  58  12  48  13  47  14  56  15  61  16  41  17  58  18  65  19  61 
  0  56   1  43   2  50   3  44   4  43   5  58   6  64   7  57   8  68   9  71  10  49  11  66  12  52  13  49  14  58  15  64  16  46  17  66  18  72  19  63 
  0  49   1  41   2  44   3  45   4  42   5  59   6  56   7  50   8  63   9  64  10  49  11  61  12  48  13  45  14  57  15  60  16  42  17  61  18  66  19  61 
  0  54   1  43   2  46   3  44   4  42   5  58   6  59   7  55   8  68   9  71  10  49  11  62  12  51  13  48  14  56  15  64  16  43  17  65  18  71  19  62 
  0  53   1  43   2  48   3  46   4  43   5  60   6  63   7  57   8  66   9  69  10  49  11  62  12  49  13  49  14  56  15  61  16  44  17  68  18  72  19  63 
  0  46   1  39   2  43   3  46   4  42   5  60   6  54   7  49   8  63   9  65  10  47  11  59  12  48  13  47  14  56  15  60  16  40  17  60  18  65  19  61 
  0  55   1  44   2  46   3  46   4  42   5  59   6  62   7  54   8  65   9  69  10  49  11  65  12  52  13  49  14  58  15  61  16  43  17  63  18  69  19  62 
  0  47   1  40   2  45   3  44   4  42   5  59   6  56   7  53   8  65   9  65  10  47  11  58  12  48  13  47  14  56  15  60  16  38  17  59  18  65  19  62 
  0  46   1  41   2  41   3  44   4  42   5  58   6  54   7  52   8  65   9  63  10  47  11  61  12  48  13  47  14  57  15  60  16  41  17  61  18  65  19  63 
  0  49   1  41   2  46   3  44   4  43   5  58   6  56   7  54   8  67   9  68  10  47  11  61  12  49  13  48  14  58  15  60  16  42  17  63  18  68  19  61 
  0  56   1  44   2  49   3  45   4  44   5  60   6  61   7  55   8  67   9  69  10  49  11  65  12  49  13  49  14  56  15  64  16  45  17  68  18  71  19  63 
  0  51   1  43   2  47   3  44   4  42   5  59   6  57   7  54   8  66   9  65  10  47  11  61  12  51  13  48  14  56  15  60  16  39  17  61  18  67  19  61 
  0  46   1  40   2  43   3  44   4  42   5  59   6  57   7  52   8  65   9  64  10  47  11  60  12  48  13  47  14  56  15  63  16  41  17  60  18  64  19  61 
  0  51   1  41   2  50   3  45   4  44   5  59   6  63   7  52   8  65   9  72  10  49  11  62  12  50  13  47  14  56  15  64  16  41  17  65  18  67  19  61 
  0  47   1  41   2  43   3  44   4  44   5  60   6  57   7  49   8  66   9  65  10  48  11  61  12  48  13  45  14  56  15  61  16  39  17  59  18  66  19  62 


