
 20  20

  0  81   1  73   2  85   3  66   4  83   5  81   6  67   7  68   8  57   9  84  10  88  11  58  12  61  13  69  14  72  15  84  16  65  17  61  18  69  19  62 
  0  75   1  72   2  83   3  63   4  81   5  78   6  63   7  60   8  53   9  79  10  81  11  56  12  61  13  68  14  69  15  79  16  62  17  59  18  68  19  62 
  0  78   1  71   2  84   3  64   4  79   5  76   6  63   7  60   8  53   9  79  10  84  11  59  12  61  13  67  14  69  15  80  16  63  17  59  18  67  19  64 
  0  85   1  73   2  84   3  68   4  82   5  82   6  72   7  69   8  61   9  86  10  89  11  60  12  65  13  69  14  72  15  88  16  66  17  60  18  71  19  67 
  0  82   1  73   2  83   3  68   4  83   5  81   6  71   7  70   8  61   9  86  10  88  11  62  12  64  13  69  14  72  15  87  16  64  17  61  18  70  19  67 
  0  78   1  71   2  85   3  61   4  80   5  77   6  65   7  60   8  56   9  79  10  83  11  57  12  61  13  67  14  69  15  78  16  61  17  60  18  67  19  63 
  0  76   1  71   2  85   3  61   4  82   5  77   6  64   7  65   8  57   9  81  10  81  11  60  12  61  13  67  14  70  15  82  16  62  17  61  18  67  19  64 
  0  84   1  73   2  83   3  69   4  81   5  82   6  70   7  70   8  59   9  84  10  89  11  61  12  65  13  69  14  73  15  86  16  66  17  61  18  70  19  65 
  0  77   1  72   2  83   3  63   4  80   5  76   6  65   7  62   8  55   9  80  10  82  11  57  12  64  13  67  14  72  15  79  16  60  17  60  18  69  19  62 
  0  85   1  71   2  85   3  68   4  83   5  82   6  70   7  68   8  58   9  85  10  89  11  62  12  64  13  69  14  72  15  87  16  64  17  61  18  69  19  65 
  0  81   1  72   2  85   3  67   4  83   5  80   6  71   7  66   8  58   9  83  10  86  11  60  12  63  13  67  14  71  15  84  16  64  17  61  18  70  19  63 
  0  77   1  73   2  85   3  63   4  82   5  77   6  66   7  64   8  54   9  82  10  83  11  59  12  63  13  67  14  70  15  82  16  60  17  59  18  67  19  65 
  0  78   1  71   2  83   3  65   4  81   5  77   6  64   7  63   8  55   9  83  10  83  11  56  12  62  13  67  14  71  15  78  16  60  17  59  18  67  19  63 
  0  80   1  73   2  83   3  64   4  82   5  78   6  67   7  65   8  58   9  85  10  86  11  61  12  65  13  67  14  71  15  84  16  65  17  60  18  68  19  66 
  0  84   1  71   2  85   3  68   4  80   5  82   6  69   7  67   8  58   9  84  10  89  11  62  12  65  13  68  14  72  15  88  16  64  17  59  18  68  19  66 
  0  85   1  73   2  85   3  69   4  82   5  81   6  73   7  69   8  60   9  87  10  88  11  61  12  65  13  69  14  73  15  88  16  65  17  59  18  69  19  65 
  0  83   1  73   2  84   3  67   4  83   5  81   6  72   7  70   8  61   9  86  10  86  11  59  12  65  13  67  14  71  15  88  16  63  17  61  18  71  19  65 
  0  81   1  72   2  85   3  67   4  82   5  81   6  72   7  67   8  59   9  83  10  87  11  60  12  63  13  69  14  73  15  85  16  64  17  59  18  71  19  63 
  0  76   1  71   2  83   3  61   4  79   5  76   6  65   7  60   8  53   9  81  10  81  11  56  12  61  13  68  14  70  15  78  16  62  17  59  18  68  19  61 
  0  85   1  73   2  83   3  67   4  80   5  81   6  72   7  70   8  61   9  87  10  89  11  59  12  63  13  67  14  71  15  85  16  65  17  61  18  69  19  67 


