
 20  20

  0  60   1  55   2  41   3  58   4  60   5  45   6  42   7  33   8  43   9  43  10  46  11  50  12  53  13  32  14  36  15  44  16  39  17  56  18  33  19  47 
  0  52   1  55   2  39   3  52   4  56   5  40   6  39   7  29   8  41   9  40  10  42  11  47  12  50  13  30  14  32  15  44  16  31  17  50  18  31  19  44 
  0  55   1  53   2  41   3  55   4  53   5  41   6  39   7  32   8  42   9  38  10  45  11  47  12  52  13  29  14  32  15  44  16  33  17  51  18  31  19  46 
  0  53   1  54   2  39   3  54   4  53   5  37   6  36   7  28   8  38   9  40  10  43  11  45  12  49  13  28  14  29  15  43  16  30  17  51  18  31  19  45 
  0  56   1  56   2  41   3  54   4  57   5  42   6  37   7  30   8  44   9  39  10  42  11  47  12  53  13  28  14  33  15  43  16  35  17  55  18  33  19  46 
  0  54   1  53   2  41   3  53   4  55   5  42   6  37   7  29   8  42   9  37  10  44  11  49  12  50  13  26  14  33  15  42  16  32  17  52  18  31  19  42 
  0  58   1  54   2  41   3  55   4  57   5  44   6  39   7  32   8  42   9  41  10  44  11  52  12  52  13  32  14  35  15  44  16  39  17  56  18  33  19  48 
  0  52   1  56   2  39   3  52   4  56   5  42   6  36   7  30   8  39   9  40  10  43  11  48  12  50  13  26  14  33  15  42  16  35  17  51  18  31  19  43 
  0  55   1  56   2  41   3  53   4  59   5  44   6  41   7  32   8  44   9  41  10  42  11  50  12  53  13  32  14  36  15  44  16  38  17  55  18  32  19  44 
  0  57   1  55   2  40   3  56   4  57   5  40   6  41   7  31   8  41   9  39  10  42  11  48  12  49  13  29  14  32  15  44  16  37  17  54  18  33  19  45 
  0  53   1  53   2  39   3  52   4  51   5  40   6  35   7  26   8  41   9  40  10  42  11  46  12  47  13  28  14  30  15  44  16  29  17  48  18  31  19  42 
  0  59   1  57   2  39   3  58   4  55   5  41   6  41   7  32   8  42   9  43  10  46  11  48  12  49  13  28  14  36  15  44  16  37  17  56  18  31  19  47 
  0  54   1  55   2  41   3  52   4  54   5  41   6  35   7  30   8  38   9  39  10  43  11  48  12  48  13  28  14  34  15  44  16  35  17  53  18  33  19  45 
  0  52   1  56   2  40   3  52   4  50   5  37   6  34   7  25   8  39   9  37  10  40  11  44  12  47  13  29  14  28  15  42  16  29  17  48  18  31  19  45 
  0  52   1  53   2  39   3  52   4  53   5  38   6  36   7  25   8  38   9  37  10  40  11  48  12  50  13  26  14  28  15  42  16  32  17  49  18  32  19  42 
  0  55   1  54   2  41   3  57   4  56   5  43   6  39   7  31   8  44   9  43  10  42  11  48  12  51  13  32  14  33  15  42  16  33  17  52  18  31  19  44 
  0  60   1  57   2  41   3  57   4  60   5  43   6  42   7  33   8  44   9  41  10  46  11  52  12  53  13  32  14  38  15  42  16  39  17  55  18  33  19  48 
  0  53   1  56   2  41   3  55   4  56   5  39   6  39   7  28   8  42   9  38  10  45  11  46  12  48  13  29  14  33  15  42  16  32  17  51  18  33  19  46 
  0  54   1  55   2  39   3  51   4  54   5  37   6  34   7  27   8  38   9  40  10  43  11  45  12  49  13  29  14  29  15  42  16  32  17  48  18  32  19  43 
  0  56   1  54   2  39   3  55   4  56   5  39   6  38   7  28   8  43   9  42  10  45  11  48  12  52  13  29  14  35  15  44  16  36  17  54  18  31  19  44 


