
 20  20

  0  31   1  38   2  36   3  36   4  39   5  24   6  15   7  38   8  15   9  41  10  38  11  33  12  21  13  42  14  36  15  23  16  26  17  41  18  29  19  31 
  0  26   1  33   2  38   3  32   4  35   5  23   6  16   7  38   8  14   9  40  10  35  11  32  12  18  13  40  14  38  15  21  16  26  17  43  18  27  19  28 
  0  31   1  40   2  36   3  35   4  39   5  24   6  16   7  37   8  20   9  42  10  41  11  35  12  20  13  43  14  37  15  27  16  26  17  44  18  26  19  30 
  0  26   1  33   2  36   3  32   4  35   5  21   6  13   7  33   8  13   9  41  10  33  11  28  12  17  13  38  14  37  15  22  16  28  17  40  18  24  19  27 
  0  35   1  42   2  38   3  36   4  39   5  25   6  19   7  43   8  21   9  42  10  42  11  37  12  22  13  44  14  40  15  29  16  26  17  46  18  27  19  33 
  0  28   1  38   2  38   3  32   4  38   5  22   6  16   7  37   8  16   9  40  10  38  11  32  12  23  13  40  14  38  15  24  16  26  17  42  18  26  19  31 
  0  30   1  41   2  38   3  33   4  37   5  25   6  16   7  38   8  18   9  41  10  42  11  37  12  23  13  41  14  40  15  27  16  28  17  44  18  26  19  30 
  0  30   1  39   2  36   3  35   4  39   5  22   6  18   7  37   8  17   9  42  10  40  11  35  12  21  13  39  14  39  15  28  16  28  17  42  18  28  19  31 
  0  31   1  38   2  36   3  34   4  40   5  24   6  16   7  38   8  17   9  40  10  40  11  34  12  25  13  40  14  37  15  28  16  27  17  43  18  26  19  34 
  0  27   1  37   2  37   3  34   4  36   5  25   6  14   7  39   8  17   9  40  10  36  11  33  12  18  13  42  14  37  15  23  16  26  17  43  18  28  19  27 
  0  26   1  36   2  36   3  32   4  36   5  23   6  16   7  35   8  15   9  42  10  37  11  31  12  17  13  39  14  35  15  22  16  26  17  42  18  24  19  25 
  0  31   1  38   2  37   3  33   4  38   5  25   6  19   7  41   8  21   9  42  10  39  11  36  12  22  13  41  14  41  15  26  16  28  17  46  18  30  19  35 
  0  31   1  39   2  36   3  33   4  38   5  24   6  17   7  37   8  18   9  40  10  36  11  32  12  22  13  40  14  39  15  24  16  28  17  43  18  25  19  32 
  0  26   1  32   2  36   3  32   4  35   5  22   6  13   7  34   8  13   9  40  10  35  11  28  12  20  13  38  14  36  15  20  16  27  17  43  18  25  19  28 
  0  27   1  32   2  36   3  33   4  35   5  21   6  15   7  33   8  13   9  42  10  35  11  28  12  17  13  38  14  35  15  21  16  27  17  42  18  25  19  25 
  0  32   1  39   2  38   3  33   4  37   5  22   6  17   7  37   8  18   9  42  10  38  11  35  12  23  13  43  14  38  15  25  16  27  17  43  18  29  19  31 
  0  29   1  39   2  36   3  35   4  38   5  24   6  17   7  38   8  17   9  40  10  40  11  34  12  22  13  42  14  36  15  24  16  28  17  42  18  29  19  28 
  0  30   1  37   2  38   3  36   4  37   5  25   6  18   7  41   8  21   9  42  10  39  11  36  12  25  13  40  14  37  15  29  16  26  17  43  18  27  19  32 
  0  32   1  38   2  36   3  34   4  40   5  25   6  18   7  38   8  17   9  40  10  42  11  35  12  21  13  43  14  38  15  27  16  26  17  44  18  28  19  33 
  0  35   1  42   2  36   3  36   4  41   5  24   6  18   7  40   8  21   9  40  10  40  11  35  12  24  13  44  14  39  15  27  16  27  17  46  18  30  19  35 


