
 20  20

  0  59   1  58   2  52   3  46   4  68   5  62   6  50   7  76   8  64   9  56  10  49  11  47  12  65  13  52  14  51  15  66  16  60  17  55  18  67  19  52 
  0  58   1  57   2  50   3  46   4  66   5  60   6  49   7  76   8  66   9  56  10  51  11  48  12  65  13  51  14  50  15  68  16  60  17  55  18  66  19  52 
  0  50   1  54   2  48   3  46   4  61   5  60   6  46   7  68   8  61   9  52  10  51  11  42  12  61  13  49  14  46  15  63  16  52  17  48  18  59  19  45 
  0  54   1  58   2  50   3  45   4  66   5  62   6  46   7  72   8  62   9  54  10  49  11  45  12  62  13  51  14  47  15  68  16  58  17  54  18  66  19  51 
  0  51   1  50   2  49   3  45   4  59   5  61   6  45   7  69   8  59   9  52  10  51  11  41  12  60  13  48  14  43  15  61  16  52  17  47  18  60  19  42 
  0  51   1  55   2  51   3  46   4  60   5  62   6  46   7  70   8  59   9  52  10  50  11  42  12  62  13  48  14  45  15  64  16  53  17  47  18  61  19  45 
  0  52   1  50   2  48   3  44   4  60   5  62   6  43   7  70   8  61   9  54  10  50  11  44  12  60  13  49  14  44  15  61  16  53  17  45  18  60  19  45 
  0  49   1  51   2  49   3  44   4  58   5  62   6  44   7  67   8  58   9  52  10  50  11  41  12  60  13  49  14  42  15  60  16  54  17  47  18  59  19  42 
  0  53   1  52   2  48   3  45   4  60   5  62   6  42   7  69   8  61   9  55  10  51  11  41  12  64  13  49  14  43  15  60  16  54  17  46  18  60  19  44 
  0  55   1  54   2  52   3  44   4  63   5  61   6  47   7  72   8  63   9  53  10  51  11  48  12  64  13  51  14  49  15  65  16  58  17  51  18  63  19  47 
  0  58   1  58   2  49   3  44   4  68   5  61   6  46   7  74   8  62   9  53  10  51  11  48  12  64  13  52  14  50  15  68  16  60  17  51  18  63  19  52 
  0  52   1  55   2  48   3  46   4  63   5  62   6  45   7  72   8  61   9  53  10  50  11  42  12  64  13  49  14  44  15  62  16  54  17  47  18  64  19  44 
  0  55   1  53   2  51   3  46   4  63   5  61   6  47   7  70   8  63   9  54  10  51  11  45  12  64  13  51  14  45  15  63  16  53  17  50  18  62  19  48 
  0  54   1  53   2  50   3  46   4  65   5  61   6  47   7  74   8  63   9  56  10  50  11  44  12  63  13  49  14  48  15  66  16  56  17  49  18  65  19  50 
  0  54   1  57   2  51   3  46   4  64   5  62   6  47   7  74   8  62   9  56  10  50  11  45  12  62  13  51  14  49  15  64  16  56  17  53  18  62  19  49 
  0  56   1  58   2  52   3  45   4  65   5  62   6  47   7  74   8  66   9  56  10  51  11  49  12  66  13  51  14  51  15  66  16  59  17  52  18  67  19  51 
  0  52   1  56   2  52   3  45   4  62   5  60   6  47   7  70   8  64   9  54  10  50  11  43  12  62  13  48  14  46  15  66  16  56  17  51  18  64  19  49 
  0  57   1  58   2  52   3  44   4  68   5  60   6  50   7  74   8  66   9  55  10  49  11  46  12  64  13  52  14  49  15  68  16  60  17  52  18  65  19  52 
  0  54   1  55   2  52   3  44   4  61   5  60   6  45   7  74   8  60   9  52  10  49  11  44  12  65  13  49  14  47  15  65  16  56  17  52  18  63  19  49 
  0  49   1  50   2  51   3  44   4  62   5  62   6  43   7  70   8  61   9  52  10  49  11  44  12  63  13  48  14  44  15  61  16  56  17  48  18  63  19  43 


