
 20  20

  0  39   1  59   2  55   3  42   4  37   5  39   6  54   7  47   8  56   9  56  10  60  11  53  12  40  13  35  14  58  15  34  16  57  17  50  18  39  19  43 
  0  37   1  58   2  53   3  37   4  35   5  37   6  55   7  47   8  54   9  57  10  61  11  50  12  39  13  33  14  59  15  32  16  58  17  43  18  33  19  39 
  0  36   1  57   2  48   3  37   4  34   5  34   6  53   7  45   8  56   9  55  10  58  11  52  12  37  13  32  14  59  15  32  16  54  17  46  18  34  19  39 
  0  40   1  57   2  55   3  39   4  38   5  37   6  54   7  45   8  56   9  58  10  62  11  53  12  41  13  36  14  60  15  34  16  57  17  47  18  39  19  40 
  0  30   1  53   2  49   3  38   4  30   5  34   6  49   7  43   8  54   9  56  10  58  11  49  12  37  13  30  14  59  15  31  16  56  17  40  18  30  19  37 
  0  40   1  59   2  55   3  40   4  38   5  38   6  55   7  47   8  58   9  57  10  61  11  53  12  41  13  38  14  61  15  35  16  57  17  48  18  39  19  43 
  0  40   1  59   2  55   3  42   4  40   5  40   6  57   7  48   8  58   9  57  10  62  11  51  12  39  13  36  14  61  15  37  16  58  17  50  18  40  19  43 
  0  38   1  59   2  52   3  40   4  38   5  38   6  57   7  48   8  56   9  57  10  60  11  52  12  39  13  37  14  61  15  35  16  58  17  48  18  36  19  42 
  0  37   1  56   2  54   3  42   4  38   5  40   6  56   7  48   8  58   9  58  10  60  11  51  12  40  13  38  14  59  15  35  16  55  17  48  18  39  19  43 
  0  30   1  56   2  47   3  37   4  33   5  32   6  50   7  45   8  54   9  54  10  58  11  49  12  37  13  30  14  59  15  34  16  55  17  42  18  30  19  38 
  0  39   1  58   2  54   3  40   4  39   5  40   6  55   7  47   8  58   9  58  10  60  11  51  12  39  13  38  14  59  15  35  16  58  17  49  18  40  19  41 
  0  40   1  56   2  51   3  39   4  40   5  38   6  56   7  46   8  56   9  58  10  62  11  51  12  41  13  37  14  60  15  37  16  58  17  47  18  36  19  42 
  0  35   1  57   2  49   3  40   4  35   5  37   6  52   7  47   8  56   9  54  10  60  11  52  12  39  13  34  14  58  15  34  16  55  17  45  18  33  19  40 
  0  32   1  57   2  48   3  37   4  34   5  37   6  54   7  46   8  54   9  58  10  59  11  52  12  39  13  35  14  59  15  32  16  58  17  42  18  32  19  39 
  0  39   1  57   2  51   3  41   4  38   5  40   6  57   7  48   8  56   9  57  10  59  11  51  12  38  13  36  14  59  15  34  16  56  17  47  18  37  19  39 
  0  36   1  58   2  53   3  39   4  35   5  34   6  54   7  44   8  55   9  55  10  60  11  50  12  39  13  34  14  61  15  36  16  54  17  47  18  36  19  42 
  0  36   1  57   2  51   3  42   4  37   5  40   6  53   7  48   8  58   9  58  10  59  11  50  12  41  13  36  14  61  15  34  16  57  17  47  18  38  19  40 
  0  38   1  59   2  55   3  42   4  39   5  40   6  57   7  47   8  58   9  58  10  62  11  51  12  39  13  38  14  61  15  36  16  56  17  49  18  38  19  42 
  0  40   1  56   2  55   3  42   4  38   5  37   6  56   7  47   8  55   9  55  10  60  11  53  12  40  13  35  14  60  15  35  16  58  17  50  18  37  19  43 
  0  37   1  58   2  52   3  40   4  36   5  35   6  51   7  43   8  55   9  55  10  60  11  51  12  39  13  36  14  60  15  35  16  56  17  47  18  37  19  42 


