
 20  20

  0  63   1  65   2  75   3  66   4  92   5  85   6  85   7  67   8  74   9  87  10  81  11  83  12  86  13  77  14  66  15  87  16  90  17  89  18  85  19  82 
  0  63   1  62   2  73   3  68   4  90   5  80   6  85   7  65   8  73   9  89  10  79  11  78  12  86  13  75  14  66  15  85  16  92  17  86  18  84  19  79 
  0  70   1  70   2  80   3  69   4  97   5  89   6  87   7  72   8  79   9  89  10  83  11  88  12  88  13  83  14  67  15  89  16  96  17  96  18  92  19  88 
  0  69   1  70   2  77   3  67   4  98   5  89   6  86   7  70   8  78   9  91  10  83  11  87  12  87  13  82  14  67  15  91  16  96  17  96  18  93  19  86 
  0  61   1  63   2  70   3  65   4  88   5  80   6  86   7  64   8  73   9  87  10  79  11  80  12  86  13  75  14  65  15  84  16  92  17  86  18  83  19  78 
  0  68   1  70   2  80   3  69   4  94   5  88   6  87   7  71   8  76   9  88  10  81  11  84  12  86  13  83  14  67  15  91  16  96  17  96  18  93  19  88 
  0  70   1  67   2  80   3  68   4  96   5  90   6  87   7  70   8  79   9  89  10  82  11  88  12  87  13  83  14  67  15  91  16  94  17  96  18  93  19  85 
  0  71   1  70   2  80   3  69   4  96   5  90   6  86   7  72   8  78   9  91  10  83  11  86  12  88  13  83  14  67  15  91  16  95  17  95  18  93  19  85 
  0  68   1  66   2  77   3  69   4  93   5  89   6  85   7  68   8  79   9  91  10  83  11  84  12  86  13  79  14  66  15  89  16  96  17  92  18  90  19  87 
  0  65   1  65   2  72   3  65   4  88   5  82   6  85   7  64   8  74   9  87  10  81  11  80  12  86  13  76  14  67  15  83  16  90  17  87  18  83  19  78 
  0  69   1  66   2  78   3  66   4  94   5  88   6  86   7  67   8  78   9  91  10  81  11  83  12  86  13  80  14  67  15  86  16  95  17  92  18  87  19  86 
  0  67   1  70   2  79   3  67   4  98   5  88   6  87   7  69   8  77   9  91  10  83  11  85  12  88  13  81  14  66  15  88  16  96  17  93  18  89  19  88 
  0  61   1  65   2  73   3  66   4  91   5  84   6  86   7  66   8  76   9  90  10  81  11  82  12  86  13  76  14  65  15  84  16  93  17  86  18  86  19  80 
  0  63   1  62   2  71   3  68   4  92   5  82   6  85   7  66   8  75   9  87  10  79  11  80  12  87  13  75  14  67  15  83  16  91  17  89  18  86  19  80 
  0  61   1  62   2  74   3  68   4  92   5  81   6  85   7  66   8  74   9  88  10  79  11  81  12  86  13  77  14  65  15  85  16  91  17  90  18  87  19  82 
  0  64   1  66   2  75   3  69   4  92   5  83   6  87   7  67   8  77   9  89  10  80  11  83  12  88  13  78  14  67  15  88  16  93  17  90  18  90  19  81 
  0  61   1  62   2  71   3  65   4  88   5  80   6  85   7  64   8  73   9  87  10  80  11  79  12  88  13  77  14  65  15  83  16  90  17  86  18  83  19  80 
  0  66   1  65   2  71   3  65   4  91   5  82   6  85   7  68   8  73   9  87  10  81  11  82  12  88  13  75  14  65  15  84  16  94  17  88  18  86  19  83 
  0  69   1  67   2  78   3  66   4  92   5  85   6  87   7  69   8  77   9  89  10  83  11  84  12  88  13  80  14  67  15  88  16  93  17  91  18  87  19  85 
  0  69   1  65   2  77   3  69   4  94   5  88   6  85   7  69   8  76   9  90  10  80  11  83  12  88  13  79  14  65  15  88  16  92  17  95  18  88  19  83 


