
 20  20

  0  83   1  65   2  78   3  83   4  76   5  69   6  78   7  80   8  70   9  75  10  72  11  66  12  67  13  83  14  87  15  69  16  91  17  71  18  70  19  92 
  0  85   1  63   2  78   3  81   4  77   5  69   6  77   7  81   8  70   9  75  10  74  11  64  12  67  13  81  14  87  15  67  16  90  17  72  18  72  19  91 
  0  89   1  69   2  82   3  83   4  82   5  73   6  78   7  82   8  78   9  75  10  77  11  68  12  69  13  82  14  89  15  75  16  92  17  74  18  74  19  96 
  0  89   1  70   2  83   3  83   4  82   5  73   6  76   7  82   8  78   9  75  10  76  11  69  12  69  13  81  14  91  15  73  16  92  17  74  18  74  19  96 
  0  89   1  69   2  83   3  82   4  82   5  73   6  77   7  81   8  78   9  77  10  80  11  69  12  69  13  83  14  91  15  75  16  91  17  74  18  73  19  96 
  0  89   1  71   2  84   3  81   4  82   5  73   6  79   7  81   8  77   9  75  10  80  11  69  12  68  13  81  14  90  15  76  16  92  17  76  18  74  19  97 
  0  81   1  62   2  78   3  82   4  76   5  67   6  77   7  82   8  70   9  77  10  72  11  65  12  67  13  81  14  88  15  69  16  90  17  70  18  71  19  90 
  0  88   1  69   2  80   3  82   4  79   5  71   6  79   7  82   8  74   9  75  10  79  11  68  12  69  13  83  14  90  15  75  16  90  17  75  18  71  19  97 
  0  83   1  64   2  82   3  81   4  80   5  70   6  75   7  80   8  73   9  75  10  73  11  63  12  69  13  82  14  87  15  69  16  92  17  74  18  72  19  89 
  0  91   1  68   2  84   3  83   4  80   5  73   6  78   7  82   8  78   9  75  10  80  11  67  12  69  13  83  14  89  15  77  16  90  17  76  18  74  19  95 
  0  82   1  64   2  81   3  81   4  80   5  71   6  76   7  82   8  71   9  77  10  73  11  63  12  69  13  83  14  87  15  70  16  92  17  71  18  70  19  89 
  0  83   1  65   2  81   3  81   4  80   5  68   6  77   7  80   8  71   9  75  10  77  11  64  12  68  13  81  14  89  15  71  16  90  17  73  18  71  19  90 
  0  87   1  67   2  83   3  82   4  80   5  69   6  79   7  80   8  76   9  75  10  75  11  65  12  68  13  81  14  91  15  74  16  92  17  73  18  74  19  93 
  0  86   1  64   2  81   3  83   4  81   5  71   6  78   7  81   8  76   9  75  10  74  11  68  12  69  13  81  14  88  15  73  16  90  17  71  18  73  19  92 
  0  88   1  68   2  79   3  82   4  79   5  70   6  79   7  82   8  73   9  75  10  74  11  68  12  69  13  82  14  89  15  71  16  91  17  74  18  73  19  95 
  0  91   1  67   2  81   3  83   4  80   5  70   6  79   7  81   8  78   9  75  10  77  11  66  12  67  13  81  14  91  15  73  16  92  17  75  18  74  19  96 
  0  89   1  71   2  83   3  83   4  81   5  73   6  78   7  80   8  76   9  76  10  80  11  68  12  67  13  83  14  90  15  77  16  90  17  76  18  74  19  98 
  0  85   1  63   2  80   3  83   4  78   5  68   6  75   7  82   8  74   9  75  10  75  11  63  12  67  13  83  14  87  15  71  16  90  17  70  18  73  19  91 
  0  85   1  67   2  80   3  83   4  81   5  71   6  75   7  80   8  73   9  77  10  75  11  66  12  67  13  82  14  87  15  74  16  91  17  71  18  74  19  92 
  0  85   1  68   2  80   3  83   4  77   5  70   6  78   7  80   8  72   9  77  10  78  11  66  12  69  13  83  14  89  15  74  16  90  17  73  18  72  19  91 


