
 20  20

  0  17   1  30   2   3   3  15   4  21   5  28   6  18   7  32   8   4   9  32  10  13  11  12  12  32  13  21  14  31  15   1  16  15  17  13  18  28  19  12 
  0  19   1  31   2   4   3  18   4  21   5  29   6  19   7  31   8   6   9  30  10  18  11  13  12  31  13  26  14  32  15   5  16  16  17  14  18  28  19  16 
  0  23   1  33   2   5   3  19   4  21   5  32   6  20   7  33   8   6   9  31  10  18  11  17  12  31  13  27  14  35  15   6  16  16  17  14  18  30  19  18 
  0  17   1  29   2   3   3  16   4  17   5  28   6  18   7  29   8   2   9  30  10  10  11  11  12  29  13  20  14  27  15   2  16  12  17   9  18  29  19  10 
  0  16   1  28   2   2   3  14   4  20   5  28   6  20   7  29   8   5   9  30  10  10  11  11  12  31  13  22  14  27  15   3  16  13  17  11  18  26  19  13 
  0  16   1  31   2   7   3  15   4  22   5  32   6  19   7  32   8   3   9  30  10  12  11  12  12  31  13  21  14  28  15   2  16  15  17  11  18  28  19  12 
  0  22   1  34   2   8   3  20   4  23   5  31   6  22   7  32   8   3   9  32  10  18  11  17  12  34  13  27  14  32  15   8  16  16  17  17  18  29  19  17 
  0  21   1  36   2   6   3  20   4  23   5  30   6  22   7  34   8   5   9  32  10  19  11  18  12  32  13  26  14  35  15   8  16  16  17  17  18  32  19  20 
  0  24   1  35   2   7   3  19   4  23   5  30   6  22   7  35   8   4   9  30  10  19  11  18  12  34  13  28  14  35  15   6  16  16  17  18  18  32  19  20 
  0  17   1  30   2   6   3  17   4  21   5  31   6  20   7  31   8   5   9  30  10  13  11  11  12  31  13  22  14  29  15   1  16  13  17  10  18  29  19  14 
  0  21   1  33   2   6   3  20   4  20   5  32   6  20   7  32   8   3   9  32  10  19  11  14  12  34  13  28  14  35  15   8  16  14  17  18  18  29  19  19 
  0  16   1  26   2   3   3  13   4  17   5  28   6  19   7  31   8   2   9  30  10  10  11  10  12  28  13  21  14  28  15   1  16  14  17   8  18  26  19  13 
  0  24   1  36   2   8   3  19   4  23   5  31   6  22   7  33   8   4   9  32  10  17  11  18  12  34  13  26  14  33  15   8  16  15  17  16  18  31  19  18 
  0  20   1  34   2   6   3  18   4  20   5  32   6  22   7  33   8   4   9  31  10  15  11  14  12  33  13  26  14  34  15   8  16  16  17  13  18  28  19  17 
  0  16   1  28   2   2   3  13   4  19   5  28   6  19   7  29   8   3   9  32  10  11  11   8  12  28  13  22  14  27  15   1  16  14  17   8  18  27  19  10 
  0  20   1  34   2   4   3  17   4  23   5  31   6  22   7  33   8   5   9  32  10  15  11  17  12  32  13  25  14  33  15   3  16  15  17  16  18  29  19  16 
  0  17   1  29   2   6   3  16   4  20   5  31   6  21   7  33   8   2   9  32  10  15  11  14  12  29  13  23  14  31  15   3  16  14  17  14  18  29  19  15 
  0  18   1  27   2   5   3  13   4  18   5  30   6  18   7  29   8   5   9  30  10  13  11  11  12  28  13  21  14  29  15   3  16  14  17  12  18  30  19  13 
  0  18   1  28   2   2   3  13   4  21   5  28   6  18   7  30   8   2   9  30  10  13  11  10  12  32  13  24  14  30  15   2  16  12  17  11  18  30  19  12 
  0  16   1  26   2   3   3  14   4  17   5  28   6  20   7  29   8   4   9  31  10  12  11  12  12  28  13  20  14  31  15   2  16  13  17  11  18  27  19  13 


