
 20  20

  0  90   1  63   2  59   3  81   4  69   5  73   6  65   7  63   8  76   9  81  10  71  11  81  12  68  13  73  14  82  15  75  16  72  17  64  18  77  19  77 
  0  87   1  63   2  58   3  78   4  69   5  69   6  63   7  60   8  74   9  80  10  69  11  81  12  69  13  70  14  77  15  73  16  72  17  65  18  75  19  71 
  0  82   1  56   2  57   3  77   4  67   5  66   6  63   7  57   8  72   9  82  10  67  11  77  12  62  13  67  14  72  15  65  16  65  17  63  18  75  19  67 
  0  83   1  62   2  59   3  78   4  68   5  70   6  65   7  61   8  76   9  82  10  70  11  81  12  65  13  72  14  76  15  70  16  70  17  63  18  77  19  74 
  0  85   1  65   2  59   3  78   4  67   5  73   6  63   7  60   8  76   9  81  10  70  11  81  12  65  13  73  14  77  15  70  16  69  17  64  18  76  19  75 
  0  84   1  62   2  58   3  80   4  66   5  71   6  63   7  58   8  73   9  80  10  67  11  78  12  65  13  68  14  79  15  70  16  68  17  65  18  77  19  73 
  0  81   1  56   2  57   3  78   4  65   5  69   6  63   7  59   8  74   9  82  10  68  11  80  12  66  13  68  14  74  15  66  16  66  17  63  18  75  19  68 
  0  86   1  61   2  59   3  76   4  65   5  71   6  64   7  57   8  73   9  82  10  68  11  79  12  64  13  70  14  74  15  69  16  70  17  65  18  77  19  69 
  0  89   1  64   2  58   3  80   4  71   5  70   6  64   7  62   8  75   9  82  10  71  11  78  12  66  13  69  14  78  15  72  16  70  17  65  18  77  19  74 
  0  82   1  61   2  60   3  80   4  66   5  71   6  63   7  61   8  75   9  80  10  70  11  80  12  63  13  72  14  77  15  69  16  70  17  63  18  75  19  73 
  0  89   1  65   2  61   3  81   4  71   5  71   6  65   7  61   8  76   9  82  10  70  11  81  12  68  13  71  14  79  15  75  16  70  17  65  18  76  19  75 
  0  88   1  64   2  60   3  80   4  68   5  69   6  65   7  60   8  75   9  81  10  70  11  81  12  68  13  70  14  79  15  73  16  72  17  63  18  77  19  73 
  0  81   1  58   2  57   3  78   4  66   5  69   6  63   7  58   8  73   9  80  10  70  11  79  12  66  13  70  14  74  15  68  16  67  17  63  18  75  19  68 
  0  85   1  60   2  56   3  77   4  67   5  69   6  65   7  58   8  74   9  82  10  70  11  77  12  63  13  70  14  78  15  68  16  66  17  63  18  75  19  70 
  0  80   1  58   2  55   3  75   4  65   5  66   6  63   7  58   8  73   9  80  10  67  11  77  12  62  13  69  14  73  15  65  16  64  17  63  18  76  19  67 
  0  90   1  65   2  61   3  79   4  70   5  74   6  63   7  61   8  74   9  82  10  70  11  80  12  70  13  72  14  81  15  73  16  73  17  64  18  76  19  76 
  0  87   1  63   2  61   3  78   4  67   5  71   6  65   7  60   8  72   9  82  10  68  11  80  12  69  13  71  14  80  15  69  16  71  17  64  18  75  19  72 
  0  84   1  63   2  57   3  77   4  68   5  68   6  64   7  59   8  74   9  82  10  69  11  81  12  65  13  68  14  78  15  69  16  70  17  64  18  77  19  74 
  0  88   1  66   2  60   3  81   4  71   5  71   6  65   7  62   8  76   9  82  10  70  11  81  12  69  13  73  14  80  15  75  16  73  17  65  18  77  19  73 
  0  86   1  65   2  59   3  79   4  71   5  74   6  65   7  62   8  74   9  82  10  69  11  79  12  66  13  72  14  79  15  72  16  73  17  63  18  77  19  75 


