
 20  20

  0  42   1  44   2  38   3  52   4  28   5  47   6  42   7  44   8  33   9  51  10  34  11  53  12  43  13  28  14  46  15  46  16  41  17  45  18  54  19  45 
  0  45   1  44   2  45   3  55   4  32   5  49   6  46   7  45   8  36   9  51  10  37  11  57  12  47  13  30  14  48  15  48  16  46  17  48  18  58  19  50 
  0  39   1  45   2  40   3  52   4  29   5  47   6  43   7  45   8  29   9  53  10  33  11  55  12  39  13  30  14  45  15  46  16  38  17  46  18  58  19  42 
  0  45   1  45   2  42   3  57   4  29   5  49   6  45   7  43   8  36   9  53  10  37  11  59  12  47  13  32  14  48  15  46  16  46  17  50  18  57  19  50 
  0  40   1  43   2  40   3  51   4  30   5  49   6  46   7  44   8  31   9  51  10  33  11  55  12  40  13  27  14  47  15  47  16  43  17  43  18  54  19  43 
  0  40   1  44   2  41   3  56   4  32   5  49   6  46   7  45   8  32   9  51  10  34  11  55  12  42  13  31  14  48  15  46  16  41  17  45  18  55  19  45 
  0  43   1  43   2  43   3  55   4  28   5  48   6  46   7  43   8  33   9  51  10  32  11  58  12  44  13  32  14  46  15  46  16  41  17  45  18  55  19  48 
  0  38   1  44   2  39   3  53   4  27   5  47   6  44   7  45   8  28   9  51  10  31  11  53  12  38  13  26  14  44  15  46  16  36  17  40  18  56  19  42 
  0  43   1  45   2  41   3  52   4  28   5  49   6  46   7  43   8  31   9  51  10  31  11  57  12  45  13  28  14  46  15  46  16  41  17  47  18  55  19  48 
  0  38   1  45   2  38   3  51   4  28   5  49   6  45   7  43   8  32   9  51  10  29  11  56  12  40  13  28  14  45  15  48  16  39  17  46  18  58  19  44 
  0  40   1  44   2  40   3  52   4  31   5  48   6  44   7  45   8  31   9  53  10  30  11  54  12  42  13  27  14  46  15  46  16  42  17  45  18  55  19  46 
  0  40   1  43   2  38   3  51   4  29   5  47   6  45   7  43   8  31   9  51  10  33  11  53  12  40  13  30  14  46  15  46  16  41  17  46  18  55  19  46 
  0  46   1  43   2  45   3  56   4  32   5  49   6  48   7  45   8  36   9  53  10  37  11  59  12  46  13  32  14  48  15  48  16  46  17  48  18  59  19  50 
  0  43   1  45   2  42   3  56   4  32   5  47   6  47   7  43   8  31   9  51  10  32  11  55  12  41  13  30  14  45  15  47  16  42  17  46  18  59  19  46 
  0  36   1  43   2  38   3  49   4  26   5  47   6  40   7  43   8  27   9  52  10  30  11  51  12  37  13  26  14  44  15  46  16  37  17  42  18  53  19  43 
  0  38   1  43   2  36   3  50   4  29   5  47   6  43   7  43   8  31   9  53  10  32  11  54  12  39  13  26  14  44  15  46  16  39  17  42  18  55  19  42 
  0  42   1  44   2  42   3  56   4  30   5  48   6  46   7  43   8  35   9  51  10  36  11  57  12  46  13  28  14  47  15  46  16  42  17  48  18  56  19  47 
  0  37   1  45   2  39   3  51   4  28   5  48   6  40   7  43   8  31   9  52  10  31  11  54  12  41  13  29  14  45  15  48  16  40  17  44  18  54  19  41 
  0  36   1  43   2  35   3  49   4  26   5  47   6  40   7  45   8  27   9  53  10  29  11  53  12  38  13  26  14  46  15  46  16  36  17  41  18  53  19  40 
  0  42   1  44   2  42   3  54   4  30   5  47   6  47   7  45   8  36   9  52  10  34  11  55  12  45  13  30  14  46  15  47  16  41  17  48  18  56  19  45 


