
 20  20

  0  26   1  30   2  30   3  32   4   4   5  13   6  28   7  18   8   6   9  15  10  20  11  29  12  21  13  21  14   9  15  19  16  15  17  31  18  16  19   7 
  0  31   1  33   2  30   3  29   4   6   5  16   6  28   7  21   8   6   9  16  10  20  11  29  12  19  13  22  14   9  15  17  16  15  17  31  18  13  19   4 
  0  32   1  34   2  33   3  32   4   9   5  17   6  29   7  21   8   6   9  15  10  19  11  31  12  20  13  21  14  10  15  21  16  19  17  31  18  16  19   9 
  0  26   1  31   2  27   3  26   4   1   5  13   6  27   7  19   8   4   9  12  10  15  11  29  12  18  13  21  14   7  15  15  16  14  17  31  18  12  19   4 
  0  26   1  27   2  28   3  26   4   3   5  13   6  28   7  17   8   4   9  13  10  18  11  31  12  17  13  19  14   8  15  15  16  11  17  29  18  12  19   1 
  0  25   1  31   2  24   3  26   4   2   5  13   6  27   7  19   8   4   9  12  10  19  11  29  12  17  13  20  14   6  15  18  16  11  17  31  18  15  19   4 
  0  30   1  34   2  28   3  31   4   7   5  13   6  29   7  20   8   4   9  14  10  17  11  31  12  21  13  20  14   6  15  20  16  18  17  30  18  15  19   7 
  0  25   1  30   2  27   3  28   4   1   5  12   6  27   7  18   8   4   9  12  10  15  11  29  12  16  13  19  14   4  15  17  16  14  17  29  18  15  19   4 
  0  29   1  28   2  25   3  27   4   1   5  12   6  29   7  20   8   4   9  14  10  16  11  29  12  18  13  21  14   4  15  17  16  14  17  29  18  14  19   5 
  0  29   1  31   2  30   3  34   4   8   5  15   6  29   7  19   8   5   9  14  10  19  11  31  12  19  13  21  14   6  15  18  16  15  17  31  18  16  19   6 
  0  23   1  27   2  24   3  27   4   1   5  13   6  27   7  18   8   6   9  12  10  15  11  29  12  16  13  19  14   5  15  16  16  11  17  29  18  12  19   2 
  0  29   1  31   2  29   3  28   4   4   5  15   6  28   7  21   8   6   9  14  10  17  11  31  12  19  13  19  14   7  15  20  16  14  17  31  18  15  19   6 
  0  28   1  34   2  30   3  30   4   6   5  14   6  28   7  18   8   4   9  15  10  21  11  30  12  20  13  20  14   9  15  18  16  15  17  31  18  12  19   6 
  0  25   1  31   2  25   3  27   4   1   5  14   6  27   7  20   8   6   9  13  10  15  11  29  12  18  13  20  14   5  15  17  16  15  17  31  18  12  19   4 
  0  32   1  31   2  32   3  31   4   5   5  16   6  27   7  21   8   4   9  14  10  17  11  29  12  19  13  21  14   7  15  19  16  18  17  30  18  13  19   8 
  0  27   1  28   2  28   3  28   4   1   5  13   6  29   7  18   8   4   9  12  10  16  11  29  12  18  13  23  14   5  15  18  16  14  17  30  18  14  19   6 
  0  28   1  28   2  26   3  27   4   4   5  11   6  29   7  17   8   4   9  16  10  15  11  29  12  17  13  21  14   8  15  19  16  16  17  30  18  15  19   5 
  0  23   1  31   2  24   3  28   4   1   5  13   6  27   7  17   8   4   9  12  10  17  11  29  12  18  13  21  14   5  15  16  16  12  17  31  18  13  19   1 
  0  27   1  29   2  28   3  27   4   1   5  14   6  27   7  17   8   5   9  12  10  18  11  29  12  19  13  19  14   5  15  16  16  12  17  31  18  12  19   4 
  0  29   1  29   2  27   3  28   4   3   5  12   6  27   7  18   8   4   9  13  10  19  11  30  12  17  13  21  14   6  15  15  16  14  17  29  18  12  19   5 


