
 20  20

  0  38   1  20   2  44   3  36   4  29   5  25   6  34   7  28   8  48   9  31  10  45  11  50  12  36  13  47  14  29  15  28  16  45  17  35  18  25  19  47 
  0  36   1  21   2  45   3  36   4  30   5  27   6  36   7  31   8  48   9  29  10  41  11  51  12  36  13  45  14  29  15  26  16  43  17  35  18  25  19  47 
  0  32   1  20   2  42   3  36   4  28   5  25   6  33   7  27   8  45   9  30  10  43  11  47  12  35  13  46  14  27  15  27  16  44  17  31  18  22  19  46 
  0  31   1  19   2  41   3  32   4  29   5  25   6  33   7  22   8  40   9  28  10  35  11  46  12  34  13  43  14  25  15  26  16  45  17  32  18  20  19  41 
  0  31   1  21   2  40   3  33   4  32   5  27   6  33   7  24   8  42   9  29  10  39  11  46  12  34  13  46  14  27  15  27  16  45  17  33  18  25  19  43 
  0  37   1  19   2  45   3  33   4  29   5  26   6  36   7  29   8  47   9  27  10  43  11  48  12  34  13  46  14  29  15  26  16  44  17  33  18  26  19  46 
  0  36   1  21   2  44   3  34   4  32   5  27   6  34   7  29   8  48   9  31  10  42  11  48  12  34  13  44  14  29  15  26  16  45  17  35  18  26  19  46 
  0  33   1  21   2  39   3  32   4  30   5  27   6  34   7  24   8  43   9  29  10  39  11  45  12  34  13  45  14  28  15  26  16  45  17  31  18  21  19  45 
  0  35   1  21   2  40   3  35   4  32   5  26   6  36   7  26   8  46   9  26  10  39  11  45  12  34  13  42  14  26  15  28  16  43  17  32  18  22  19  44 
  0  30   1  21   2  39   3  35   4  31   5  25   6  35   7  22   8  41   9  25  10  37  11  46  12  34  13  43  14  27  15  28  16  45  17  33  18  21  19  44 
  0  37   1  21   2  45   3  36   4  32   5  27   6  36   7  30   8  47   9  31  10  43  11  51  12  36  13  46  14  29  15  26  16  45  17  35  18  25  19  46 
  0  33   1  19   2  41   3  32   4  30   5  25   6  34   7  27   8  43   9  28  10  38  11  48  12  34  13  44  14  26  15  27  16  44  17  30  18  21  19  44 
  0  32   1  21   2  43   3  35   4  31   5  25   6  32   7  29   8  43   9  29  10  40  11  50  12  35  13  45  14  25  15  27  16  45  17  35  18  22  19  44 
  0  36   1  20   2  42   3  34   4  31   5  27   6  35   7  26   8  47   9  31  10  43  11  48  12  34  13  45  14  27  15  28  16  45  17  31  18  25  19  43 
  0  33   1  21   2  41   3  32   4  31   5  26   6  33   7  26   8  45   9  29  10  38  11  45  12  36  13  42  14  25  15  28  16  44  17  29  18  24  19  43 
  0  32   1  19   2  44   3  33   4  32   5  25   6  35   7  25   8  42   9  28  10  38  11  49  12  36  13  45  14  27  15  28  16  43  17  33  18  25  19  42 
  0  34   1  21   2  42   3  33   4  31   5  25   6  32   7  28   8  45   9  29  10  40  11  48  12  34  13  43  14  26  15  26  16  43  17  34  18  23  19  47 
  0  32   1  19   2  40   3  35   4  32   5  27   6  36   7  28   8  46   9  30  10  42  11  46  12  36  13  42  14  25  15  28  16  43  17  34  18  22  19  42 
  0  31   1  21   2  41   3  35   4  28   5  25   6  32   7  28   8  44   9  26  10  38  11  48  12  36  13  45  14  27  15  26  16  45  17  34  18  21  19  45 
  0  29   1  19   2  39   3  32   4  29   5  25   6  34   7  21   8  40   9  25  10  35  11  44  12  34  13  43  14  25  15  27  16  44  17  29  18  20  19  42 


