
 20  20

  0  36   1  51   2  30   3  35   4  25   5  36   6  43   7  28   8  27   9  31  10  52  11  34  12  38  13  50  14  49  15  33  16  33  17  38  18  38  19  50 
  0  38   1  53   2  32   3  39   4  30   5  40   6  45   7  30   8  29   9  33  10  58  11  39  12  40  13  52  14  51  15  37  16  34  17  38  18  43  19  52 
  0  33   1  53   2  26   3  35   4  27   5  35   6  43   7  27   8  28   9  29  10  54  11  35  12  38  13  50  14  45  15  32  16  33  17  38  18  37  19  48 
  0  34   1  49   2  27   3  37   4  24   5  40   6  44   7  28   8  25   9  29  10  52  11  36  12  39  13  50  14  50  15  34  16  34  17  38  18  39  19  49 
  0  35   1  51   2  29   3  39   4  26   5  39   6  45   7  29   8  28   9  31  10  57  11  35  12  38  13  54  14  49  15  37  16  35  17  39  18  40  19  49 
  0  36   1  51   2  28   3  37   4  27   5  40   6  42   7  24   8  29   9  30  10  55  11  34  12  37  13  52  14  50  15  32  16  33  17  35  18  40  19  47 
  0  30   1  48   2  25   3  29   4  21   5  32   6  39   7  23   8  25   9  29  10  48  11  29  12  33  13  52  14  42  15  29  16  35  17  36  18  38  19  47 
  0  35   1  53   2  27   3  32   4  23   5  39   6  42   7  23   8  25   9  29  10  54  11  34  12  37  13  52  14  47  15  31  16  34  17  36  18  40  19  50 
  0  32   1  48   2  24   3  31   4  22   5  33   6  40   7  21   8  24   9  29  10  52  11  30  12  32  13  50  14  44  15  30  16  33  17  34  18  38  19  46 
  0  34   1  52   2  27   3  35   4  24   5  38   6  41   7  28   8  27   9  29  10  53  11  33  12  38  13  51  14  49  15  35  16  34  17  36  18  41  19  48 
  0  31   1  51   2  29   3  35   4  23   5  38   6  41   7  26   8  25   9  32  10  52  11  31  12  34  13  50  14  46  15  33  16  33  17  37  18  40  19  49 
  0  28   1  48   2  24   3  29   4  20   5  32   6  39   7  21   8  25   9  31  10  48  11  32  12  31  13  50  14  42  15  29  16  33  17  35  18  36  19  47 
  0  29   1  50   2  24   3  29   4  21   5  32   6  38   7  20   8  22   9  29  10  48  11  29  12  31  13  50  14  42  15  30  16  33  17  35  18  37  19  48 
  0  29   1  48   2  28   3  33   4  20   5  35   6  41   7  23   8  26   9  30  10  49  11  29  12  34  13  51  14  42  15  29  16  33  17  33  18  38  19  46 
  0  32   1  49   2  25   3  30   4  21   5  34   6  37   7  23   8  25   9  31  10  50  11  32  12  33  13  50  14  44  15  30  16  35  17  33  18  37  19  47 
  0  34   1  51   2  30   3  38   4  27   5  40   6  43   7  26   8  28   9  32  10  55  11  35  12  36  13  54  14  51  15  32  16  33  17  38  18  42  19  48 
  0  29   1  51   2  28   3  31   4  21   5  36   6  41   7  22   8  26   9  29  10  53  11  32  12  34  13  53  14  43  15  33  16  35  17  33  18  37  19  49 
  0  31   1  48   2  25   3  30   4  20   5  34   6  39   7  23   8  23   9  29  10  49  11  31  12  31  13  52  14  42  15  29  16  33  17  34  18  35  19  48 
  0  28   1  48   2  24   3  30   4  20   5  35   6  38   7  22   8  25   9  29  10  49  11  29  12  33  13  52  14  45  15  30  16  33  17  34  18  35  19  48 
  0  36   1  54   2  32   3  35   4  28   5  41   6  42   7  27   8  30   9  32  10  58  11  35  12  41  13  54  14  50  15  34  16  33  17  37  18  43  19  50 


