
 20  20

  0  56   1  36   2  44   3  54   4  45   5  40   6  55   7  49   8  39   9  56  10  44  11  60  12  34  13  34  14  52  15  46  16  47  17  39  18  58  19  60 
  0  62   1  40   2  47   3  58   4  47   5  45   6  58   7  54   8  41   9  58  10  47  11  63  12  38  13  35  14  55  15  48  16  52  17  44  18  59  19  63 
  0  56   1  38   2  47   3  53   4  48   5  42   6  56   7  48   8  36   9  58  10  47  11  61  12  34  13  33  14  53  15  46  16  49  17  43  18  57  19  59 
  0  57   1  34   2  45   3  55   4  44   5  41   6  55   7  49   8  36   9  53  10  43  11  61  12  35  13  29  14  50  15  43  16  47  17  39  18  58  19  63 
  0  56   1  36   2  44   3  50   4  44   5  39   6  54   7  47   8  35   9  56  10  42  11  59  12  32  13  29  14  48  15  44  16  50  17  40  18  59  19  59 
  0  59   1  37   2  47   3  54   4  48   5  41   6  56   7  47   8  38   9  54  10  43  11  61  12  36  13  32  14  51  15  47  16  51  17  43  18  57  19  59 
  0  53   1  36   2  43   3  50   4  45   5  39   6  53   7  44   8  36   9  52  10  42  11  58  12  31  13  30  14  48  15  42  16  45  17  37  18  58  19  59 
  0  54   1  36   2  44   3  53   4  46   5  40   6  54   7  48   8  36   9  54  10  44  11  57  12  35  13  31  14  51  15  42  16  48  17  40  18  58  19  61 
  0  59   1  35   2  45   3  53   4  44   5  43   6  54   7  50   8  38   9  55  10  46  11  60  12  36  13  32  14  53  15  42  16  51  17  39  18  59  19  63 
  0  60   1  37   2  47   3  52   4  47   5  42   6  56   7  50   8  39   9  54  10  43  11  59  12  35  13  30  14  53  15  43  16  49  17  39  18  57  19  63 
  0  59   1  38   2  45   3  58   4  50   5  44   6  56   7  52   8  42   9  61  10  45  11  64  12  36  13  35  14  53  15  47  16  51  17  44  18  59  19  63 
  0  57   1  35   2  44   3  56   4  47   5  44   6  55   7  49   8  40   9  57  10  46  11  59  12  37  13  31  14  51  15  47  16  48  17  39  18  58  19  60 
  0  60   1  37   2  46   3  55   4  48   5  42   6  55   7  47   8  38   9  57  10  43  11  59  12  33  13  33  14  51  15  43  16  52  17  40  18  59  19  59 
  0  57   1  36   2  47   3  53   4  48   5  45   6  55   7  48   8  38   9  59  10  43  11  60  12  35  13  32  14  51  15  46  16  52  17  42  18  57  19  59 
  0  58   1  39   2  45   3  52   4  48   5  43   6  57   7  49   8  38   9  55  10  45  11  61  12  35  13  34  14  54  15  46  16  49  17  40  18  59  19  61 
  0  61   1  37   2  47   3  57   4  46   5  44   6  56   7  50   8  39   9  58  10  46  11  60  12  35  13  33  14  51  15  46  16  54  17  42  18  57  19  61 
  0  55   1  35   2  43   3  52   4  46   5  40   6  54   7  44   8  35   9  51  10  44  11  56  12  31  13  29  14  50  15  44  16  47  17  38  18  57  19  59 
  0  54   1  34   2  46   3  51   4  44   5  41   6  55   7  46   8  38   9  51  10  43  11  59  12  35  13  29  14  51  15  43  16  49  17  37  18  59  19  60 
  0  53   1  34   2  44   3  52   4  44   5  40   6  53   7  44   8  34   9  51  10  42  11  56  12  31  13  29  14  49  15  44  16  45  17  37  18  57  19  59 
  0  59   1  39   2  46   3  57   4  50   5  42   6  54   7  50   8  39   9  56  10  45  11  60  12  36  13  34  14  55  15  46  16  50  17  41  18  58  19  60 


