
 20  20

  0  77   1  69   2  61   3  57   4  71   5  49   6  57   7  72   8  58   9  59  10  77  11  72  12  58  13  56  14  55  15  53  16  72  17  51  18  75  19  74 
  0  76   1  69   2  60   3  63   4  72   5  49   6  54   7  75   8  59   9  57  10  80  11  72  12  63  13  56  14  57  15  51  16  71  17  53  18  73  19  71 
  0  76   1  67   2  61   3  57   4  69   5  47   6  53   7  72   8  57   9  58  10  76  11  72  12  58  13  53  14  55  15  53  16  70  17  49  18  74  19  72 
  0  80   1  68   2  60   3  61   4  69   5  50   6  59   7  73   8  59   9  61  10  77  11  72  12  65  13  59  14  63  15  53  16  70  17  51  18  75  19  72 
  0  82   1  69   2  60   3  63   4  70   5  52   6  58   7  76   8  59   9  57  10  78  11  74  12  62  13  59  14  62  15  51  16  72  17  51  18  74  19  76 
  0  82   1  67   2  62   3  61   4  70   5  51   6  56   7  76   8  59   9  58  10  77  11  73  12  65  13  56  14  61  15  51  16  70  17  56  18  74  19  76 
  0  75   1  68   2  61   3  59   4  70   5  52   6  55   7  75   8  57   9  58  10  78  11  74  12  61  13  57  14  56  15  51  16  72  17  54  18  75  19  71 
  0  77   1  69   2  60   3  62   4  72   5  49   6  59   7  73   8  57   9  61  10  76  11  71  12  61  13  56  14  59  15  52  16  71  17  51  18  73  19  73 
  0  77   1  69   2  60   3  60   4  71   5  51   6  58   7  76   8  57   9  59  10  80  11  72  12  62  13  58  14  58  15  51  16  70  17  54  18  75  19  75 
  0  75   1  69   2  62   3  59   4  70   5  51   6  53   7  73   8  57   9  55  10  79  11  71  12  58  13  54  14  56  15  52  16  70  17  49  18  75  19  74 
  0  77   1  68   2  60   3  56   4  70   5  48   6  56   7  74   8  57   9  58  10  78  11  71  12  59  13  54  14  56  15  52  16  72  17  52  18  73  19  70 
  0  80   1  69   2  62   3  62   4  69   5  49   6  57   7  76   8  59   9  60  10  80  11  72  12  63  13  56  14  59  15  53  16  71  17  54  18  75  19  72 
  0  82   1  67   2  60   3  63   4  72   5  51   6  59   7  76   8  57   9  60  10  79  11  73  12  63  13  60  14  62  15  51  16  72  17  53  18  75  19  76 
  0  78   1  67   2  60   3  58   4  69   5  47   6  54   7  74   8  58   9  57  10  78  11  72  12  62  13  56  14  56  15  52  16  71  17  52  18  75  19  74 
  0  78   1  67   2  62   3  62   4  70   5  48   6  54   7  72   8  58   9  56  10  79  11  70  12  58  13  57  14  59  15  51  16  72  17  52  18  75  19  73 
  0  74   1  67   2  61   3  56   4  69   5  49   6  52   7  72   8  57   9  54  10  76  11  70  12  56  13  55  14  55  15  51  16  70  17  51  18  74  19  70 
  0  76   1  69   2  62   3  62   4  69   5  50   6  54   7  76   8  59   9  60  10  80  11  72  12  59  13  56  14  60  15  51  16  72  17  52  18  73  19  74 
  0  78   1  68   2  61   3  62   4  71   5  52   6  56   7  73   8  58   9  58  10  80  11  72  12  62  13  57  14  60  15  51  16  72  17  55  18  75  19  75 
  0  74   1  68   2  60   3  57   4  68   5  51   6  56   7  73   8  59   9  56  10  77  11  71  12  60  13  54  14  56  15  53  16  70  17  53  18  75  19  72 
  0  75   1  67   2  60   3  58   4  68   5  49   6  53   7  75   8  59   9  57  10  76  11  72  12  58  13  55  14  54  15  51  16  70  17  49  18  73  19  70 


