
 20  20

  0  90   1  78   2  86   3  82   4  70   5  73   6  94   7  71   8  72   9  92  10  78  11  81  12  82  13  83  14  77  15  75  16  76  17  90  18  98  19  82 
  0  91   1  80   2  85   3  84   4  72   5  74   6  96   7  71   8  73   9  92  10  80  11  80  12  86  13  84  14  77  15  73  16  76  17  94  18  97  19  82 
  0  95   1  80   2  87   3  82   4  71   5  74   6  95   7  71   8  74   9  95  10  80  11  82  12  84  13  85  14  78  15  74  16  78  17  95  18  99  19  82 
  0  95   1  80   2  87   3  84   4  71   5  76   6  95   7  70   8  72   9  94  10  82  11  81  12  83  13  85  14  77  15  75  16  78  17  95  18  97  19  81 
  0  91   1  78   2  87   3  84   4  68   5  71   6  95   7  70   8  70   9  94  10  81  11  79  12  82  13  85  14  78  15  73  16  78  17  93  18  96  19  77 
  0  89   1  78   2  84   3  82   4  68   5  73   6  96   7  70   8  69   9  89  10  79  11  76  12  81  13  83  14  78  15  73  16  78  17  90  18  95  19  76 
  0  88   1  79   2  84   3  83   4  71   5  73   6  95   7  71   8  65   9  89  10  75  11  79  12  83  13  85  14  77  15  73  16  77  17  87  18  95  19  76 
  0  92   1  80   2  83   3  84   4  69   5  75   6  94   7  71   8  70   9  91  10  81  11  78  12  85  13  84  14  78  15  75  16  76  17  92  18  98  19  77 
  0  85   1  78   2  81   3  82   4  68   5  71   6  96   7  70   8  65   9  89  10  75  11  78  12  82  13  83  14  77  15  74  16  78  17  87  18  95  19  77 
  0  94   1  78   2  87   3  83   4  72   5  76   6  94   7  71   8  71   9  92  10  83  11  82  12  86  13  85  14  79  15  73  16  77  17  92  18  98  19  82 
  0  85   1  78   2  83   3  82   4  68   5  70   6  94   7  70   8  68   9  91  10  76  11  76  12  82  13  83  14  77  15  75  16  77  17  88  18  95  19  76 
  0  87   1  79   2  82   3  82   4  68   5  71   6  94   7  69   8  66   9  89  10  78  11  76  12  80  13  83  14  77  15  74  16  78  17  90  18  97  19  78 
  0  94   1  79   2  88   3  84   4  72   5  75   6  94   7  71   8  70   9  92  10  80  11  81  12  83  13  83  14  77  15  75  16  78  17  93  18  99  19  80 
  0  95   1  79   2  90   3  83   4  72   5  74   6  96   7  70   8  75   9  95  10  81  11  82  12  84  13  85  14  78  15  73  16  78  17  94  18  99  19  82 
  0  95   1  79   2  87   3  82   4  70   5  76   6  95   7  71   8  75   9  92  10  83  11  82  12  85  13  83  14  79  15  75  16  76  17  95  18  99  19  79 
  0  92   1  79   2  87   3  84   4  72   5  73   6  96   7  70   8  72   9  95  10  82  11  79  12  86  13  85  14  79  15  75  16  76  17  95  18  99  19  82 
  0  85   1  78   2  81   3  82   4  68   5  70   6  95   7  69   8  65   9  90  10  75  11  78  12  81  13  83  14  77  15  73  16  76  17  87  18  96  19  78 
  0  87   1  78   2  83   3  82   4  68   5  72   6  94   7  69   8  67   9  89  10  75  11  78  12  80  13  84  14  77  15  74  16  76  17  89  18  95  19  79 
  0  89   1  78   2  83   3  83   4  68   5  70   6  95   7  69   8  67   9  92  10  77  11  78  12  83  13  84  14  78  15  74  16  76  17  90  18  96  19  76 
  0  89   1  78   2  87   3  84   4  69   5  74   6  94   7  71   8  72   9  91  10  79  11  78  12  83  13  85  14  79  15  75  16  77  17  94  18  98  19  81 


