
 20  20

  0  77   1  73   2  70   3  62   4  74   5  88   6  73   7  60   8  68   9  84  10  64  11  73  12  61  13  74  14  86  15  86  16  83  17  65  18  86  19  68 
  0  74   1  71   2  67   3  62   4  70   5  86   6  72   7  59   8  64   9  85  10  65  11  71  12  61  13  72  14  88  15  85  16  81  17  64  18  86  19  65 
  0  83   1  75   2  72   3  66   4  77   5  89   6  74   7  67   8  72   9  87  10  71  11  81  12  62  13  80  14  94  15  89  16  87  17  63  18  85  19  70 
  0  77   1  72   2  69   3  66   4  75   5  90   6  74   7  62   8  67   9  84  10  65  11  73  12  61  13  73  14  90  15  87  16  83  17  63  18  87  19  65 
  0  74   1  71   2  66   3  62   4  73   5  89   6  72   7  59   8  65   9  83  10  67  11  74  12  61  13  71  14  85  15  87  16  84  17  65  18  84  19  64 
  0  83   1  75   2  72   3  65   4  77   5  90   6  74   7  65   8  72   9  86  10  71  11  80  12  63  13  80  14  93  15  87  16  86  17  65  18  87  19  68 
  0  78   1  74   2  71   3  62   4  75   5  90   6  74   7  62   8  66   9  87  10  66  11  78  12  63  13  77  14  90  15  89  16  86  17  65  18  85  19  68 
  0  83   1  75   2  71   3  66   4  76   5  90   6  74   7  67   8  70   9  86  10  71  11  80  12  62  13  78  14  94  15  89  16  87  17  63  18  87  19  68 
  0  82   1  75   2  72   3  65   4  76   5  88   6  73   7  65   8  69   9  86  10  68  11  80  12  61  13  79  14  91  15  89  16  86  17  65  18  85  19  68 
  0  73   1  73   2  69   3  62   4  72   5  86   6  73   7  57   8  65   9  83  10  65  11  71  12  63  13  73  14  85  15  86  16  81  17  63  18  84  19  66 
  0  74   1  72   2  66   3  64   4  72   5  86   6  73   7  61   8  64   9  85  10  66  11  76  12  63  13  75  14  85  15  87  16  81  17  64  18  85  19  68 
  0  80   1  75   2  72   3  66   4  79   5  89   6  74   7  66   8  72   9  87  10  71  11  78  12  63  13  79  14  93  15  88  16  87  17  65  18  87  19  67 
  0  78   1  72   2  72   3  64   4  76   5  89   6  74   7  66   8  71   9  87  10  69  11  78  12  61  13  79  14  91  15  86  16  85  17  65  18  87  19  67 
  0  73   1  72   2  69   3  65   4  69   5  86   6  72   7  61   8  66   9  84  10  63  11  74  12  61  13  71  14  84  15  85  16  81  17  64  18  83  19  64 
  0  81   1  75   2  70   3  64   4  76   5  90   6  74   7  64   8  72   9  87  10  70  11  77  12  61  13  75  14  92  15  88  16  86  17  63  18  87  19  67 
  0  76   1  71   2  68   3  62   4  69   5  88   6  72   7  57   8  67   9  85  10  65  11  74  12  62  13  73  14  84  15  85  16  81  17  65  18  83  19  64 
  0  80   1  75   2  70   3  64   4  73   5  90   6  72   7  61   8  67   9  84  10  69  11  75  12  63  13  78  14  92  15  88  16  86  17  63  18  86  19  66 
  0  78   1  72   2  66   3  63   4  70   5  87   6  74   7  60   8  64   9  85  10  63  11  76  12  63  13  74  14  89  15  87  16  85  17  63  18  83  19  68 
  0  77   1  74   2  72   3  63   4  76   5  87   6  73   7  61   8  69   9  85  10  69  11  79  12  61  13  78  14  88  15  89  16  85  17  65  18  84  19  68 
  0  80   1  75   2  70   3  65   4  74   5  90   6  74   7  65   8  71   9  87  10  68  11  77  12  63  13  75  14  92  15  88  16  83  17  63  18  84  19  67 


