
 20  20

  0  64   1  73   2  61   3  71   4  62   5  76   6  57   7  50   8  60   9  66  10  48  11  68  12  51  13  56  14  48  15  73  16  53  17  76  18  70  19  49 
  0  70   1  77   2  65   3  76   4  60   5  77   6  59   7  54   8  64   9  69  10  50  11  72  12  58  13  56  14  51  15  71  16  55  17  74  18  74  19  50 
  0  64   1  72   2  63   3  67   4  60   5  78   6  53   7  50   8  60   9  69  10  51  11  64  12  52  13  56  14  45  15  73  16  51  17  74  18  72  19  48 
  0  73   1  78   2  65   3  77   4  63   5  78   6  59   7  51   8  65   9  70  10  52  11  69  12  54  13  57  14  53  15  73  16  55  17  74  18  74  19  48 
  0  67   1  69   2  61   3  67   4  62   5  77   6  54   7  52   8  61   9  69  10  50  11  66  12  51  13  56  14  45  15  72  16  51  17  74  18  70  19  49 
  0  68   1  76   2  62   3  70   4  62   5  78   6  59   7  51   8  64   9  68  10  50  11  68  12  55  13  58  14  50  15  73  16  54  17  76  18  72  19  50 
  0  65   1  73   2  61   3  70   4  61   5  76   6  57   7  53   8  59   9  69  10  50  11  64  12  51  13  56  14  45  15  71  16  49  17  76  18  72  19  50 
  0  73   1  79   2  65   3  77   4  62   5  78   6  63   7  54   8  67   9  72  10  54  11  71  12  56  13  57  14  52  15  73  16  57  17  76  18  73  19  49 
  0  72   1  76   2  65   3  76   4  63   5  78   6  62   7  54   8  67   9  72  10  53  11  69  12  55  13  56  14  53  15  73  16  57  17  76  18  74  19  50 
  0  69   1  76   2  65   3  75   4  63   5  78   6  62   7  54   8  65   9  72  10  54  11  68  12  54  13  57  14  52  15  72  16  53  17  74  18  74  19  50 
  0  72   1  78   2  65   3  72   4  63   5  78   6  62   7  52   8  65   9  71  10  51  11  70  12  58  13  56  14  50  15  73  16  53  17  74  18  72  19  48 
  0  71   1  78   2  65   3  72   4  63   5  76   6  61   7  51   8  68   9  72  10  53  11  69  12  57  13  56  14  50  15  72  16  57  17  76  18  73  19  48 
  0  68   1  75   2  65   3  71   4  61   5  78   6  60   7  52   8  64   9  71  10  53  11  66  12  54  13  58  14  51  15  73  16  55  17  75  18  70  19  48 
  0  71   1  76   2  62   3  73   4  63   5  76   6  59   7  52   8  64   9  69  10  50  11  71  12  54  13  58  14  52  15  72  16  52  17  75  18  74  19  50 
  0  68   1  75   2  64   3  72   4  60   5  78   6  59   7  53   8  61   9  66  10  50  11  65  12  55  13  57  14  46  15  73  16  53  17  74  18  72  19  48 
  0  68   1  77   2  62   3  73   4  60   5  78   6  59   7  52   8  63   9  71  10  51  11  70  12  53  13  56  14  49  15  71  16  55  17  74  18  74  19  50 
  0  71   1  77   2  63   3  74   4  62   5  76   6  62   7  54   8  66   9  69  10  53  11  70  12  58  13  57  14  51  15  73  16  57  17  76  18  73  19  50 
  0  65   1  74   2  61   3  72   4  61   5  76   6  56   7  53   8  61   9  66  10  51  11  65  12  51  13  56  14  46  15  73  16  53  17  75  18  73  19  48 
  0  72   1  79   2  65   3  75   4  62   5  78   6  63   7  52   8  69   9  71  10  54  11  72  12  58  13  58  14  54  15  71  16  57  17  74  18  73  19  50 
  0  65   1  73   2  62   3  69   4  61   5  76   6  53   7  50   8  62   9  68  10  48  11  66  12  50  13  56  14  46  15  71  16  50  17  74  18  72  19  50 


