
 20  20

  0  68   1  58   2  63   3  63   4  77   5  57   6  64   7  60   8  79   9  71  10  68  11  79  12  52  13  57  14  74  15  56  16  79  17  72  18  67  19  72 
  0  58   1  53   2  57   3  54   4  70   5  55   6  58   7  55   8  73   9  70  10  66  11  77  12  52  13  53  14  70  15  54  16  78  17  73  18  63  19  66 
  0  60   1  54   2  56   3  53   4  72   5  57   6  58   7  57   8  76   9  69  10  64  11  77  12  52  13  52  14  70  15  54  16  79  17  72  18  64  19  66 
  0  61   1  55   2  56   3  57   4  71   5  57   6  60   7  56   8  73   9  71  10  63  11  78  12  50  13  52  14  71  15  55  16  78  17  72  18  66  19  67 
  0  65   1  54   2  60   3  57   4  73   5  55   6  61   7  56   8  74   9  69  10  68  11  77  12  52  13  57  14  72  15  54  16  78  17  72  18  67  19  71 
  0  58   1  51   2  55   3  53   4  68   5  55   6  58   7  53   8  73   9  69  10  65  11  79  12  50  13  52  14  70  15  55  16  77  17  72  18  63  19  66 
  0  59   1  55   2  57   3  57   4  70   5  57   6  58   7  57   8  73   9  69  10  64  11  77  12  51  13  54  14  70  15  55  16  77  17  72  18  66  19  66 
  0  62   1  56   2  59   3  56   4  72   5  56   6  62   7  56   8  75   9  69  10  64  11  77  12  54  13  53  14  74  15  55  16  79  17  74  18  67  19  70 
  0  65   1  54   2  60   3  56   4  71   5  57   6  63   7  58   8  76   9  69  10  69  11  78  12  52  13  54  14  70  15  55  16  79  17  73  18  66  19  72 
  0  61   1  55   2  56   3  53   4  69   5  56   6  58   7  54   8  74   9  69  10  66  11  77  12  51  13  51  14  70  15  54  16  77  17  72  18  65  19  67 
  0  63   1  58   2  60   3  60   4  76   5  55   6  65   7  57   8  78   9  71  10  67  11  77  12  54  13  54  14  72  15  54  16  78  17  72  18  66  19  73 
  0  61   1  53   2  60   3  59   4  72   5  55   6  60   7  56   8  75   9  69  10  67  11  77  12  53  13  56  14  70  15  55  16  78  17  72  18  68  19  68 
  0  65   1  56   2  59   3  57   4  74   5  55   6  60   7  58   8  75   9  70  10  67  11  79  12  50  13  57  14  74  15  54  16  78  17  72  18  68  19  72 
  0  67   1  61   2  64   3  60   4  74   5  55   6  63   7  60   8  76   9  71  10  71  11  79  12  54  13  57  14  72  15  56  16  79  17  74  18  69  19  74 
  0  59   1  51   2  54   3  53   4  69   5  55   6  62   7  54   8  74   9  71  10  66  11  78  12  50  13  55  14  73  15  54  16  79  17  74  18  66  19  68 
  0  65   1  57   2  59   3  62   4  77   5  55   6  63   7  58   8  76   9  71  10  68  11  79  12  54  13  56  14  73  15  56  16  78  17  74  18  69  19  73 
  0  62   1  53   2  56   3  53   4  72   5  57   6  59   7  57   8  76   9  69  10  64  11  77  12  51  13  55  14  71  15  54  16  77  17  74  18  65  19  69 
  0  62   1  56   2  60   3  57   4  74   5  57   6  63   7  55   8  77   9  71  10  68  11  77  12  50  13  57  14  71  15  56  16  79  17  72  18  67  19  70 
  0  61   1  51   2  54   3  54   4  72   5  55   6  60   7  56   8  73   9  69  10  64  11  79  12  51  13  53  14  73  15  56  16  79  17  73  18  63  19  68 
  0  60   1  55   2  56   3  57   4  73   5  55   6  58   7  56   8  73   9  71  10  66  11  78  12  51  13  55  14  71  15  54  16  78  17  72  18  64  19  71 


