
 20  20

  0   4   1  29   2   8   3  11   4  10   5   6   6  14   7  32   8  20   9  31  10  36  11  29  12  38  13  26  14  34  15   5  16  35  17  23  18  16  19  26 
  0  12   1  34   2  10   3  18   4  15   5  13   6  14   7  36   8  22   9  31  10  37  11  37  12  36  13  30  14  39  15  11  16  35  17  23  18  18  19  33 
  0   9   1  35   2  12   3  17   4  15   5   9   6  12   7  38   8  25   9  31  10  37  11  36  12  39  13  30  14  36  15  12  16  38  17  22  18  18  19  31 
  0   9   1  37   2  12   3  18   4  18   5  13   6  12   7  36   8  24   9  31  10  34  11  37  12  39  13  29  14  35  15  14  16  38  17  23  18  18  19  30 
  0  11   1  37   2  11   3  16   4  16   5   8   6  14   7  38   8  24   9  29  10  37  11  35  12  38  13  28  14  37  15  12  16  38  17  24  18  18  19  30 
  0  12   1  38   2  12   3  19   4  18   5  13   6  14   7  38   8  23   9  29  10  36  11  37  12  38  13  30  14  38  15  14  16  36  17  22  18  22  19  34 
  0   9   1  37   2  11   3  15   4  15   5   9   6  13   7  36   8  24   9  29  10  37  11  33  12  36  13  27  14  37  15  13  16  37  17  23  18  22  19  34 
  0   7   1  35   2  10   3  17   4  12   5  12   6  12   7  36   8  22   9  29  10  35  11  33  12  39  13  29  14  35  15  12  16  36  17  21  18  20  19  28 
  0   7   1  35   2   9   3  16   4  15   5   8   6  13   7  33   8  23   9  31  10  35  11  34  12  35  13  25  14  37  15  12  16  37  17  23  18  20  19  28 
  0   6   1  32   2   4   3  13   4   9   5   7   6  12   7  32   8  18   9  29  10  34  11  32  12  35  13  22  14  33  15   5  16  34  17  22  18  12  19  26 
  0  13   1  38   2  12   3  18   4  18   5  13   6  12   7  39   8  24   9  31  10  37  11  37  12  39  13  29  14  37  15  14  16  38  17  23  18  21  19  34 
  0   9   1  35   2   8   3  14   4  13   5   7   6  12   7  36   8  22   9  29  10  34  11  35  12  36  13  27  14  34  15   8  16  36  17  20  18  19  19  31 
  0   9   1  37   2   8   3  18   4  16   5  10   6  14   7  37   8  23   9  29  10  37  11  35  12  39  13  27  14  34  15  13  16  38  17  23  18  19  19  30 
  0  10   1  35   2  10   3  17   4  15   5   8   6  14   7  36   8  23   9  31  10  35  11  34  12  39  13  28  14  37  15  11  16  35  17  22  18  16  19  28 
  0   3   1  30   2   5   3  14   4   8   5   6   6  14   7  33   8  17   9  29  10  33  11  32  12  36  13  24  14  31  15   5  16  35  17  22  18  16  19  27 
  0   7   1  32   2   9   3  16   4  12   5  10   6  14   7  31   8  21   9  30  10  34  11  31  12  35  13  26  14  33  15   6  16  35  17  23  18  15  19  28 
  0   3   1  30   2   7   3  12   4   8   5   8   6  12   7  29   8  17   9  29  10  35  11  30  12  35  13  22  14  31  15   4  16  36  17  22  18  13  19  25 
  0   9   1  35   2   9   3  19   4  14   5  10   6  14   7  35   8  21   9  31  10  35  11  37  12  39  13  30  14  36  15  10  16  37  17  24  18  21  19  33 
  0  13   1  38   2  10   3  19   4  18   5  13   6  14   7  38   8  25   9  30  10  35  11  37  12  38  13  29  14  39  15  13  16  37  17  24  18  22  19  32 
  0   5   1  34   2   5   3  13   4  12   5   9   6  14   7  32   8  20   9  31  10  35  11  31  12  39  13  23  14  33  15  10  16  38  17  24  18  17  19  27 


