
 20  20

  0  41   1  40   2  33   3  18   4  23   5  40   6  24   7  23   8  19   9  25  10  41  11  22  12  41  13  37  14  45  15  41  16  30  17  30  18  41  19  20 
  0  40   1  39   2  29   3  20   4  22   5  38   6  26   7  25   8  18   9  25  10  43  11  21  12  36  13  37  14  46  15  38  16  29  17  28  18  43  19  17 
  0  42   1  40   2  35   3  18   4  24   5  39   6  27   7  26   8  22   9  27  10  43  11  22  12  41  13  38  14  44  15  42  16  30  17  33  18  44  19  21 
  0  37   1  38   2  29   3  19   4  20   5  36   6  24   7  23   8  20   9  23  10  40  11  21  12  37  13  38  14  45  15  37  16  26  17  30  18  41  19  18 
  0  45   1  41   2  35   3  21   4  26   5  42   6  27   7  28   8  22   9  27  10  45  11  22  12  42  13  41  14  46  15  44  16  32  17  34  18  43  19  25 
  0  38   1  40   2  32   3  20   4  25   5  36   6  23   7  24   8  18   9  23  10  39  11  20  12  40  13  40  14  46  15  40  16  27  17  32  18  43  19  18 
  0  39   1  39   2  30   3  21   4  26   5  40   6  23   7  26   8  20   9  27  10  42  11  22  12  41  13  41  14  46  15  41  16  28  17  32  18  43  19  20 
  0  44   1  43   2  35   3  21   4  27   5  41   6  26   7  26   8  21   9  26  10  43  11  21  12  42  13  38  14  44  15  44  16  32  17  34  18  42  19  25 
  0  37   1  38   2  27   3  20   4  22   5  38   6  23   7  25   8  18   9  24  10  39  11  21  12  37  13  39  14  44  15  40  16  26  17  31  18  44  19  18 
  0  41   1  39   2  30   3  21   4  24   5  41   6  25   7  27   8  21   9  24  10  42  11  20  12  42  13  41  14  44  15  42  16  29  17  31  18  45  19  24 
  0  38   1  40   2  32   3  19   4  22   5  40   6  27   7  23   8  19   9  27  10  41  11  22  12  40  13  41  14  47  15  39  16  29  17  34  18  42  19  18 
  0  36   1  37   2  29   3  17   4  24   5  36   6  24   7  24   8  18   9  23  10  43  11  21  12  37  13  38  14  43  15  40  16  26  17  30  18  41  19  18 
  0  35   1  35   2  27   3  17   4  21   5  37   6  23   7  23   8  19   9  25  10  41  11  20  12  36  13  37  14  43  15  39  16  29  17  28  18  43  19  15 
  0  43   1  40   2  35   3  18   4  25   5  40   6  27   7  28   8  22   9  25  10  45  11  20  12  43  13  38  14  45  15  44  16  32  17  34  18  44  19  22 
  0  40   1  41   2  31   3  18   4  26   5  41   6  27   7  24   8  22   9  24  10  41  11  20  12  39  13  41  14  45  15  39  16  31  17  31  18  45  19  21 
  0  35   1  36   2  27   3  17   4  21   5  36   6  25   7  22   8  18   9  23  10  40  11  20  12  39  13  37  14  46  15  36  16  27  17  28  18  41  19  17 
  0  40   1  39   2  31   3  17   4  25   5  37   6  26   7  27   8  20   9  23  10  40  11  20  12  40  13  40  14  43  15  41  16  28  17  34  18  45  19  18 
  0  42   1  41   2  31   3  20   4  25   5  41   6  27   7  27   8  20   9  24  10  42  11  20  12  41  13  40  14  47  15  41  16  32  17  32  18  45  19  20 
  0  42   1  40   2  35   3  21   4  24   5  39   6  26   7  25   8  22   9  27  10  44  11  21  12  40  13  41  14  44  15  40  16  28  17  36  18  45  19  21 
  0  35   1  35   2  27   3  19   4  20   5  36   6  24   7  22   8  18   9  24  10  39  11  21  12  37  13  37  14  44  15  38  16  26  17  28  18  41  19  18 


