
 20  20

  0  71   1  93   2  81   3  80   4  67   5  77   6  69   7  83   8  87   9  75  10  97  11  84  12  69  13  84  14  89  15  77  16  82  17  82  18  86  19  72 
  0  73   1  93   2  82   3  79   4  68   5  75   6  69   7  83   8  87   9  74  10  96  11  83  12  73  13  83  14  90  15  79  16  82  17  83  18  88  19  72 
  0  81   1  99   2  87   3  81   4  77   5  84   6  69   7  86   8  91   9  74  10  96  11  86  12  76  13  84  14  93  15  79  16  84  17  83  18  94  19  79 
  0  77   1  98   2  85   3  79   4  73   5  79   6  71   7  85   8  89   9  74  10  98  11  87  12  73  13  82  14  92  15  77  16  84  17  81  18  88  19  77 
  0  75   1  97   2  80   3  80   4  70   5  78   6  69   7  84   8  91   9  75  10  96  11  87  12  73  13  84  14  89  15  77  16  83  17  81  18  89  19  77 
  0  75   1  97   2  84   3  79   4  70   5  80   6  69   7  81   8  87   9  73  10  98  11  86  12  72  13  84  14  91  15  79  16  84  17  81  18  92  19  78 
  0  81   1  99   2  85   3  80   4  77   5  84   6  70   7  85   8  89   9  73  10  96  11  85  12  79  13  84  14  92  15  77  16  84  17  83  18  94  19  81 
  0  73   1  96   2  82   3  80   4  71   5  76   6  71   7  84   8  88   9  75  10  98  11  83  12  71  13  83  14  88  15  79  16  82  17  82  18  88  19  74 
  0  81   1  99   2  85   3  80   4  77   5  84   6  71   7  86   8  91   9  75  10  96  11  87  12  79  13  84  14  92  15  79  16  82  17  83  18  94  19  81 
  0  77   1  98   2  82   3  81   4  73   5  83   6  71   7  86   8  90   9  73  10  98  11  86  12  78  13  83  14  92  15  77  16  84  17  81  18  91  19  78 
  0  76   1  95   2  82   3  81   4  72   5  81   6  69   7  81   8  88   9  75  10  98  11  86  12  72  13  83  14  90  15  77  16  82  17  83  18  90  19  78 
  0  78   1  99   2  86   3  81   4  76   5  84   6  70   7  86   8  89   9  75  10  98  11  86  12  77  13  82  14  91  15  78  16  84  17  83  18  91  19  82 
  0  73   1  98   2  80   3  79   4  72   5  80   6  71   7  84   8  87   9  74  10  97  11  86  12  72  13  82  14  91  15  79  16  82  17  82  18  87  19  76 
  0  77   1  95   2  83   3  80   4  71   5  81   6  71   7  83   8  89   9  75  10  96  11  83  12  72  13  82  14  91  15  78  16  82  17  82  18  91  19  75 
  0  77   1  99   2  85   3  79   4  76   5  83   6  69   7  85   8  90   9  74  10  97  11  84  12  77  13  82  14  93  15  78  16  82  17  81  18  94  19  81 
  0  74   1  94   2  84   3  79   4  69   5  78   6  69   7  82   8  91   9  75  10  98  11  85  12  74  13  82  14  91  15  77  16  83  17  83  18  92  19  78 
  0  77   1  99   2  84   3  81   4  73   5  84   6  71   7  84   8  89   9  75  10  98  11  84  12  79  13  84  14  92  15  79  16  83  17  83  18  91  19  81 
  0  81   1  99   2  84   3  81   4  74   5  80   6  69   7  86   8  91   9  75  10  97  11  87  12  79  13  83  14  92  15  77  16  84  17  82  18  94  19  80 
  0  72   1  97   2  80   3  80   4  72   5  77   6  69   7  82   8  87   9  75  10  96  11  86  12  73  13  84  14  92  15  78  16  84  17  81  18  89  19  73 
  0  80   1  99   2  86   3  81   4  73   5  83   6  71   7  83   8  91   9  75  10  98  11  84  12  75  13  84  14  90  15  77  16  84  17  82  18  92  19  80 


