
 20  20

  0  29   1  56   2  32   3  34   4  39   5  56   6  45   7  46   8  41   9  48  10  48  11  35  12  36  13  57  14  35  15  28  16  33  17  39  18  44  19  36 
  0  34   1  54   2  34   3  40   4  39   5  55   6  43   7  46   8  43   9  50  10  46  11  33  12  39  13  57  14  39  15  29  16  34  17  41  18  45  19  34 
  0  34   1  55   2  33   3  39   4  42   5  55   6  45   7  47   8  43   9  50  10  47  11  34  12  36  13  57  14  38  15  29  16  34  17  39  18  48  19  37 
  0  32   1  55   2  35   3  38   4  43   5  57   6  47   7  49   8  43   9  51  10  47  11  35  12  40  13  57  14  40  15  28  16  36  17  38  18  48  19  37 
  0  35   1  54   2  37   3  40   4  41   5  55   6  49   7  46   8  42   9  52  10  48  11  33  12  38  13  57  14  43  15  30  16  37  17  42  18  51  19  38 
  0  33   1  54   2  34   3  35   4  40   5  56   6  43   7  47   8  44   9  48  10  46  11  33  12  35  13  56  14  36  15  28  16  35  17  36  18  47  19  34 
  0  35   1  55   2  37   3  43   4  43   5  55   6  49   7  48   8  44   9  56  10  48  11  35  12  39  13  56  14  40  15  30  16  34  17  43  18  49  19  39 
  0  35   1  56   2  33   3  40   4  43   5  55   6  48   7  50   8  43   9  52  10  46  11  34  12  41  13  55  14  38  15  28  16  37  17  42  18  49  19  38 
  0  29   1  56   2  32   3  37   4  41   5  57   6  45   7  44   8  41   9  51  10  47  11  33  12  35  13  55  14  35  15  30  16  35  17  37  18  44  19  33 
  0  39   1  54   2  34   3  44   4  43   5  57   6  46   7  47   8  42   9  53  10  46  11  35  12  41  13  55  14  40  15  30  16  37  17  43  18  52  19  36 
  0  34   1  54   2  32   3  40   4  39   5  57   6  45   7  48   8  44   9  49  10  48  11  35  12  37  13  55  14  38  15  30  16  33  17  40  18  47  19  34 
  0  33   1  54   2  31   3  38   4  39   5  55   6  44   7  45   8  43   9  49  10  46  11  33  12  35  13  55  14  36  15  28  16  33  17  38  18  47  19  34 
  0  38   1  56   2  37   3  44   4  43   5  57   6  49   7  50   8  44   9  54  10  48  11  35  12  41  13  57  14  43  15  30  16  35  17  46  18  52  19  37 
  0  38   1  54   2  36   3  43   4  40   5  55   6  49   7  49   8  43   9  53  10  48  11  35  12  41  13  57  14  43  15  30  16  35  17  46  18  48  19  36 
  0  38   1  56   2  35   3  44   4  41   5  57   6  47   7  50   8  43   9  56  10  46  11  35  12  41  13  57  14  43  15  30  16  37  17  44  18  49  19  37 
  0  33   1  55   2  31   3  40   4  41   5  57   6  45   7  45   8  44   9  50  10  48  11  35  12  36  13  55  14  38  15  30  16  33  17  42  18  47  19  37 
  0  39   1  56   2  37   3  44   4  43   5  57   6  49   7  50   8  45   9  54  10  48  11  33  12  41  13  57  14  43  15  30  16  37  17  46  18  52  19  39 
  0  33   1  55   2  32   3  36   4  43   5  55   6  46   7  45   8  41   9  50  10  48  11  35  12  38  13  57  14  38  15  28  16  36  17  40  18  46  19  35 
  0  32   1  55   2  31   3  38   4  39   5  56   6  43   7  46   8  42   9  52  10  47  11  33  12  36  13  55  14  35  15  30  16  34  17  37  18  44  19  36 
  0  34   1  55   2  34   3  42   4  43   5  55   6  49   7  47   8  42   9  54  10  46  11  33  12  41  13  55  14  41  15  28  16  37  17  42  18  52  19  36 


