
 20  20

  0  70   1  61   2  67   3  65   4  81   5  67   6  79   7  76   8  90   9  69  10  88  11  84  12  84  13  78  14  75  15  62  16  62  17  87  18  80  19  66 
  0  68   1  61   2  67   3  65   4  78   5  67   6  81   7  76   8  92   9  73  10  88  11  86  12  87  13  79  14  73  15  61  16  63  17  88  18  79  19  70 
  0  69   1  61   2  68   3  65   4  81   5  67   6  81   7  75   8  90   9  70  10  88  11  87  12  87  13  80  14  75  15  64  16  64  17  88  18  83  19  70 
  0  60   1  61   2  67   3  62   4  75   5  62   6  79   7  74   8  85   9  63  10  86  11  79  12  81  13  71  14  72  15  60  16  60  17  84  18  77  19  62 
  0  60   1  63   2  67   3  63   4  75   5  62   6  80   7  76   8  84   9  63  10  86  11  81  12  81  13  70  14  73  15  61  16  59  17  84  18  76  19  64 
  0  62   1  61   2  67   3  62   4  76   5  65   6  81   7  76   8  84   9  65  10  88  11  83  12  82  13  73  14  71  15  60  16  58  17  84  18  78  19  63 
  0  64   1  63   2  67   3  63   4  78   5  66   6  81   7  76   8  84   9  67  10  86  11  79  12  83  13  75  14  73  15  61  16  58  17  84  18  77  19  65 
  0  67   1  63   2  69   3  63   4  80   5  67   6  79   7  74   8  90   9  72  10  88  11  85  12  87  13  77  14  73  15  64  16  64  17  88  18  82  19  66 
  0  67   1  62   2  67   3  63   4  81   5  67   6  79   7  74   8  90   9  73  10  88  11  86  12  84  13  80  14  75  15  64  16  63  17  86  18  80  19  70 
  0  69   1  61   2  69   3  65   4  81   5  68   6  81   7  74   8  93   9  73  10  88  11  87  12  85  13  80  14  75  15  64  16  64  17  87  18  83  19  68 
  0  67   1  62   2  68   3  63   4  80   5  65   6  80   7  74   8  90   9  71  10  86  11  84  12  83  13  77  14  75  15  61  16  63  17  88  18  80  19  65 
  0  68   1  63   2  68   3  65   4  81   5  68   6  81   7  74   8  90   9  69  10  87  11  83  12  85  13  75  14  73  15  64  16  64  17  88  18  83  19  66 
  0  63   1  62   2  67   3  61   4  77   5  66   6  79   7  76   8  89   9  65  10  88  11  82  12  82  13  76  14  71  15  60  16  62  17  87  18  80  19  63 
  0  64   1  61   2  69   3  62   4  81   5  69   6  79   7  74   8  89   9  68  10  86  11  85  12  85  13  77  14  73  15  63  16  63  17  85  18  79  19  69 
  0  65   1  63   2  69   3  63   4  76   5  68   6  80   7  76   8  91   9  69  10  87  11  85  12  84  13  75  14  75  15  61  16  62  17  86  18  80  19  65 
  0  70   1  62   2  67   3  65   4  79   5  66   6  80   7  75   8  91   9  72  10  88  11  83  12  87  13  76  14  72  15  64  16  63  17  88  18  80  19  67 
  0  63   1  61   2  68   3  63   4  78   5  65   6  79   7  74   8  84   9  65  10  86  11  80  12  85  13  71  14  73  15  60  16  60  17  85  18  76  19  63 
  0  69   1  63   2  68   3  65   4  79   5  70   6  81   7  76   8  92   9  72  10  87  11  87  12  87  13  79  14  75  15  63  16  64  17  88  18  82  19  70 
  0  65   1  61   2  69   3  61   4  77   5  65   6  79   7  75   8  90   9  66  10  88  11  82  12  82  13  74  14  74  15  64  16  59  17  86  18  79  19  66 
  0  66   1  62   2  69   3  63   4  81   5  66   6  80   7  76   8  93   9  70  10  88  11  83  12  87  13  76  14  72  15  61  16  62  17  88  18  79  19  67 


