
 20  20

  0  76   1  85   2  65   3  81   4  90   5  68   6  79   7  68   8  83   9  90  10  86  11  85  12  91  13  75  14  83  15  71  16  80  17  63  18  83  19  89 
  0  76   1  84   2  65   3  83   4  89   5  65   6  77   7  65   8  81   9  84  10  83  11  84  12  92  13  75  14  85  15  68  16  78  17  61  18  81  19  86 
  0  70   1  83   2  64   3  79   4  84   5  65   6  73   7  66   8  81   9  80  10  78  11  83  12  86  13  70  14  81  15  70  16  76  17  56  18  76  19  86 
  0  76   1  86   2  64   3  84   4  90   5  67   6  81   7  67   8  83   9  88  10  86  11  86  12  93  13  75  14  85  15  72  16  82  17  66  18  83  19  88 
  0  72   1  84   2  66   3  80   4  87   5  66   6  75   7  64   8  83   9  84  10  81  11  84  12  89  13  71  14  82  15  68  16  76  17  59  18  78  19  86 
  0  74   1  85   2  66   3  82   4  89   5  69   6  75   7  65   8  82   9  83  10  83  11  87  12  90  13  75  14  81  15  72  16  79  17  60  18  80  19  87 
  0  73   1  86   2  64   3  80   4  87   5  67   6  76   7  66   8  81   9  85  10  86  11  87  12  91  13  73  14  84  15  69  16  81  17  61  18  80  19  90 
  0  74   1  86   2  65   3  78   4  85   5  68   6  75   7  68   8  81   9  84  10  80  11  85  12  91  13  71  14  82  15  70  16  78  17  59  18  78  19  87 
  0  71   1  87   2  65   3  79   4  89   5  65   6  76   7  65   8  81   9  83  10  84  11  87  12  90  13  74  14  84  15  69  16  80  17  61  18  77  19  87 
  0  75   1  85   2  66   3  82   4  86   5  66   6  79   7  68   8  83   9  83  10  84  11  83  12  89  13  74  14  82  15  72  16  79  17  61  18  80  19  86 
  0  70   1  84   2  66   3  78   4  86   5  67   6  74   7  66   8  81   9  80  10  80  11  84  12  89  13  73  14  81  15  68  16  75  17  58  18  78  19  87 
  0  75   1  86   2  66   3  80   4  86   5  66   6  78   7  68   8  81   9  84  10  84  11  83  12  92  13  71  14  82  15  70  16  79  17  63  18  79  19  90 
  0  74   1  87   2  65   3  81   4  89   5  67   6  77   7  65   8  83   9  87  10  83  11  84  12  93  13  72  14  84  15  72  16  78  17  63  18  81  19  90 
  0  74   1  86   2  66   3  81   4  85   5  68   6  75   7  64   8  83   9  84  10  84  11  83  12  88  13  73  14  83  15  69  16  75  17  58  18  78  19  88 
  0  72   1  84   2  66   3  82   4  87   5  67   6  79   7  64   8  81   9  87  10  81  11  87  12  91  13  73  14  83  15  72  16  80  17  59  18  77  19  89 
  0  73   1  85   2  66   3  82   4  88   5  65   6  77   7  64   8  83   9  81  10  82  11  86  12  89  13  74  14  81  15  71  16  78  17  60  18  75  19  88 
  0  77   1  85   2  66   3  83   4  90   5  69   6  82   7  68   8  81   9  90  10  88  11  86  12  92  13  76  14  84  15  70  16  82  17  66  18  83  19  88 
  0  71   1  83   2  65   3  83   4  85   5  65   6  75   7  67   8  81   9  84  10  81  11  86  12  90  13  73  14  85  15  72  16  79  17  62  18  77  19  90 
  0  75   1  87   2  66   3  82   4  87   5  67   6  80   7  68   8  83   9  86  10  86  11  85  12  91  13  76  14  83  15  71  16  82  17  63  18  83  19  87 
  0  75   1  87   2  65   3  83   4  88   5  68   6  81   7  65   8  81   9  88  10  84  11  84  12  94  13  76  14  85  15  70  16  83  17  66  18  82  19  88 


