
 20  20

  0  71   1  78   2  56   3  74   4  71   5  78   6  69   7  74   8  65   9  64  10  56  11  85  12  56  13  68  14  59  15  72  16  74  17  83  18  70  19  71 
  0  69   1  75   2  57   3  75   4  68   5  76   6  70   7  70   8  63   9  60  10  55  11  85  12  56  13  66  14  59  15  70  16  71  17  85  18  65  19  69 
  0  75   1  84   2  58   3  78   4  71   5  76   6  69   7  76   8  66   9  66  10  62  11  86  12  57  13  70  14  61  15  78  16  81  17  88  18  70  19  71 
  0  65   1  77   2  54   3  72   4  70   5  76   6  69   7  69   8  60   9  61  10  56  11  84  12  56  13  65  14  58  15  68  16  71  17  82  18  67  19  70 
  0  68   1  79   2  58   3  73   4  69   5  76   6  69   7  74   8  63   9  63  10  56  11  84  12  56  13  66  14  62  15  71  16  77  17  86  18  69  19  69 
  0  74   1  84   2  57   3  76   4  70   5  76   6  70   7  76   8  65   9  65  10  62  11  86  12  58  13  71  14  62  15  78  16  78  17  87  18  69  19  71 
  0  75   1  84   2  58   3  78   4  70   5  78   6  71   7  77   8  66   9  67  10  61  11  84  12  58  13  71  14  62  15  78  16  81  17  88  18  70  19  70 
  0  66   1  78   2  55   3  75   4  70   5  76   6  69   7  70   8  60   9  60  10  56  11  84  12  57  13  67  14  60  15  71  16  71  17  83  18  67  19  69 
  0  72   1  78   2  54   3  76   4  70   5  76   6  69   7  73   8  63   9  62  10  59  11  84  12  56  13  68  14  58  15  75  16  77  17  85  18  68  19  69 
  0  69   1  78   2  56   3  74   4  70   5  78   6  71   7  72   8  60   9  59  10  58  11  84  12  56  13  69  14  60  15  71  16  73  17  84  18  67  19  69 
  0  65   1  77   2  54   3  72   4  71   5  78   6  70   7  72   8  60   9  62  10  54  11  84  12  57  13  68  14  58  15  68  16  74  17  84  18  65  19  70 
  0  67   1  79   2  57   3  77   4  70   5  76   6  71   7  75   8  62   9  64  10  57  11  86  12  57  13  70  14  59  15  71  16  75  17  83  18  66  19  69 
  0  75   1  84   2  58   3  78   4  71   5  78   6  71   7  76   8  66   9  66  10  59  11  86  12  58  13  71  14  59  15  78  16  78  17  86  18  70  19  70 
  0  73   1  80   2  56   3  78   4  70   5  78   6  70   7  76   8  65   9  67  10  59  11  86  12  56  13  69  14  62  15  77  16  78  17  87  18  68  19  71 
  0  74   1  84   2  58   3  75   4  72   5  76   6  71   7  77   8  66   9  67  10  60  11  86  12  58  13  71  14  62  15  77  16  78  17  87  18  70  19  71 
  0  71   1  79   2  55   3  77   4  72   5  76   6  69   7  72   8  65   9  63  10  57  11  85  12  57  13  69  14  60  15  71  16  77  17  84  18  68  19  71 
  0  68   1  75   2  56   3  75   4  70   5  76   6  71   7  70   8  60   9  63  10  57  11  86  12  56  13  68  14  59  15  69  16  73  17  85  18  68  19  69 
  0  67   1  74   2  55   3  73   4  69   5  76   6  69   7  69   8  61   9  59  10  56  11  85  12  56  13  67  14  60  15  72  16  73  17  82  18  68  19  69 
  0  74   1  81   2  56   3  74   4  71   5  77   6  71   7  77   8  62   9  67  10  60  11  84  12  56  13  69  14  59  15  77  16  78  17  86  18  68  19  71 
  0  75   1  81   2  58   3  75   4  72   5  76   6  69   7  74   8  65   9  66  10  62  11  84  12  58  13  70  14  62  15  78  16  81  17  88  18  71  19  71 


