
 20  20

  0  34   1  39   2  42   3  48   4  45   5  47   6  31   7  23   8  29   9  24  10  23  11  37  12  38  13  42  14  30  15  45  16  44  17  32  18  29  19  20 
  0  39   1  38   2  46   3  46   4  48   5  50   6  32   7  21   8  31   9  28  10  23  11  37  12  39  13  47  14  34  15  44  16  50  17  35  18  30  19  22 
  0  40   1  39   2  47   3  48   4  49   5  46   6  31   7  24   8  29   9  26  10  23  11  37  12  38  13  46  14  34  15  43  16  47  17  33  18  29  19  21 
  0  37   1  38   2  45   3  47   4  49   5  47   6  34   7  25   8  30   9  27  10  24  11  38  12  37  13  49  14  34  15  45  16  51  17  37  18  28  19  22 
  0  33   1  38   2  44   3  46   4  44   5  46   6  28   7  20   8  29   9  24  10  21  11  36  12  35  13  42  14  30  15  43  16  47  17  33  18  27  19  21 
  0  33   1  37   2  43   3  47   4  45   5  47   6  28   7  22   8  29   9  23  10  20  11  35  12  35  13  44  14  29  15  43  16  48  17  34  18  27  19  21 
  0  41   1  39   2  47   3  48   4  50   5  47   6  34   7  22   8  33   9  29  10  27  11  36  12  38  13  49  14  39  15  46  16  51  17  38  18  30  19  25 
  0  43   1  39   2  51   3  48   4  48   5  50   6  34   7  24   8  32   9  32  10  26  11  39  12  41  13  51  14  39  15  45  16  52  17  37  18  31  19  27 
  0  42   1  39   2  48   3  48   4  49   5  50   6  34   7  25   8  33   9  31  10  28  11  39  12  41  13  51  14  39  15  45  16  51  17  39  18  30  19  25 
  0  43   1  37   2  49   3  47   4  49   5  48   6  34   7  25   8  33   9  29  10  27  11  39  12  41  13  50  14  39  15  47  16  50  17  39  18  30  19  26 
  0  43   1  39   2  51   3  48   4  50   5  50   6  34   7  25   8  32   9  32  10  28  11  37  12  41  13  51  14  39  15  47  16  50  17  39  18  31  19  27 
  0  43   1  38   2  47   3  47   4  50   5  47   6  34   7  23   8  33   9  30  10  25  11  39  12  38  13  51  14  37  15  45  16  52  17  37  18  31  19  27 
  0  40   1  39   2  49   3  48   4  48   5  48   6  34   7  24   8  29   9  30  10  26  11  36  12  41  13  47  14  33  15  47  16  47  17  34  18  29  19  25 
  0  39   1  37   2  45   3  47   4  47   5  46   6  33   7  20   8  33   9  28  10  21  11  38  12  37  13  43  14  35  15  44  16  46  17  35  18  29  19  22 
  0  38   1  37   2  45   3  46   4  49   5  49   6  30   7  20   8  31   9  30  10  22  11  38  12  38  13  49  14  35  15  45  16  47  17  33  18  29  19  22 
  0  35   1  39   2  47   3  48   4  44   5  49   6  32   7  20   8  33   9  25  10  21  11  38  12  39  13  45  14  32  15  44  16  47  17  32  18  27  19  22 
  0  34   1  38   2  46   3  46   4  45   5  47   6  29   7  20   8  30   9  26  10  22  11  35  12  38  13  44  14  30  15  44  16  48  17  33  18  30  19  23 
  0  34   1  39   2  45   3  46   4  48   5  46   6  30   7  22   8  31   9  25  10  24  11  37  12  39  13  43  14  30  15  45  16  45  17  32  18  29  19  19 
  0  37   1  39   2  45   3  47   4  46   5  46   6  28   7  19   8  29   9  24  10  21  11  35  12  39  13  46  14  31  15  44  16  46  17  32  18  27  19  20 
  0  43   1  39   2  50   3  48   4  49   5  50   6  34   7  23   8  32   9  32  10  28  11  37  12  39  13  48  14  36  15  47  16  52  17  38  18  30  19  27 


