
 20  20

  0  53   1  57   2  74   3  79   4  73   5  58   6  55   7  63   8  63   9  77  10  56  11  59  12  63  13  61  14  57  15  66  16  78  17  59  18  59  19  68 
  0  57   1  59   2  71   3  77   4  72   5  62   6  60   7  64   8  65   9  80  10  55  11  64  12  66  13  62  14  59  15  64  16  79  17  61  18  62  19  68 
  0  52   1  61   2  71   3  76   4  69   5  58   6  58   7  60   8  63   9  78  10  56  11  60  12  65  13  60  14  59  15  65  16  74  17  60  18  57  19  66 
  0  51   1  59   2  71   3  76   4  71   5  56   6  54   7  60   8  61   9  78  10  56  11  57  12  63  13  58  14  58  15  63  16  74  17  59  18  56  19  64 
  0  53   1  60   2  72   3  79   4  75   5  59   6  59   7  63   8  62   9  79  10  55  11  59  12  64  13  59  14  57  15  66  16  77  17  59  18  58  19  70 
  0  57   1  61   2  72   3  79   4  76   5  61   6  60   7  65   8  63   9  81  10  56  11  63  12  70  13  63  14  60  15  68  16  81  17  63  18  60  19  70 
  0  61   1  65   2  75   3  83   4  76   5  64   6  62   7  64   8  65   9  81  10  58  11  67  12  70  13  67  14  60  15  67  16  81  17  61  18  62  19  73 
  0  55   1  60   2  74   3  76   4  71   5  60   6  56   7  60   8  61   9  79  10  55  11  60  12  67  13  58  14  57  15  65  16  75  17  61  18  57  19  66 
  0  61   1  64   2  75   3  83   4  77   5  65   6  64   7  66   8  65   9  81  10  57  11  67  12  70  13  67  14  59  15  67  16  81  17  63  18  63  19  74 
  0  55   1  60   2  74   3  75   4  73   5  58   6  57   7  63   8  61   9  77  10  57  11  58  12  66  13  57  14  60  15  65  16  74  17  61  18  59  19  66 
  0  56   1  60   2  73   3  77   4  70   5  57   6  59   7  63   8  61   9  77  10  55  11  61  12  67  13  61  14  58  15  65  16  77  17  61  18  56  19  67 
  0  53   1  59   2  71   3  75   4  69   5  56   6  55   7  61   8  63   9  77  10  55  11  58  12  64  13  60  14  57  15  63  16  77  17  59  18  56  19  64 
  0  60   1  63   2  72   3  81   4  77   5  64   6  62   7  63   8  63   9  80  10  59  11  63  12  68  13  62  14  61  15  67  16  80  17  62  18  64  19  73 
  0  56   1  64   2  75   3  79   4  74   5  64   6  61   7  66   8  65   9  79  10  58  11  65  12  69  13  65  14  58  15  69  16  81  17  60  18  60  19  69 
  0  55   1  57   2  72   3  75   4  72   5  56   6  55   7  62   8  64   9  78  10  55  11  61  12  65  13  57  14  58  15  63  16  77  17  59  18  55  19  65 
  0  59   1  61   2  72   3  83   4  78   5  62   6  63   7  63   8  64   9  79  10  59  11  65  12  68  13  62  14  58  15  65  16  81  17  62  18  61  19  71 
  0  59   1  65   2  74   3  81   4  78   5  64   6  62   7  66   8  65   9  78  10  59  11  67  12  72  13  67  14  61  15  68  16  81  17  63  18  62  19  73 
  0  59   1  65   2  75   3  82   4  79   5  63   6  62   7  64   8  65   9  80  10  56  11  65  12  72  13  64  14  60  15  67  16  81  17  63  18  62  19  70 
  0  52   1  59   2  73   3  75   4  71   5  59   6  56   7  63   8  61   9  79  10  58  11  58  12  65  13  62  14  57  15  65  16  76  17  59  18  58  19  65 
  0  61   1  64   2  75   3  81   4  77   5  66   6  63   7  66   8  64   9  81  10  59  11  67  12  72  13  67  14  61  15  69  16  83  17  63  18  65  19  74 


