
 20  20

  0  72   1  76   2  47   3  72   4  67   5  68   6  53   7  55   8  53   9  65  10  70  11  50  12  54  13  49  14  58  15  70  16  64  17  73  18  58  19  49 
  0  70   1  76   2  49   3  74   4  68   5  70   6  53   7  55   8  54   9  68  10  70  11  54  12  54  13  49  14  60  15  68  16  63  17  74  18  57  19  49 
  0  70   1  72   2  47   3  73   4  66   5  65   6  52   7  54   8  52   9  64  10  70  11  52  12  52  13  49  14  60  15  64  16  61  17  70  18  58  19  48 
  0  67   1  71   2  47   3  72   4  63   5  67   6  53   7  56   8  53   9  62  10  67  11  50  12  52  13  47  14  60  15  67  16  65  17  70  18  58  19  48 
  0  75   1  77   2  47   3  74   4  70   5  69   6  57   7  54   8  54   9  69  10  71  11  55  12  59  13  51  14  61  15  71  16  67  17  74  18  58  19  49 
  0  72   1  74   2  49   3  72   4  65   5  69   6  56   7  56   8  53   9  65  10  69  11  53  12  54  13  51  14  61  15  71  16  63  17  74  18  58  19  49 
  0  72   1  77   2  48   3  74   4  70   5  71   6  55   7  55   8  54   9  70  10  72  11  53  12  60  13  51  14  60  15  69  16  67  17  74  18  58  19  49 
  0  73   1  77   2  48   3  74   4  69   5  70   6  57   7  56   8  54   9  71  10  72  11  53  12  60  13  51  14  60  15  70  16  67  17  73  18  58  19  48 
  0  66   1  74   2  48   3  72   4  66   5  65   6  53   7  54   8  53   9  63  10  68  11  49  12  54  13  50  14  56  15  66  16  63  17  72  18  56  19  45 
  0  71   1  74   2  49   3  74   4  67   5  68   6  53   7  54   8  54   9  64  10  67  11  52  12  56  13  49  14  60  15  68  16  63  17  72  18  56  19  47 
  0  69   1  74   2  47   3  73   4  62   5  68   6  49   7  56   8  52   9  65  10  66  11  49  12  52  13  48  14  57  15  64  16  61  17  70  18  58  19  45 
  0  68   1  71   2  49   3  74   4  65   5  65   6  49   7  54   8  52   9  63  10  67  11  49  12  53  13  50  14  56  15  67  16  61  17  72  18  56  19  45 
  0  73   1  77   2  48   3  74   4  70   5  71   6  57   7  55   8  52   9  71  10  72  11  55  12  60  13  51  14  62  15  72  16  67  17  74  18  58  19  49 
  0  65   1  72   2  47   3  74   4  62   5  65   6  49   7  56   8  52   9  63  10  66  11  49  12  50  13  49  14  58  15  64  16  61  17  70  18  57  19  46 
  0  70   1  72   2  49   3  74   4  68   5  69   6  52   7  56   8  52   9  65  10  69  11  53  12  54  13  50  14  61  15  67  16  63  17  70  18  58  19  46 
  0  69   1  75   2  47   3  74   4  66   5  67   6  52   7  54   8  53   9  67  10  71  11  50  12  56  13  51  14  61  15  66  16  66  17  71  18  58  19  49 
  0  69   1  71   2  49   3  72   4  65   5  67   6  52   7  56   8  54   9  64  10  69  11  49  12  53  13  48  14  56  15  66  16  61  17  70  18  56  19  48 
  0  73   1  77   2  47   3  72   4  65   5  69   6  54   7  56   8  54   9  69  10  68  11  55  12  59  13  49  14  58  15  69  16  65  17  73  18  56  19  47 
  0  67   1  73   2  49   3  72   4  67   5  66   6  50   7  54   8  53   9  67  10  66  11  52  12  55  13  51  14  57  15  69  16  62  17  72  18  58  19  49 
  0  69   1  73   2  47   3  73   4  67   5  65   6  53   7  54   8  54   9  65  10  68  11  51  12  54  13  47  14  56  15  65  16  61  17  70  18  58  19  45 


