
 20  20

  0  36   1  16   2  20   3  32   4  19   5  29   6  24   7  37   8  15   9  36  10  32  11  32  12  36  13  33  14  18  15  28  16  23  17  23  18  25  19  25 
  0  29   1  15   2  20   3  31   4  18   5  25   6  20   7  35   8  16   9  31  10  32  11  28  12  33  13  31  14  14  15  26  16  19  17  20  18  27  19  21 
  0  35   1  16   2  19   3  31   4  20   5  26   6  23   7  37   8  16   9  34  10  32  11  32  12  33  13  32  14  19  15  28  16  23  17  21  18  28  19  25 
  0  35   1  16   2  22   3  34   4  20   5  27   6  21   7  37   8  15   9  35  10  35  11  32  12  36  13  33  14  20  15  25  16  23  17  24  18  26  19  26 
  0  31   1  13   2  17   3  28   4  19   5  25   6  21   7  33   8  13   9  30  10  28  11  28  12  31  13  31  14  15  15  24  16  19  17  20  18  24  19  23 
  0  28   1  16   2  19   3  32   4  20   5  25   6  20   7  35   8  15   9  30  10  29  11  28  12  34  13  33  14  12  15  24  16  17  17  22  18  24  19  25 
  0  27   1  13   2  19   3  28   4  18   5  25   6  20   7  33   8  13   9  30  10  29  11  28  12  31  13  32  14  13  15  24  16  19  17  20  18  24  19  21 
  0  27   1  14   2  16   3  28   4  18   5  27   6  20   7  34   8  13   9  31  10  31  11  28  12  32  13  31  14  11  15  26  16  16  17  21  18  26  19  21 
  0  36   1  14   2  22   3  32   4  22   5  26   6  22   7  39   8  16   9  34  10  36  11  30  12  37  13  33  14  20  15  28  16  25  17  23  18  26  19  27 
  0  36   1  14   2  19   3  31   4  22   5  26   6  24   7  37   8  14   9  33  10  35  11  30  12  34  13  33  14  19  15  27  16  24  17  23  18  27  19  26 
  0  29   1  17   2  16   3  28   4  20   5  25   6  24   7  33   8  15   9  34  10  32  11  31  12  31  13  33  14  17  15  27  16  22  17  21  18  27  19  25 
  0  33   1  16   2  20   3  32   4  22   5  26   6  22   7  39   8  17   9  36  10  34  11  30  12  34  13  33  14  17  15  28  16  26  17  23  18  27  19  27 
  0  31   1  15   2  16   3  28   4  20   5  25   6  20   7  33   8  15   9  32  10  29  11  28  12  33  13  31  14  15  15  25  16  18  17  23  18  26  19  21 
  0  29   1  17   2  18   3  29   4  19   5  28   6  23   7  35   8  16   9  34  10  32  11  32  12  31  13  31  14  13  15  26  16  21  17  20  18  25  19  22 
  0  37   1  17   2  21   3  34   4  22   5  29   6  24   7  38   8  15   9  33  10  36  11  32  12  35  13  33  14  20  15  25  16  23  17  23  18  28  19  27 
  0  35   1  15   2  21   3  34   4  18   5  29   6  24   7  36   8  14   9  36  10  31  11  32  12  33  13  31  14  16  15  24  16  20  17  22  18  25  19  23 
  0  28   1  16   2  18   3  29   4  18   5  25   6  22   7  36   8  14   9  33  10  28  11  31  12  29  13  32  14  15  15  24  16  20  17  21  18  27  19  21 
  0  35   1  14   2  21   3  30   4  22   5  28   6  20   7  36   8  16   9  34  10  34  11  28  12  35  13  32  14  18  15  27  16  23  17  21  18  25  19  26 
  0  34   1  15   2  21   3  34   4  22   5  29   6  24   7  36   8  15   9  35  10  33  11  32  12  33  13  32  14  17  15  26  16  22  17  23  18  25  19  27 
  0  30   1  13   2  16   3  30   4  19   5  27   6  23   7  35   8  16   9  33  10  31  11  29  12  32  13  32  14  16  15  24  16  18  17  23  18  24  19  21 


