
 20  20

  0  87   1  73   2  62   3  78   4  89   5  74   6  83   7  76   8  68   9  67  10  74  11  61  12  80  13  71  14  66  15  75  16  86  17  84  18  71  19  86 
  0  83   1  72   2  58   3  77   4  89   5  72   6  80   7  76   8  71   9  65  10  70  11  63  12  81  13  70  14  62  15  74  16  83  17  80  18  72  19  84 
  0  83   1  74   2  58   3  75   4  88   5  69   6  78   7  78   8  68   9  65  10  70  11  62  12  80  13  70  14  62  15  71  16  82  17  82  18  71  19  84 
  0  88   1  73   2  62   3  77   4  87   5  75   6  86   7  81   8  73   9  66  10  71  11  62  12  81  13  74  14  67  15  72  16  87  17  83  18  73  19  89 
  0  85   1  74   2  59   3  79   4  89   5  71   6  82   7  78   8  69   9  66  10  71  11  63  12  81  13  70  14  62  15  71  16  84  17  80  18  72  19  86 
  0  89   1  72   2  67   3  81   4  91   5  76   6  85   7  81   8  74   9  68  10  72  11  62  12  81  13  75  14  70  15  73  16  88  17  84  18  73  19  89 
  0  87   1  72   2  62   3  79   4  88   5  72   6  83   7  80   8  69   9  66  10  72  11  61  12  81  13  72  14  66  15  74  16  82  17  82  18  73  19  88 
  0  84   1  73   2  58   3  77   4  90   5  69   6  82   7  76   8  69   9  68  10  70  11  61  12  80  13  70  14  66  15  73  16  83  17  83  18  71  19  84 
  0  88   1  72   2  60   3  75   4  87   5  70   6  80   7  76   8  69   9  68  10  71  11  63  12  81  13  70  14  65  15  73  16  82  17  80  18  71  19  84 
  0  85   1  74   2  60   3  76   4  90   5  70   6  83   7  80   8  68   9  65  10  72  11  63  12  81  13  73  14  64  15  74  16  81  17  82  18  73  19  86 
  0  91   1  73   2  63   3  80   4  91   5  74   6  84   7  77   8  73   9  70  10  74  11  61  12  80  13  72  14  69  15  73  16  84  17  83  18  73  19  89 
  0  85   1  74   2  63   3  77   4  89   5  72   6  81   7  78   8  72   9  66  10  70  11  61  12  81  13  73  14  64  15  74  16  83  17  81  18  71  19  88 
  0  88   1  72   2  63   3  76   4  89   5  72   6  82   7  76   8  72   9  67  10  70  11  61  12  82  13  70  14  63  15  74  16  84  17  82  18  72  19  86 
  0  93   1  74   2  66   3  81   4  88   5  77   6  88   7  80   8  73   9  70  10  71  11  63  12  80  13  74  14  70  15  75  16  88  17  83  18  72  19  88 
  0  89   1  72   2  60   3  78   4  87   5  72   6  82   7  77   8  68   9  66  10  73  11  61  12  82  13  72  14  66  15  73  16  86  17  80  18  73  19  86 
  0  90   1  74   2  65   3  79   4  89   5  77   6  85   7  80   8  74   9  68  10  74  11  62  12  82  13  74  14  68  15  75  16  87  17  84  18  72  19  90 
  0  88   1  73   2  67   3  80   4  88   5  73   6  83   7  80   8  70   9  67  10  74  11  62  12  81  13  76  14  65  15  75  16  85  17  84  18  72  19  86 
  0  85   1  72   2  61   3  75   4  87   5  71   6  81   7  78   8  69   9  68  10  70  11  61  12  80  13  70  14  66  15  71  16  82  17  80  18  71  19  86 
  0  92   1  73   2  65   3  78   4  91   5  75   6  84   7  79   8  74   9  67  10  73  11  63  12  80  13  72  14  69  15  75  16  86  17  81  18  71  19  86 
  0  93   1  72   2  67   3  79   4  88   5  77   6  86   7  82   8  71   9  69  10  73  11  63  12  82  13  76  14  68  15  72  16  87  17  83  18  73  19  88 


