
 20  20

  0  45   1  58   2  61   3  51   4  47   5  61   6  38   7  61   8  38   9  40  10  47  11  56  12  57  13  39  14  53  15  55  16  48  17  36  18  38  19  62 
  0  45   1  56   2  61   3  54   4  44   5  62   6  36   7  59   8  40   9  41  10  49  11  53  12  55  13  40  14  55  15  54  16  48  17  38  18  36  19  66 
  0  41   1  54   2  57   3  52   4  40   5  60   6  37   7  58   8  39   9  42  10  46  11  53  12  56  13  38  14  51  15  53  16  47  17  36  18  37  19  60 
  0  42   1  54   2  61   3  51   4  42   5  58   6  38   7  60   8  38   9  40  10  46  11  52  12  56  13  40  14  55  15  56  16  46  17  37  18  37  19  62 
  0  42   1  54   2  61   3  50   4  44   5  57   6  38   7  59   8  36   9  42  10  48  11  55  12  54  13  38  14  54  15  54  16  45  17  38  18  35  19  63 
  0  47   1  56   2  59   3  54   4  44   5  60   6  40   7  61   8  42   9  40  10  51  11  53  12  60  13  40  14  54  15  54  16  48  17  36  18  37  19  65 
  0  38   1  54   2  57   3  50   4  40   5  58   6  32   7  59   8  34   9  40  10  42  11  50  12  52  13  38  14  52  15  52  16  42  17  37  18  36  19  60 
  0  41   1  55   2  57   3  49   4  42   5  59   6  34   7  59   8  34   9  40  10  44  11  51  12  53  13  38  14  50  15  49  16  44  17  36  18  33  19  62 
  0  38   1  54   2  57   3  49   4  39   5  57   6  32   7  57   8  34   9  40  10  42  11  51  12  51  13  38  14  52  15  49  16  42  17  38  18  33  19  60 
  0  44   1  57   2  61   3  52   4  44   5  61   6  40   7  58   8  40   9  42  10  46  11  54  12  59  13  40  14  55  15  57  16  48  17  38  18  39  19  65 
  0  45   1  56   2  61   3  55   4  48   5  64   6  39   7  59   8  40   9  42  10  51  11  56  12  60  13  40  14  57  15  56  16  49  17  38  18  41  19  66 
  0  47   1  57   2  61   3  53   4  48   5  64   6  41   7  58   8  41   9  42  10  48  11  57  12  60  13  40  14  55  15  55  16  52  17  38  18  37  19  65 
  0  45   1  59   2  60   3  52   4  45   5  62   6  38   7  58   8  42   9  42  10  47  11  56  12  59  13  40  14  56  15  53  16  49  17  36  18  38  19  64 
  0  45   1  58   2  60   3  54   4  44   5  61   6  39   7  61   8  43   9  40  10  50  11  53  12  60  13  40  14  57  15  56  16  49  17  38  18  36  19  66 
  0  38   1  55   2  59   3  49   4  42   5  58   6  34   7  60   8  35   9  40  10  43  11  52  12  52  13  40  14  52  15  53  16  45  17  37  18  34  19  60 
  0  44   1  57   2  57   3  54   4  46   5  60   6  38   7  58   8  40   9  42  10  49  11  53  12  56  13  38  14  55  15  55  16  45  17  36  18  37  19  63 
  0  41   1  55   2  61   3  51   4  42   5  61   6  38   7  61   8  41   9  40  10  49  11  53  12  57  13  38  14  54  15  54  16  46  17  37  18  37  19  61 
  0  41   1  54   2  59   3  51   4  42   5  61   6  37   7  59   8  39   9  40  10  45  11  56  12  54  13  40  14  56  15  52  16  45  17  36  18  37  19  65 
  0  41   1  56   2  58   3  54   4  42   5  60   6  35   7  59   8  37   9  40  10  48  11  54  12  54  13  40  14  54  15  53  16  46  17  38  18  39  19  62 
  0  45   1  57   2  57   3  53   4  45   5  62   6  40   7  57   8  41   9  42  10  46  11  54  12  55  13  39  14  56  15  55  16  50  17  36  18  37  19  63 


