
 20  20

  0  51   1  44   2  35   3  39   4  45   5  31   6  50   7  29   8  36   9  33  10  36  11  43  12  30  13  56  14  53  15  33  16  44  17  32  18  41  19  34 
  0  55   1  49   2  34   3  41   4  44   5  34   6  55   7  34   8  35   9  35  10  38  11  45  12  30  13  57  14  51  15  31  16  44  17  34  18  41  19  39 
  0  49   1  46   2  32   3  35   4  40   5  31   6  50   7  29   8  35   9  34  10  36  11  42  12  27  13  53  14  51  15  33  16  41  17  33  18  40  19  33 
  0  45   1  41   2  31   3  31   4  37   5  30   6  49   7  26   8  32   9  33  10  33  11  35  12  25  13  53  14  51  15  32  16  40  17  30  18  40  19  32 
  0  50   1  45   2  32   3  39   4  44   5  33   6  52   7  31   8  33   9  33  10  34  11  41  12  29  13  57  14  53  15  33  16  43  17  32  18  42  19  35 
  0  49   1  45   2  34   3  36   4  42   5  33   6  52   7  29   8  31   9  33  10  34  11  42  12  31  13  54  14  51  15  33  16  42  17  33  18  41  19  37 
  0  51   1  45   2  31   3  36   4  44   5  31   6  53   7  31   8  33   9  35  10  36  11  38  12  28  13  55  14  51  15  31  16  41  17  34  18  41  19  37 
  0  51   1  45   2  34   3  38   4  41   5  34   6  52   7  28   8  33   9  35  10  35  11  39  12  28  13  53  14  53  15  31  16  40  17  30  18  41  19  37 
  0  45   1  39   2  31   3  33   4  37   5  30   6  49   7  27   8  29   9  33  10  34  11  35  12  25  13  54  14  53  15  31  16  40  17  30  18  40  19  32 
  0  51   1  45   2  35   3  38   4  43   5  35   6  51   7  30   8  34   9  33  10  36  11  42  12  32  13  54  14  51  15  33  16  42  17  33  18  42  19  37 
  0  51   1  46   2  35   3  39   4  44   5  35   6  54   7  33   8  37   9  35  10  38  11  43  12  33  13  57  14  51  15  33  16  44  17  34  18  41  19  38 
  0  54   1  48   2  33   3  39   4  46   5  36   6  54   7  33   8  37   9  35  10  39  11  43  12  33  13  57  14  52  15  33  16  44  17  32  18  42  19  40 
  0  51   1  44   2  35   3  37   4  44   5  36   6  52   7  32   8  34   9  33  10  37  11  41  12  32  13  56  14  53  15  33  16  42  17  34  18  42  19  34 
  0  48   1  43   2  31   3  31   4  41   5  30   6  50   7  27   8  33   9  33  10  33  11  35  12  29  13  54  14  51  15  31  16  42  17  30  18  42  19  34 
  0  51   1  48   2  35   3  40   4  45   5  36   6  55   7  30   8  34   9  33  10  35  11  40  12  33  13  57  14  51  15  33  16  44  17  34  18  42  19  35 
  0  46   1  39   2  31   3  31   4  39   5  30   6  49   7  25   8  29   9  33  10  35  11  35  12  25  13  53  14  52  15  31  16  40  17  32  18  41  19  30 
  0  52   1  44   2  35   3  37   4  45   5  36   6  55   7  32   8  35   9  33  10  39  11  40  12  32  13  54  14  52  15  32  16  44  17  32  18  40  19  37 
  0  47   1  40   2  31   3  31   4  40   5  32   6  49   7  25   8  29   9  34  10  33  11  36  12  25  13  53  14  51  15  31  16  41  17  32  18  40  19  30 
  0  45   1  39   2  31   3  34   4  40   5  30   6  49   7  25   8  32   9  34  10  34  11  38  12  26  13  53  14  52  15  31  16  40  17  30  18  40  19  32 
  0  54   1  48   2  35   3  39   4  46   5  34   6  53   7  35   8  35   9  34  10  39  11  45  12  33  13  57  14  51  15  31  16  41  17  31  18  42  19  36 


