
 20  20

  0  31   1  22   2  24   3  15   4  33   5  32   6  34   7  33   8  23   9  34  10  37  11  36  12  25  13  34  14  24  15  35  16  10  17  12  18  16  19  34 
  0  39   1  27   2  27   3  19   4  33   5  37   6  40   7  38   8  24   9  40  10  40  11  38  12  26  13  35  14  29  15  40  16  16  17  17  18  20  19  33 
  0  40   1  27   2  28   3  20   4  32   5  36   6  40   7  35   8  22   9  38  10  41  11  36  12  27  13  37  14  28  15  39  16  14  17  16  18  19  19  33 
  0  31   1  22   2  24   3  17   4  33   5  34   6  34   7  32   8  22   9  36  10  39  11  36  12  23  13  34  14  23  15  36  16  10  17  11  18  16  19  33 
  0  36   1  23   2  24   3  19   4  33   5  32   6  34   7  35   8  23   9  34  10  37  11  38  12  26  13  33  14  24  15  39  16  11  17  13  18  16  19  35 
  0  33   1  22   2  26   3  18   4  32   5  34   6  34   7  35   8  23   9  34  10  39  11  36  12  24  13  34  14  25  15  37  16  13  17  13  18  19  19  33 
  0  37   1  24   2  25   3  20   4  32   5  37   6  37   7  35   8  24   9  37  10  38  11  38  12  27  13  37  14  26  15  40  16  13  17  16  18  19  19  35 
  0  31   1  23   2  25   3  15   4  33   5  32   6  36   7  32   8  22   9  34  10  37  11  37  12  23  13  33  14  23  15  37  16  10  17  11  18  17  19  34 
  0  37   1  23   2  25   3  18   4  32   5  36   6  37   7  34   8  22   9  38  10  39  11  38  12  24  13  36  14  25  15  39  16  13  17  14  18  18  19  33 
  0  37   1  26   2  28   3  19   4  33   5  37   6  39   7  37   8  22   9  38  10  41  11  36  12  25  13  37  14  29  15  39  16  16  17  17  18  18  19  34 
  0  36   1  28   2  26   3  18   4  34   5  35   6  40   7  34   8  23   9  42  10  43  11  38  12  27  13  37  14  26  15  40  16  14  17  17  18  20  19  35 
  0  36   1  23   2  26   3  16   4  33   5  36   6  38   7  34   8  24   9  36  10  42  11  36  12  24  13  33  14  27  15  38  16  13  17  13  18  20  19  35 
  0  41   1  26   2  27   3  21   4  34   5  38   6  38   7  38   8  24   9  42  10  43  11  38  12  26  13  36  14  29  15  41  16  16  17  15  18  20  19  35 
  0  32   1  26   2  26   3  19   4  33   5  32   6  36   7  36   8  22   9  38  10  40  11  38  12  24  13  34  14  23  15  37  16  11  17  12  18  16  19  33 
  0  34   1  22   2  24   3  17   4  34   5  33   6  34   7  34   8  22   9  35  10  39  11  37  12  24  13  33  14  24  15  39  16  10  17  11  18  18  19  35 
  0  34   1  22   2  27   3  15   4  34   5  32   6  36   7  33   8  24   9  36  10  37  11  36  12  25  13  34  14  26  15  37  16  12  17  14  18  16  19  33 
  0  35   1  26   2  26   3  19   4  34   5  34   6  37   7  36   8  22   9  39  10  40  11  37  12  27  13  34  14  28  15  40  16  15  17  14  18  18  19  33 
  0  39   1  26   2  26   3  21   4  34   5  36   6  39   7  37   8  22   9  39  10  43  11  38  12  27  13  37  14  29  15  40  16  13  17  17  18  20  19  35 
  0  41   1  28   2  28   3  19   4  34   5  38   6  37   7  37   8  24   9  42  10  42  11  38  12  26  13  37  14  29  15  40  16  15  17  16  18  18  19  34 
  0  31   1  22   2  26   3  16   4  32   5  32   6  34   7  33   8  22   9  34  10  39  11  36  12  24  13  33  14  24  15  37  16  10  17  12  18  16  19  33 


