
 20  20

  0  46   1  34   2  42   3  36   4  26   5  20   6  30   7  45   8  24   9  47  10  18  11  39  12  45  13  43  14  43  15  25  16  37  17  42  18  28  19  46 
  0  45   1  33   2  40   3  35   4  27   5  19   6  28   7  44   8  23   9  45  10  18  11  40  12  44  13  42  14  42  15  23  16  37  17  41  18  28  19  45 
  0  47   1  34   2  45   3  36   4  30   5  21   6  30   7  45   8  24   9  45  10  23  11  42  12  45  13  47  14  46  15  24  16  36  17  41  18  28  19  46 
  0  48   1  31   2  45   3  37   4  26   5  22   6  31   7  46   8  23   9  45  10  19  11  41  12  43  13  44  14  45  15  22  16  36  17  41  18  28  19  44 
  0  46   1  32   2  46   3  39   4  30   5  20   6  30   7  46   8  26   9  47  10  24  11  43  12  45  13  48  14  47  15  25  16  35  17  41  18  30  19  48 
  0  47   1  33   2  41   3  38   4  26   5  20   6  29   7  42   8  25   9  47  10  23  11  41  12  43  13  43  14  46  15  26  16  36  17  41  18  28  19  46 
  0  45   1  30   2  40   3  35   4  26   5  18   6  27   7  43   8  24   9  47  10  18  11  39  12  41  13  42  14  43  15  22  16  35  17  38  18  29  19  44 
  0  47   1  33   2  45   3  37   4  30   5  19   6  30   7  43   8  24   9  46  10  21  11  41  12  48  13  47  14  48  15  26  16  36  17  42  18  28  19  47 
  0  47   1  32   2  44   3  37   4  28   5  19   6  27   7  45   8  26   9  46  10  20  11  39  12  43  13  46  14  46  15  25  16  35  17  42  18  29  19  47 
  0  49   1  32   2  43   3  36   4  27   5  18   6  27   7  43   8  26   9  45  10  20  11  42  12  43  13  45  14  46  15  25  16  35  17  41  18  28  19  46 
  0  45   1  33   2  43   3  39   4  28   5  19   6  30   7  46   8  24   9  45  10  23  11  38  12  46  13  47  14  47  15  26  16  37  17  41  18  30  19  45 
  0  47   1  32   2  46   3  39   4  27   5  20   6  30   7  44   8  26   9  45  10  20  11  43  12  46  13  48  14  47  15  26  16  36  17  40  18  30  19  47 
  0  52   1  33   2  46   3  39   4  31   5  22   6  31   7  48   8  28   9  46  10  23  11  44  12  49  13  48  14  50  15  25  16  36  17  42  18  28  19  47 
  0  45   1  32   2  41   3  35   4  28   5  19   6  30   7  40   8  22   9  45  10  20  11  36  12  41  13  45  14  40  15  22  16  36  17  41  18  29  19  45 
  0  46   1  33   2  42   3  36   4  28   5  20   6  30   7  44   8  27   9  45  10  21  11  42  12  46  13  43  14  47  15  22  16  36  17  41  18  28  19  48 
  0  50   1  31   2  47   3  39   4  31   5  24   6  30   7  46   8  26   9  47  10  21  11  43  12  49  13  46  14  48  15  23  16  37  17  42  18  30  19  48 
  0  52   1  33   2  46   3  39   4  28   5  24   6  31   7  48   8  27   9  46  10  24  11  43  12  46  13  48  14  49  15  24  16  37  17  41  18  30  19  48 
  0  52   1  32   2  48   3  38   4  31   5  22   6  28   7  48   8  28   9  47  10  24  11  42  12  45  13  47  14  46  15  24  16  36  17  41  18  30  19  47 
  0  48   1  32   2  45   3  39   4  28   5  23   6  28   7  45   8  24   9  45  10  20  11  39  12  48  13  45  14  44  15  23  16  35  17  39  18  30  19  48 
  0  49   1  34   2  45   3  38   4  31   5  21   6  31   7  48   8  27   9  47  10  24  11  44  12  47  13  48  14  50  15  24  16  37  17  41  18  30  19  48 


