
 20  20

  0  72   1  64   2  74   3  58   4  62   5  56   6  60   7  71   8  67   9  60  10  60  11  57  12  57  13  62  14  77  15  55  16  59  17  52  18  59  19  73 
  0  77   1  69   2  76   3  59   4  65   5  61   6  62   7  70   8  67   9  63  10  61  11  60  12  62  13  63  14  81  15  55  16  63  17  54  18  59  19  74 
  0  72   1  64   2  73   3  56   4  59   5  56   6  62   7  69   8  68   9  59  10  58  11  56  12  60  13  61  14  77  15  54  16  60  17  51  18  60  19  72 
  0  72   1  64   2  74   3  58   4  61   5  58   6  60   7  69   8  67   9  61  10  61  11  56  12  59  13  61  14  76  15  56  16  60  17  51  18  60  19  73 
  0  80   1  70   2  76   3  63   4  69   5  61   6  61   7  73   8  68   9  63  10  64  11  62  12  63  13  65  14  81  15  58  16  63  17  58  18  61  19  78 
  0  79   1  68   2  75   3  58   4  66   5  60   6  62   7  69   8  69   9  60  10  59  11  59  12  60  13  65  14  79  15  54  16  63  17  56  18  59  19  74 
  0  79   1  70   2  76   3  60   4  65   5  60   6  62   7  71   8  68   9  63  10  63  11  58  12  61  13  63  14  78  15  56  16  61  17  54  18  61  19  74 
  0  78   1  69   2  75   3  61   4  67   5  59   6  60   7  71   8  67   9  63  10  60  11  60  12  63  13  65  14  77  15  57  16  61  17  54  18  61  19  75 
  0  73   1  68   2  76   3  56   4  61   5  58   6  61   7  71   8  69   9  60  10  60  11  58  12  60  13  61  14  76  15  55  16  61  17  54  18  59  19  74 
  0  79   1  68   2  77   3  60   4  63   5  59   6  60   7  69   8  68   9  59  10  64  11  62  12  62  13  61  14  77  15  57  16  63  17  57  18  59  19  75 
  0  82   1  70   2  75   3  61   4  65   5  61   6  62   7  71   8  67   9  63  10  64  11  62  12  61  13  63  14  79  15  57  16  62  17  59  18  61  19  76 
  0  75   1  66   2  75   3  60   4  59   5  56   6  61   7  71   8  67   9  59  10  58  11  57  12  60  13  64  14  76  15  54  16  59  17  53  18  59  19  72 
  0  78   1  64   2  75   3  59   4  63   5  57   6  60   7  69   8  68   9  59  10  60  11  60  12  61  13  64  14  76  15  53  16  59  17  56  18  59  19  73 
  0  72   1  66   2  74   3  56   4  60   5  58   6  60   7  71   8  67   9  59  10  58  11  56  12  58  13  63  14  76  15  55  16  59  17  53  18  61  19  72 
  0  76   1  67   2  74   3  60   4  60   5  56   6  60   7  69   8  67   9  59  10  61  11  58  12  59  13  63  14  78  15  55  16  60  17  54  18  59  19  74 
  0  75   1  67   2  74   3  60   4  61   5  57   6  60   7  69   8  67   9  59  10  61  11  60  12  58  13  61  14  79  15  54  16  59  17  54  18  60  19  73 
  0  75   1  68   2  76   3  59   4  63   5  60   6  62   7  70   8  67   9  60  10  60  11  58  12  58  13  61  14  77  15  56  16  59  17  51  18  59  19  74 
  0  77   1  66   2  76   3  57   4  61   5  57   6  62   7  69   8  69   9  60  10  58  11  58  12  62  13  61  14  77  15  55  16  59  17  54  18  59  19  74 
  0  80   1  70   2  77   3  64   4  68   5  61   6  61   7  72   8  68   9  63  10  61  11  59  12  64  13  65  14  80  15  59  16  63  17  57  18  59  19  77 
  0  81   1  70   2  76   3  64   4  69   5  60   6  62   7  73   8  67   9  63  10  64  11  60  12  64  13  65  14  80  15  59  16  63  17  59  18  59  19  78 


