
 20  20

  0  60   1  59   2  79   3  59   4  79   5  80   6  70   7  77   8  71   9  63  10  73  11  62  12  80  13  65  14  79  15  81  16  71  17  78  18  60  19  57 
  0  66   1  62   2  85   3  65   4  85   5  87   6  76   7  77   8  75   9  66  10  73  11  67  12  83  13  69  14  84  15  86  16  70  17  81  18  65  19  65 
  0  63   1  58   2  78   3  61   4  79   5  80   6  69   7  79   8  74   9  64  10  73  11  62  12  80  13  65  14  79  15  81  16  71  17  78  18  61  19  57 
  0  68   1  64   2  81   3  66   4  85   5  85   6  77   7  79   8  76   9  64  10  74  11  66  12  86  13  67  14  82  15  85  16  70  17  82  18  65  19  64 
  0  65   1  64   2  84   3  63   4  87   5  87   6  74   7  77   8  76   9  66  10  73  11  64  12  85  13  69  14  87  15  87  16  73  17  84  18  64  19  62 
  0  63   1  62   2  82   3  63   4  83   5  83   6  75   7  77   8  73   9  63  10  74  11  67  12  85  13  68  14  80  15  86  16  71  17  80  18  59  19  59 
  0  60   1  58   2  77   3  60   4  81   5  80   6  72   7  77   8  74   9  63  10  75  11  62  12  82  13  65  14  79  15  81  16  70  17  78  18  58  19  59 
  0  66   1  65   2  85   3  63   4  87   5  85   6  78   7  77   8  78   9  66  10  75  11  65  12  84  13  69  14  84  15  88  16  70  17  83  18  62  19  63 
  0  60   1  57   2  77   3  60   4  78   5  80   6  69   7  77   8  73   9  65  10  73  11  63  12  83  13  66  14  81  15  82  16  69  17  79  18  59  19  57 
  0  66   1  63   2  84   3  62   4  84   5  88   6  75   7  78   8  78   9  64  10  75  11  65  12  86  13  69  14  84  15  89  16  73  17  83  18  62  19  65 
  0  61   1  58   2  77   3  59   4  78   5  80   6  71   7  78   8  73   9  65  10  75  11  62  12  82  13  66  14  79  15  82  16  69  17  81  18  58  19  57 
  0  62   1  60   2  80   3  60   4  78   5  80   6  69   7  77   8  74   9  66  10  73  11  64  12  82  13  67  14  79  15  81  16  69  17  81  18  59  19  57 
  0  70   1  67   2  86   3  67   4  88   5  90   6  79   7  79   8  81   9  64  10  75  11  66  12  87  13  66  14  84  15  89  16  73  17  81  18  64  19  67 
  0  60   1  57   2  77   3  59   4  78   5  80   6  69   7  78   8  71   9  64  10  75  11  62  12  81  13  66  14  80  15  81  16  69  17  80  18  58  19  57 
  0  65   1  63   2  82   3  65   4  86   5  88   6  77   7  78   8  80   9  67  10  74  11  65  12  88  13  67  14  86  15  90  16  71  17  82  18  66  19  63 
  0  68   1  65   2  82   3  63   4  85   5  87   6  73   7  77   8  79   9  67  10  73  11  67  12  84  13  69  14  85  15  89  16  72  17  80  18  62  19  62 
  0  64   1  62   2  81   3  65   4  82   5  84   6  77   7  79   8  75   9  66  10  74  11  64  12  86  13  67  14  86  15  88  16  73  17  80  18  65  19  62 
  0  65   1  62   2  83   3  64   4  83   5  82   6  73   7  78   8  77   9  67  10  75  11  63  12  85  13  67  14  83  15  83  16  70  17  81  18  61  19  62 
  0  68   1  67   2  84   3  65   4  88   5  90   6  79   7  79   8  79   9  67  10  74  11  68  12  86  13  67  14  85  15  91  16  73  17  84  18  63  19  66 
  0  70   1  67   2  86   3  65   4  86   5  90   6  77   7  79   8  81   9  67  10  75  11  68  12  86  13  67  14  87  15  91  16  73  17  84  18  65  19  67 


