
 20  20

  0  69   1  90   2  87   3  85   4  96   5  97   6  88   7  83   8  77   9  79  10  89  11  71  12  91  13  85  14  92  15  72  16  69  17  68  18  69  19  79 
  0  69   1  88   2  87   3  85   4  97   5  95   6  89   7  85   8  77   9  79  10  88  11  73  12  92  13  85  14  91  15  70  16  71  17  70  18  69  19  78 
  0  79   1  91   2  88   3  86   4  99   5  97   6  90   7  93   8  83   9  81  10  92  11  76  12  93  13  86  14  98  15  72  16  71  17  70  18  77  19  80 
  0  72   1  88   2  87   3  87   4  98   5  95   6  90   7  87   8  80   9  80  10  89  11  71  12  93  13  85  14  92  15  70  16  69  17  70  18  74  19  79 
  0  76   1  92   2  87   3  85   4  99   5  97   6  90   7  88   8  85   9  81  10  90  11  73  12  91  13  87  14  99  15  70  16  69  17  72  18  74  19  80 
  0  79   1  92   2  87   3  87   4  98   5  95   6  90   7  92   8  84   9  81  10  90  11  76  12  93  13  87  14  99  15  72  16  71  17  70  18  78  19  79 
  0  72   1  88   2  89   3  85   4  98   5  97   6  90   7  88   8  78   9  79  10  89  11  74  12  93  13  87  14  96  15  70  16  70  17  71  18  71  19  77 
  0  76   1  92   2  88   3  85   4  99   5  95   6  89   7  90   8  81   9  81  10  92  11  74  12  91  13  87  14  97  15  72  16  71  17  69  18  78  19  78 
  0  69   1  90   2  89   3  85   4  96   5  95   6  88   7  86   8  78   9  80  10  88  11  73  12  92  13  85  14  91  15  70  16  70  17  68  18  69  19  79 
  0  78   1  92   2  89   3  87   4  99   5  95   6  88   7  93   8  85   9  80  10  92  11  75  12  93  13  87  14  99  15  70  16  71  17  72  18  78  19  81 
  0  78   1  90   2  88   3  87   4  99   5  96   6  88   7  88   8  83   9  79  10  89  11  74  12  92  13  86  14  97  15  72  16  69  17  70  18  77  19  78 
  0  70   1  89   2  89   3  85   4  94   5  96   6  89   7  87   8  80   9  81  10  88  11  72  12  92  13  87  14  93  15  70  16  69  17  68  18  73  19  80 
  0  70   1  88   2  87   3  87   4  96   5  95   6  90   7  86   8  80   9  79  10  88  11  71  12  91  13  85  14  93  15  71  16  69  17  68  18  72  19  78 
  0  76   1  90   2  89   3  85   4  98   5  95   6  88   7  87   8  83   9  81  10  88  11  74  12  91  13  85  14  93  15  72  16  70  17  68  18  76  19  80 
  0  69   1  88   2  88   3  85   4  96   5  97   6  89   7  83   8  78   9  80  10  89  11  70  12  91  13  87  14  91  15  71  16  69  17  68  18  69  19  77 
  0  70   1  88   2  89   3  85   4  95   5  95   6  89   7  84   8  79   9  80  10  90  11  72  12  91  13  85  14  92  15  71  16  71  17  71  18  71  19  78 
  0  74   1  91   2  88   3  87   4  98   5  97   6  89   7  86   8  78   9  80  10  90  11  74  12  92  13  85  14  95  15  72  16  71  17  70  18  72  19  80 
  0  73   1  89   2  88   3  85   4  94   5  95   6  90   7  85   8  80   9  80  10  88  11  74  12  91  13  85  14  93  15  70  16  69  17  69  18  71  19  78 
  0  73   1  90   2  88   3  85   4  96   5  97   6  89   7  90   8  83   9  81  10  89  11  71  12  93  13  85  14  97  15  70  16  69  17  71  18  73  19  77 
  0  74   1  88   2  87   3  85   4  96   5  95   6  90   7  86   8  82   9  80  10  91  11  73  12  92  13  87  14  93  15  72  16  69  17  68  18  75  19  81 


