
 20  20

  0  12   1  15   2  19   3  36   4  30   5  21   6  29   7  37   8  29   9  38  10  14  11  10  12  32  13  34  14  15  15  22  16  28  17  15  18  12  19  11 
  0  11   1  15   2  13   3  31   4  23   5  14   6  27   7  30   8  27   9  34  10  10  11   7  12  27  13  25  14  10  15  20  16  24  17  10  18   3  19   9 
  0  14   1  15   2  18   3  37   4  27   5  22   6  30   7  36   8  30   9  36  10  11  11  13  12  30  13  32  14  15  15  22  16  31  17  18  18  13  19  13 
  0   7   1  13   2  13   3  29   4  22   5  14   6  27   7  29   8  26   9  32  10  10  11   7  12  23  13  26  14  13  15  21  16  25  17  12  18   3  19   7 
  0  16   1  15   2  18   3  33   4  29   5  19   6  29   7  37   8  29   9  36  10  14  11  11  12  33  13  35  14  15  15  21  16  30  17  14  18   9  19  11 
  0  16   1  13   2  19   3  36   4  26   5  20   6  31   7  38   8  28   9  35  10  11  11  13  12  29  13  34  14  18  15  20  16  33  17  18  18  12  19  13 
  0   9   1  15   2  16   3  31   4  24   5  15   6  28   7  31   8  25   9  34  10  10  11  10  12  23  13  27  14  10  15  20  16  23  17  10  18   4  19   8 
  0  11   1  15   2  16   3  35   4  27   5  16   6  31   7  33   8  27   9  33  10  10  11  11  12  27  13  32  14  14  15  22  16  27  17  15  18   8  19  11 
  0   7   1  15   2  13   3  33   4  22   5  17   6  29   7  32   8  27   9  34  10  10  11   8  12  25  13  26  14  12  15  20  16  25  17  13  18   3  19   7 
  0   7   1  15   2  15   3  32   4  24   5  13   6  27   7  29   8  24   9  32  10  10  11   9  12  24  13  25  14  13  15  20  16  25  17  13  18   6  19   7 
  0  11   1  13   2  14   3  31   4  26   5  14   6  27   7  32   8  25   9  36  10  13  11   7  12  24  13  27  14  12  15  22  16  25  17  14  18   6  19   8 
  0   8   1  13   2  15   3  29   4  22   5  16   6  29   7  30   8  27   9  34  10  12  11  11  12  26  13  30  14  13  15  22  16  24  17  14  18   8  19  11 
  0  11   1  13   2  14   3  33   4  26   5  16   6  29   7  34   8  27   9  34  10  14  11  11  12  26  13  28  14  16  15  20  16  26  17  15  18   8  19   8 
  0  13   1  15   2  14   3  33   4  28   5  18   6  29   7  32   8  27   9  33  10  12  11  11  12  26  13  28  14  16  15  22  16  26  17  15  18   6  19   9 
  0  14   1  13   2  15   3  34   4  27   5  21   6  30   7  38   8  32   9  36  10  12  11  11  12  30  13  30  14  15  15  20  16  30  17  14  18  11  19  12 
  0  16   1  14   2  19   3  35   4  29   5  22   6  31   7  38   8  30   9  36  10  14  11  13  12  33  13  32  14  16  15  22  16  30  17  16  18  10  19  13 
  0  10   1  14   2  17   3  32   4  26   5  15   6  27   7  34   8  26   9  34  10  11  11   8  12  25  13  31  14  15  15  22  16  28  17  14  18   5  19  10 
  0   8   1  14   2  13   3  30   4  25   5  16   6  27   7  29   8  25   9  32  10  10  11   8  12  23  13  28  14  12  15  20  16  26  17  10  18   3  19   8 
  0   7   1  15   2  13   3  29   4  25   5  13   6  28   7  32   8  27   9  32  10  10  11   7  12  25  13  27  14  10  15  20  16  26  17  11  18   3  19   8 
  0   7   1  13   2  15   3  30   4  22   5  13   6  29   7  30   8  24   9  33  10  12  11  10  12  23  13  26  14  10  15  21  16  25  17  12  18   6  19   8 


