
 20  20

  0  45   1  49   2  63   3  59   4  39   5  49   6  58   7  63   8  61   9  48  10  38  11  43  12  45  13  40  14  57  15  48  16  65  17  56  18  55  19  40 
  0  43   1  51   2  63   3  56   4  40   5  49   6  56   7  62   8  60   9  46  10  40  11  43  12  46  13  40  14  60  15  50  16  63  17  56  18  54  19  36 
  0  42   1  48   2  62   3  55   4  37   5  45   6  53   7  65   8  62   9  48  10  40  11  43  12  43  13  42  14  55  15  44  16  63  17  55  18  49  19  34 
  0  42   1  47   2  62   3  58   4  36   5  46   6  53   7  62   8  59   9  46  10  38  11  42  12  42  13  40  14  54  15  46  16  63  17  52  18  49  19  33 
  0  46   1  51   2  64   3  59   4  39   5  50   6  59   7  66   8  62   9  48  10  38  11  42  12  43  13  42  14  59  15  53  16  63  17  56  18  56  19  40 
  0  38   1  44   2  59   3  55   4  36   5  44   6  51   7  60   8  58   9  46  10  38  11  41  12  42  13  41  14  54  15  43  16  63  17  52  18  49  19  32 
  0  44   1  47   2  61   3  57   4  39   5  49   6  57   7  64   8  63   9  46  10  40  11  43  12  45  13  41  14  58  15  50  16  65  17  56  18  52  19  36 
  0  41   1  50   2  61   3  55   4  41   5  45   6  55   7  64   8  60   9  46  10  39  11  42  12  45  13  41  14  60  15  47  16  63  17  52  18  51  19  36 
  0  38   1  48   2  62   3  56   4  36   5  44   6  52   7  64   8  58   9  48  10  39  11  42  12  42  13  41  14  55  15  43  16  65  17  53  18  48  19  35 
  0  48   1  51   2  66   3  57   4  40   5  52   6  58   7  66   8  64   9  46  10  38  11  41  12  46  13  42  14  61  15  53  16  65  17  55  18  56  19  42 
  0  48   1  53   2  67   3  59   4  40   5  51   6  60   7  67   8  63   9  48  10  40  11  42  12  45  13  42  14  60  15  53  16  64  17  54  18  56  19  41 
  0  42   1  48   2  58   3  58   4  36   5  44   6  54   7  64   8  60   9  46  10  38  11  42  12  45  13  40  14  56  15  47  16  63  17  52  18  50  19  34 
  0  44   1  46   2  60   3  55   4  38   5  44   6  55   7  63   8  60   9  46  10  40  11  42  12  44  13  42  14  58  15  49  16  65  17  55  18  50  19  37 
  0  46   1  51   2  67   3  57   4  40   5  50   6  61   7  65   8  63   9  48  10  39  11  43  12  43  13  42  14  61  15  52  16  65  17  55  18  54  19  41 
  0  41   1  49   2  65   3  59   4  40   5  48   6  58   7  64   8  61   9  47  10  40  11  43  12  46  13  42  14  60  15  46  16  65  17  52  18  53  19  38 
  0  41   1  47   2  59   3  58   4  37   5  44   6  53   7  60   8  58   9  47  10  40  11  41  12  44  13  41  14  55  15  47  16  63  17  52  18  47  19  32 
  0  39   1  44   2  58   3  55   4  38   5  44   6  51   7  63   8  59   9  48  10  38  11  41  12  42  13  40  14  57  15  45  16  64  17  54  18  48  19  32 
  0  40   1  47   2  58   3  55   4  38   5  45   6  51   7  61   8  58   9  48  10  40  11  41  12  43  13  41  14  57  15  43  16  63  17  52  18  48  19  34 
  0  43   1  49   2  64   3  59   4  41   5  51   6  57   7  67   8  62   9  47  10  40  11  43  12  44  13  42  14  59  15  48  16  63  17  53  18  53  19  39 
  0  42   1  49   2  63   3  55   4  39   5  44   6  57   7  64   8  61   9  47  10  38  11  43  12  42  13  42  14  58  15  45  16  64  17  55  18  50  19  37 


