
 20  20

  0  99   1  98   2  90   3  99   4  91   5  98   6  94   7  99   8  91   9  98  10  93  11  71  12  90  13  90  14  88  15  94  16  87  17  99  18  76  19  90 
  0  95   1  98   2  92   3  92   4  85   5  95   6  93   7  92   8  87   9  89  10  93  11  70  12  86  13  88  14  82  15  92  16  79  17  93  18  76  19  85 
  0  99   1  98   2  91   3  97   4  88   5  95   6  93   7  98   8  88   9  96  10  94  11  69  12  88  13  87  14  88  15  94  16  86  17  99  18  75  19  88 
  0  97   1  97   2  91   3  97   4  87   5  96   6  92   7  96   8  85   9  93  10  94  11  69  12  88  13  88  14  82  15  94  16  82  17  95  18  76  19  87 
  0  94   1  96   2  90   3  95   4  87   5  96   6  91   7  97   8  88   9  92  10  93  11  71  12  83  13  85  14  84  15  94  16  83  17  95  18  75  19  85 
  0  96   1  96   2  91   3  99   4  90   5  98   6  92   7  99   8  88   9  94  10  93  11  69  12  89  13  87  14  84  15  92  16  84  17  98  18  75  19  86 
  0  94   1  96   2  91   3  92   4  85   5  92   6  90   7  95   8  88   9  90  10  92  11  69  12  85  13  84  14  81  15  92  16  81  17  94  18  74  19  83 
  0  91   1  97   2  92   3  91   4  87   5  92   6  90   7  94   8  85   9  88  10  91  11  69  12  82  13  84  14  82  15  93  16  79  17  91  18  74  19  85 
  0  96   1  96   2  91   3  97   4  89   5  96   6  94   7  98   8  88   9  94  10  93  11  70  12  86  13  86  14  86  15  94  16  81  17  94  18  74  19  87 
  0  93   1  98   2  91   3  96   4  87   5  93   6  93   7  94   8  89   9  90  10  94  11  69  12  85  13  87  14  86  15  94  16  85  17  96  18  75  19  86 
  0  94   1  96   2  90   3  94   4  88   5  95   6  90   7  94   8  86   9  91  10  93  11  69  12  85  13  84  14  82  15  92  16  79  17  91  18  74  19  86 
  0  93   1  97   2  91   3  96   4  88   5  94   6  93   7  97   8  89   9  90  10  91  11  70  12  86  13  88  14  84  15  94  16  82  17  92  18  75  19  84 
  0  98   1  98   2  90   3  99   4  89   5  94   6  91   7  99   8  87   9  96  10  95  11  69  12  90  13  86  14  86  15  92  16  84  17  98  18  74  19  87 
  0  99   1  98   2  92   3  98   4  89   5  95   6  92   7  97   8  91   9  97  10  94  11  70  12  89  13  88  14  89  15  94  16  87  17  99  18  76  19  91 
  0  91   1  96   2  91   3  94   4  85   5  92   6  90   7  94   8  85   9  88  10  91  11  69  12  82  13  85  14  82  15  92  16  79  17  93  18  74  19  85 
  0  96   1  98   2  90   3  98   4  91   5  96   6  91   7  96   8  88   9  95  10  95  11  69  12  87  13  89  14  85  15  94  16  84  17  94  18  76  19  86 
  0  99   1  96   2  90   3  97   4  91   5  96   6  94   7  99   8  88   9  97  10  93  11  71  12  87  13  89  14  85  15  94  16  87  17  99  18  74  19  90 
  0  99   1  98   2  92   3  98   4  88   5  95   6  92   7  99   8  90   9  97  10  94  11  69  12  90  13  90  14  87  15  94  16  85  17  96  18  75  19  91 
  0  92   1  98   2  90   3  91   4  86   5  95   6  91   7  93   8  88   9  91  10  92  11  69  12  86  13  86  14  81  15  93  16  83  17  95  18  74  19  86 
  0  96   1  97   2  92   3  98   4  86   5  97   6  91   7  95   8  88   9  92  10  94  11  70  12  86  13  86  14  85  15  94  16  83  17  93  18  74  19  89 


