
 20  20

  0  61   1  59   2  42   3  40   4  40   5  64   6  60   7  65   8  53   9  48  10  65  11  64  12  37  13  44  14  37  15  64  16  47  17  53  18  60  19  60 
  0  61   1  60   2  41   3  40   4  41   5  62   6  60   7  65   8  53   9  49  10  66  11  66  12  38  13  44  14  38  15  63  16  45  17  54  18  61  19  59 
  0  63   1  62   2  40   3  43   4  42   5  63   6  64   7  67   8  55   9  50  10  64  11  65  12  41  13  45  14  39  15  63  16  45  17  55  18  62  19  60 
  0  62   1  59   2  44   3  40   4  43   5  62   6  62   7  65   8  52   9  51  10  67  11  67  12  37  13  44  14  40  15  65  16  48  17  53  18  60  19  60 
  0  65   1  61   2  44   3  43   4  45   5  64   6  62   7  67   8  54   9  48  10  66  11  69  12  38  13  44  14  40  15  64  16  45  17  53  18  62  19  58 
  0  67   1  63   2  43   3  41   4  44   5  63   6  65   7  66   8  57   9  49  10  64  11  68  12  42  13  46  14  39  15  63  16  48  17  55  18  60  19  61 
  0  71   1  62   2  46   3  44   4  47   5  65   6  68   7  65   8  58   9  49  10  69  11  72  12  42  13  48  14  44  15  66  16  48  17  55  18  62  19  63 
  0  61   1  60   2  40   3  40   4  41   5  62   6  60   7  65   8  51   9  49  10  66  11  64  12  38  13  44  14  37  15  63  16  45  17  53  18  60  19  58 
  0  67   1  59   2  46   3  40   4  45   5  64   6  63   7  66   8  58   9  50  10  69  11  66  12  42  13  44  14  43  15  63  16  49  17  53  18  62  19  60 
  0  68   1  61   2  43   3  42   4  48   5  65   6  67   7  67   8  57   9  48  10  66  11  70  12  41  13  47  14  40  15  63  16  51  17  53  18  62  19  63 
  0  67   1  59   2  42   3  42   4  46   5  66   6  62   7  67   8  55   9  52  10  69  11  66  12  41  13  46  14  42  15  66  16  47  17  53  18  62  19  62 
  0  65   1  63   2  46   3  44   4  45   5  66   6  66   7  65   8  58   9  50  10  67  11  70  12  43  13  46  14  41  15  65  16  48  17  55  18  62  19  61 
  0  71   1  63   2  46   3  43   4  49   5  68   6  67   7  67   8  61   9  52  10  70  11  70  12  42  13  48  14  44  15  66  16  51  17  55  18  62  19  63 
  0  69   1  61   2  44   3  43   4  48   5  63   6  68   7  67   8  57   9  49  10  67  11  67  12  42  13  45  14  44  15  65  16  46  17  53  18  61  19  61 
  0  64   1  60   2  40   3  40   4  40   5  62   6  63   7  65   8  54   9  48  10  67  11  68  12  40  13  44  14  41  15  63  16  46  17  55  18  61  19  61 
  0  67   1  61   2  42   3  44   4  46   5  65   6  64   7  65   8  53   9  48  10  67  11  66  12  43  13  44  14  39  15  66  16  46  17  55  18  62  19  62 
  0  62   1  59   2  42   3  40   4  43   5  65   6  62   7  66   8  53   9  48  10  65  11  65  12  37  13  44  14  37  15  65  16  48  17  54  18  62  19  58 
  0  70   1  63   2  48   3  43   4  48   5  66   6  68   7  67   8  61   9  52  10  69  11  70  12  45  13  47  14  42  15  67  16  51  17  55  18  60  19  64 
  0  67   1  62   2  45   3  43   4  46   5  67   6  66   7  66   8  55   9  51  10  69  11  69  12  39  13  47  14  43  15  63  16  49  17  53  18  61  19  63 
  0  66   1  59   2  44   3  40   4  44   5  62   6  61   7  65   8  56   9  48  10  65  11  67  12  37  13  44  14  37  15  63  16  49  17  55  18  62  19  60 


