
 20  20

  0  41   1  60   2  66   3  56   4  60   5  45   6  40   7  50   8  57   9  60  10  39  11  49  12  56  13  42  14  45  15  48  16  44  17  39  18  43  19  49 
  0  51   1  61   2  68   3  58   4  61   5  55   6  47   7  54   8  60   9  65  10  41  11  59  12  61  13  43  14  49  15  52  16  54  17  43  18  50  19  53 
  0  43   1  60   2  68   3  56   4  60   5  46   6  41   7  49   8  56   9  63  10  40  11  52  12  55  13  42  14  45  15  51  16  45  17  41  18  44  19  49 
  0  43   1  61   2  66   3  56   4  60   5  47   6  43   7  52   8  57   9  62  10  41  11  52  12  57  13  44  14  45  15  48  16  47  17  43  18  46  19  49 
  0  46   1  60   2  67   3  57   4  61   5  47   6  44   7  53   8  57   9  62  10  41  11  55  12  56  13  42  14  44  15  52  16  49  17  41  18  46  19  49 
  0  42   1  60   2  68   3  57   4  60   5  46   6  41   7  51   8  57   9  60  10  40  11  51  12  58  13  42  14  47  15  48  16  49  17  39  18  45  19  47 
  0  49   1  62   2  68   3  57   4  58   5  51   6  43   7  53   8  58   9  65  10  41  11  53  12  58  13  42  14  49  15  51  16  49  17  41  18  46  19  52 
  0  44   1  62   2  66   3  55   4  59   5  47   6  42   7  51   8  56   9  62  10  39  11  51  12  59  13  42  14  47  15  48  16  46  17  40  18  46  19  50 
  0  51   1  62   2  68   3  58   4  61   5  53   6  44   7  54   8  58   9  66  10  41  11  58  12  60  13  44  14  49  15  51  16  54  17  45  18  50  19  52 
  0  50   1  60   2  68   3  58   4  61   5  51   6  47   7  55   8  57   9  63  10  39  11  55  12  61  13  44  14  46  15  50  16  54  17  45  18  50  19  53 
  0  49   1  62   2  67   3  58   4  59   5  53   6  43   7  53   8  57   9  66  10  39  11  55  12  57  13  44  14  48  15  50  16  50  17  42  18  49  19  52 
  0  49   1  60   2  66   3  58   4  61   5  55   6  45   7  53   8  58   9  66  10  39  11  59  12  61  13  44  14  48  15  51  16  54  17  44  18  47  19  52 
  0  46   1  60   2  66   3  56   4  60   5  52   6  45   7  54   8  59   9  63  10  39  11  52  12  59  13  44  14  44  15  48  16  50  17  41  18  45  19  52 
  0  45   1  60   2  68   3  56   4  60   5  49   6  40   7  49   8  54   9  60  10  39  11  53  12  55  13  42  14  45  15  48  16  45  17  41  18  44  19  49 
  0  51   1  60   2  68   3  57   4  60   5  55   6  46   7  56   8  57   9  65  10  39  11  59  12  60  13  43  14  49  15  50  16  54  17  42  18  50  19  50 
  0  41   1  62   2  66   3  57   4  60   5  47   6  40   7  49   8  57   9  60  10  39  11  51  12  57  13  42  14  43  15  48  16  44  17  41  18  42  19  48 
  0  44   1  60   2  66   3  54   4  59   5  45   6  41   7  48   8  57   9  60  10  39  11  52  12  58  13  42  14  43  15  48  16  44  17  39  18  45  19  47 
  0  51   1  61   2  67   3  58   4  60   5  52   6  45   7  56   8  58   9  66  10  41  11  59  12  60  13  44  14  49  15  49  16  51  17  42  18  50  19  51 
  0  47   1  62   2  67   3  54   4  61   5  51   6  45   7  53   8  59   9  65  10  41  11  56  12  61  13  44  14  48  15  52  16  50  17  43  18  48  19  50 
  0  44   1  60   2  68   3  55   4  61   5  47   6  43   7  50   8  56   9  65  10  40  11  52  12  56  13  44  14  47  15  52  16  50  17  41  18  45  19  50 


