
 20  20

  0  81   1  78   2  94   3  69   4  88   5  87   6  89   7  81   8  69   9  79  10  75  11  94  12  94  13  90  14  73  15  88  16  77  17  76  18  82  19  87 
  0  84   1  78   2  92   3  70   4  87   5  89   6  89   7  86   8  71   9  82  10  78  11  95  12  98  13  90  14  71  15  92  16  80  17  75  18  84  19  88 
  0  86   1  80   2  94   3  72   4  91   5  89   6  89   7  84   8  71   9  83  10  79  11  95  12  99  13  87  14  73  15  91  16  80  17  73  18  85  19  92 
  0  85   1  79   2  93   3  69   4  86   5  87   6  86   7  86   8  71   9  83  10  78  11  92  12  98  13  88  14  72  15  89  16  76  17  75  18  86  19  91 
  0  81   1  80   2  94   3  67   4  85   5  88   6  88   7  83   8  68   9  81  10  74  11  93  12  94  13  86  14  73  15  92  16  74  17  74  18  81  19  90 
  0  82   1  80   2  92   3  68   4  86   5  87   6  85   7  82   8  70   9  78  10  74  11  93  12  96  13  89  14  70  15  88  16  75  17  72  18  83  19  90 
  0  79   1  77   2  91   3  69   4  83   5  87   6  87   7  82   8  70   9  80  10  75  11  94  12  97  13  86  14  73  15  89  16  74  17  74  18  82  19  86 
  0  78   1  79   2  89   3  68   4  82   5  87   6  87   7  81   8  67   9  79  10  71  11  93  12  95  13  87  14  70  15  90  16  72  17  75  18  79  19  89 
  0  84   1  81   2  94   3  71   4  85   5  88   6  85   7  81   8  69   9  78  10  76  11  93  12  95  13  90  14  74  15  90  16  79  17  75  18  81  19  90 
  0  83   1  79   2  94   3  68   4  88   5  87   6  89   7  82   8  68   9  79  10  76  11  93  12  96  13  88  14  73  15  92  16  77  17  74  18  82  19  88 
  0  83   1  79   2  95   3  70   4  90   5  88   6  87   7  83   8  69   9  83  10  77  11  95  12  98  13  89  14  74  15  90  16  79  17  74  18  84  19  91 
  0  83   1  78   2  94   3  69   4  86   5  88   6  88   7  83   8  67   9  82  10  74  11  93  12  97  13  87  14  72  15  88  16  77  17  73  18  82  19  88 
  0  76   1  77   2  92   3  67   4  82   5  89   6  86   7  82   8  69   9  78  10  72  11  91  12  95  13  86  14  71  15  88  16  75  17  73  18  78  19  86 
  0  82   1  77   2  93   3  66   4  85   5  87   6  86   7  80   8  70   9  80  10  73  11  91  12  94  13  88  14  71  15  88  16  76  17  74  18  82  19  87 
  0  79   1  80   2  89   3  68   4  85   5  87   6  87   7  82   8  68   9  79  10  72  11  94  12  96  13  88  14  71  15  88  16  72  17  74  18  81  19  86 
  0  76   1  79   2  91   3  66   4  82   5  87   6  87   7  80   8  67   9  77  10  71  11  92  12  93  13  86  14  70  15  88  16  72  17  72  18  79  19  88 
  0  76   1  78   2  89   3  66   4  81   5  89   6  85   7  82   8  67   9  78  10  72  11  92  12  95  13  86  14  70  15  88  16  72  17  72  18  80  19  88 
  0  77   1  79   2  89   3  64   4  85   5  88   6  86   7  83   8  67   9  80  10  70  11  91  12  94  13  86  14  70  15  91  16  72  17  74  18  78  19  86 
  0  81   1  77   2  92   3  66   4  86   5  88   6  86   7  84   8  69   9  81  10  74  11  93  12  97  13  86  14  72  15  90  16  73  17  72  18  79  19  89 
  0  81   1  77   2  91   3  70   4  83   5  88   6  89   7  83   8  69   9  79  10  72  11  94  12  95  13  87  14  74  15  88  16  74  17  74  18  79  19  90 


