
 20  20

  0  61   1  38   2  41   3  52   4  31   5  58   6  53   7  58   8  50   9  37  10  53  11  32  12  35  13  31  14  32  15  49  16  51  17  37  18  52  19  45 
  0  55   1  35   2  36   3  52   4  31   5  54   6  48   7  56   8  50   9  33  10  51  11  33  12  35  13  27  14  28  15  49  16  49  17  34  18  48  19  43 
  0  54   1  30   2  37   3  48   4  33   5  52   6  47   7  55   8  51   9  31  10  49  11  28  12  32  13  28  14  29  15  50  16  45  17  37  18  48  19  44 
  0  57   1  35   2  40   3  49   4  31   5  54   6  51   7  56   8  52   9  35  10  52  11  33  12  35  13  28  14  30  15  51  16  46  17  34  18  48  19  45 
  0  53   1  31   2  39   3  50   4  29   5  53   6  48   7  56   8  52   9  31  10  49  11  31  12  31  13  25  14  29  15  50  16  47  17  34  18  45  19  45 
  0  60   1  38   2  40   3  51   4  33   5  57   6  53   7  57   8  52   9  36  10  53  11  34  12  33  13  30  14  34  15  51  16  49  17  38  18  53  19  45 
  0  58   1  34   2  40   3  49   4  29   5  54   6  49   7  55   8  50   9  33  10  53  11  29  12  32  13  30  14  29  15  51  16  47  17  36  18  47  19  45 
  0  53   1  30   2  34   3  46   4  29   5  54   6  46   7  52   8  50   9  31  10  49  11  28  12  32  13  25  14  26  15  49  16  44  17  36  18  45  19  44 
  0  56   1  33   2  36   3  49   4  32   5  53   6  49   7  53   8  50   9  35  10  49  11  32  12  35  13  29  14  29  15  49  16  48  17  35  18  47  19  45 
  0  54   1  32   2  34   3  50   4  32   5  56   6  49   7  53   8  50   9  35  10  49  11  30  12  32  13  26  14  27  15  51  16  47  17  34  18  48  19  45 
  0  61   1  37   2  42   3  54   4  31   5  56   6  52   7  57   8  52   9  37  10  53  11  34  12  35  13  31  14  31  15  51  16  50  17  38  18  51  19  45 
  0  56   1  30   2  38   3  47   4  31   5  54   6  48   7  55   8  50   9  33  10  50  11  28  12  34  13  26  14  27  15  51  16  46  17  35  18  45  19  45 
  0  55   1  33   2  38   3  51   4  31   5  54   6  48   7  56   8  51   9  36  10  49  11  30  12  32  13  29  14  33  15  49  16  51  17  34  18  51  19  44 
  0  53   1  29   2  34   3  46   4  30   5  52   6  46   7  52   8  52   9  31  10  49  11  28  12  31  13  25  14  26  15  51  16  46  17  36  18  46  19  43 
  0  61   1  37   2  41   3  53   4  33   5  55   6  53   7  57   8  52   9  35  10  53  11  34  12  35  13  29  14  33  15  50  16  51  17  38  18  52  19  45 
  0  60   1  35   2  41   3  54   4  31   5  58   6  53   7  57   8  51   9  37  10  53  11  34  12  33  13  30  14  33  15  51  16  52  17  37  18  53  19  45 
  0  53   1  34   2  36   3  48   4  29   5  52   6  46   7  52   8  52   9  33  10  49  11  31  12  31  13  27  14  28  15  51  16  45  17  37  18  48  19  44 
  0  61   1  38   2  39   3  54   4  33   5  55   6  50   7  55   8  50   9  35  10  51  11  34  12  35  13  30  14  33  15  50  16  52  17  37  18  52  19  45 
  0  61   1  35   2  41   3  54   4  31   5  58   6  50   7  56   8  52   9  37  10  53  11  32  12  34  13  31  14  33  15  51  16  52  17  37  18  52  19  44 
  0  61   1  38   2  42   3  51   4  32   5  58   6  51   7  57   8  50   9  35  10  53  11  31  12  34  13  29  14  34  15  50  16  49  17  36  18  50  19  43 


