
 20  20

  0  84   1  88   2  73   3  93   4  67   5  91   6  92   7  80   8  67   9  74  10  71  11  93  12  76  13  78  14  79  15  93  16  69  17  81  18  83  19  84 
  0  85   1  87   2  75   3  96   4  68   5  90   6  90   7  82   8  68   9  75  10  71  11  89  12  77  13  80  14  83  15  91  16  69  17  81  18  83  19  84 
  0  85   1  86   2  77   3  94   4  70   5  93   6  92   7  82   8  69   9  76  10  74  11  91  12  80  13  83  14  81  15  94  16  73  17  83  18  81  19  84 
  0  83   1  83   2  71   3  96   4  66   5  89   6  92   7  82   8  67   9  73  10  72  11  90  12  77  13  77  14  77  15  89  16  69  17  83  18  79  19  81 
  0  84   1  86   2  76   3  96   4  69   5  92   6  92   7  82   8  68   9  72  10  74  11  91  12  79  13  81  14  80  15  94  16  72  17  83  18  82  19  81 
  0  80   1  82   2  71   3  92   4  62   5  89   6  91   7  82   8  62   9  66  10  66  11  86  12  76  13  73  14  77  15  89  16  69  17  82  18  81  19  80 
  0  85   1  86   2  76   3  93   4  66   5  93   6  91   7  81   8  68   9  72  10  70  11  88  12  76  13  81  14  82  15  91  16  71  17  81  18  80  19  81 
  0  83   1  87   2  74   3  93   4  70   5  91   6  92   7  80   8  67   9  72  10  72  11  90  12  77  13  82  14  81  15  93  16  71  17  81  18  82  19  82 
  0  82   1  86   2  73   3  96   4  67   5  93   6  92   7  82   8  64   9  71  10  72  11  89  12  76  13  79  14  79  15  92  16  69  17  81  18  82  19  84 
  0  77   1  84   2  69   3  93   4  63   5  89   6  90   7  80   8  62   9  66  10  67  11  85  12  74  13  73  14  77  15  86  16  67  17  81  18  79  19  80 
  0  77   1  82   2  69   3  94   4  63   5  90   6  90   7  81   8  60   9  68  10  68  11  87  12  75  13  75  14  75  15  86  16  67  17  82  18  79  19  80 
  0  84   1  88   2  75   3  94   4  65   5  92   6  90   7  82   8  64   9  74  10  71  11  89  12  78  13  81  14  78  15  92  16  72  17  83  18  79  19  84 
  0  86   1  85   2  77   3  96   4  70   5  90   6  90   7  82   8  67   9  73  10  74  11  90  12  77  13  81  14  83  15  92  16  72  17  81  18  83  19  83 
  0  82   1  88   2  72   3  93   4  68   5  92   6  92   7  82   8  66   9  70  10  70  11  91  12  78  13  80  14  78  15  92  16  72  17  81  18  82  19  82 
  0  77   1  82   2  69   3  94   4  62   5  89   6  90   7  82   8  60   9  68  10  66  11  85  12  76  13  75  14  76  15  87  16  67  17  81  18  81  19  81 
  0  77   1  83   2  72   3  92   4  63   5  90   6  90   7  80   8  61   9  68  10  66  11  88  12  76  13  76  14  78  15  87  16  70  17  81  18  79  19  80 
  0  82   1  87   2  76   3  96   4  66   5  93   6  91   7  80   8  66   9  73  10  70  11  92  12  77  13  79  14  79  15  90  16  69  17  83  18  83  19  84 
  0  77   1  84   2  69   3  92   4  63   5  90   6  92   7  82   8  60   9  67  10  68  11  85  12  74  13  74  14  75  15  87  16  68  17  82  18  79  19  80 
  0  82   1  84   2  75   3  94   4  68   5  91   6  92   7  82   8  66   9  70  10  72  11  91  12  79  13  80  14  79  15  90  16  72  17  81  18  81  19  82 
  0  84   1  87   2  76   3  95   4  67   5  93   6  92   7  80   8  68   9  72  10  73  11  93  12  79  13  80  14  82  15  91  16  71  17  83  18  80  19  81 


