
 20  20

  0  17   1  28   2  39   3  34   4  43   5  30   6  25   7  21   8  41   9  25  10  27  11  44  12  43  13  41  14  27  15  33  16  33  17  38  18  22  19  27 
  0  18   1  30   2  39   3  32   4  43   5  33   6  25   7  21   8  42   9  26  10  26  11  42  12  41  13  43  14  27  15  33  16  35  17  38  18  24  19  29 
  0  15   1  27   2  34   3  31   4  43   5  29   6  21   7  21   8  38   9  25  10  28  11  39  12  41  13  42  14  21  15  27  16  33  17  34  18  22  19  29 
  0  18   1  29   2  34   3  34   4  42   5  33   6  25   7  21   8  38   9  26  10  28  11  41  12  41  13  41  14  24  15  29  16  33  17  35  18  18  19  29 
  0  19   1  26   2  35   3  32   4  42   5  30   6  23   7  19   8  37   9  27  10  28  11  43  12  41  13  43  14  22  15  30  16  35  17  33  18  20  19  29 
  0  18   1  27   2  38   3  32   4  41   5  33   6  25   7  21   8  40   9  26  10  26  11  44  12  43  13  43  14  24  15  32  16  35  17  38  18  24  19  29 
  0  14   1  25   2  37   3  33   4  39   5  32   6  20   7  20   8  36   9  24  10  27  11  38  12  42  13  39  14  23  15  30  16  33  17  36  18  18  19  27 
  0  15   1  26   2  34   3  31   4  39   5  30   6  22   7  19   8  35   9  22  10  28  11  39  12  43  13  37  14  20  15  25  16  35  17  31  18  18  19  29 
  0  19   1  28   2  39   3  32   4  40   5  32   6  21   7  21   8  37   9  26  10  27  11  40  12  43  13  41  14  26  15  32  16  35  17  37  18  23  19  29 
  0  14   1  25   2  32   3  30   4  41   5  30   6  19   7  21   8  33   9  20  10  24  11  37  12  41  13  40  14  19  15  26  16  35  17  33  18  19  19  28 
  0  16   1  28   2  37   3  34   4  42   5  29   6  24   7  19   8  35   9  25  10  26  11  39  12  41  13  42  14  24  15  30  16  33  17  36  18  17  19  28 
  0  16   1  26   2  35   3  31   4  40   5  28   6  23   7  19   8  39   9  27  10  28  11  41  12  41  13  41  14  23  15  30  16  35  17  36  18  21  19  29 
  0  10   1  22   2  32   3  30   4  39   5  30   6  19   7  19   8  35   9  21  10  24  11  37  12  42  13  37  14  17  15  23  16  33  17  32  18  14  19  29 
  0  16   1  29   2  38   3  31   4  43   5  31   6  21   7  20   8  40   9  24  10  28  11  41  12  43  13  41  14  23  15  29  16  35  17  33  18  19  19  29 
  0  19   1  28   2  40   3  34   4  43   5  30   6  25   7  20   8  40   9  26  10  28  11  44  12  43  13  43  14  26  15  33  16  35  17  36  18  23  19  29 
  0  13   1  25   2  30   3  32   4  40   5  29   6  22   7  19   8  32   9  23  10  24  11  36  12  42  13  37  14  19  15  23  16  34  17  31  18  14  19  29 
  0  10   1  23   2  30   3  30   4  39   5  27   6  22   7  19   8  34   9  21  10  24  11  40  12  43  13  37  14  21  15  23  16  34  17  33  18  16  19  27 
  0  13   1  24   2  36   3  30   4  40   5  28   6  21   7  20   8  34   9  24  10  25  11  40  12  43  13  41  14  23  15  26  16  33  17  35  18  16  19  27 
  0  13   1  24   2  34   3  32   4  41   5  28   6  22   7  20   8  37   9  26  10  28  11  38  12  41  13  38  14  23  15  28  16  35  17  33  18  21  19  29 
  0  10   1  22   2  30   3  31   4  39   5  28   6  20   7  20   8  34   9  22  10  24  11  38  12  41  13  38  14  18  15  24  16  33  17  30  18  16  19  29 


