
 20  20

  0  49   1  43   2  46   3  35   4  34   5  42   6  56   7  56   8  44   9  38  10  49  11  59  12  58  13  33  14  40  15  37  16  32  17  38  18  59  19  38 
  0  48   1  43   2  47   3  36   4  34   5  42   6  54   7  55   8  44   9  36  10  47  11  57  12  57  13  30  14  41  15  37  16  31  17  38  18  56  19  35 
  0  50   1  43   2  50   3  33   4  38   5  44   6  58   7  56   8  43   9  38  10  47  11  58  12  58  13  32  14  43  15  36  16  31  17  37  18  56  19  39 
  0  52   1  45   2  51   3  38   4  38   5  44   6  59   7  58   8  45   9  38  10  49  11  59  12  60  13  35  14  40  15  38  16  34  17  36  18  58  19  40 
  0  54   1  47   2  50   3  38   4  40   5  42   6  60   7  59   8  48   9  43  10  52  11  58  12  60  13  39  14  45  15  37  16  34  17  38  18  58  19  39 
  0  47   1  43   2  47   3  34   4  34   5  44   6  55   7  55   8  42   9  35  10  46  11  59  12  58  13  30  14  40  15  35  16  31  17  38  18  56  19  34 
  0  51   1  44   2  49   3  38   4  40   5  44   6  59   7  59   8  48   9  39  10  52  11  57  12  62  13  35  14  44  15  38  16  35  17  36  18  59  19  42 
  0  53   1  47   2  51   3  38   4  35   5  44   6  60   7  56   8  44   9  41  10  49  11  58  12  60  13  36  14  44  15  36  16  35  17  36  18  60  19  40 
  0  50   1  47   2  48   3  39   4  36   5  44   6  59   7  60   8  47   9  40  10  50  11  57  12  60  13  34  14  42  15  38  16  33  17  36  18  60  19  40 
  0  55   1  45   2  52   3  37   4  40   5  43   6  62   7  62   8  48   9  43  10  52  11  59  12  61  13  37  14  46  15  40  16  33  17  38  18  59  19  42 
  0  50   1  43   2  50   3  36   4  38   5  43   6  56   7  57   8  46   9  37  10  49  11  59  12  57  13  31  14  43  15  35  16  31  17  38  18  57  19  37 
  0  50   1  44   2  51   3  35   4  36   5  44   6  59   7  60   8  43   9  37  10  51  11  58  12  61  13  34  14  41  15  36  16  34  17  36  18  56  19  38 
  0  48   1  43   2  47   3  36   4  35   5  44   6  57   7  55   8  44   9  33  10  47  11  59  12  57  13  30  14  41  15  36  16  32  17  36  18  56  19  35 
  0  52   1  47   2  49   3  38   4  39   5  44   6  61   7  62   8  48   9  43  10  52  11  59  12  61  13  38  14  46  15  40  16  32  17  38  18  60  19  39 
  0  50   1  45   2  49   3  37   4  36   5  44   6  60   7  56   8  43   9  41  10  48  11  59  12  58  13  35  14  43  15  35  16  31  17  38  18  58  19  41 
  0  47   1  46   2  46   3  36   4  35   5  42   6  57   7  53   8  42   9  34  10  47  11  58  12  56  13  32  14  38  15  36  16  32  17  37  18  58  19  34 
  0  47   1  43   2  46   3  34   4  34   5  42   6  56   7  58   8  46   9  38  10  48  11  57  12  56  13  35  14  40  15  35  16  31  17  38  18  56  19  36 
  0  52   1  46   2  52   3  35   4  38   5  42   6  59   7  58   8  47   9  38  10  51  11  59  12  62  13  34  14  45  15  39  16  35  17  38  18  60  19  42 
  0  52   1  47   2  52   3  38   4  37   5  44   6  59   7  61   8  45   9  38  10  49  11  58  12  59  13  37  14  45  15  37  16  35  17  37  18  60  19  40 
  0  51   1  44   2  52   3  37   4  38   5  44   6  60   7  61   8  45   9  38  10  48  11  57  12  59  13  38  14  42  15  38  16  35  17  36  18  60  19  41 


