
 20  20

  0  34   1  44   2  29   3  37   4  51   5  22   6  30   7  28   8  48   9  35  10  45  11  49  12  25  13  24  14  51  15  29  16  50  17  23  18  23  19  50 
  0  35   1  48   2  31   3  41   4  49   5  23   6  30   7  28   8  46   9  35  10  45  11  50  12  23  13  24  14  54  15  29  16  51  17  25  18  25  19  52 
  0  34   1  45   2  29   3  36   4  47   5  24   6  28   7  26   8  48   9  35  10  44  11  51  12  24  13  24  14  52  15  27  16  48  17  23  18  23  19  51 
  0  28   1  42   2  29   3  36   4  47   5  24   6  29   7  27   8  46   9  35  10  45  11  49  12  24  13  22  14  48  15  25  16  49  17  22  18  20  19  49 
  0  27   1  38   2  29   3  34   4  48   5  22   6  26   7  29   8  47   9  35  10  44  11  49  12  25  13  23  14  48  15  25  16  47  17  20  18  21  19  49 
  0  34   1  48   2  31   3  41   4  52   5  24   6  31   7  30   8  47   9  35  10  43  11  51  12  23  13  23  14  53  15  29  16  50  17  25  18  25  19  55 
  0  30   1  43   2  29   3  40   4  49   5  22   6  28   7  27   8  48   9  36  10  44  11  51  12  25  13  24  14  52  15  24  16  49  17  22  18  24  19  51 
  0  37   1  47   2  29   3  43   4  52   5  24   6  31   7  30   8  47   9  36  10  45  11  51  12  25  13  24  14  51  15  27  16  48  17  25  18  28  19  54 
  0  31   1  41   2  31   3  37   4  49   5  22   6  26   7  29   8  46   9  37  10  45  11  49  12  23  13  23  14  51  15  26  16  47  17  20  18  20  19  50 
  0  37   1  45   2  31   3  41   4  52   5  24   6  31   7  30   8  48   9  35  10  43  11  51  12  24  13  23  14  54  15  30  16  51  17  27  18  27  19  54 
  0  35   1  46   2  29   3  41   4  51   5  23   6  31   7  30   8  48   9  37  10  45  11  51  12  25  13  22  14  54  15  25  16  48  17  23  18  23  19  55 
  0  32   1  45   2  29   3  40   4  50   5  22   6  30   7  27   8  46   9  36  10  45  11  51  12  23  13  24  14  51  15  28  16  48  17  23  18  22  19  52 
  0  37   1  48   2  31   3  43   4  51   5  24   6  32   7  27   8  48   9  37  10  43  11  51  12  23  13  24  14  52  15  28  16  48  17  26  18  27  19  56 
  0  29   1  42   2  29   3  36   4  48   5  24   6  27   7  27   8  47   9  37  10  45  11  51  12  25  13  23  14  50  15  25  16  50  17  23  18  23  19  47 
  0  34   1  42   2  29   3  37   4  48   5  23   6  30   7  28   8  48   9  37  10  45  11  51  12  25  13  22  14  48  15  26  16  47  17  23  18  24  19  53 
  0  30   1  42   2  31   3  39   4  46   5  24   6  28   7  27   8  46   9  37  10  44  11  51  12  23  13  22  14  50  15  25  16  48  17  23  18  22  19  51 
  0  36   1  48   2  31   3  41   4  52   5  24   6  31   7  29   8  48   9  37  10  43  11  50  12  25  13  23  14  54  15  30  16  51  17  26  18  26  19  56 
  0  32   1  42   2  31   3  38   4  48   5  24   6  30   7  27   8  46   9  35  10  43  11  49  12  25  13  24  14  51  15  25  16  51  17  26  18  23  19  53 
  0  30   1  40   2  29   3  36   4  50   5  22   6  29   7  30   8  47   9  37  10  44  11  49  12  25  13  22  14  50  15  24  16  51  17  24  18  22  19  52 
  0  31   1  42   2  29   3  39   4  50   5  22   6  29   7  30   8  47   9  37  10  45  11  50  12  23  13  24  14  51  15  28  16  51  17  26  18  26  19  52 


