
 20  20

  0  32   1  31   2  18   3  11   4  34   5  16   6  15   7  30   8  27   9  28  10  15  11  15  12  37  13  31  14  21  15  12  16  26  17  24  18  32  19  28 
  0  42   1  35   2  28   3  16   4  40   5  19   6  20   7  32   8  35   9  38  10  17  11  25  12  37  13  35  14  26  15  16  16  29  17  28  18  32  19  36 
  0  39   1  35   2  24   3  13   4  37   5  20   6  19   7  32   8  30   9  32  10  19  11  19  12  35  13  33  14  25  15  13  16  27  17  25  18  32  19  35 
  0  36   1  32   2  19   3  11   4  36   5  16   6  17   7  31   8  28   9  33  10  18  11  19  12  36  13  33  14  24  15  14  16  25  17  25  18  32  19  30 
  0  42   1  34   2  28   3  14   4  40   5  20   6  21   7  32   8  34   9  36  10  17  11  25  12  36  13  35  14  26  15  16  16  30  17  28  18  34  19  34 
  0  39   1  32   2  25   3  15   4  37   5  18   6  20   7  32   8  31   9  35  10  18  11  25  12  37  13  35  14  24  15  14  16  30  17  28  18  33  19  35 
  0  32   1  31   2  19   3  10   4  34   5  17   6  17   7  32   8  29   9  28  10  17  11  15  12  36  13  31  14  21  15  12  16  26  17  25  18  32  19  29 
  0  37   1  35   2  27   3  15   4  39   5  17   6  19   7  31   8  31   9  34  10  18  11  22  12  35  13  34  14  24  15  16  16  27  17  27  18  32  19  35 
  0  33   1  34   2  21   3  13   4  35   5  16   6  15   7  32   8  29   9  32  10  15  11  20  12  35  13  32  14  20  15  10  16  28  17  26  18  32  19  31 
  0  35   1  34   2  22   3  13   4  37   5  16   6  18   7  31   8  33   9  35  10  17  11  19  12  37  13  35  14  24  15  12  16  29  17  24  18  33  19  34 
  0  38   1  35   2  21   3  13   4  36   5  20   6  20   7  30   8  29   9  34  10  19  11  18  12  35  13  35  14  25  15  12  16  27  17  24  18  33  19  31 
  0  33   1  31   2  18   3  11   4  34   5  16   6  17   7  30   8  27   9  30  10  16  11  15  12  35  13  31  14  20  15  12  16  24  17  26  18  32  19  31 
  0  35   1  34   2  21   3  10   4  35   5  16   6  15   7  32   8  31   9  28  10  17  11  18  12  35  13  31  14  23  15  13  16  27  17  24  18  32  19  32 
  0  33   1  32   2  20   3  11   4  34   5  19   6  19   7  30   8  30   9  31  10  18  11  17  12  36  13  33  14  22  15  10  16  28  17  26  18  32  19  30 
  0  32   1  31   2  18   3  10   4  35   5  16   6  15   7  32   8  27   9  28  10  15  11  15  12  37  13  31  14  21  15  11  16  26  17  25  18  32  19  29 
  0  38   1  31   2  24   3  13   4  36   5  17   6  16   7  30   8  30   9  33  10  15  11  22  12  36  13  35  14  21  15  12  16  27  17  28  18  33  19  33 
  0  42   1  35   2  26   3  15   4  40   5  19   6  21   7  32   8  34   9  35  10  18  11  24  12  37  13  33  14  25  15  16  16  28  17  26  18  34  19  34 
  0  37   1  33   2  21   3  14   4  38   5  16   6  19   7  30   8  30   9  30  10  18  11  17  12  35  13  33  14  23  15  12  16  28  17  26  18  34  19  32 
  0  36   1  31   2  25   3  13   4  36   5  18   6  20   7  30   8  30   9  35  10  17  11  20  12  35  13  33  14  25  15  14  16  29  17  24  18  32  19  31 
  0  35   1  31   2  19   3  11   4  34   5  19   6  18   7  30   8  30   9  31  10  18  11  18  12  35  13  34  14  22  15  10  16  25  17  24  18  32  19  28 


