
 20  20

  0  58   1  70   2  53   3  59   4  50   5  53   6  42   7  64   8  49   9  52  10  62  11  63  12  65  13  53  14  54  15  51  16  63  17  56  18  70  19  55 
  0  62   1  73   2  53   3  57   4  51   5  52   6  43   7  67   8  51   9  54  10  64  11  63  12  67  13  55  14  52  15  55  16  63  17  55  18  72  19  55 
  0  59   1  69   2  52   3  58   4  50   5  52   6  39   7  66   8  48   9  53  10  62  11  64  12  63  13  49  14  50  15  49  16  63  17  54  18  69  19  57 
  0  57   1  72   2  53   3  58   4  52   5  54   6  41   7  65   8  51   9  51  10  62  11  66  12  66  13  49  14  50  15  51  16  61  17  55  18  69  19  57 
  0  65   1  74   2  56   3  59   4  52   5  53   6  49   7  67   8  52   9  55  10  69  11  66  12  69  13  56  14  55  15  53  16  63  17  56  18  74  19  57 
  0  63   1  73   2  56   3  59   4  52   5  54   6  45   7  70   8  51   9  55  10  68  11  67  12  70  13  53  14  53  15  55  16  63  17  56  18  73  19  55 
  0  55   1  72   2  53   3  59   4  52   5  52   6  39   7  66   8  49   9  50  10  61  11  65  12  62  13  51  14  52  15  48  16  61  17  54  18  68  19  56 
  0  60   1  75   2  56   3  59   4  52   5  52   6  44   7  67   8  49   9  53  10  65  11  65  12  69  13  54  14  51  15  53  16  63  17  55  18  71  19  55 
  0  60   1  74   2  58   3  59   4  52   5  52   6  48   7  67   8  51   9  55  10  65  11  67  12  69  13  54  14  55  15  53  16  63  17  54  18  71  19  55 
  0  59   1  72   2  50   3  59   4  51   5  54   6  41   7  65   8  48   9  50  10  65  11  63  12  63  13  50  14  54  15  49  16  61  17  54  18  69  19  57 
  0  62   1  74   2  56   3  59   4  52   5  54   6  46   7  68   8  52   9  58  10  69  11  65  12  69  13  53  14  56  15  55  16  63  17  54  18  71  19  56 
  0  63   1  77   2  58   3  59   4  50   5  54   6  47   7  67   8  52   9  54  10  68  11  64  12  71  13  54  14  54  15  53  16  63  17  54  18  72  19  56 
  0  59   1  72   2  52   3  59   4  51   5  54   6  44   7  65   8  48   9  52  10  63  11  63  12  65  13  52  14  52  15  49  16  62  17  56  18  71  19  56 
  0  58   1  73   2  54   3  59   4  51   5  54   6  44   7  67   8  50   9  55  10  65  11  65  12  68  13  53  14  50  15  50  16  62  17  56  18  71  19  55 
  0  64   1  77   2  55   3  59   4  52   5  54   6  48   7  70   8  52   9  58  10  67  11  67  12  72  13  54  14  56  15  56  16  61  17  56  18  73  19  55 
  0  60   1  74   2  58   3  59   4  51   5  52   6  45   7  67   8  52   9  55  10  69  11  67  12  67  13  54  14  55  15  55  16  63  17  55  18  74  19  55 
  0  57   1  71   2  51   3  57   4  51   5  52   6  43   7  66   8  51   9  52  10  63  11  66  12  66  13  49  14  50  15  48  16  61  17  54  18  68  19  57 
  0  60   1  73   2  56   3  59   4  52   5  53   6  46   7  70   8  51   9  57  10  65  11  66  12  68  13  56  14  53  15  56  16  63  17  55  18  72  19  56 
  0  57   1  72   2  51   3  59   4  51   5  54   6  41   7  64   8  51   9  51  10  63  11  66  12  67  13  52  14  52  15  49  16  61  17  54  18  71  19  56 
  0  56   1  69   2  50   3  57   4  51   5  52   6  41   7  64   8  48   9  50  10  61  11  66  12  65  13  50  14  51  15  49  16  61  17  56  18  68  19  55 


