
 20  20

  0  43   1  45   2  28   3  54   4  35   5  37   6  40   7  47   8  53   9  48  10  51  11  36  12  42  13  51  14  31  15  42  16  51  17  41  18  41  19  44 
  0  42   1  46   2  26   3  54   4  37   5  41   6  39   7  45   8  54   9  51  10  50  11  36  12  41  13  53  14  27  15  45  16  51  17  42  18  40  19  46 
  0  43   1  44   2  27   3  54   4  36   5  38   6  41   7  46   8  51   9  48  10  48  11  35  12  42  13  51  14  30  15  41  16  52  17  40  18  42  19  42 
  0  43   1  46   2  25   3  54   4  34   5  37   6  39   7  47   8  50   9  50  10  50  11  38  12  42  13  51  14  25  15  39  16  49  17  42  18  38  19  40 
  0  36   1  43   2  21   3  52   4  31   5  35   6  35   7  47   8  48   9  48  10  45  11  36  12  40  13  47  14  27  15  38  16  47  17  42  18  38  19  37 
  0  43   1  48   2  28   3  52   4  36   5  39   6  41   7  47   8  50   9  48  10  53  11  36  12  42  13  56  14  30  15  44  16  54  17  42  18  41  19  42 
  0  38   1  45   2  24   3  54   4  32   5  39   6  35   7  47   8  46   9  51  10  50  11  39  12  42  13  49  14  24  15  38  16  51  17  42  18  36  19  41 
  0  36   1  42   2  22   3  54   4  32   5  35   6  37   7  47   8  44   9  49  10  47  11  35  12  42  13  47  14  24  15  37  16  47  17  40  18  37  19  38 
  0  45   1  48   2  27   3  53   4  38   5  38   6  41   7  47   8  52   9  48  10  52  11  39  12  42  13  52  14  29  15  45  16  52  17  42  18  42  19  44 
  0  40   1  43   2  20   3  53   4  29   5  36   6  37   7  46   8  46   9  47  10  45  11  36  12  42  13  47  14  23  15  40  16  48  17  40  18  37  19  37 
  0  45   1  48   2  27   3  54   4  38   5  41   6  41   7  47   8  54   9  49  10  54  11  37  12  40  13  56  14  31  15  45  16  53  17  42  18  40  19  46 
  0  46   1  47   2  28   3  54   4  39   5  40   6  41   7  46   8  54   9  51  10  53  11  39  12  40  13  54  14  30  15  45  16  55  17  42  18  42  19  46 
  0  41   1  42   2  23   3  52   4  35   5  40   6  37   7  45   8  47   9  50  10  51  11  37  12  42  13  52  14  27  15  43  16  49  17  40  18  38  19  40 
  0  45   1  48   2  28   3  54   4  39   5  41   6  41   7  47   8  53   9  51  10  54  11  39  12  42  13  56  14  31  15  43  16  53  17  41  18  42  19  45 
  0  40   1  42   2  20   3  52   4  33   5  35   6  36   7  45   8  44   9  50  10  48  11  38  12  41  13  48  14  26  15  40  16  47  17  40  18  36  19  36 
  0  37   1  43   2  20   3  54   4  29   5  37   6  36   7  45   8  44   9  50  10  45  11  35  12  40  13  48  14  26  15  40  16  48  17  40  18  37  19  36 
  0  46   1  47   2  25   3  54   4  36   5  39   6  40   7  47   8  53   9  51  10  52  11  39  12  42  13  54  14  31  15  43  16  55  17  40  18  40  19  46 
  0  43   1  47   2  25   3  54   4  34   5  40   6  38   7  45   8  50   9  48  10  49  11  37  12  40  13  50  14  27  15  43  16  52  17  42  18  41  19  42 
  0  38   1  45   2  25   3  54   4  32   5  40   6  39   7  45   8  50   9  49  10  47  11  36  12  42  13  48  14  26  15  38  16  52  17  40  18  41  19  39 
  0  44   1  45   2  26   3  54   4  38   5  38   6  41   7  47   8  54   9  51  10  54  11  36  12  40  13  54  14  28  15  43  16  55  17  41  18  41  19  44 


