
 20  20

  0  53   1  54   2  58   3  42   4  58   5  62   6  66   7  52   8  64   9  61  10  47  11  58  12  62  13  41  14  65  15  66  16  65  17  44  18  41  19  59 
  0  49   1  50   2  55   3  42   4  50   5  61   6  66   7  52   8  62   9  60  10  41  11  58  12  60  13  36  14  63  15  62  16  64  17  40  18  39  19  53 
  0  52   1  51   2  55   3  42   4  54   5  59   6  61   7  49   8  64   9  61  10  40  11  55  12  62  13  36  14  61  15  63  16  62  17  41  18  38  19  54 
  0  52   1  51   2  56   3  39   4  52   5  62   6  64   7  51   8  64   9  60  10  43  11  55  12  61  13  37  14  65  15  61  16  64  17  40  18  37  19  54 
  0  55   1  54   2  55   3  44   4  54   5  60   6  66   7  52   8  64   9  61  10  45  11  57  12  61  13  42  14  64  15  64  16  67  17  41  18  41  19  61 
  0  55   1  54   2  58   3  44   4  58   5  63   6  65   7  51   8  62   9  59  10  47  11  57  12  61  13  40  14  64  15  68  16  67  17  43  18  40  19  61 
  0  51   1  49   2  56   3  39   4  50   5  60   6  63   7  51   8  62   9  59  10  38  11  55  12  62  13  35  14  64  15  63  16  65  17  41  18  39  19  54 
  0  54   1  53   2  58   3  40   4  56   5  61   6  67   7  52   8  63   9  58  10  46  11  57  12  62  13  40  14  64  15  64  16  65  17  44  18  40  19  59 
  0  52   1  51   2  58   3  40   4  53   5  62   6  64   7  52   8  63   9  59  10  41  11  56  12  62  13  37  14  66  15  62  16  67  17  40  18  38  19  57 
  0  50   1  49   2  57   3  39   4  48   5  61   6  60   7  48   8  62   9  57  10  37  11  57  12  60  13  37  14  61  15  58  16  62  17  41  18  37  19  55 
  0  49   1  46   2  55   3  41   4  51   5  60   6  61   7  51   8  62   9  60  10  38  11  56  12  61  13  35  14  65  15  60  16  62  17  39  18  36  19  53 
  0  56   1  50   2  55   3  44   4  53   5  63   6  66   7  52   8  62   9  60  10  46  11  59  12  62  13  40  14  64  15  65  16  66  17  43  18  38  19  57 
  0  57   1  53   2  58   3  42   4  58   5  61   6  66   7  52   8  64   9  59  10  47  11  57  12  61  13  42  14  66  15  68  16  67  17  44  18  39  19  61 
  0  51   1  49   2  56   3  39   4  51   5  60   6  63   7  51   8  62   9  59  10  40  11  57  12  62  13  39  14  63  15  62  16  65  17  38  18  36  19  57 
  0  47   1  49   2  56   3  38   4  48   5  59   6  62   7  48   8  64   9  60  10  41  11  57  12  60  13  34  14  64  15  60  16  64  17  38  18  38  19  54 
  0  57   1  51   2  58   3  44   4  57   5  63   6  66   7  51   8  62   9  61  10  47  11  59  12  62  13  39  14  67  15  67  16  67  17  42  18  40  19  61 
  0  50   1  49   2  54   3  40   4  51   5  59   6  60   7  48   8  63   9  59  10  37  11  56  12  60  13  35  14  61  15  58  16  61  17  38  18  35  19  51 
  0  47   1  47   2  55   3  39   4  50   5  61   6  60   7  49   8  62   9  59  10  37  11  57  12  60  13  36  14  63  15  59  16  61  17  38  18  35  19  51 
  0  57   1  50   2  55   3  44   4  54   5  62   6  64   7  52   8  64   9  59  10  45  11  58  12  60  13  42  14  64  15  68  16  67  17  43  18  40  19  61 
  0  54   1  52   2  57   3  39   4  55   5  59   6  63   7  52   8  64   9  57  10  41  11  56  12  60  13  36  14  63  15  64  16  64  17  40  18  40  19  57 


