
 20  20

  0  51   1  51   2  40   3  42   4  46   5  42   6  43   7  47   8  44   9  63  10  54  11  45  12  61  13  46  14  53  15  68  16  55  17  47  18  54  19  57 
  0  51   1  49   2  42   3  42   4  48   5  41   6  42   7  48   8  45   9  65  10  58  11  47  12  63  13  46  14  55  15  66  16  56  17  47  18  57  19  58 
  0  46   1  49   2  42   3  40   4  47   5  37   6  38   7  47   8  44   9  58  10  50  11  44  12  56  13  45  14  54  15  67  16  54  17  43  18  53  19  59 
  0  53   1  51   2  45   3  39   4  48   5  47   6  42   7  47   8  46   9  67  10  60  11  48  12  63  13  47  14  55  15  68  16  55  17  48  18  56  19  62 
  0  48   1  49   2  39   3  39   4  45   5  39   6  39   7  46   8  46   9  58  10  53  11  42  12  56  13  43  14  53  15  67  16  53  17  42  18  51  19  57 
  0  51   1  49   2  42   3  41   4  48   5  42   6  45   7  50   8  44   9  63  10  59  11  44  12  64  13  44  14  53  15  68  16  55  17  45  18  57  19  63 
  0  50   1  51   2  43   3  39   4  47   5  45   6  41   7  48   8  44   9  61  10  55  11  43  12  61  13  46  14  55  15  70  16  53  17  47  18  52  19  60 
  0  54   1  51   2  45   3  39   4  49   5  45   6  46   7  50   8  45   9  63  10  56  11  47  12  63  13  44  14  53  15  68  16  55  17  45  18  55  19  62 
  0  49   1  51   2  41   3  38   4  45   5  40   6  38   7  48   8  44   9  59  10  56  11  42  12  62  13  45  14  55  15  68  16  51  17  42  18  54  19  56 
  0  48   1  51   2  44   3  38   4  48   5  39   6  41   7  49   8  46   9  59  10  52  11  44  12  60  13  46  14  53  15  66  16  53  17  44  18  52  19  57 
  0  53   1  49   2  45   3  39   4  48   5  44   6  42   7  48   8  46   9  66  10  57  11  48  12  66  13  47  14  55  15  70  16  57  17  46  18  56  19  60 
  0  50   1  49   2  43   3  38   4  49   5  42   6  40   7  48   8  46   9  62  10  52  11  46  12  61  13  43  14  53  15  66  16  52  17  44  18  54  19  57 
  0  49   1  49   2  42   3  40   4  48   5  40   6  42   7  49   8  46   9  64  10  56  11  45  12  59  13  46  14  53  15  69  16  52  17  45  18  55  19  59 
  0  48   1  49   2  39   3  40   4  46   5  37   6  36   7  46   8  44   9  57  10  51  11  42  12  56  13  45  14  53  15  68  16  51  17  42  18  51  19  55 
  0  46   1  50   2  39   3  38   4  45   5  37   6  37   7  46   8  45   9  59  10  53  11  42  12  59  13  43  14  53  15  68  16  51  17  42  18  51  19  57 
  0  49   1  49   2  40   3  38   4  45   5  40   6  37   7  46   8  45   9  60  10  50  11  43  12  58  13  43  14  53  15  67  16  52  17  45  18  51  19  58 
  0  53   1  51   2  45   3  42   4  50   5  45   6  46   7  50   8  46   9  65  10  60  11  48  12  63  13  45  14  55  15  70  16  57  17  48  18  56  19  59 
  0  53   1  51   2  45   3  40   4  49   5  44   6  44   7  49   8  46   9  62  10  56  11  44  12  63  13  46  14  53  15  70  16  55  17  45  18  57  19  59 
  0  48   1  50   2  42   3  42   4  46   5  39   6  41   7  49   8  45   9  62  10  52  11  43  12  58  13  43  14  54  15  66  16  52  17  46  18  54  19  60 
  0  50   1  49   2  39   3  38   4  48   5  40   6  41   7  48   8  44   9  59  10  55  11  44  12  62  13  43  14  55  15  66  16  51  17  45  18  54  19  58 


