
 20  20

  0   7   1  24   2   4   3  19   4  23   5  11   6  27   7  17   8  24   9  17  10   5  11  24  12  28  13  27  14  15  15  11  16  22  17   5  18  26  19  14 
  0   1   1  19   2   3   3  12   4  21   5   3   6  24   7  11   8  22   9  11  10   4  11  20  12  20  13  23  14  16  15   4  16  18  17   2  18  18  19  14 
  0   7   1  23   2   5   3  15   4  23   5   8   6  24   7  17   8  24   9  18  10   5  11  21  12  25  13  26  14  16  15  10  16  21  17   6  18  22  19  15 
  0   4   1  20   2   4   3  18   4  22   5  10   6  24   7  19   8  24   9  16  10   4  11  20  12  26  13  26  14  16  15   7  16  22  17   6  18  25  19  15 
  0   1   1  16   2   1   3  13   4  21   5   3   6  23   7  11   8  19   9  10  10   2  11  15  12  18  13  20  14  16  15   4  16  18  17   4  18  16  19  13 
  0   6   1  20   2   5   3  18   4  23   5   9   6  26   7  18   8  26   9  15  10   2  11  24  12  24  13  25  14  16  15  10  16  22  17   6  18  21  19  13 
  0   6   1  22   2   5   3  14   4  23   5   8   6  25   7  15   8  22   9  16  10   3  11  23  12  24  13  24  14  14  15   6  16  22  17   2  18  21  19  13 
  0   7   1  23   2   5   3  16   4  21   5   9   6  27   7  17   8  24   9  14  10   5  11  22  12  26  13  24  14  16  15  11  16  22  17   3  18  22  19  15 
  0   6   1  21   2   5   3  17   4  23   5   9   6  27   7  19   8  24   9  18  10   5  11  25  12  28  13  25  14  16  15  11  16  22  17   5  18  24  19  15 
  0   3   1  19   2   3   3  12   4  22   5   5   6  23   7  13   8  19   9  10  10   2  11  20  12  23  13  20  14  14  15   3  16  20  17   2  18  20  19  15 
  0   2   1  17   2   3   3  11   4  21   5   5   6  23   7  12   8  21   9  14  10   1  11  18  12  22  13  19  14  14  15   3  16  21  17   2  18  20  19  13 
  0   5   1  22   2   4   3  17   4  23   5  10   6  27   7  18   8  25   9  16  10   3  11  24  12  26  13  25  14  16  15  11  16  22  17   6  18  23  19  15 
  0   7   1  23   2   1   3  15   4  22   5   8   6  24   7  14   8  23   9  13  10   2  11  23  12  26  13  22  14  16  15   9  16  21  17   3  18  21  19  13 
  0   1   1  16   2   2   3  12   4  21   5   6   6  24   7  13   8  22   9  10  10   2  11  17  12  21  13  19  14  15  15   3  16  21  17   2  18  20  19  13 
  0   7   1  21   2   5   3  16   4  22   5  11   6  26   7  18   8  27   9  17  10   5  11  25  12  28  13  27  14  16  15   8  16  22  17   6  18  26  19  14 
  0   1   1  18   2   3   3  15   4  21   5   7   6  26   7  12   8  20   9  14  10   1  11  17  12  20  13  23  14  16  15   7  16  20  17   4  18  19  19  14 
  0   1   1  19   2   3   3  14   4  21   5   3   6  25   7  13   8  19   9  10  10   1  11  18  12  20  13  22  14  14  15   3  16  18  17   2  18  16  19  14 
  0   7   1  23   2   5   3  18   4  23   5   9   6  27   7  18   8  27   9  18  10   5  11  24  12  28  13  27  14  16  15  10  16  22  17   4  18  26  19  13 
  0   1   1  19   2   1   3  11   4  22   5   4   6  23   7  11   8  20   9  10  10   4  11  17  12  20  13  19  14  14  15   5  16  21  17   2  18  16  19  13 
  0   1   1  18   2   3   3  12   4  21   5   7   6  23   7  15   8  23   9  12  10   1  11  19  12  19  13  24  14  14  15   5  16  20  17   3  18  19  19  15 


