
 20  20

  0  75   1  14   2  84   3  72   4  50   5  76   6  43   7  41   8  75   9  58  10   6  11  10  12  62  13  67  14  92  15  49  16  93  17  63  18  65  19  39 
  0  79   1  17   2  86   3  72   4  51   5  77   6  42   7  44   8  76   9  59  10   5  11  10  12  64  13  67  14  90  15  51  16  97  17  63  18  67  19  40 
  0  80   1  17   2  87   3  72   4  49   5  77   6  41   7  44   8  77   9  59  10   6  11  11  12  64  13  67  14  89  15  47  16  95  17  63  18  67  19  40 
  0  76   1  15   2  82   3  70   4  46   5  72   6  41   7  41   8  77   9  59  10   6  11   8  12  63  13  66  14  88  15  49  16  94  17  63  18  67  19  40 
  0  75   1  16   2  84   3  72   4  49   5  74   6  42   7  43   8  73   9  57  10   5  11  10  12  64  13  64  14  89  15  46  16  92  17  61  18  64  19  39 
  0  73   1  13   2  81   3  67   4  45   5  70   6  41   7  39   8  73   9  59  10   6  11   5  12  64  13  63  14  86  15  45  16  93  17  57  18  62  19  35 
  0  76   1  16   2  81   3  69   4  47   5  74   6  40   7  42   8  76   9  59  10   4  11   7  12  62  13  62  14  87  15  48  16  95  17  58  18  66  19  35 
  0  77   1  16   2  85   3  72   4  46   5  73   6  44   7  44   8  77   9  57  10   4  11   7  12  64  13  64  14  90  15  46  16  92  17  59  18  66  19  39 
  0  75   1  15   2  82   3  66   4  44   5  72   6  38   7  40   8  70   9  57  10   6  11   6  12  62  13  63  14  84  15  43  16  90  17  58  18  66  19  37 
  0  72   1  15   2  79   3  68   4  43   5  69   6  39   7  41   8  70   9  57  10   4  11   3  12  64  13  60  14  85  15  43  16  89  17  58  18  62  19  34 
  0  75   1  14   2  81   3  70   4  47   5  68   6  38   7  42   8  72   9  57  10   5  11   7  12  63  13  63  14  87  15  47  16  91  17  60  18  64  19  36 
  0  72   1  13   2  83   3  66   4  45   5  71   6  41   7  41   8  70   9  57  10   4  11   3  12  62  13  61  14  87  15  44  16  90  17  60  18  62  19  37 
  0  76   1  17   2  87   3  70   4  51   5  75   6  44   7  44   8  79   9  58  10   6  11  13  12  64  13  65  14  92  15  49  16  96  17  62  18  68  19  40 
  0  71   1  13   2  79   3  66   4  42   5  67   6  40   7  39   8  69   9  57  10   4  11   3  12  62  13  60  14  85  15  44  16  92  17  60  18  62  19  34 
  0  70   1  13   2  81   3  69   4  45   5  70   6  39   7  39   8  69   9  59  10   4  11   3  12  64  13  60  14  85  15  43  16  89  17  57  18  65  19  35 
  0  77   1  17   2  84   3  70   4  49   5  73   6  43   7  45   8  75   9  57  10   4  11   8  12  64  13  67  14  88  15  48  16  93  17  61  18  65  19  40 
  0  73   1  13   2  80   3  66   4  42   5  68   6  39   7  39   8  69   9  57  10   6  11   3  12  63  13  61  14  86  15  45  16  91  17  60  18  63  19  35 
  0  80   1  15   2  84   3  70   4  48   5  77   6  42   7  45   8  79   9  57  10   5  11  13  12  64  13  67  14  89  15  48  16  93  17  63  18  65  19  40 
  0  75   1  17   2  85   3  71   4  47   5  74   6  43   7  45   8  76   9  57  10   5  11  11  12  64  13  68  14  88  15  48  16  93  17  59  18  66  19  40 
  0  79   1  15   2  87   3  70   4  52   5  77   6  42   7  45   8  78   9  59  10   6  11  10  12  63  13  68  14  90  15  48  16  94  17  61  18  68  19  40 


