
 20  20

  0  38   1  37   2   2   3   6   4  54   5  15   6  53   7  29   8  43   9  55  10  80  11  80  12  35  13  68  14  13  15  90  16  27  17  46  18  80  19   7 
  0  38   1  41   2   6   3   8   4  55   5  15   6  58   7  34   8  44   9  56  10  82  11  81  12  35  13  70  14  18  15  90  16  28  17  48  18  81  19   6 
  0  42   1  45   2   7   3   8   4  56   5  21   6  58   7  35   8  42   9  59  10  82  11  86  12  41  13  68  14  19  15  90  16  29  17  50  18  83  19   6 
  0  42   1  40   2   5   3  10   4  55   5  20   6  57   7  33   8  44   9  58  10  84  11  84  12  39  13  70  14  20  15  92  16  27  17  46  18  85  19   5 
  0  35   1  37   2   2   3   8   4  54   5  17   6  53   7  31   8  41   9  54  10  83  11  80  12  38  13  69  14  14  15  92  16  27  17  49  18  78  19   5 
  0  39   1  42   2   7   3   9   4  57   5  21   6  57   7  35   8  44   9  60  10  84  11  84  12  38  13  68  14  17  15  90  16  31  17  50  18  83  19   9 
  0  45   1  43   2   9   3  10   4  54   5  21   6  58   7  36   8  42   9  60  10  86  11  84  12  41  13  69  14  20  15  91  16  29  17  50  18  84  19   7 
  0  37   1  39   2   2   3   6   4  53   5  16   6  56   7  30   8  44   9  56  10  81  11  83  12  37  13  70  14  13  15  90  16  29  17  47  18  79  19   7 
  0  40   1  43   2   7   3   9   4  55   5  19   6  55   7  32   8  44   9  59  10  81  11  85  12  40  13  68  14  19  15  90  16  27  17  46  18  82  19   6 
  0  44   1  41   2   7   3   7   4  55   5  18   6  59   7  35   8  43   9  57  10  82  11  85  12  40  13  68  14  19  15  90  16  30  17  49  18  84  19   6 
  0  41   1  42   2   8   3  10   4  57   5  18   6  57   7  34   8  45   9  56  10  84  11  84  12  41  13  68  14  19  15  92  16  30  17  49  18  87  19   9 
  0  42   1  39   2   8   3   7   4  53   5  16   6  59   7  36   8  43   9  58  10  83  11  82  12  37  13  69  14  19  15  90  16  29  17  48  18  85  19   9 
  0  40   1  39   2   2   3   7   4  55   5  16   6  54   7  34   8  41   9  58  10  82  11  83  12  36  13  68  14  15  15  92  16  28  17  46  18  83  19   7 
  0  45   1  45   2  10   3   9   4  57   5  21   6  61   7  39   8  44   9  58  10  86  11  85  12  41  13  70  14  21  15  91  16  30  17  50  18  87  19   7 
  0  44   1  42   2   9   3   7   4  55   5  21   6  59   7  35   8  44   9  60  10  86  11  83  12  41  13  69  14  20  15  92  16  31  17  47  18  88  19   9 
  0  45   1  45   2   8   3  10   4  55   5  20   6  61   7  39   8  45   9  60  10  86  11  86  12  41  13  68  14  21  15  90  16  31  17  48  18  87  19   8 
  0  38   1  37   2   2   3   6   4  53   5  17   6  56   7  29   8  41   9  55  10  80  11  81  12  35  13  70  14  13  15  92  16  30  17  48  18  81  19   5 
  0  42   1  44   2   5   3   8   4  56   5  18   6  58   7  33   8  44   9  60  10  85  11  86  12  41  13  68  14  17  15  91  16  28  17  48  18  84  19   8 
  0  41   1  40   2   8   3  10   4  53   5  17   6  59   7  34   8  41   9  56  10  85  11  84  12  39  13  70  14  18  15  90  16  30  17  47  18  84  19   6 
  0  45   1  43   2  10   3   9   4  57   5  21   6  58   7  35   8  45   9  60  10  86  11  84  12  41  13  69  14  19  15  91  16  29  17  48  18  85  19   9 


