
 20  20

  0  17   1  34   2  79   3  93   4  31   5  30   6  14   7  58   8  26   9  49  10   7  11  47  12   1  13  35  14  63  15  92  16   1  17  51  18  43  19  47 
  0  19   1  36   2  86   3  95   4  35   5  30   6  14   7  59   8  32   9  49  10  15  11  49  12   1  13  38  14  65  15  92  16   3  17  56  18  48  19  52 
  0  22   1  37   2  86   3  96   4  35   5  30   6  14   7  59   8  34   9  48  10  14  11  47  12   3  13  40  14  65  15  93  16   3  17  55  18  51  19  52 
  0  23   1  36   2  85   3  95   4  37   5  30   6  16   7  59   8  34   9  49  10  13  11  49  12   3  13  41  14  65  15  94  16   1  17  56  18  51  19  52 
  0  16   1  31   2  78   3  95   4  30   5  28   6  10   7  55   8  26   9  47  10   8  11  49  12   1  13  34  14  63  15  92  16   1  17  49  18  42  19  47 
  0  17   1  35   2  80   3  97   4  32   5  28   6  13   7  59   8  30   9  49  10  11  11  47  12   1  13  37  14  63  15  93  16   1  17  53  18  44  19  49 
  0  22   1  37   2  83   3  97   4  36   5  28   6  16   7  58   8  33   9  47  10  15  11  49  12   2  13  38  14  65  15  94  16   3  17  57  18  51  19  50 
  0  13   1  32   2  79   3  94   4  27   5  28   6  10   7  55   8  28   9  47  10   8  11  49  12   1  13  34  14  64  15  94  16   1  17  49  18  43  19  46 
  0  22   1  37   2  86   3  97   4  37   5  30   6  16   7  57   8  34   9  49  10  15  11  49  12   3  13  41  14  65  15  92  16   3  17  57  18  51  19  51 
  0  15   1  33   2  78   3  93   4  30   5  28   6  10   7  57   8  27   9  47  10   7  11  48  12   1  13  33  14  63  15  93  16   1  17  51  18  43  19  47 
  0  16   1  35   2  78   3  93   4  30   5  28   6  13   7  57   8  27   9  47  10   7  11  48  12   1  13  34  14  63  15  94  16   1  17  50  18  45  19  46 
  0  21   1  36   2  83   3  97   4  34   5  30   6  16   7  56   8  33   9  49  10  13  11  47  12   2  13  41  14  65  15  94  16   1  17  54  18  51  19  49 
  0  15   1  31   2  79   3  95   4  29   5  30   6  10   7  57   8  26   9  49  10   8  11  48  12   1  13  33  14  63  15  92  16   1  17  50  18  43  19  48 
  0  23   1  34   2  82   3  95   4  36   5  30   6  16   7  59   8  33   9  49  10  11  11  47  12   3  13  39  14  65  15  92  16   1  17  53  18  48  19  49 
  0  13   1  31   2  81   3  93   4  27   5  28   6  10   7  58   8  26   9  47  10   7  11  47  12   1  13  33  14  63  15  92  16   1  17  49  18  43  19  46 
  0  23   1  37   2  86   3  97   4  34   5  30   6  16   7  59   8  34   9  49  10  13  11  48  12   3  13  40  14  65  15  94  16   1  17  54  18  49  19  49 
  0  15   1  32   2  80   3  93   4  31   5  28   6  13   7  57   8  31   9  49  10   9  11  47  12   1  13  36  14  65  15  92  16   1  17  51  18  46  19  47 
  0  23   1  35   2  84   3  97   4  36   5  30   6  16   7  57   8  34   9  49  10  14  11  48  12   1  13  40  14  64  15  94  16   3  17  57  18  49  19  50 
  0  18   1  32   2  81   3  95   4  32   5  29   6  11   7  55   8  26   9  49  10   7  11  47  12   1  13  33  14  63  15  94  16   1  17  51  18  44  19  49 
  0  19   1  36   2  81   3  93   4  31   5  28   6  11   7  55   8  28   9  47  10   8  11  48  12   1  13  35  14  64  15  94  16   1  17  53  18  47  19  50 


