
 20  20

  0  12   1  46   2  29   3  64   4  11   5  71   6  34   7  80   8  40   9  19  10  76  11  32  12  83  13  81  14  99  15  44  16  32  17  94  18  33  19  42 
  0   9   1  42   2  26   3  60   4   7   5  71   6  30   7  80   8  39   9  19  10  72  11  30  12  83  13  79  14  96  15  44  16  30  17  88  18  32  19  42 
  0  12   1  43   2  30   3  63   4  12   5  70   6  32   7  80   8  37   9  19  10  73  11  33  12  83  13  83  14  98  15  43  16  28  17  94  18  34  19  41 
  0  11   1  38   2  28   3  62   4   8   5  72   6  27   7  80   8  36   9  19  10  72  11  33  12  79  13  81  14  95  15  42  16  29  17  91  18  33  19  41 
  0   5   1  37   2  26   3  62   4   7   5  72   6  25   7  79   8  34   9  15  10  67  11  29  12  79  13  79  14  94  15  42  16  25  17  86  18  32  19  43 
  0  15   1  43   2  28   3  64   4   9   5  70   6  33   7  79   8  39   9  16  10  73  11  33  12  84  13  83  14  99  15  44  16  31  17  93  18  34  19  42 
  0  15   1  46   2  30   3  64   4  12   5  72   6  34   7  80   8  40   9  19  10  76  11  32  12  84  13  83  14  99  15  43  16  32  17  96  18  34  19  41 
  0  13   1  46   2  28   3  62   4  11   5  71   6  34   7  80   8  40   9  19  10  77  11  31  12  84  13  83  14  99  15  43  16  32  17  95  18  32  19  42 
  0   5   1  36   2  28   3  60   4   6   5  70   6  25   7  78   8  35   9  16  10  68  11  30  12  78  13  79  14  93  15  42  16  24  17  88  18  32  19  41 
  0  11   1  41   2  29   3  64   4   8   5  71   6  29   7  80   8  37   9  16  10  70  11  29  12  79  13  80  14  98  15  44  16  28  17  93  18  32  19  41 
  0   9   1  40   2  27   3  63   4   6   5  70   6  27   7  80   8  39   9  19  10  69  11  31  12  82  13  83  14  97  15  42  16  27  17  89  18  34  19  41 
  0   7   1  37   2  27   3  60   4   5   5  72   6  25   7  79   8  34   9  15  10  69  11  29  12  78  13  79  14  92  15  42  16  24  17  86  18  32  19  41 
  0   9   1  41   2  28   3  63   4  11   5  70   6  31   7  80   8  36   9  16  10  75  11  33  12  83  13  80  14  99  15  42  16  29  17  91  18  32  19  41 
  0   6   1  38   2  26   3  60   4  10   5  72   6  27   7  78   8  36   9  15  10  71  11  30  12  78  13  81  14  93  15  44  16  25  17  91  18  32  19  43 
  0   7   1  38   2  26   3  63   4   8   5  72   6  27   7  78   8  34   9  15  10  69  11  29  12  78  13  79  14  94  15  43  16  27  17  89  18  33  19  42 
  0   7   1  36   2  27   3  61   4   5   5  70   6  28   7  80   8  34   9  15  10  70  11  29  12  78  13  81  14  94  15  42  16  27  17  87  18  32  19  42 
  0   6   1  37   2  29   3  63   4   5   5  70   6  28   7  80   8  34   9  16  10  67  11  29  12  79  13  82  14  95  15  42  16  25  17  86  18  32  19  41 
  0  11   1  41   2  29   3  61   4  11   5  70   6  32   7  80   8  37   9  19  10  75  11  32  12  82  13  83  14  98  15  44  16  30  17  92  18  34  19  43 
  0  12   1  41   2  27   3  62   4  10   5  72   6  28   7  79   8  38   9  17  10  74  11  33  12  83  13  82  14  99  15  43  16  30  17  93  18  33  19  43 
  0  11   1  41   2  29   3  62   4  11   5  72   6  33   7  78   8  39   9  15  10  73  11  32  12  84  13  82  14  99  15  44  16  28  17  94  18  33  19  43 


