
 20  20

  0  10   1  24   2  98   3  83   4  36   5  15   6  78   7  58   8  43   9  11  10  16  11  58  12   9  13  98  14  84  15  75  16  32  17  56  18  87  19  51 
  0   1   1  15   2  92   3  79   4  28   5   5   6  77   7  55   8  37   9   9  10   6  11  58  12   5  13  95  14  78  15  69  16  28  17  52  18  87  19  51 
  0   4   1  18   2  91   3  81   4  32   5  11   6  79   7  57   8  41   9  10  10  11  11  58  12   8  13  98  14  81  15  74  16  33  17  52  18  86  19  49 
  0   4   1  20   2  91   3  81   4  28   5   7   6  77   7  56   8  40   9   8  10  11  11  56  12   7  13  95  14  77  15  70  16  30  17  51  18  87  19  49 
  0   8   1  23   2  98   3  81   4  31   5  14   6  78   7  56   8  44   9  10  10  13  11  56  12  10  13  96  14  80  15  72  16  30  17  54  18  85  19  51 
  0  10   1  22   2  96   3  83   4  36   5  14   6  79   7  59   8  44   9  10  10  14  11  58  12  11  13  96  14  81  15  75  16  34  17  54  18  87  19  51 
  0   9   1  23   2  99   3  83   4  35   5  15   6  79   7  59   8  42   9  10  10  15  11  57  12  11  13  98  14  81  15  72  16  32  17  55  18  87  19  51 
  0   5   1  22   2  93   3  80   4  29   5  10   6  78   7  55   8  42   9   8  10   9  11  56  12   8  13  98  14  80  15  72  16  33  17  53  18  85  19  49 
  0  10   1  22   2  99   3  84   4  33   5  15   6  79   7  59   8  44   9  12  10  13  11  58  12   9  13  98  14  84  15  75  16  32  17  54  18  87  19  51 
  0   6   1  20   2  94   3  81   4  31   5  11   6  77   7  54   8  42   9   8  10  13  11  57  12   6  13  98  14  81  15  71  16  31  17  53  18  86  19  51 
  0   8   1  21   2  97   3  82   4  34   5  11   6  79   7  56   8  43   9  12  10  13  11  58  12   7  13  97  14  80  15  75  16  34  17  53  18  87  19  51 
  0   7   1  24   2  97   3  81   4  35   5  12   6  77   7  57   8  43   9  12  10  14  11  58  12   7  13  98  14  80  15  73  16  34  17  56  18  87  19  51 
  0   1   1  17   2  92   3  78   4  29   5   7   6  77   7  53   8  39   9   9  10   9  11  56  12   3  13  94  14  78  15  69  16  28  17  52  18  87  19  49 
  0   7   1  25   2  97   3  80   4  36   5  14   6  79   7  57   8  43   9  12  10  12  11  58  12   8  13  95  14  84  15  72  16  31  17  56  18  87  19  50 
  0   4   1  15   2  91   3  77   4  26   5   5   6  77   7  53   8  40   9   8  10   9  11  56  12   6  13  96  14  78  15  69  16  30  17  51  18  85  19  49 
  0   1   1  15   2  91   3  76   4  26   5   5   6  77   7  55   8  37   9   8  10   6  11  56  12   3  13  96  14  76  15  69  16  29  17  50  18  86  19  49 
  0   3   1  16   2  90   3  80   4  27   5   7   6  77   7  55   8  39   9  10  10   7  11  58  12   7  13  94  14  77  15  70  16  32  17  51  18  85  19  51 
  0   2   1  15   2  90   3  79   4  26   5   5   6  77   7  54   8  37   9   9  10   6  11  57  12   3  13  96  14  79  15  72  16  28  17  53  18  85  19  51 
  0   9   1  23   2  97   3  84   4  34   5  13   6  79   7  57   8  45   9  10  10  12  11  56  12   9  13  97  14  83  15  74  16  34  17  53  18  85  19  51 
  0   5   1  16   2  91   3  76   4  31   5   9   6  78   7  57   8  40   9   9  10  11  11  58  12   3  13  95  14  76  15  70  16  29  17  54  18  85  19  51 


