
 20  20

  0  23   1  87   2  51   3  32   4   2   5  80   6  23   7  87   8  64   9   5  10  60  11  46  12  94  13  62  14   2  15  34  16  71  17  71  18  32  19  24 
  0  23   1  86   2  51   3  32   4   2   5  80   6  23   7  88   8  64   9   7  10  61  11  47  12  93  13  62  14   2  15  37  16  71  17  72  18  30  19  27 
  0  21   1  87   2  49   3  28   4   2   5  79   6  20   7  89   8  60   9   4  10  60  11  48  12  92  13  59  14   1  15  37  16  70  17  72  18  32  19  23 
  0  21   1  86   2  51   3  30   4   1   5  80   6  21   7  86   8  64   9   7  10  61  11  46  12  94  13  62  14   1  15  37  16  73  17  72  18  32  19  24 
  0  13   1  83   2  49   3  26   4   1   5  72   6  17   7  85   8  56   9   2  10  54  11  46  12  94  13  58  14   1  15  28  16  66  17  70  18  31  19  20 
  0  17   1  83   2  49   3  27   4   1   5  71   6  18   7  83   8  56   9   1  10  56  11  48  12  94  13  59  14   1  15  30  16  64  17  71  18  31  19  20 
  0  22   1  84   2  49   3  29   4   1   5  78   6  19   7  86   8  63   9   5  10  61  11  47  12  94  13  62  14   1  15  35  16  69  17  72  18  32  19  23 
  0  20   1  87   2  51   3  31   4   2   5  77   6  23   7  86   8  64   9   7  10  59  11  46  12  94  13  62  14   2  15  34  16  73  17  70  18  32  19  27 
  0  13   1  84   2  49   3  24   4   1   5  70   6  16   7  85   8  58   9   4  10  56  11  46  12  92  13  56  14   2  15  27  16  66  17  70  18  32  19  22 
  0  16   1  85   2  50   3  24   4   1   5  70   6  16   7  83   8  56   9   1  10  54  11  46  12  92  13  59  14   1  15  30  16  64  17  72  18  30  19  20 
  0  21   1  87   2  49   3  32   4   2   5  80   6  22   7  86   8  61   9   7  10  62  11  46  12  94  13  59  14   2  15  34  16  72  17  72  18  32  19  24 
  0  22   1  84   2  51   3  32   4   1   5  80   6  20   7  87   8  62   9   4  10  62  11  48  12  93  13  62  14   2  15  36  16  70  17  72  18  30  19  25 
  0  18   1  87   2  49   3  27   4   2   5  74   6  19   7  85   8  60   9   1  10  56  11  48  12  94  13  60  14   1  15  33  16  69  17  72  18  31  19  21 
  0  22   1  85   2  50   3  32   4   2   5  76   6  19   7  89   8  64   9   7  10  60  11  48  12  94  13  60  14   2  15  37  16  73  17  72  18  32  19  25 
  0  22   1  87   2  50   3  29   4   2   5  80   6  23   7  88   8  63   9   5  10  61  11  46  12  94  13  60  14   1  15  37  16  73  17  72  18  32  19  26 
  0  18   1  87   2  49   3  30   4   1   5  76   6  23   7  89   8  62   9   3  10  59  11  46  12  92  13  62  14   2  15  35  16  69  17  71  18  32  19  25 
  0  15   1  87   2  50   3  28   4   1   5  74   6  17   7  83   8  57   9   4  10  59  11  46  12  94  13  57  14   1  15  31  16  68  17  70  18  32  19  24 
  0  20   1  86   2  51   3  29   4   1   5  75   6  18   7  86   8  61   9   4  10  57  11  48  12  92  13  58  14   2  15  36  16  71  17  72  18  30  19  23 
  0  19   1  87   2  51   3  31   4   2   5  79   6  21   7  87   8  61   9   6  10  62  11  48  12  93  13  62  14   1  15  37  16  69  17  71  18  32  19  25 
  0  14   1  83   2  50   3  25   4   1   5  70   6  15   7  83   8  58   9   1  10  54  11  46  12  92  13  58  14   1  15  29  16  66  17  70  18  30  19  19 


