
 20  20

  0  70   1  70   2  75   3   3   4  81   5  58   6  86   7  52   8  20   9  50  10  82  11  42  12  38  13  41  14  60  15  11  16  87  17  78  18  54  19  10 
  0  79   1  70   2  78   3   5   4  87   5  60   6  90   7  54   8  23   9  52  10  83  11  42  12  40  13  43  14  62  15  16  16  85  17  81  18  56  19  11 
  0  78   1  70   2  79   3   5   4  90   5  60   6  91   7  53   8  25   9  52  10  83  11  42  12  39  13  44  14  63  15  16  16  87  17  81  18  56  19  11 
  0  75   1  70   2  79   3   5   4  85   5  55   6  87   7  54   8  23   9  52  10  82  11  40  12  38  13  40  14  59  15  11  16  87  17  81  18  52  19  10 
  0  73   1  69   2  75   3   4   4  83   5  55   6  86   7  52   8  17   9  51  10  81  11  41  12  39  13  40  14  57  15  10  16  87  17  77  18  54  19  10 
  0  72   1  70   2  79   3   1   4  87   5  57   6  89   7  53   8  21   9  50  10  81  11  41  12  40  13  43  14  61  15  14  16  87  17  77  18  52  19  11 
  0  75   1  70   2  77   3   3   4  83   5  56   6  88   7  51   8  23   9  52  10  82  11  41  12  39  13  40  14  61  15  11  16  85  17  80  18  51  19  11 
  0  69   1  70   2  75   3   3   4  80   5  54   6  86   7  49   8  18   9  52  10  81  11  40  12  36  13  39  14  57  15  10  16  86  17  77  18  50  19  11 
  0  70   1  68   2  77   3   1   4  82   5  54   6  88   7  50   8  20   9  50  10  83  11  41  12  37  13  37  14  57  15   8  16  85  17  77  18  51  19   9 
  0  69   1  70   2  76   3   1   4  81   5  55   6  86   7  50   8  18   9  50  10  81  11  40  12  36  13  37  14  59  15   8  16  86  17  75  18  50  19   9 
  0  79   1  68   2  78   3   5   4  89   5  60   6  91   7  54   8  25   9  52  10  82  11  40  12  40  13  45  14  65  15  16  16  87  17  82  18  54  19   9 
  0  78   1  69   2  79   3   3   4  87   5  59   6  89   7  54   8  25   9  52  10  81  11  42  12  40  13  42  14  65  15  13  16  86  17  84  18  56  19  11 
  0  75   1  68   2  79   3   3   4  86   5  56   6  87   7  51   8  20   9  52  10  82  11  40  12  37  13  42  14  59  15  11  16  87  17  79  18  55  19  10 
  0  77   1  70   2  79   3   3   4  90   5  58   6  88   7  52   8  25   9  52  10  82  11  40  12  40  13  44  14  65  15  16  16  86  17  80  18  53  19  11 
  0  74   1  69   2  77   3   4   4  89   5  59   6  88   7  54   8  23   9  52  10  82  11  41  12  37  13  43  14  61  15  12  16  87  17  80  18  54  19  10 
  0  74   1  69   2  75   3   5   4  87   5  55   6  86   7  54   8  19   9  50  10  83  11  42  12  39  13  43  14  59  15  10  16  87  17  80  18  53  19   9 
  0  79   1  70   2  77   3   5   4  88   5  58   6  91   7  55   8  25   9  52  10  82  11  41  12  40  13  44  14  65  15  16  16  85  17  83  18  54  19  11 
  0  79   1  70   2  79   3   5   4  90   5  60   6  90   7  55   8  25   9  50  10  83  11  42  12  40  13  45  14  64  15  15  16  87  17  84  18  56  19  11 
  0  74   1  68   2  77   3   1   4  82   5  55   6  88   7  53   8  18   9  51  10  83  11  41  12  38  13  38  14  58  15   8  16  87  17  79  18  52  19  11 
  0  75   1  70   2  77   3   5   4  84   5  57   6  90   7  52   8  22   9  50  10  81  11  42  12  36  13  39  14  63  15  14  16  85  17  77  18  55  19  11 


