
 20  20

  0  26   1  95   2  39   3  42   4   3   5  93   6  52   7  87   8  49   9  43  10  57  11  38  12  87  13  96  14  81  15  50  16  35  17  69  18  85  19  21 
  0  32   1  99   2  37   3  43   4   4   5  94   6  54   7  87   8  50   9  42  10  58  11  37  12  91  13  99  14  82  15  52  16  40  17  72  18  92  19  23 
  0  28   1  96   2  39   3  43   4   2   5  94   6  53   7  88   8  47   9  43  10  57  11  38  12  88  13  97  14  81  15  49  16  37  17  70  18  89  19  23 
  0  29   1  99   2  39   3  44   4   2   5  93   6  52   7  88   8  47   9  43  10  60  11  36  12  88  13  99  14  83  15  49  16  37  17  71  18  87  19  23 
  0  28   1  98   2  38   3  43   4   2   5  94   6  52   7  88   8  49   9  43  10  57  11  39  12  85  13  97  14  81  15  52  16  37  17  69  18  87  19  22 
  0  32   1  99   2  37   3  45   4   4   5  95   6  54   7  90   8  52   9  44  10  62  11  36  12  89  13  99  14  85  15  52  16  40  17  73  18  91  19  21 
  0  31   1  99   2  38   3  45   4   2   5  95   6  52   7  88   8  50   9  43  10  59  11  38  12  89  13  99  14  85  15  55  16  39  17  70  18  90  19  23 
  0  32   1  99   2  39   3  44   4   4   5  95   6  54   7  84   8  51   9  44  10  59  11  39  12  89  13  99  14  84  15  52  16  34  17  69  18  87  19  22 
  0  29   1  95   2  39   3  43   4   3   5  93   6  53   7  84   8  48   9  40  10  56  11  37  12  86  13  95  14  83  15  52  16  35  17  72  18  85  19  22 
  0  34   1  99   2  39   3  45   4   4   5  94   6  54   7  86   8  52   9  42  10  62  11  37  12  88  13  99  14  84  15  55  16  39  17  72  18  93  19  21 
  0  29   1  98   2  39   3  44   4   1   5  93   6  53   7  88   8  51   9  40  10  59  11  38  12  89  13  99  14  81  15  49  16  38  17  69  18  87  19  23 
  0  36   1  99   2  38   3  44   4   4   5  93   6  54   7  88   8  53   9  44  10  62  11  39  12  92  13  99  14  85  15  55  16  40  17  73  18  93  19  23 
  0  27   1  99   2  37   3  44   4   3   5  95   6  52   7  86   8  48   9  41  10  57  11  38  12  87  13  98  14  84  15  50  16  37  17  72  18  88  19  21 
  0  33   1  99   2  39   3  42   4   4   5  94   6  54   7  88   8  51   9  44  10  61  11  37  12  90  13  99  14  84  15  52  16  38  17  70  18  91  19  21 
  0  32   1  99   2  39   3  45   4   4   5  95   6  52   7  87   8  54   9  43  10  62  11  39  12  89  13  99  14  84  15  52  16  40  17  71  18  94  19  21 
  0  34   1  98   2  39   3  43   4   4   5  95   6  52   7  89   8  49   9  43  10  60  11  36  12  89  13  99  14  82  15  51  16  40  17  71  18  91  19  22 
  0  32   1  97   2  39   3  44   4   1   5  94   6  52   7  87   8  50   9  44  10  57  11  36  12  89  13  98  14  85  15  52  16  36  17  70  18  89  19  21 
  0  30   1  99   2  37   3  41   4   1   5  93   6  54   7  85   8  51   9  41  10  57  11  37  12  89  13  99  14  82  15  53  16  37  17  72  18  89  19  22 
  0  28   1  97   2  37   3  41   4   2   5  95   6  54   7  85   8  48   9  43  10  60  11  36  12  86  13  96  14  84  15  49  16  37  17  70  18  86  19  22 
  0  28   1  94   2  39   3  43   4   1   5  94   6  52   7  86   8  46   9  42  10  56  11  37  12  85  13  97  14  84  15  49  16  33  17  69  18  85  19  21 


