
 20  20

  0   1   1  47   2  67   3  62   4  14   5  61   6  77   7  24   8  96   9  10  10  66  11  51  12  57  13  34  14  90  15  41  16  43  17  94  18  52  19  87 
  0   3   1  44   2  68   3  66   4  21   5  63   6  78   7  24   8  96   9  12  10  72  11  55  12  57  13  38  14  96  15  44  16  43  17  97  18  52  19  84 
  0   1   1  43   2  66   3  63   4  13   5  63   6  78   7  21   8  96   9  12  10  67  11  47  12  53  13  34  14  91  15  38  16  41  17  92  18  50  19  84 
  0   1   1  45   2  67   3  65   4  18   5  63   6  76   7  24   8  98   9  10  10  67  11  48  12  55  13  37  14  90  15  40  16  40  17  96  18  51  19  84 
  0   5   1  44   2  66   3  65   4  21   5  61   6  80   7  26   8  96   9  11  10  73  11  54  12  59  13  36  14  93  15  43  16  43  17  97  18  52  19  86 
  0   4   1  45   2  67   3  64   4  20   5  63   6  77   7  24   8  98   9  12  10  69  11  52  12  56  13  36  14  93  15  42  16  44  17  95  18  52  19  88 
  0   3   1  47   2  68   3  64   4  22   5  63   6  80   7  24   8  96   9  11  10  71  11  52  12  59  13  38  14  94  15  41  16  43  17  98  18  52  19  88 
  0   6   1  47   2  68   3  66   4  21   5  63   6  80   7  22   8  98   9  12  10  70  11  50  12  56  13  35  14  93  15  43  16  44  17  96  18  54  19  88 
  0   3   1  47   2  66   3  67   4  21   5  63   6  78   7  26   8  98   9  12  10  73  11  52  12  59  13  35  14  93  15  44  16  47  17  98  18  53  19  88 
  0   1   1  44   2  68   3  62   4  18   5  63   6  76   7  23   8  98   9  10  10  69  11  52  12  55  13  36  14  92  15  40  16  45  17  97  18  51  19  85 
  0   3   1  43   2  68   3  65   4  16   5  61   6  80   7  25   8  98   9  10  10  70  11  49  12  55  13  35  14  93  15  41  16  44  17  93  18  52  19  84 
  0   6   1  45   2  67   3  66   4  20   5  62   6  80   7  25   8  98   9  12  10  70  11  55  12  59  13  35  14  96  15  44  16  47  17  98  18  54  19  85 
  0   7   1  47   2  67   3  66   4  22   5  63   6  80   7  26   8  98   9  11  10  74  11  55  12  59  13  38  14  96  15  44  16  47  17  96  18  54  19  85 
  0   2   1  43   2  68   3  66   4  15   5  61   6  76   7  21   8  98   9  10  10  71  11  51  12  56  13  35  14  92  15  42  16  44  17  94  18  51  19  85 
  0   1   1  47   2  66   3  66   4  17   5  62   6  79   7  22   8  96   9  10  10  72  11  53  12  56  13  38  14  95  15  42  16  42  17  98  18  54  19  84 
  0   7   1  47   2  68   3  67   4  22   5  61   6  80   7  27   8  98   9  11  10  74  11  55  12  59  13  38  14  95  15  44  16  45  17  98  18  52  19  88 
  0   4   1  46   2  68   3  64   4  20   5  62   6  76   7  26   8  98   9  10  10  71  11  53  12  54  13  37  14  91  15  39  16  46  17  94  18  54  19  85 
  0   1   1  44   2  66   3  62   4  16   5  63   6  80   7  21   8  98   9  10  10  68  11  50  12  58  13  34  14  91  15  42  16  45  17  96  18  53  19  85 
  0   5   1  47   2  67   3  65   4  17   5  61   6  80   7  23   8  96   9  11  10  72  11  53  12  58  13  38  14  95  15  42  16  43  17  97  18  54  19  85 
  0   3   1  44   2  66   3  62   4  16   5  63   6  77   7  20   8  98   9  11  10  68  11  51  12  56  13  37  14  91  15  37  16  44  17  93  18  51  19  83 


