
 20  20

  0  75   1  87   2   9   3  81   4  59   5  17   6  40   7  76   8  15   9  59  10  43  11  13  12  14  13  22  14  74  15  80  16  81  17  17  18  98  19   4 
  0  76   1  89   2   9   3  83   4  58   5  16   6  39   7  76   8  14   9  58  10  44  11  12  12  13  13  24  14  76  15  77  16  82  17  18  18  96  19   3 
  0  75   1  88   2   8   3  80   4  59   5  18   6  42   7  73   8  15   9  57  10  43  11  15  12  11  13  21  14  75  15  77  16  81  17  18  18  98  19   4 
  0  81   1  93   2   9   3  85   4  63   5  22   6  40   7  77   8  18   9  58  10  44  11  15  12  15  13  25  14  77  15  78  16  84  17  18  18  97  19   4 
  0  78   1  90   2  11   3  85   4  61   5  19   6  40   7  77   8  17   9  57  10  43  11  15  12  14  13  25  14  80  15  82  16  81  17  19  18  99  19   4 
  0  79   1  87   2   8   3  83   4  61   5  16   6  41   7  77   8  16   9  57  10  43  11  15  12  13  13  24  14  75  15  81  16  81  17  16  18  98  19   2 
  0  77   1  91   2  12   3  87   4  65   5  21   6  40   7  75   8  20   9  59  10  43  11  14  12  15  13  26  14  80  15  81  16  81  17  18  18  98  19   4 
  0  76   1  91   2   9   3  84   4  60   5  17   6  42   7  76   8  17   9  59  10  45  11  12  12  11  13  22  14  77  15  80  16  81  17  16  18  99  19   4 
  0  78   1  90   2  10   3  82   4  63   5  19   6  41   7  73   8  18   9  58  10  43  11  12  12  12  13  23  14  78  15  81  16  81  17  17  18  96  19   2 
  0  81   1  95   2  12   3  88   4  67   5  23   6  43   7  76   8  20   9  57  10  45  11  14  12  15  13  29  14  82  15  83  16  85  17  21  18  99  19   4 
  0  80   1  91   2  10   3  87   4  61   5  22   6  40   7  77   8  16   9  59  10  43  11  14  12  11  13  24  14  76  15  83  16  83  17  20  18  98  19   3 
  0  73   1  87   2   8   3  79   4  60   5  19   6  39   7  75   8  15   9  57  10  43  11  12  12  13  13  24  14  72  15  77  16  79  17  19  18  96  19   2 
  0  74   1  87   2   8   3  79   4  58   5  15   6  39   7  73   8  14   9  57  10  44  11  13  12  11  13  21  14  72  15  78  16  79  17  16  18  96  19   3 
  0  76   1  87   2   9   3  82   4  59   5  19   6  40   7  73   8  17   9  57  10  45  11  12  12  12  13  22  14  74  15  80  16  80  17  17  18  98  19   2 
  0  82   1  91   2  14   3  87   4  65   5  20   6  40   7  76   8  16   9  59  10  44  11  16  12  13  13  28  14  78  15  82  16  85  17  21  18  99  19   4 
  0  82   1  91   2  12   3  88   4  64   5  20   6  41   7  77   8  16   9  57  10  44  11  16  12  13  13  28  14  78  15  81  16  84  17  18  18  99  19   3 
  0  83   1  92   2  14   3  88   4  64   5  21   6  42   7  77   8  20   9  59  10  44  11  15  12  14  13  26  14  78  15  83  16  85  17  22  18  99  19   4 
  0  76   1  92   2  13   3  82   4  64   5  19   6  41   7  74   8  17   9  58  10  45  11  13  12  11  13  23  14  78  15  79  16  81  17  17  18  99  19   2 
  0  80   1  93   2  14   3  86   4  66   5  23   6  42   7  77   8  18   9  59  10  45  11  15  12  14  13  29  14  82  15  81  16  85  17  22  18  99  19   2 
  0  80   1  90   2  14   3  85   4  62   5  21   6  40   7  76   8  18   9  59  10  45  11  15  12  15  13  26  14  80  15  80  16  83  17  18  18  99  19   4 


