
 20  20

  0  87   1  52   2  37   3  28   4  60   5  40   6  38   7  24   8  18   9  11  10  56  11  67  12  18  13  30  14  59  15  11  16  94  17  30  18  39  19  76 
  0  88   1  54   2  35   3  28   4  60   5  42   6  36   7  27   8  18   9  11  10  59  11  67  12  17  13  32  14  59  15   9  16  93  17  32  18  42  19  75 
  0  88   1  53   2  38   3  29   4  59   5  39   6  36   7  24   8  19   9  13  10  58  11  68  12  17  13  31  14  59  15   9  16  94  17  33  18  39  19  76 
  0  94   1  56   2  40   3  34   4  65   5  49   6  41   7  27   8  22   9  19  10  63  11  69  12  21  13  36  14  61  15  18  16  93  17  38  18  41  19  79 
  0  90   1  52   2  38   3  32   4  61   5  44   6  36   7  26   8  18   9  16  10  57  11  67  12  19  13  33  14  59  15  11  16  93  17  33  18  41  19  76 
  0  91   1  56   2  38   3  32   4  63   5  46   6  39   7  28   8  23   9  14  10  63  11  68  12  18  13  35  14  59  15  12  16  95  17  33  18  39  19  76 
  0  90   1  53   2  37   3  29   4  61   5  42   6  35   7  26   8  17   9  14  10  56  11  67  12  18  13  32  14  59  15  11  16  93  17  30  18  39  19  73 
  0  90   1  54   2  35   3  29   4  61   5  42   6  38   7  24   8  19   9  13  10  56  11  67  12  19  13  31  14  61  15  12  16  93  17  32  18  39  19  76 
  0  94   1  55   2  43   3  36   4  64   5  45   6  39   7  25   8  22   9  18  10  63  11  69  12  18  13  35  14  63  15  17  16  93  17  37  18  43  19  76 
  0  96   1  54   2  40   3  32   4  65   5  45   6  40   7  28   8  25   9  18  10  64  11  69  12  20  13  39  14  62  15  15  16  95  17  40  18  42  19  77 
  0  95   1  55   2  42   3  31   4  63   5  46   6  37   7  28   8  20   9  20  10  64  11  69  12  19  13  34  14  60  15  17  16  93  17  36  18  42  19  78 
  0  92   1  54   2  39   3  35   4  65   5  47   6  37   7  26   8  23   9  17  10  64  11  67  12  21  13  34  14  60  15  14  16  95  17  37  18  43  19  77 
  0  94   1  54   2  41   3  36   4  65   5  49   6  40   7  28   8  25   9  21  10  63  11  69  12  21  13  39  14  63  15  16  16  95  17  39  18  42  19  79 
  0  95   1  55   2  43   3  34   4  64   5  45   6  40   7  28   8  25   9  20  10  65  11  67  12  21  13  38  14  61  15  14  16  93  17  38  18  43  19  76 
  0  90   1  53   2  39   3  34   4  62   5  43   6  36   7  24   8  21   9  14  10  63  11  67  12  17  13  32  14  59  15  14  16  95  17  34  18  42  19  75 
  0  88   1  51   2  40   3  31   4  62   5  43   6  35   7  27   8  18   9  13  10  57  11  67  12  18  13  34  14  62  15  12  16  93  17  34  18  40  19  77 
  0  87   1  51   2  37   3  28   4  60   5  43   6  37   7  27   8  19   9  14  10  57  11  68  12  20  13  29  14  60  15   9  16  93  17  32  18  41  19  75 
  0  94   1  55   2  39   3  32   4  62   5  45   6  37   7  26   8  20   9  18  10  62  11  68  12  19  13  33  14  63  15  13  16  95  17  34  18  39  19  76 
  0  94   1  55   2  43   3  33   4  65   5  47   6  41   7  26   8  25   9  18  10  63  11  69  12  19  13  36  14  63  15  16  16  95  17  40  18  43  19  79 
  0  91   1  52   2  41   3  33   4  61   5  42   6  40   7  24   8  22   9  18  10  61  11  69  12  21  13  36  14  61  15  15  16  94  17  34  18  43  19  76 


