
 20  20

  0  63   1  33   2  96   3  41   4   2   5  46   6  49   7  89   8  57   9  60  10  94  11  48  12  99  13  17  14  53  15  21  16  63  17   7  18  77  19  75 
  0  58   1  30   2  96   3  40   4   5   5  44   6  48   7  89   8  58   9  57  10  93  11  45  12  99  13  16  14  55  15  19  16  60  17   4  18  77  19  71 
  0  56   1  26   2  92   3  36   4   2   5  45   6  49   7  88   8  59   9  56  10  94  11  45  12  95  13  16  14  53  15  19  16  60  17   5  18  71  19  69 
  0  54   1  26   2  93   3  34   4   1   5  44   6  49   7  85   8  59   9  53  10  91  11  45  12  94  13  15  14  51  15  17  16  59  17   3  18  70  19  68 
  0  61   1  31   2  96   3  44   4   5   5  49   6  49   7  92   8  57   9  61  10  92  11  49  12  99  13  16  14  55  15  20  16  63  17   7  18  78  19  76 
  0  63   1  33   2  96   3  44   4   3   5  47   6  49   7  92   8  57   9  63  10  95  11  50  12  99  13  19  14  55  15  23  16  66  17   7  18  77  19  76 
  0  62   1  30   2  96   3  39   4   4   5  47   6  49   7  89   8  59   9  60  10  95  11  47  12  99  13  16  14  55  15  19  16  61  17   5  18  76  19  72 
  0  60   1  33   2  95   3  41   4   4   5  46   6  50   7  92   8  59   9  63  10  93  11  47  12  99  13  16  14  54  15  23  16  64  17   5  18  77  19  74 
  0  61   1  33   2  96   3  44   4   4   5  49   6  51   7  89   8  59   9  60  10  95  11  50  12  99  13  18  14  55  15  23  16  64  17   6  18  75  19  76 
  0  59   1  27   2  96   3  36   4   1   5  44   6  48   7  85   8  59   9  56  10  94  11  47  12  97  13  19  14  54  15  17  16  59  17   6  18  72  19  70 
  0  56   1  28   2  92   3  39   4   1   5  43   6  48   7  90   8  58   9  56  10  95  11  44  12  98  13  19  14  51  15  19  16  59  17   5  18  72  19  70 
  0  63   1  32   2  95   3  44   4   3   5  46   6  51   7  90   8  59   9  61  10  94  11  47  12  99  13  17  14  55  15  21  16  66  17   7  18  77  19  75 
  0  55   1  24   2  94   3  34   4   1   5  43   6  47   7  84   8  57   9  53  10  91  11  42  12  94  13  16  14  51  15  17  16  57  17   5  18  71  19  67 
  0  57   1  27   2  92   3  38   4   1   5  45   6  48   7  87   8  59   9  57  10  93  11  47  12  97  13  17  14  54  15  22  16  59  17   6  18  75  19  72 
  0  57   1  28   2  93   3  36   4   2   5  44   6  47   7  86   8  58   9  59  10  94  11  44  12  99  13  16  14  51  15  18  16  58  17   5  18  76  19  69 
  0  59   1  32   2  96   3  42   4   3   5  49   6  48   7  92   8  57   9  60  10  94  11  50  12  99  13  19  14  54  15  20  16  64  17   7  18  78  19  73 
  0  53   1  25   2  92   3  37   4   1   5  41   6  47   7  84   8  58   9  53  10  91  11  44  12  97  13  17  14  52  15  17  16  56  17   3  18  70  19  70 
  0  59   1  30   2  93   3  41   4   5   5  45   6  51   7  90   8  59   9  62  10  92  11  50  12  99  13  19  14  55  15  21  16  61  17   7  18  75  19  72 
  0  54   1  24   2  92   3  34   4   1   5  44   6  47   7  86   8  57   9  55  10  93  11  44  12  94  13  15  14  54  15  20  16  59  17   3  18  72  19  69 
  0  59   1  33   2  96   3  41   4   3   5  45   6  48   7  92   8  59   9  62  10  95  11  47  12  99  13  19  14  55  15  21  16  63  17   7  18  78  19  76 


