
 20  20

  0  49   1  40   2  92   3   8   4  19   5  68   6  53   7  69   8  98   9  99  10  16  11  98  12  44  13  69  14  58  15  20  16  37  17  45  18  69  19  62 
  0  43   1  39   2  90   3   5   4  13   5  65   6  46   7  70   8  93   9  98  10  16  11  96  12  39  13  68  14  51  15  16  16  38  17  40  18  65  19  62 
  0  50   1  38   2  92   3   8   4  18   5  69   6  54   7  73   8  97   9  99  10  18  11  96  12  46  13  69  14  56  15  18  16  36  17  46  18  69  19  63 
  0  52   1  40   2  95   3   8   4  20   5  69   6  53   7  70   8  96   9  97  10  17  11  97  12  47  13  68  14  57  15  19  16  36  17  49  18  70  19  63 
  0  44   1  38   2  90   3   4   4  13   5  67   6  46   7  69   8  95   9  97  10  19  11  95  12  43  13  69  14  55  15  17  16  37  17  41  18  65  19  61 
  0  43   1  40   2  90   3   4   4  14   5  65   6  46   7  70   8  93   9  97  10  16  11  95  12  39  13  68  14  52  15  17  16  36  17  42  18  63  19  61 
  0  45   1  38   2  89   3   8   4  16   5  65   6  51   7  71   8  96   9  97  10  16  11  96  12  44  13  69  14  54  15  18  16  36  17  41  18  66  19  63 
  0  51   1  40   2  96   3   9   4  22   5  67   6  56   7  73   8  99   9  99  10  20  11  97  12  49  13  69  14  61  15  22  16  37  17  50  18  71  19  63 
  0  47   1  38   2  92   3   8   4  17   5  69   6  50   7  71   8  95   9  97  10  17  11  96  12  46  13  70  14  56  15  20  16  38  17  44  18  69  19  61 
  0  49   1  39   2  93   3   9   4  18   5  69   6  51   7  69   8  97   9  97  10  17  11  99  12  45  13  69  14  54  15  21  16  38  17  45  18  65  19  61 
  0  53   1  40   2  94   3  10   4  18   5  68   6  53   7  70   8  98   9  99  10  17  11  99  12  48  13  69  14  59  15  23  16  38  17  49  18  67  19  61 
  0  47   1  38   2  93   3   7   4  15   5  65   6  48   7  71   8  96   9  97  10  16  11  95  12  41  13  68  14  57  15  20  16  38  17  46  18  68  19  61 
  0  45   1  38   2  93   3   5   4  17   5  69   6  52   7  70   8  93   9  99  10  18  11  97  12  43  13  68  14  53  15  16  16  37  17  46  18  64  19  61 
  0  47   1  40   2  91   3   7   4  14   5  66   6  52   7  73   8  98   9  97  10  20  11  97  12  44  13  68  14  53  15  18  16  37  17  45  18  68  19  61 
  0  43   1  40   2  91   3   6   4  14   5  65   6  48   7  72   8  96   9  98  10  16  11  95  12  42  13  70  14  51  15  17  16  36  17  42  18  63  19  63 
  0  45   1  38   2  91   3   5   4  12   5  65   6  50   7  72   8  96   9  99  10  16  11  95  12  41  13  70  14  51  15  16  16  37  17  43  18  66  19  61 
  0  46   1  38   2  95   3   8   4  16   5  65   6  49   7  73   8  95   9  98  10  18  11  99  12  43  13  68  14  56  15  21  16  38  17  47  18  68  19  62 
  0  44   1  40   2  90   3   8   4  14   5  68   6  50   7  71   8  97   9  97  10  16  11  95  12  43  13  68  14  52  15  17  16  36  17  44  18  64  19  61 
  0  46   1  38   2  93   3   7   4  15   5  67   6  49   7  71   8  95   9  99  10  19  11  98  12  45  13  69  14  55  15  19  16  37  17  43  18  64  19  61 
  0  51   1  40   2  95   3  10   4  21   5  68   6  55   7  71   8  97   9  99  10  19  11  98  12  49  13  70  14  60  15  23  16  38  17  48  18  68  19  63 


