
 20  20

  0  64   1  23   2  83   3  36   4  61   5  93   6  41   7  24   8  11   9  96  10  28  11  60  12   9  13  14  14  91  15  48  16  68  17   2  18  56  19  29 
  0  62   1  26   2  83   3  38   4  60   5  91   6  42   7  26   8  11   9  97  10  28  11  59  12   5  13  17  14  91  15  46  16  69  17   3  18  55  19  26 
  0  64   1  23   2  81   3  36   4  60   5  93   6  41   7  24   8  11   9  99  10  27  11  60  12   5  13  16  14  90  15  46  16  68  17   1  18  57  19  24 
  0  64   1  24   2  79   3  37   4  61   5  94   6  44   7  24   8  12   9  98  10  28  11  60  12   5  13  15  14  90  15  46  16  68  17   1  18  54  19  25 
  0  68   1  28   2  82   3  38   4  64   5  97   6  44   7  24   8  15   9  99  10  27  11  62  12   9  13  17  14  94  15  48  16  75  17   5  18  57  19  32 
  0  64   1  24   2  83   3  37   4  60   5  92   6  41   7  26   8  11   9  96  10  27  11  61  12   8  13  15  14  90  15  47  16  67  17   1  18  58  19  25 
  0  60   1  23   2  79   3  36   4  60   5  92   6  41   7  26   8  12   9  99  10  27  11  58  12   5  13  14  14  92  15  46  16  68  17   1  18  57  19  26 
  0  68   1  29   2  83   3  36   4  64   5  96   6  43   7  26   8  15   9  99  10  29  11  59  12   9  13  17  14  95  15  48  16  74  17   5  18  59  19  28 
  0  62   1  25   2  79   3  36   4  60   5  91   6  42   7  24   8  11   9  96  10  27  11  59  12   7  13  14  14  89  15  48  16  66  17   1  18  54  19  24 
  0  63   1  25   2  79   3  37   4  60   5  91   6  41   7  26   8  11   9  96  10  28  11  57  12   5  13  14  14  89  15  48  16  69  17   1  18  57  19  24 
  0  66   1  27   2  82   3  37   4  63   5  93   6  42   7  26   8  12   9  99  10  28  11  59  12   9  13  19  14  90  15  46  16  68  17   4  18  57  19  28 
  0  65   1  28   2  81   3  36   4  63   5  97   6  42   7  24   8  12   9  99  10  27  11  63  12   9  13  16  14  95  15  46  16  70  17   3  18  57  19  31 
  0  61   1  24   2  80   3  36   4  62   5  92   6  41   7  25   8  12   9  96  10  27  11  60  12   5  13  15  14  89  15  46  16  68  17   1  18  57  19  26 
  0  62   1  23   2  79   3  36   4  60   5  91   6  41   7  25   8  11   9  96  10  29  11  59  12   5  13  14  14  89  15  46  16  65  17   1  18  54  19  26 
  0  69   1  27   2  82   3  38   4  64   5  97   6  42   7  24   8  15   9  99  10  29  11  60  12   9  13  20  14  94  15  48  16  72  17   4  18  58  19  30 
  0  63   1  24   2  79   3  36   4  60   5  93   6  41   7  26   8  11   9  98  10  27  11  58  12   7  13  15  14  91  15  46  16  65  17   1  18  54  19  24 
  0  65   1  27   2  80   3  36   4  64   5  94   6  42   7  24   8  14   9  98  10  27  11  59  12   9  13  19  14  94  15  46  16  69  17   3  18  59  19  26 
  0  65   1  25   2  80   3  38   4  62   5  94   6  41   7  24   8  11   9  96  10  28  11  61  12   7  13  14  14  91  15  46  16  71  17   4  18  54  19  28 
  0  68   1  28   2  85   3  36   4  63   5  95   6  45   7  26   8  15   9  99  10  29  11  63  12   9  13  18  14  95  15  47  16  75  17   7  18  60  19  32 
  0  69   1  27   2  83   3  38   4  64   5  97   6  45   7  26   8  14   9  99  10  28  11  62  12   7  13  20  14  95  15  48  16  73  17   8  18  60  19  32 


