
 20  20

  0  90   1   1   2  70   3  99   4  92   5  99   6  32   7  94   8  89   9  62  10  16  11  70  12  27  13  12  14  26  15  76  16  25  17  15  18  55  19   1 
  0  89   1   1   2  70   3  99   4  91   5  96   6  32   7  94   8  87   9  58  10   9  11  71  12  22  13  14  14  23  15  74  16  26  17  14  18  57  19   2 
  0  88   1   1   2  72   3  99   4  94   5  98   6  32   7  97   8  85   9  61  10  12  11  69  12  26  13  14  14  23  15  75  16  28  17  18  18  57  19   1 
  0  87   1   1   2  72   3  99   4  94   5  94   6  34   7  96   8  85   9  58  10  10  11  71  12  22  13  12  14  25  15  74  16  25  17  14  18  55  19   1 
  0  89   1   3   2  70   3  99   4  93   5  97   6  33   7  94   8  90   9  59  10  13  11  71  12  26  13  14  14  26  15  74  16  25  17  15  18  57  19   4 
  0  91   1   3   2  72   3  99   4  95   5  99   6  34   7  96   8  90   9  62  10  13  11  71  12  23  13  14  14  23  15  74  16  28  17  16  18  59  19   1 
  0  92   1   1   2  72   3  99   4  91   5  96   6  33   7  97   8  89   9  59  10  12  11  69  12  23  13  14  14  26  15  75  16  28  17  18  18  55  19   5 
  0  88   1   2   2  70   3  99   4  93   5  98   6  33   7  96   8  89   9  59  10  14  11  69  12  25  13  13  14  26  15  76  16  27  17  14  18  56  19   1 
  0  94   1   3   2  74   3  98   4  93   5  99   6  34   7  97   8  89   9  61  10  16  11  69  12  25  13  14  14  27  15  75  16  27  17  18  18  59  19   5 
  0  96   1   2   2  71   3  99   4  93   5  99   6  34   7  98   8  90   9  60  10  17  11  70  12  26  13  12  14  27  15  74  16  29  17  20  18  59  19   3 
  0  90   1   1   2  72   3  98   4  91   5  96   6  32   7  94   8  85   9  57  10  12  11  69  12  23  13  12  14  23  15  74  16  27  17  15  18  56  19   2 
  0  92   1   3   2  72   3  99   4  95   5  99   6  34   7  94   8  92   9  63  10  14  11  71  12  28  13  12  14  27  15  75  16  28  17  16  18  58  19   3 
  0  91   1   4   2  74   3  98   4  94   5  96   6  34   7  98   8  88   9  61  10  14  11  69  12  27  13  14  14  26  15  76  16  28  17  16  18  57  19   2 
  0  96   1   2   2  73   3  99   4  94   5  99   6  32   7  98   8  92   9  61  10  15  11  69  12  27  13  12  14  26  15  74  16  29  17  16  18  58  19   5 
  0  96   1   5   2  71   3  99   4  92   5  99   6  33   7  97   8  90   9  60  10  17  11  69  12  28  13  12  14  24  15  75  16  28  17  20  18  59  19   5 
  0  95   1   5   2  74   3  99   4  95   5  99   6  32   7  98   8  90   9  62  10  13  11  69  12  23  13  13  14  27  15  74  16  29  17  15  18  59  19   3 
  0  87   1   1   2  70   3  99   4  92   5  96   6  34   7  94   8  86   9  59  10  11  11  69  12  22  13  12  14  23  15  74  16  25  17  14  18  57  19   1 
  0  96   1   6   2  74   3  98   4  94   5  99   6  34   7  97   8  90   9  60  10  18  11  71  12  27  13  13  14  27  15  74  16  29  17  17  18  59  19   4 
  0  92   1   3   2  73   3  98   4  91   5  94   6  34   7  94   8  89   9  58  10  11  11  71  12  24  13  13  14  23  15  76  16  25  17  14  18  56  19   1 
  0  97   1   6   2  74   3  98   4  94   5  99   6  34   7  98   8  91   9  63  10  18  11  69  12  26  13  13  14  26  15  74  16  29  17  20  18  59  19   3 


