
 20  20

  0  28   1   9   2  86   3  10   4  77   5  38   6  73   7  11   8  59   9  14  10  22  11  22  12  69  13  45  14  17  15   3  16  66  17  14  18  77  19  17 
  0  22   1   6   2  83   3  12   4  76   5  36   6  68   7   9   8  57   9  10  10  22  11  21  12  68  13  41  14  18  15   1  16  65  17   7  18  76  19  14 
  0  28   1   9   2  86   3  13   4  78   5  38   6  71   7  11   8  58   9  14  10  25  11  22  12  67  13  45  14  17  15   5  16  66  17  14  18  77  19  18 
  0  28   1  10   2  86   3  10   4  76   5  38   6  73   7  10   8  60   9  14  10  24  11  22  12  68  13  47  14  17  15   6  16  63  17  14  18  76  19  18 
  0  23   1   6   2  84   3  10   4  76   5  38   6  71   7   9   8  58   9  11  10  23  11  19  12  69  13  44  14  17  15   2  16  62  17   9  18  77  19  17 
  0  21   1   7   2  80   3  12   4  76   5  37   6  68   7   8   8  54   9   8  10  19  11  18  12  67  13  41  14  17  15   1  16  65  17   8  18  76  19  14 
  0  24   1   9   2  83   3  13   4  76   5  36   6  73   7   9   8  60   9  13  10  24  11  20  12  69  13  44  14  18  15   6  16  63  17  11  18  75  19  18 
  0  22   1   9   2  82   3   9   4  77   5  38   6  70   7   8   8  56   9   9  10  21  11  18  12  68  13  41  14  17  15   2  16  63  17   7  18  75  19  14 
  0  21   1   9   2  84   3   9   4  76   5  38   6  67   7  10   8  57   9  12  10  17  11  20  12  68  13  41  14  16  15   2  16  62  17   6  18  76  19  14 
  0  21   1   8   2  83   3  10   4  76   5  38   6  69   7  10   8  54   9   8  10  18  11  20  12  69  13  42  14  17  15   1  16  62  17   7  18  75  19  14 
  0  22   1   6   2  85   3   9   4  76   5  36   6  72   7  11   8  57   9  13  10  23  11  20  12  67  13  43  14  18  15   1  16  63  17   8  18  75  19  16 
  0  18   1   6   2  80   3  12   4  78   5  36   6  67   7  10   8  54   9   9  10  17  11  21  12  67  13  42  14  15  15   1  16  62  17   9  18  75  19  12 
  0  27   1  10   2  86   3  13   4  78   5  36   6  73   7  11   8  57   9  14  10  23  11  20  12  68  13  47  14  19  15   4  16  65  17  13  18  77  19  19 
  0  22   1   8   2  84   3   9   4  76   5  37   6  69   7  11   8  58   9   8  10  18  11  21  12  69  13  45  14  17  15   2  16  65  17  11  18  75  19  16 
  0  26   1   9   2  86   3  12   4  77   5  38   6  73   7  11   8  60   9  13  10  24  11  19  12  69  13  47  14  16  15   4  16  66  17  11  18  77  19  19 
  0  27   1  10   2  85   3  13   4  78   5  38   6  70   7  12   8  59   9  11  10  25  11  21  12  69  13  47  14  17  15   3  16  66  17  14  18  76  19  19 
  0  19   1   7   2  81   3  10   4  77   5  37   6  68   7   9   8  58   9  10  10  21  11  18  12  68  13  41  14  17  15   1  16  62  17  10  18  77  19  13 
  0  19   1   8   2  82   3  11   4  76   5  36   6  68   7  11   8  55   9   9  10  19  11  20  12  67  13  41  14  15  15   1  16  62  17   6  18  75  19  12 
  0  21   1   9   2  84   3   9   4  78   5  36   6  72   7  10   8  55   9  12  10  23  11  18  12  69  13  46  14  18  15   4  16  62  17   8  18  75  19  16 
  0  20   1   7   2  81   3   9   4  76   5  36   6  69   7  10   8  56   9  10  10  21  11  21  12  67  13  41  14  15  15   1  16  62  17   8  18  77  19  12 


