
 20  20

  0  79   1  11   2  70   3  64   4   9   5  18   6  33   7  74   8  28   9   1  10  36  11  23  12  66  13  62  14  24  15  76  16   1  17  57  18  47  19  89 
  0  81   1  15   2  72   3  68   4  10   5  23   6  35   7  78   8  30   9   1  10  38  11  23  12  70  13  66  14  30  15  73  16   4  17  58  18  51  19  91 
  0  82   1  13   2  71   3  69   4  10   5  24   6  38   7  82   8  30   9   6  10  42  11  27  12  68  13  68  14  32  15  77  16   4  17  61  18  48  19  93 
  0  85   1  13   2  71   3  70   4  10   5  22   6  37   7  78   8  29   9   4  10  39  11  24  12  70  13  68  14  32  15  74  16   5  17  61  18  50  19  94 
  0  81   1  15   2  72   3  68   4  10   5  23   6  35   7  77   8  29   9   3  10  39  11  25  12  71  13  64  14  32  15  73  16   7  17  61  18  50  19  91 
  0  83   1  14   2  72   3  70   4  11   5  23   6  35   7  79   8  30   9   1  10  39  11  22  12  67  13  66  14  33  15  74  16   3  17  59  18  51  19  94 
  0  85   1  17   2  72   3  70   4  12   5  25   6  38   7  83   8  29   9   6  10  43  11  27  12  70  13  68  14  33  15  76  16   7  17  63  18  50  19  95 
  0  79   1  14   2  72   3  69   4   9   5  18   6  36   7  79   8  30   9   1  10  37  11  20  12  69  13  63  14  26  15  74  16   4  17  56  18  50  19  93 
  0  82   1  14   2  70   3  67   4  10   5  18   6  33   7  77   8  28   9   1  10  39  11  23  12  65  13  63  14  29  15  74  16   5  17  56  18  47  19  91 
  0  86   1  14   2  72   3  69   4   9   5  24   6  36   7  82   8  28   9   3  10  40  11  26  12  71  13  68  14  32  15  77  16   7  17  62  18  51  19  93 
  0  81   1  13   2  70   3  68   4   7   5  18   6  33   7  77   8  28   9   3  10  34  11  24  12  66  13  63  14  28  15  76  16   3  17  58  18  49  19  92 
  0  80   1   9   2  71   3  66   4   9   5  20   6  30   7  74   8  28   9   1  10  33  11  22  12  65  13  59  14  27  15  73  16   1  17  53  18  49  19  89 
  0  85   1  16   2  72   3  70   4  12   5  23   6  38   7  83   8  30   9   5  10  43  11  26  12  68  13  66  14  32  15  77  16   7  17  61  18  51  19  93 
  0  81   1  14   2  72   3  66   4  10   5  23   6  38   7  78   8  30   9   3  10  40  11  23  12  68  13  67  14  32  15  76  16   3  17  57  18  50  19  92 
  0  81   1  15   2  71   3  67   4   7   5  21   6  36   7  76   8  30   9   4  10  40  11  21  12  69  13  65  14  27  15  76  16   4  17  59  18  49  19  93 
  0  86   1  17   2  72   3  70   4  12   5  24   6  40   7  83   8  28   9   6  10  43  11  27  12  71  13  68  14  34  15  77  16   5  17  61  18  51  19  95 
  0  79   1  11   2  70   3  68   4   9   5  22   6  35   7  75   8  28   9   1  10  36  11  23  12  68  13  64  14  27  15  76  16   6  17  55  18  48  19  93 
  0  81   1  11   2  71   3  68   4  10   5  21   6  35   7  78   8  28   9   1  10  39  11  25  12  67  13  65  14  31  15  73  16   6  17  57  18  51  19  91 
  0  84   1  14   2  70   3  68   4   9   5  23   6  38   7  81   8  30   9   4  10  38  11  24  12  67  13  66  14  32  15  77  16   7  17  58  18  51  19  94 
  0  87   1  17   2  72   3  70   4  12   5  23   6  39   7  83   8  28   9   6  10  42  11  25  12  70  13  68  14  34  15  77  16   6  17  62  18  51  19  95 


