
 20  20

  0  79   1  36   2  46   3  54   4  92   5  76   6  36   7  46   8  87   9   3  10  96  11  18  12  22  13   4  14  44  15  44  16  18  17   3  18  18  19  28 
  0  73   1  36   2  43   3  50   4  93   5  71   6  35   7  45   8  84   9   1  10  96  11  14  12  18  13   2  14  39  15  41  16  12  17   1  18  12  19  24 
  0  76   1  38   2  42   3  53   4  91   5  74   6  36   7  47   8  87   9   2  10  96  11  15  12  19  13   1  14  41  15  42  16  16  17   1  18  16  19  26 
  0  79   1  38   2  46   3  51   4  93   5  77   6  36   7  46   8  89   9   6  10  98  11  18  12  21  13   6  14  45  15  44  16  15  17   3  18  15  19  33 
  0  77   1  36   2  42   3  53   4  93   5  73   6  35   7  46   8  85   9   5  10  98  11  16  12  18  13   4  14  42  15  44  16  18  17   1  18  18  19  27 
  0  79   1  38   2  43   3  53   4  94   5  76   6  35   7  47   8  84   9   5  10  96  11  17  12  18  13   4  14  39  15  43  16  15  17   1  18  14  19  29 
  0  83   1  38   2  45   3  53   4  94   5  75   6  35   7  46   8  87   9   6  10  97  11  17  12  21  13   9  14  45  15  43  16  18  17   6  18  18  19  33 
  0  79   1  38   2  43   3  50   4  93   5  74   6  34   7  47   8  89   9   4  10  97  11  18  12  19  13   6  14  44  15  44  16  14  17   2  18  15  19  28 
  0  78   1  38   2  42   3  52   4  92   5  71   6  36   7  46   8  86   9   1  10  96  11  16  12  19  13   4  14  40  15  42  16  13  17   1  18  12  19  28 
  0  81   1  38   2  46   3  52   4  93   5  78   6  34   7  45   8  86   9   5  10  98  11  18  12  22  13   7  14  44  15  45  16  16  17   4  18  17  19  33 
  0  75   1  37   2  42   3  50   4  90   5  70   6  34   7  45   8  83   9   1  10  96  11  14  12  16  13   1  14  36  15  41  16  11  17   1  18  12  19  23 
  0  74   1  37   2  43   3  50   4  92   5  73   6  36   7  45   8  84   9   1  10  98  11  16  12  19  13   2  14  40  15  40  16  11  17   1  18  15  19  25 
  0  82   1  37   2  46   3  54   4  95   5  75   6  36   7  46   8  86   9   3  10  96  11  18  12  21  13   7  14  42  15  42  16  15  17   5  18  15  19  29 
  0  77   1  38   2  46   3  54   4  94   5  72   6  34   7  45   8  85   9   4  10  96  11  15  12  17  13   1  14  39  15  42  16  15  17   1  18  13  19  27 
  0  83   1  38   2  45   3  54   4  95   5  78   6  35   7  47   8  89   9   5  10  98  11  18  12  20  13   9  14  45  15  44  16  19  17   4  18  18  19  33 
  0  83   1  36   2  46   3  54   4  96   5  77   6  35   7  47   8  89   9   7  10  98  11  16  12  22  13   7  14  44  15  44  16  19  17   5  18  17  19  31 
  0  78   1  38   2  46   3  51   4  94   5  74   6  36   7  46   8  87   9   6  10  98  11  16  12  21  13   4  14  41  15  44  16  19  17   1  18  18  19  29 
  0  79   1  38   2  43   3  54   4  96   5  78   6  34   7  45   8  88   9   6  10  96  11  17  12  22  13   6  14  43  15  43  16  17  17   2  18  16  19  33 
  0  78   1  38   2  43   3  51   4  94   5  73   6  34   7  47   8  83   9   1  10  98  11  18  12  18  13   5  14  39  15  43  16  12  17   2  18  15  19  27 
  0  76   1  37   2  43   3  52   4  90   5  71   6  34   7  45   8  83   9   2  10  98  11  16  12  17  13   1  14  37  15  40  16  14  17   1  18  12  19  23 


