
 20  20

  0  27   1   8   2  10   3  13   4  49   5  80   6  14   7  91   8  72   9  46  10  55  11  57  12  50  13  99  14  53  15  28  16  89  17  15  18  83  19  15 
  0  18   1   8   2   9   3   9   4  43   5  72   6  12   7  91   8  70   9  47  10  49  11  53  12  48  13  93  14  52  15  24  16  88  17   8  18  79  19  14 
  0  22   1   8   2   8   3   9   4  44   5  74   6  14   7  90   8  72   9  48  10  49  11  52  12  48  13  97  14  51  15  25  16  89  17  12  18  80  19  16 
  0  24   1  10   2  12   3  12   4  49   5  79   6  14   7  90   8  75   9  48  10  55  11  58  12  53  13  99  14  53  15  30  16  89  17  15  18  85  19  16 
  0  20   1   9   2   9   3   9   4  42   5  71   6  14   7  91   8  69   9  46  10  49  11  53  12  49  13  96  14  53  15  22  16  88  17   7  18  75  19  15 
  0  21   1  10   2  12   3   9   4  49   5  78   6  12   7  90   8  72   9  46  10  54  11  53  12  48  13  97  14  53  15  28  16  89  17  12  18  82  19  16 
  0  19   1   8   2   7   3   8   4  42   5  73   6  12   7  91   8  69   9  46  10  49  11  50  12  47  13  94  14  51  15  22  16  89  17   7  18  75  19  16 
  0  27   1  10   2  10   3  13   4  52   5  81   6  12   7  90   8  75   9  48  10  54  11  55  12  50  13  99  14  53  15  29  16  89  17  13  18  83  19  15 
  0  17   1   9   2   9   3  10   4  45   5  73   6  12   7  91   8  69   9  48  10  49  11  51  12  50  13  94  14  51  15  25  16  87  17   8  18  75  19  14 
  0  17   1  10   2   7   3   8   4  43   5  73   6  12   7  89   8  70   9  46  10  51  11  50  12  47  13  94  14  51  15  22  16  87  17   7  18  77  19  14 
  0  21   1  10   2  13   3  10   4  49   5  75   6  14   7  91   8  71   9  48  10  55  11  54  12  53  13  99  14  53  15  29  16  87  17  10  18  79  19  14 
  0  24   1  10   2  11   3  13   4  49   5  80   6  12   7  89   8  74   9  48  10  54  11  55  12  53  13  98  14  53  15  28  16  87  17  11  18  85  19  16 
  0  19   1  10   2   8   3   8   4  46   5  74   6  14   7  90   8  69   9  46  10  51  11  52  12  49  13  94  14  51  15  25  16  88  17   8  18  77  19  16 
  0  18   1  10   2   9   3   9   4  42   5  71   6  12   7  91   8  69   9  46  10  49  11  50  12  48  13  93  14  51  15  22  16  88  17   7  18  76  19  16 
  0  22   1   8   2   9   3  14   4  47   5  79   6  13   7  89   8  71   9  46  10  55  11  55  12  49  13  96  14  53  15  29  16  87  17  13  18  81  19  14 
  0  25   1   8   2  12   3  14   4  49   5  80   6  14   7  91   8  75   9  48  10  55  11  55  12  53  13  99  14  53  15  30  16  89  17  15  18  85  19  16 
  0  17   1   9   2   8   3   8   4  43   5  71   6  12   7  89   8  69   9  46  10  50  11  50  12  49  13  93  14  51  15  22  16  88  17   7  18  75  19  15 
  0  25   1  10   2  11   3  10   4  51   5  76   6  12   7  90   8  71   9  48  10  55  11  55  12  50  13  99  14  53  15  29  16  87  17  14  18  82  19  14 
  0  24   1  10   2  11   3  13   4  46   5  77   6  14   7  89   8  74   9  47  10  52  11  55  12  52  13  98  14  53  15  26  16  87  17  13  18  81  19  16 
  0  22   1  10   2  10   3   8   4  47   5  76   6  12   7  91   8  69   9  46  10  51  11  55  12  50  13  98  14  53  15  23  16  89  17  10  18  78  19  15 


