
 20  20

  0  35   1  46   2  37   3  72   4  88   5   7   6  65   7  92   8   2   9  66  10  77  11  78  12  24  13   9  14  88  15  62  16  63  17  82  18  51  19  52 
  0  42   1  45   2  39   3  74   4  92   5  11   6  69   7  91   8   5   9  69  10  79  11  80  12  24  13  15  14  88  15  68  16  63  17  82  18  56  19  55 
  0  36   1  44   2  40   3  74   4  90   5   7   6  66   7  91   8   1   9  65  10  76  11  80  12  26  13  10  14  87  15  64  16  64  17  83  18  51  19  52 
  0  36   1  44   2  39   3  75   4  88   5  10   6  68   7  91   8   3   9  65  10  77  11  80  12  24  13  10  14  85  15  65  16  62  17  82  18  50  19  51 
  0  39   1  45   2  39   3  72   4  88   5   7   6  66   7  91   8   3   9  68  10  76  11  78  12  24  13  13  14  86  15  65  16  61  17  82  18  47  19  54 
  0  39   1  43   2  41   3  72   4  90   5   7   6  66   7  91   8   2   9  66  10  77  11  78  12  26  13  12  14  88  15  65  16  64  17  84  18  51  19  55 
  0  38   1  45   2  40   3  75   4  90   5   8   6  67   7  91   8   1   9  67  10  79  11  78  12  24  13  10  14  86  15  66  16  62  17  83  18  50  19  54 
  0  41   1  49   2  41   3  76   4  93   5   8   6  69   7  93   8   4   9  69  10  78  11  81  12  26  13  17  14  92  15  71  16  66  17  84  18  57  19  58 
  0  40   1  48   2  39   3  76   4  93   5  10   6  68   7  92   8   2   9  66  10  81  11  79  12  25  13  16  14  89  15  69  16  64  17  82  18  53  19  55 
  0  44   1  47   2  41   3  76   4  93   5  10   6  68   7  93   8   5   9  67  10  81  11  82  12  26  13  19  14  92  15  70  16  68  17  84  18  57  19  58 
  0  42   1  46   2  40   3  75   4  96   5  11   6  69   7  93   8   5   9  69  10  78  11  83  12  25  13  19  14  90  15  69  16  68  17  84  18  55  19  55 
  0  42   1  46   2  38   3  73   4  90   5   7   6  67   7  92   8   3   9  69  10  80  11  79  12  24  13  14  14  88  15  66  16  65  17  84  18  51  19  52 
  0  35   1  43   2  37   3  74   4  88   5   7   6  65   7  91   8   2   9  65  10  75  11  78  12  26  13   9  14  87  15  64  16  62  17  82  18  47  19  51 
  0  45   1  49   2  40   3  76   4  95   5  11   6  68   7  93   8   5   9  69  10  81  11  81  12  24  13  19  14  92  15  69  16  66  17  84  18  57  19  58 
  0  37   1  45   2  40   3  73   4  88   5   7   6  65   7  91   8   4   9  66  10  78  11  77  12  24  13  12  14  87  15  65  16  60  17  82  18  48  19  51 
  0  38   1  47   2  38   3  74   4  94   5  11   6  67   7  93   8   1   9  66  10  79  11  79  12  26  13  16  14  90  15  67  16  63  17  84  18  52  19  56 
  0  37   1  45   2  38   3  73   4  93   5   7   6  65   7  91   8   2   9  65  10  76  11  81  12  26  13  13  14  88  15  63  16  64  17  83  18  52  19  54 
  0  37   1  45   2  37   3  73   4  89   5   8   6  65   7  91   8   1   9  65  10  76  11  77  12  24  13  11  14  85  15  63  16  61  17  82  18  47  19  50 
  0  41   1  45   2  37   3  74   4  92   5  11   6  65   7  93   8   1   9  68  10  78  11  79  12  24  13  13  14  89  15  69  16  67  17  84  18  51  19  55 
  0  37   1  43   2  37   3  72   4  89   5   8   6  65   7  91   8   2   9  66  10  76  11  77  12  26  13   9  14  87  15  63  16  60  17  82  18  49  19  51 


