
 20  20

  0  91   1  75   2   2   3  16   4  10   5  41   6  28   7  30   8  31   9  56  10  50  11  75  12  72  13  73  14  10  15   8  16  15  17  73  18  88  19  63 
  0  98   1  79   2   1   3  18   4  10   5  45   6  31   7  30   8  34   9  59  10  54  11  79  12  75  13  71  14  11  15  12  16  17  17  74  18  91  19  67 
  0  99   1  79   2   1   3  18   4   8   5  50   6  33   7  30   8  32   9  59  10  54  11  79  12  76  13  71  14  12  15  12  16  15  17  78  18  92  19  67 
  0  94   1  76   2   1   3  15   4   8   5  41   6  31   7  28   8  33   9  56  10  49  11  74  12  73  13  72  14  11  15   7  16  16  17  74  18  88  19  66 
  0  93   1  77   2   1   3  16   4   8   5  43   6  30   7  30   8  31   9  57  10  52  11  78  12  75  13  73  14  11  15  11  16  15  17  72  18  88  19  68 
  0  99   1  78   2   1   3  19   4  10   5  47   6  34   7  28   8  32   9  58  10  54  11  76  12  78  13  73  14  16  15  12  16  15  17  75  18  90  19  67 
  0  98   1  78   2   2   3  15   4  10   5  44   6  31   7  28   8  34   9  59  10  54  11  76  12  73  13  72  14  12  15   9  16  17  17  76  18  90  19  69 
  0  93   1  78   2   1   3  14   4  10   5  43   6  28   7  29   8  33   9  56  10  51  11  74  12  72  13  71  14  13  15   6  16  15  17  75  18  91  19  64 
  0  98   1  78   2   1   3  16   4  10   5  50   6  34   7  28   8  35   9  61  10  54  11  76  12  77  13  72  14  14  15  11  16  16  17  76  18  92  19  69 
  0  96   1  77   2   2   3  16   4   8   5  50   6  36   7  28   8  33   9  58  10  54  11  77  12  76  13  72  14  12  15  13  16  16  17  75  18  89  19  70 
  0  95   1  77   2   2   3  14   4  10   5  46   6  31   7  30   8  31   9  60  10  54  11  74  12  74  13  73  14  13  15   9  16  15  17  74  18  89  19  68 
  0  99   1  79   2   2   3  16   4   8   5  49   6  32   7  28   8  35   9  61  10  55  11  75  12  74  13  73  14  11  15  10  16  17  17  73  18  91  19  66 
  0  99   1  79   2   1   3  17   4  10   5  50   6  36   7  30   8  35   9  62  10  56  11  78  12  76  13  71  14  15  15  14  16  15  17  78  18  92  19  68 
  0  99   1  79   2   2   3  18   4   9   5  50   6  36   7  30   8  33   9  61  10  59  11  80  12  78  13  73  14  16  15  13  16  15  17  78  18  92  19  71 
  0  94   1  78   2   1   3  16   4  10   5  43   6  32   7  30   8  31   9  56  10  51  11  77  12  73  13  73  14  14  15  10  16  15  17  73  18  89  19  64 
  0  97   1  76   2   1   3  18   4  10   5  48   6  35   7  30   8  32   9  61  10  54  11  75  12  76  13  72  14  15  15  11  16  16  17  76  18  90  19  67 
  0  98   1  79   2   1   3  17   4  10   5  49   6  38   7  30   8  32   9  60  10  55  11  80  12  75  13  73  14  16  15  10  16  15  17  77  18  89  19  69 
  0  98   1  78   2   2   3  19   4   8   5  46   6  36   7  30   8  34   9  60  10  54  11  76  12  78  13  73  14  12  15   9  16  15  17  75  18  89  19  68 
  0  98   1  77   2   2   3  16   4   9   5  45   6  33   7  28   8  32   9  57  10  55  11  75  12  77  13  71  14  15  15  11  16  17  17  76  18  91  19  66 
  0  99   1  78   2   2   3  16   4  10   5  51   6  34   7  30   8  33   9  62  10  59  11  79  12  75  13  71  14  16  15  11  16  16  17  77  18  89  19  71 


