
 20  20

  0  54   1  82   2  87   3  69   4  39   5  29   6  97   7  98   8   5   9  51  10  71  11  80  12  74  13  92  14  23  15  83  16  56  17  24  18  60  19  43 
  0  59   1  84   2  88   3  73   4  40   5  30   6  95   7  99   8   8   9  48  10  71  11  81  12  76  13  95  14  23  15  85  16  54  17  26  18  61  19  44 
  0  54   1  83   2  88   3  70   4  37   5  32   6  97   7  96   8   6   9  50  10  73  11  76  12  76  13  91  14  25  15  82  16  55  17  21  18  60  19  44 
  0  61   1  84   2  90   3  75   4  42   5  33   6  97   7  99   8  10   9  53  10  74  11  84  12  76  13  95  14  25  15  85  16  57  17  29  18  65  19  46 
  0  57   1  81   2  86   3  73   4  39   5  30   6  95   7  98   8   3   9  48  10  70  11  78  12  76  13  92  14  25  15  82  16  55  17  25  18  61  19  43 
  0  52   1  80   2  87   3  70   4  37   5  29   6  97   7  94   8   3   9  45  10  70  11  74  12  75  13  93  14  25  15  81  16  53  17  19  18  60  19  42 
  0  59   1  85   2  87   3  71   4  40   5  33   6  96   7  98   8   5   9  49  10  73  11  81  12  75  13  94  14  23  15  85  16  55  17  28  18  65  19  47 
  0  56   1  83   2  88   3  68   4  39   5  32   6  95   7  96   8   4   9  48  10  70  11  75  12  74  13  94  14  23  15  82  16  51  17  20  18  60  19  43 
  0  59   1  85   2  91   3  75   4  42   5  33   6  96   7  99   8   9   9  51  10  71  11  84  12  75  13  92  14  25  15  85  16  55  17  28  18  65  19  46 
  0  52   1  82   2  85   3  69   4  36   5  30   6  97   7  94   8   1   9  46  10  73  11  75  12  75  13  94  14  25  15  81  16  55  17  23  18  61  19  42 
  0  55   1  78   2  86   3  67   4  39   5  32   6  97   7  94   8   4   9  48  10  73  11  76  12  74  13  91  14  25  15  81  16  51  17  20  18  62  19  44 
  0  57   1  84   2  86   3  71   4  41   5  31   6  95   7  99   8   4   9  47  10  71  11  81  12  76  13  92  14  25  15  85  16  56  17  24  18  60  19  47 
  0  60   1  86   2  87   3  74   4  42   5  33   6  95   7  97   8  10   9  52  10  74  11  83  12  75  13  93  14  23  15  82  16  57  17  28  18  65  19  45 
  0  51   1  81   2  85   3  68   4  38   5  31   6  96   7  94   8   1   9  48  10  70  11  77  12  74  13  93  14  23  15  81  16  51  17  23  18  60  19  42 
  0  60   1  84   2  91   3  75   4  42   5  31   6  97   7  99   8  10   9  53  10  74  11  84  12  74  13  95  14  25  15  83  16  57  17  29  18  64  19  46 
  0  56   1  82   2  88   3  74   4  41   5  32   6  97   7  99   8   9   9  49  10  71  11  81  12  74  13  93  14  23  15  85  16  53  17  24  18  65  19  45 
  0  60   1  86   2  89   3  75   4  42   5  33   6  96   7  99   8  10   9  53  10  74  11  82  12  74  13  95  14  23  15  83  16  57  17  29  18  65  19  48 
  0  61   1  83   2  91   3  75   4  40   5  33   6  97   7  99   8   9   9  50  10  73  11  83  12  74  13  93  14  25  15  84  16  54  17  27  18  62  19  47 
  0  57   1  83   2  88   3  75   4  39   5  33   6  96   7  99   8   5   9  49  10  71  11  82  12  74  13  95  14  23  15  84  16  56  17  28  18  63  19  45 
  0  55   1  81   2  86   3  72   4  39   5  33   6  97   7  96   8   5   9  47  10  71  11  79  12  74  13  92  14  24  15  85  16  53  17  23  18  59  19  45 


