
 20  20

  0   1   1  47   2  94   3  64   4  84   5   1   6  19   7   6   8  16   9  47  10   1  11  83  12  37  13  91  14  27  15  63  16  67  17  95  18  55  19  84 
  0   4   1  46   2  94   3  64   4  88   5   2   6  21   7   6   8  17   9  46  10   4  11  88  12  38  13  90  14  30  15  65  16  70  17  99  18  56  19  86 
  0   1   1  48   2  91   3  62   4  84   5   2   6  22   7   2   8  16   9  44  10   1  11  82  12  37  13  87  14  26  15  66  16  65  17  97  18  55  19  81 
  0   2   1  48   2  94   3  66   4  87   5   3   6  20   7   6   8  16   9  46  10   1  11  87  12  39  13  87  14  27  15  67  16  67  17  98  18  56  19  82 
  0   1   1  48   2  91   3  65   4  86   5   1   6  21   7   3   8  11   9  45  10   1  11  84  12  37  13  88  14  29  15  64  16  67  17  94  18  54  19  81 
  0   1   1  47   2  91   3  61   4  81   5   1   6  19   7   2   8  10   9  46  10   1  11  82  12  37  13  87  14  25  15  63  16  64  17  93  18  54  19  81 
  0   1   1  46   2  93   3  61   4  84   5   1   6  17   7   1   8  12   9  45  10   1  11  81  12  37  13  87  14  25  15  63  16  66  17  95  18  54  19  78 
  0   1   1  48   2  91   3  65   4  86   5   2   6  21   7   2   8  15   9  45  10   1  11  85  12  39  13  88  14  27  15  64  16  67  17  95  18  56  19  81 
  0   2   1  48   2  95   3  64   4  86   5   5   6  21   7   7   8  15   9  49  10   4  11  88  12  38  13  91  14  27  15  67  16  70  17  96  18  54  19  83 
  0   1   1  47   2  95   3  61   4  83   5   3   6  22   7   2   8  12   9  45  10   2  11  83  12  39  13  90  14  25  15  65  16  67  17  96  18  56  19  82 
  0   1   1  48   2  94   3  65   4  87   5   3   6  22   7   2   8  15   9  45  10   2  11  87  12  39  13  90  14  29  15  64  16  69  17  95  18  54  19  85 
  0   3   1  48   2  93   3  63   4  83   5   4   6  22   7   5   8  17   9  48  10   1  11  84  12  39  13  91  14  29  15  66  16  68  17  98  18  54  19  84 
  0   1   1  47   2  94   3  60   4  85   5   1   6  21   7   4   8  15   9  46  10   1  11  81  12  37  13  88  14  25  15  62  16  64  17  96  18  56  19  80 
  0   1   1  46   2  94   3  62   4  83   5   1   6  17   7   1   8  10   9  45  10   1  11  83  12  37  13  89  14  28  15  63  16  65  17  96  18  56  19  80 
  0   2   1  47   2  93   3  62   4  87   5   3   6  21   7   5   8  15   9  46  10   1  11  87  12  38  13  88  14  28  15  65  16  67  17  96  18  56  19  84 
  0   1   1  46   2  91   3  60   4  83   5   1   6  16   7   3   8  11   9  45  10   1  11  80  12  37  13  88  14  25  15  61  16  64  17  92  18  55  19  78 
  0   1   1  48   2  91   3  63   4  82   5   3   6  18   7   4   8  13   9  44  10   1  11  84  12  38  13  89  14  27  15  66  16  65  17  96  18  56  19  82 
  0   6   1  47   2  95   3  67   4  89   5   8   6  24   7   7   8  18   9  50  10   6  11  88  12  37  13  91  14  31  15  69  16  67  17  99  18  55  19  87 
  0   1   1  46   2  94   3  63   4  88   5   7   6  25   7   3   8  15   9  47  10   2  11  86  12  39  13  90  14  31  15  64  16  68  17  97  18  56  19  85 
  0   1   1  47   2  93   3  62   4  82   5   3   6  18   7   2   8  14   9  48  10   1  11  84  12  39  13  89  14  25  15  66  16  66  17  94  18  54  19  83 


