
 20  20

  0   1   1  96   2  31   3  92   4  84   5   5   6  79   7  48   8  28   9  62  10  12  11  46  12  47  13  56  14  27  15  75  16   8  17   9  18  37  19  56 
  0   7   1  98   2  37   3  98   4  85   5  11   6  87   7  56   8  30   9  69  10  19  11  53  12  50  13  57  14  34  15  78  16  13  17  19  18  36  19  60 
  0   4   1  96   2  37   3  99   4  84   5  10   6  84   7  53   8  28   9  70  10  19  11  54  12  51  13  57  14  34  15  78  16  13  17  17  18  37  19  62 
  0   1   1  97   2  34   3  93   4  84   5   7   6  82   7  49   8  29   9  62  10  16  11  48  12  50  13  58  14  28  15  74  16  11  17  13  18  35  19  55 
  0   6   1  97   2  34   3  98   4  86   5  10   6  84   7  53   8  30   9  70  10  17  11  50  12  51  13  56  14  34  15  80  16  11  17  18  18  38  19  60 
  0   4   1  98   2  34   3  96   4  85   5  11   6  82   7  53   8  28   9  65  10  16  11  50  12  49  13  56  14  31  15  78  16  10  17  14  18  37  19  60 
  0   3   1  96   2  36   3  99   4  85   5  10   6  84   7  51   8  29   9  67  10  17  11  49  12  47  13  58  14  31  15  77  16  11  17  13  18  37  19  57 
  0   2   1  98   2  35   3  97   4  86   5   8   6  81   7  54   8  30   9  68  10  17  11  49  12  47  13  56  14  29  15  75  16  13  17  12  18  37  19  59 
  0   7   1  98   2  37   3  99   4  84   5  12   6  87   7  54   8  30   9  69  10  21  11  54  12  51  13  57  14  31  15  80  16  14  17  16  18  39  19  61 
  0   2   1  96   2  37   3  98   4  84   5  11   6  86   7  54   8  28   9  66  10  17  11  53  12  49  13  56  14  29  15  78  16  12  17  17  18  39  19  59 
  0   1   1  98   2  31   3  92   4  84   5   5   6  80   7  48   8  28   9  64  10  12  11  47  12  49  13  58  14  26  15  76  16  10  17  11  18  35  19  55 
  0   5   1  96   2  34   3  99   4  86   5  10   6  84   7  55   8  30   9  68  10  22  11  52  12  50  13  57  14  31  15  78  16  14  17  17  18  36  19  61 
  0   1   1  98   2  34   3  93   4  86   5   6   6  81   7  49   8  28   9  64  10  15  11  49  12  49  13  58  14  30  15  75  16  10  17  11  18  35  19  57 
  0   1   1  96   2  36   3  96   4  84   5   9   6  83   7  50   8  28   9  66  10  16  11  50  12  49  13  56  14  28  15  79  16  10  17  15  18  37  19  61 
  0   1   1  97   2  34   3  97   4  86   5   4   6  81   7  51   8  28   9  63  10  14  11  49  12  48  13  56  14  30  15  74  16   9  17  12  18  37  19  57 
  0   7   1  96   2  37   3  99   4  85   5  13   6  87   7  56   8  28   9  70  10  22  11  51  12  49  13  57  14  30  15  77  16  13  17  19  18  39  19  62 
  0   3   1  96   2  36   3  97   4  86   5  11   6  86   7  52   8  30   9  65  10  18  11  53  12  51  13  57  14  30  15  77  16  14  17  15  18  39  19  58 
  0   1   1  98   2  34   3  92   4  84   5   3   6  79   7  48   8  29   9  65  10  13  11  49  12  50  13  58  14  28  15  77  16   9  17  11  18  38  19  57 
  0   1   1  96   2  33   3  93   4  85   5   5   6  82   7  48   8  28   9  62  10  14  11  49  12  48  13  56  14  26  15  76  16  11  17  11  18  35  19  57 
  0   1   1  97   2  31   3  93   4  84   5   6   6  80   7  50   8  28   9  63  10  13  11  46  12  49  13  56  14  28  15  75  16   8  17  10  18  36  19  57 


