
 20  20

  0  62   1  33   2  23   3  41   4  71   5  86   6  92   7  69   8  79   9  95  10  25  11  85  12  82  13  70  14  87  15  47  16  87  17   8  18  79  19  70 
  0  55   1  32   2  21   3  38   4  68   5  84   6  89   7  66   8  72   9  92  10  25  11  78  12  82  13  68  14  88  15  44  16  88  17   5  18  76  19  69 
  0  56   1  32   2  22   3  41   4  72   5  86   6  92   7  67   8  74   9  91  10  25  11  82  12  80  13  69  14  88  15  46  16  86  17   5  18  78  19  71 
  0  52   1  25   2  22   3  37   4  68   5  84   6  90   7  67   8  72   9  91  10  23  11  79  12  80  13  69  14  86  15  41  16  82  17   4  18  77  19  69 
  0  57   1  32   2  19   3  37   4  71   5  87   6  91   7  67   8  76   9  95  10  26  11  79  12  79  13  69  14  86  15  44  16  87  17   5  18  76  19  70 
  0  53   1  26   2  19   3  40   4  70   5  82   6  91   7  65   8  71   9  94  10  23  11  77  12  80  13  70  14  88  15  41  16  86  17   3  18  75  19  71 
  0  61   1  33   2  23   3  41   4  72   5  86   6  95   7  70   8  79   9  95  10  27  11  85  12  82  13  73  14  88  15  47  16  90  17   9  18  80  19  71 
  0  55   1  31   2  23   3  38   4  71   5  83   6  92   7  69   8  76   9  93  10  27  11  82  12  80  13  70  14  87  15  43  16  87  17   6  18  77  19  71 
  0  60   1  32   2  21   3  40   4  70   5  86   6  94   7  69   8  76   9  93  10  24  11  81  12  82  13  73  14  87  15  46  16  87  17   7  18  79  19  71 
  0  53   1  28   2  19   3  37   4  70   5  83   6  87   7  68   8  70   9  91  10  23  11  78  12  80  13  67  14  86  15  41  16  82  17   4  18  77  19  69 
  0  60   1  29   2  23   3  39   4  72   5  84   6  90   7  66   8  74   9  91  10  27  11  79  12  82  13  69  14  86  15  46  16  85  17   7  18  75  19  71 
  0  59   1  28   2  22   3  39   4  72   5  85   6  92   7  69   8  73   9  93  10  25  11  80  12  79  13  68  14  88  15  43  16  87  17   7  18  79  19  71 
  0  58   1  30   2  21   3  37   4  72   5  82   6  90   7  66   8  73   9  93  10  24  11  80  12  81  13  68  14  88  15  44  16  87  17   5  18  75  19  70 
  0  53   1  26   2  19   3  40   4  69   5  82   6  88   7  66   8  73   9  92  10  26  11  79  12  79  13  69  14  86  15  42  16  86  17   3  18  74  19  69 
  0  53   1  27   2  19   3  38   4  68   5  83   6  91   7  69   8  73   9  93  10  23  11  78  12  82  13  70  14  88  15  44  16  84  17   4  18  77  19  71 
  0  62   1  33   2  22   3  41   4  72   5  88   6  95   7  71   8  77   9  95  10  25  11  85  12  83  13  73  14  88  15  47  16  90  17   9  18  78  19  69 
  0  62   1  35   2  23   3  41   4  72   5  87   6  94   7  68   8  77   9  93  10  27  11  85  12  83  13  73  14  88  15  44  16  90  17   9  18  80  19  69 
  0  55   1  27   2  19   3  40   4  69   5  82   6  87   7  65   8  71   9  91  10  24  11  79  12  79  13  67  14  86  15  42  16  82  17   4  18  77  19  69 
  0  56   1  28   2  19   3  37   4  70   5  83   6  87   7  66   8  69   9  92  10  23  11  76  12  79  13  67  14  87  15  41  16  82  17   3  18  74  19  71 
  0  62   1  31   2  21   3  40   4  72   5  88   6  95   7  68   8  76   9  93  10  25  11  81  12  82  13  73  14  87  15  44  16  90  17   9  18  80  19  70 


