
 20  20

  0  70   1  47   2  18   3  20   4  40   5  52   6  93   7  45   8  10   9   6  10  88  11  32  12  80  13   1  14  10  15  15  16  65  17  38  18   2  19  17 
  0  70   1  49   2  16   3  22   4  40   5  55   6  95   7  51   8  10   9   8  10  88  11  32  12  80  13   5  14  10  15  20  16  66  17  41  18   8  19  19 
  0  67   1  47   2  16   3  18   4  40   5  56   6  93   7  47   8   8   9   5  10  90  11  34  12  80  13   2  14   7  15  14  16  67  17  38  18   2  19  17 
  0  66   1  46   2  15   3  17   4  39   5  55   6  93   7  47   8   8   9   7  10  89  11  32  12  81  13   2  14   9  15  14  16  65  17  39  18   6  19  18 
  0  70   1  45   2  15   3  16   4  40   5  56   6  93   7  46   8  10   9   4  10  90  11  32  12  82  13   2  14   5  15  13  16  65  17  41  18   2  19  15 
  0  68   1  45   2  13   3  18   4  39   5  55   6  93   7  44   8   8   9   4  10  90  11  33  12  80  13   2  14   9  15  14  16  67  17  38  18   2  19  17 
  0  67   1  48   2  14   3  18   4  38   5  52   6  93   7  46   8   8   9   4  10  88  11  30  12  80  13   1  14   6  15  15  16  66  17  38  18   5  19  19 
  0  66   1  47   2  14   3  18   4  38   5  52   6  93   7  43   8   9   9   4  10  88  11  29  12  81  13   1  14   5  15  13  16  66  17  39  18   2  19  15 
  0  66   1  45   2  13   3  18   4  38   5  54   6  93   7  43   8   8   9   4  10  88  11  31  12  82  13   1  14   8  15  15  16  67  17  41  18   2  19  16 
  0  68   1  47   2  13   3  19   4  38   5  52   6  93   7  45   8   8   9   4  10  90  11  32  12  80  13   1  14   5  15  14  16  66  17  38  18   5  19  17 
  0  69   1  48   2  15   3  17   4  38   5  53   6  94   7  45   8   9   9   7  10  88  11  32  12  80  13   1  14   9  15  15  16  67  17  38  18   2  19  19 
  0  75   1  49   2  21   3  21   4  38   5  58   6  93   7  53   8  10   9   9  10  90  11  36  12  82  13   5  14  11  15  20  16  66  17  41  18   8  19  23 
  0  70   1  47   2  20   3  22   4  40   5  55   6  93   7  50   8  10   9  10  10  88  11  34  12  81  13   2  14  10  15  19  16  65  17  39  18   4  19  18 
  0  72   1  45   2  16   3  19   4  39   5  54   6  95   7  51   8   9   9   7  10  88  11  36  12  82  13   3  14   9  15  20  16  65  17  39  18   7  19  19 
  0  73   1  46   2  21   3  22   4  40   5  58   6  95   7  53   8   8   9  10  10  88  11  34  12  82  13   5  14  13  15  18  16  66  17  41  18   7  19  22 
  0  67   1  45   2  16   3  18   4  40   5  56   6  94   7  48   8  10   9   7  10  90  11  32  12  81  13   1  14   9  15  17  16  66  17  40  18   4  19  18 
  0  68   1  45   2  18   3  16   4  40   5  54   6  93   7  45   8   9   9   4  10  89  11  31  12  82  13   2  14   8  15  15  16  65  17  38  18   5  19  19 
  0  74   1  49   2  20   3  20   4  40   5  58   6  94   7  53   8  10   9  10  10  90  11  37  12  82  13   4  14  11  15  21  16  66  17  42  18   8  19  23 
  0  70   1  47   2  20   3  22   4  39   5  55   6  93   7  51   8   9   9   8  10  89  11  33  12  80  13   2  14   8  15  17  16  67  17  39  18   5  19  22 
  0  66   1  45   2  15   3  16   4  40   5  54   6  94   7  43   8   8   9   4  10  90  11  33  12  82  13   2  14   7  15  13  16  65  17  41  18   3  19  18 


