
 20  20

  0   2   1  20   2  20   3  76   4   1   5  48   6  17   7  35   8  53   9  43  10  37  11  89  12  86  13  50  14  15  15  94  16  53  17  51  18  88  19  45 
  0   8   1  27   2  22   3  85   4   4   5  53   6  23   7  36   8  60   9  48  10  43  11  95  12  88  13  53  14  20  15  99  16  57  17  59  18  88  19  51 
  0   9   1  24   2  22   3  81   4   4   5  52   6  24   7  38   8  60   9  49  10  42  11  94  12  88  13  53  14  20  15  97  16  55  17  58  18  89  19  49 
  0   3   1  20   2  22   3  80   4   1   5  51   6  18   7  37   8  55   9  43  10  38  11  91  12  86  13  53  14  15  15  97  16  56  17  53  18  88  19  46 
  0   6   1  22   2  20   3  79   4   1   5  47   6  21   7  34   8  55   9  43  10  38  11  92  12  88  13  50  14  15  15  98  16  55  17  53  18  89  19  47 
  0   1   1  20   2  22   3  78   4   1   5  48   6  19   7  34   8  55   9  42  10  40  11  89  12  88  13  50  14  14  15  94  16  56  17  53  18  89  19  48 
  0   4   1  22   2  20   3  79   4   1   5  47   6  17   7  36   8  53   9  43  10  37  11  90  12  88  13  51  14  17  15  95  16  53  17  54  18  88  19  45 
  0   1   1  21   2  22   3  77   4   1   5  47   6  19   7  34   8  54   9  44  10  39  11  89  12  86  13  49  14  16  15  94  16  53  17  52  18  87  19  48 
  0   6   1  27   2  22   3  82   4   1   5  53   6  23   7  38   8  56   9  50  10  43  11  94  12  88  13  50  14  20  15  98  16  54  17  56  18  87  19  51 
  0   1   1  22   2  21   3  79   4   1   5  49   6  22   7  36   8  53   9  43  10  40  11  89  12  87  13  49  14  14  15  96  16  54  17  53  18  87  19  49 
  0   7   1  28   2  21   3  83   4   4   5  52   6  25   7  36   8  57   9  50  10  43  11  95  12  88  13  50  14  17  15  99  16  57  17  56  18  89  19  51 
  0   4   1  21   2  22   3  77   4   1   5  50   6  18   7  37   8  53   9  47  10  40  11  90  12  86  13  51  14  18  15  96  16  56  17  56  18  87  19  46 
  0   4   1  23   2  20   3  79   4   2   5  52   6  21   7  34   8  57   9  48  10  42  11  94  12  88  13  53  14  19  15  97  16  55  17  55  18  87  19  47 
  0   3   1  24   2  22   3  81   4   1   5  50   6  23   7  35   8  57   9  44  10  41  11  93  12  87  13  51  14  17  15  97  16  57  17  54  18  87  19  47 
  0   1   1  19   2  21   3  77   4   1   5  46   6  19   7  36   8  52   9  42  10  37  11  89  12  86  13  49  14  14  15  96  16  53  17  51  18  87  19  47 
  0   3   1  18   2  21   3  78   4   1   5  49   6  17   7  36   8  53   9  44  10  40  11  91  12  88  13  51  14  14  15  95  16  53  17  54  18  87  19  45 
  0   2   1  18   2  21   3  75   4   1   5  47   6  17   7  34   8  52   9  42  10  39  11  89  12  86  13  49  14  16  15  94  16  53  17  53  18  89  19  45 
  0   4   1  22   2  20   3  80   4   2   5  50   6  23   7  34   8  59   9  49  10  43  11  93  12  87  13  49  14  17  15  99  16  54  17  57  18  89  19  50 
  0   7   1  28   2  22   3  84   4   2   5  51   6  25   7  36   8  60   9  47  10  45  11  95  12  87  13  52  14  18  15  99  16  55  17  59  18  89  19  51 
  0   4   1  20   2  22   3  77   4   1   5  48   6  18   7  37   8  53   9  46  10  39  11  93  12  88  13  49  14  17  15  94  16  56  17  55  18  89  19  47 


