
 20  20

  0  34   1  50   2  78   3  77   4   2   5  99   6  17   7  41   8  64   9  63  10  74  11   5  12  99  13  68  14  87  15  64  16  81  17  87  18  76  19  96 
  0  35   1  53   2  78   3  79   4   4   5  99   6  20   7  40   8  66   9  63  10  78  11   7  12  99  13  72  14  87  15  67  16  82  17  90  18  77  19  98 
  0  33   1  53   2  80   3  79   4   2   5  99   6  20   7  41   8  66   9  62  10  78  11   3  12  98  13  71  14  87  15  67  16  80  17  87  18  73  19  96 
  0  28   1  48   2  77   3  73   4   1   5  98   6  15   7  34   8  59   9  59  10  72  11   1  12  98  13  65  14  85  15  63  16  77  17  84  18  68  19  97 
  0  33   1  52   2  79   3  79   4   4   5  99   6  21   7  40   8  65   9  62  10  78  11   4  12  99  13  69  14  85  15  64  16  81  17  90  18  75  19  98 
  0  33   1  47   2  76   3  75   4   2   5  99   6  18   7  34   8  63   9  59  10  74  11   2  12  99  13  69  14  82  15  66  16  78  17  87  18  69  19  97 
  0  30   1  46   2  77   3  73   4   1   5  97   6  13   7  35   8  60   9  60  10  74  11   1  12  98  13  64  14  82  15  65  16  78  17  83  18  67  19  96 
  0  34   1  53   2  77   3  76   4   5   5  99   6  16   7  39   8  66   9  62  10  75  11   1  12  98  13  70  14  86  15  63  16  80  17  89  18  74  19  97 
  0  34   1  49   2  78   3  77   4   2   5  97   6  17   7  38   8  63   9  63  10  77  11   3  12  98  13  66  14  86  15  63  16  80  17  88  18  72  19  98 
  0  35   1  55   2  80   3  79   4   7   5  99   6  20   7  41   8  69   9  61  10  77  11   7  12  99  13  72  14  87  15  67  16  81  17  91  18  77  19  98 
  0  35   1  55   2  80   3  78   4   7   5  99   6  21   7  38   8  69   9  63  10  78  11   5  12  99  13  69  14  88  15  67  16  83  17  91  18  77  19  97 
  0  30   1  50   2  79   3  75   4   1   5  99   6  13   7  38   8  63   9  60  10  73  11   1  12  98  13  67  14  82  15  65  16  79  17  86  18  72  19  96 
  0  28   1  47   2  76   3  77   4   1   5  99   6  16   7  33   8  63   9  59  10  75  11   1  12  98  13  68  14  85  15  63  16  78  17  84  18  71  19  97 
  0  27   1  47   2  79   3  76   4   1   5  99   6  12   7  33   8  59   9  61  10  73  11   1  12  98  13  64  14  84  15  64  16  80  17  86  18  70  19  97 
  0  35   1  52   2  77   3  76   4   3   5  99   6  20   7  36   8  67   9  62  10  78  11   4  12  99  13  69  14  88  15  67  16  81  17  87  18  73  19  98 
  0  29   1  48   2  76   3  77   4   1   5  99   6  17   7  37   8  62   9  60  10  76  11   1  12  99  13  64  14  83  15  65  16  80  17  83  18  70  19  98 
  0  33   1  53   2  78   3  76   4   5   5  99   6  19   7  37   8  64   9  63  10  78  11   4  12  98  13  70  14  86  15  67  16  79  17  90  18  75  19  98 
  0  33   1  51   2  78   3  79   4   5   5  98   6  21   7  39   8  69   9  62  10  78  11   3  12  99  13  69  14  88  15  67  16  80  17  90  18  77  19  98 
  0  34   1  54   2  78   3  78   4   6   5  99   6  22   7  39   8  68   9  63  10  76  11   3  12  98  13  69  14  86  15  67  16  81  17  89  18  75  19  98 
  0  35   1  52   2  80   3  79   4   6   5  99   6  22   7  38   8  69   9  61  10  78  11   5  12  99  13  71  14  87  15  65  16  80  17  90  18  77  19  96 


