
 20  20

  0  56   1  82   2  60   3  72   4  69   5  92   6  56   7  18   8  89   9  13  10  42  11  47  12  94  13  38  14  91  15  57  16  31  17  22  18  56  19  45 
  0  59   1  83   2  63   3  74   4  73   5  93   6  56   7  20   8  89   9  15  10  43  11  48  12  97  13  41  14  88  15  59  16  31  17  23  18  61  19  45 
  0  53   1  77   2  58   3  68   4  65   5  87   6  52   7  13   8  87   9  12  10  39  11  41  12  90  13  37  14  88  15  56  16  26  17  19  18  54  19  45 
  0  61   1  85   2  64   3  74   4  75   5  90   6  57   7  21   8  89   9  15  10  43  11  49  12  96  13  41  14  91  15  60  16  33  17  25  18  59  19  46 
  0  62   1  85   2  61   3  73   4  74   5  93   6  57   7  20   8  89   9  15  10  43  11  49  12  97  13  39  14  90  15  60  16  31  17  26  18  62  19  46 
  0  63   1  81   2  62   3  74   4  75   5  91   6  54   7  19   8  89   9  12  10  43  11  49  12  97  13  40  14  91  15  60  16  33  17  26  18  60  19  45 
  0  55   1  77   2  63   3  72   4  69   5  88   6  56   7  16   8  88   9  14  10  43  11  44  12  92  13  37  14  88  15  57  16  29  17  23  18  59  19  46 
  0  62   1  84   2  61   3  74   4  73   5  93   6  57   7  19   8  89   9  12  10  42  11  45  12  96  13  39  14  89  15  60  16  32  17  26  18  59  19  47 
  0  53   1  76   2  60   3  68   4  67   5  87   6  51   7  15   8  87   9  11  10  40  11  41  12  91  13  38  14  88  15  58  16  25  17  18  18  54  19  47 
  0  59   1  80   2  59   3  70   4  70   5  90   6  52   7  17   8  88   9  11  10  41  11  44  12  91  13  40  14  87  15  56  16  31  17  23  18  60  19  45 
  0  53   1  75   2  61   3  68   4  65   5  89   6  51   7  13   8  87   9  13  10  40  11  43  12  92  13  38  14  89  15  56  16  25  17  18  18  57  19  45 
  0  63   1  83   2  61   3  74   4  74   5  90   6  54   7  22   8  89   9  13  10  41  11  49  12  97  13  41  14  89  15  60  16  30  17  24  18  62  19  47 
  0  58   1  81   2  60   3  68   4  70   5  89   6  51   7  19   8  89   9  12  10  42  11  43  12  94  13  40  14  90  15  59  16  27  17  23  18  57  19  47 
  0  56   1  81   2  60   3  72   4  70   5  92   6  54   7  17   8  89   9  13  10  43  11  45  12  92  13  39  14  89  15  60  16  30  17  21  18  60  19  45 
  0  55   1  76   2  60   3  68   4  68   5  87   6  54   7  15   8  88   9  13  10  39  11  41  12  92  13  37  14  87  15  57  16  25  17  18  18  55  19  45 
  0  58   1  82   2  63   3  72   4  70   5  92   6  53   7  21   8  89   9  14  10  41  11  47  12  95  13  38  14  89  15  57  16  31  17  21  18  59  19  45 
  0  53   1  76   2  59   3  69   4  67   5  87   6  54   7  16   8  88   9  11  10  41  11  41  12  92  13  38  14  89  15  56  16  26  17  19  18  55  19  46 
  0  57   1  77   2  63   3  71   4  71   5  92   6  53   7  18   8  89   9  14  10  43  11  44  12  94  13  40  14  87  15  58  16  30  17  22  18  57  19  45 
  0  61   1  84   2  61   3  70   4  73   5  89   6  54   7  22   8  87   9  13  10  42  11  44  12  92  13  38  14  89  15  60  16  30  17  21  18  61  19  45 
  0  58   1  78   2  59   3  73   4  68   5  88   6  52   7  17   8  87   9  14  10  42  11  47  12  93  13  39  14  91  15  60  16  30  17  21  18  57  19  45 


