
 20  20

  0  29   1   1   2  46   3  10   4  69   5  46   6  23   7  64   8  94   9  15  10  22  11  97  12  90  13  88  14  20  15   5  16  46  17   8  18  55  19  72 
  0  29   1   1   2  44   3   8   4  69   5  46   6  22   7  62   8  90   9  13  10  22  11  94  12  91  13  86  14  19  15   4  16  47  17   7  18  54  19  69 
  0  32   1   6   2  47   3   9   4  71   5  44   6  23   7  65   8  93   9  16  10  25  11  99  12  95  13  90  14  23  15   2  16  50  17   8  18  56  19  71 
  0  34   1   5   2  48   3  10   4  71   5  46   6  23   7  67   8  97   9  19  10  26  11  99  12  98  13  93  14  24  15   6  16  50  17   8  18  61  19  72 
  0  34   1   6   2  48   3  10   4  69   5  46   6  22   7  67   8  96   9  21  10  24  11  99  12  96  13  92  14  24  15   3  16  48  17   8  18  60  19  71 
  0  26   1   1   2  45   3   8   4  69   5  44   6  23   7  63   8  89   9  14  10  21  11  97  12  91  13  90  14  19  15   5  16  46  17   6  18  52  19  72 
  0  33   1   8   2  48   3  10   4  71   5  46   6  21   7  70   8  99   9  21  10  26  11  99  12  98  13  91  14  25  15   6  16  50  17   8  18  61  19  73 
  0  30   1   4   2  44   3  10   4  71   5  45   6  23   7  65   8  93   9  17  10  24  11  97  12  94  13  91  14  20  15   3  16  49  17   6  18  56  19  69 
  0  33   1   3   2  46   3   8   4  71   5  45   6  21   7  66   8  95   9  20  10  25  11  99  12  96  13  91  14  24  15   3  16  48  17   8  18  58  19  70 
  0  26   1   1   2  45   3   8   4  71   5  44   6  23   7  65   8  89   9  13  10  20  11  94  12  90  13  87  14  22  15   3  16  48  17   7  18  52  19  70 
  0  29   1   4   2  45   3   8   4  71   5  46   6  21   7  66   8  94   9  18  10  22  11  99  12  93  13  92  14  23  15   5  16  46  17   6  18  58  19  71 
  0  29   1   2   2  44   3  10   4  70   5  46   6  22   7  64   8  93   9  14  10  24  11  96  12  90  13  89  14  20  15   2  16  47  17   6  18  57  19  69 
  0  33   1   4   2  47   3   9   4  70   5  45   6  21   7  68   8  93   9  18  10  23  11  99  12  92  13  93  14  25  15   6  16  50  17   7  18  57  19  73 
  0  26   1   1   2  42   3   8   4  71   5  44   6  21   7  62   8  90   9  16  10  23  11  97  12  89  13  86  14  20  15   2  16  46  17   6  18  52  19  69 
  0  27   1   1   2  45   3   9   4  71   5  44   6  23   7  65   8  94   9  16  10  22  11  98  12  92  13  90  14  23  15   2  16  48  17   8  18  54  19  69 
  0  26   1   1   2  43   3   8   4  69   5  45   6  23   7  65   8  89   9  16  10  22  11  94  12  88  13  87  14  19  15   4  16  48  17   6  18  52  19  69 
  0  32   1   5   2  47   3  10   4  71   5  46   6  21   7  69   8  96   9  21  10  24  11  99  12  98  13  92  14  25  15   6  16  50  17   8  18  61  19  71 
  0  29   1   3   2  43   3  10   4  70   5  46   6  21   7  67   8  96   9  16  10  24  11  99  12  94  13  88  14  21  15   5  16  49  17   8  18  55  19  72 
  0  29   1   1   2  44   3   8   4  69   5  45   6  21   7  65   8  92   9  15  10  20  11  96  12  93  13  90  14  22  15   5  16  48  17   6  18  56  19  70 
  0  32   1   3   2  47   3   8   4  70   5  46   6  23   7  67   8  93   9  15  10  24  11  99  12  95  13  88  14  23  15   6  16  48  17   6  18  59  19  72 


