
 20  20

  0  53   1  60   2  54   3  89   4  60   5  69   6  46   7  74   8   7   9  42  10  10  11   8  12   3  13  11  14   8  15  15  16  56  17  85  18  16  19  55 
  0  51   1  61   2  52   3  88   4  59   5  70   6  46   7  74   8  10   9  38  10   8  11   2  12   1  13   8  14   4  15  13  16  57  17  81  18  16  19  51 
  0  48   1  59   2  52   3  89   4  60   5  68   6  45   7  73   8   7   9  40  10  10  11   1  12   2  13   7  14   3  15  13  16  58  17  82  18  13  19  50 
  0  57   1  64   2  54   3  91   4  65   5  68   6  47   7  74   8   9   9  43  10  10  11  11  12   3  13  11  14  12  15  14  16  60  17  85  18  16  19  56 
  0  47   1  59   2  52   3  87   4  62   5  68   6  43   7  73   8  10   9  40  10   8  11   1  12   1  13   9  14   3  15  11  16  57  17  84  18  13  19  53 
  0  49   1  59   2  54   3  88   4  59   5  70   6  43   7  73   8   9   9  39  10   8  11   6  12   1  13   7  14   5  15  11  16  59  17  81  18  14  19  53 
  0  52   1  61   2  52   3  90   4  63   5  68   6  47   7  73   8   7   9  45  10  11  11   8  12   1  13   7  14  10  15  15  16  59  17  86  18  18  19  54 
  0  55   1  67   2  56   3  90   4  65   5  68   6  45   7  74   8  11   9  46  10  11  11   9  12   1  13  11  14  13  15  17  16  59  17  87  18  19  19  55 
  0  51   1  61   2  56   3  91   4  62   5  68   6  47   7  74   8  11   9  42  10  12  11   6  12   1  13   9  14   7  15  13  16  57  17  83  18  15  19  54 
  0  48   1  61   2  55   3  87   4  60   5  70   6  45   7  74   8   7   9  39  10  11  11   3  12   1  13   7  14   7  15  14  16  59  17  81  18  16  19  53 
  0  53   1  63   2  56   3  87   4  60   5  70   6  45   7  75   8   9   9  44  10  12  11   4  12   2  13  11  14   6  15  15  16  58  17  82  18  18  19  52 
  0  48   1  62   2  52   3  88   4  60   5  70   6  43   7  74   8   9   9  41  10  11  11   5  12   1  13   9  14   7  15  15  16  58  17  82  18  16  19  53 
  0  52   1  58   2  54   3  90   4  62   5  68   6  46   7  73   8   8   9  42  10  10  11   3  12   1  13   8  14   8  15  15  16  56  17  81  18  16  19  53 
  0  54   1  62   2  56   3  89   4  63   5  69   6  45   7  73   8   8   9  44  10  12  11   9  12   2  13   8  14  12  15  16  16  58  17  86  18  15  19  55 
  0  47   1  57   2  52   3  87   4  61   5  68   6  45   7  73   8   7   9  39  10   8  11   1  12   1  13   7  14   5  15  12  16  56  17  81  18  13  19  52 
  0  53   1  63   2  56   3  87   4  60   5  68   6  45   7  75   8   7   9  41  10  10  11   5  12   2  13   9  14   6  15  14  16  56  17  86  18  16  19  55 
  0  47   1  60   2  52   3  88   4  60   5  69   6  43   7  73   8   8   9  41  10   8  11   4  12   1  13   9  14   4  15  14  16  56  17  81  18  13  19  50 
  0  48   1  62   2  55   3  89   4  59   5  70   6  44   7  75   8   8   9  41  10   8  11   5  12   2  13   7  14   5  15  13  16  58  17  85  18  15  19  51 
  0  47   1  57   2  52   3  87   4  59   5  68   6  45   7  73   8   7   9  40  10   8  11   4  12   1  13   8  14   5  15  11  16  57  17  81  18  13  19  52 
  0  49   1  57   2  52   3  88   4  62   5  70   6  45   7  73   8  10   9  40  10  10  11   4  12   1  13  10  14   6  15  12  16  56  17  82  18  14  19  50 


