
 20  20

  0  71   1  65   2  50   3   1   4  18   5  16   6  44   7  69   8   1   9  14  10  52  11   3  12  53  13  86  14  24  15  85  16  62  17  77  18  51  19  10 
  0  78   1  69   2  51   3   1   4  18   5  21   6  51   7  73   8  10   9  18  10  52  11  12  12  61  13  89  14  30  15  88  16  62  17  83  18  52  19  16 
  0  75   1  69   2  50   3   1   4  18   5  16   6  45   7  74   8   4   9  16  10  52  11  10  12  55  13  87  14  29  15  87  16  59  17  80  18  49  19  13 
  0  73   1  68   2  51   3   3   4  17   5  15   6  43   7  71   8   2   9  14  10  51  11   4  12  57  13  87  14  27  15  83  16  60  17  79  18  50  19  11 
  0  76   1  69   2  52   3   3   4  17   5  20   6  45   7  74   8   5   9  16  10  52  11  10  12  58  13  87  14  28  15  85  16  60  17  80  18  49  19  13 
  0  72   1  66   2  50   3   1   4  16   5  14   6  44   7  68   8   1   9  10  10  52  11   2  12  51  13  83  14  22  15  84  16  61  17  73  18  47  19  11 
  0  71   1  65   2  50   3   1   4  16   5  15   6  42   7  69   8   2   9  11  10  50  11   4  12  54  13  86  14  25  15  87  16  59  17  76  18  47  19   9 
  0  73   1  69   2  52   3   3   4  16   5  15   6  45   7  69   8   5   9  12  10  50  11   5  12  56  13  85  14  25  15  84  16  61  17  79  18  47  19  10 
  0  75   1  66   2  52   3   3   4  18   5  15   6  47   7  68   8   3   9  12  10  52  11   4  12  57  13  87  14  24  15  84  16  59  17  77  18  51  19   9 
  0  72   1  67   2  51   3   1   4  16   5  16   6  44   7  67   8   1   9  10  10  50  11   3  12  53  13  82  14  21  15  83  16  61  17  75  18  49  19   8 
  0  80   1  68   2  51   3   3   4  18   5  20   6  48   7  72   8   7   9  18  10  51  11  10  12  58  13  89  14  30  15  86  16  63  17  81  18  51  19  15 
  0  73   1  67   2  52   3   1   4  18   5  17   6  42   7  71   8   2   9  13  10  50  11   5  12  52  13  83  14  22  15  83  16  59  17  76  18  48  19   8 
  0  73   1  65   2  50   3   3   4  17   5  13   6  41   7  67   8   1   9  11  10  50  11   5  12  54  13  82  14  24  15  86  16  60  17  75  18  47  19   8 
  0  71   1  66   2  50   3   2   4  17   5  14   6  41   7  70   8   1   9  12  10  52  11   5  12  52  13  82  14  21  15  84  16  60  17  74  18  47  19  10 
  0  78   1  69   2  50   3   1   4  17   5  20   6  49   7  75   8   8   9  18  10  50  11   9  12  61  13  87  14  30  15  88  16  62  17  82  18  52  19  16 
  0  76   1  69   2  50   3   2   4  17   5  15   6  46   7  73   8   7   9  14  10  50  11   9  12  54  13  84  14  24  15  86  16  61  17  80  18  52  19  10 
  0  72   1  67   2  51   3   3   4  16   5  15   6  42   7  69   8   1   9  13  10  50  11   3  12  52  13  82  14  21  15  85  16  61  17  77  18  48  19   8 
  0  73   1  68   2  50   3   1   4  16   5  18   6  47   7  69   8   7   9  15  10  50  11   7  12  57  13  86  14  26  15  85  16  62  17  80  18  49  19  14 
  0  73   1  65   2  52   3   2   4  18   5  16   6  44   7  67   8   3   9  13  10  50  11   7  12  55  13  84  14  24  15  85  16  61  17  78  18  50  19  10 
  0  77   1  68   2  52   3   3   4  18   5  18   6  44   7  70   8   7   9  16  10  51  11   8  12  57  13  85  14  25  15  88  16  62  17  80  18  48  19  12 


