
 20  20

  0  28   1  30   2  46   3  92   4  28   5  38   6  70   7  18   8  69   9  55  10  16  11  28  12  25  13  86  14  67  15  96  16  86  17  50  18  29  19   7 
  0  27   1  28   2  47   3  94   4  26   5  39   6  67   7  13   8  67   9  55  10  15  11  28  12  26  13  84  14  68  15  98  16  84  17  50  18  27  19   5 
  0  25   1  28   2  42   3  92   4  23   5  39   6  67   7  15   8  68   9  53  10  16  11  27  12  24  13  84  14  70  15  94  16  82  17  49  18  25  19   7 
  0  22   1  30   2  39   3  93   4  19   5  39   6  61   7   9   8  67   9  53  10  11  11  24  12  23  13  79  14  67  15  94  16  83  17  48  18  23  19   5 
  0  26   1  29   2  42   3  92   4  24   5  37   6  65   7  12   8  69   9  55  10  13  11  26  12  27  13  83  14  68  15  94  16  86  17  50  18  25  19   5 
  0  29   1  30   2  42   3  92   4  23   5  37   6  63   7  15   8  68   9  53  10  15  11  28  12  26  13  81  14  68  15  98  16  84  17  50  18  29  19   5 
  0  22   1  29   2  40   3  93   4  19   5  37   6  63   7  12   8  67   9  53  10  14  11  25  12  23  13  82  14  67  15  94  16  83  17  50  18  22  19   5 
  0  26   1  30   2  40   3  92   4  22   5  38   6  60   7  11   8  68   9  54  10  12  11  24  12  23  13  81  14  66  15  93  16  83  17  48  18  22  19   5 
  0  25   1  28   2  42   3  94   4  21   5  38   6  64   7  14   8  67   9  55  10  14  11  24  12  26  13  80  14  66  15  95  16  82  17  48  18  26  19   7 
  0  30   1  30   2  49   3  94   4  29   5  39   6  70   7  17   8  69   9  53  10  15  11  30  12  27  13  86  14  69  15  97  16  85  17  48  18  32  19   7 
  0  24   1  28   2  43   3  92   4  21   5  37   6  61   7  12   8  68   9  55  10  14  11  28  12  23  13  83  14  66  15  94  16  82  17  49  18  23  19   7 
  0  25   1  30   2  40   3  92   4  22   5  37   6  60   7  10   8  67   9  53  10  13  11  24  12  23  13  81  14  68  15  94  16  82  17  48  18  22  19   5 
  0  29   1  30   2  48   3  94   4  28   5  38   6  69   7  16   8  68   9  55  10  16  11  32  12  27  13  83  14  68  15  96  16  86  17  50  18  30  19   5 
  0  27   1  28   2  45   3  94   4  25   5  38   6  68   7  13   8  67   9  54  10  13  11  27  12  25  13  85  14  68  15  98  16  85  17  50  18  27  19   5 
  0  31   1  30   2  46   3  92   4  27   5  39   6  66   7  14   8  68   9  54  10  17  11  29  12  25  13  83  14  70  15  97  16  85  17  48  18  29  19   7 
  0  24   1  30   2  42   3  94   4  21   5  38   6  62   7  12   8  67   9  53  10  11  11  24  12  25  13  79  14  66  15  93  16  83  17  50  18  22  19   5 
  0  30   1  28   2  48   3  93   4  29   5  37   6  69   7  19   8  68   9  53  10  17  11  31  12  27  13  87  14  70  15  98  16  86  17  48  18  29  19   5 
  0  23   1  30   2  40   3  92   4  20   5  37   6  61   7   9   8  67   9  53  10  11  11  25  12  24  13  79  14  67  15  95  16  84  17  48  18  23  19   5 
  0  22   1  30   2  40   3  93   4  20   5  37   6  61   7  10   8  68   9  54  10  11  11  25  12  23  13  82  14  68  15  94  16  82  17  49  18  22  19   5 
  0  28   1  30   2  43   3  93   4  26   5  39   6  66   7  13   8  67   9  54  10  13  11  29  12  25  13  82  14  69  15  97  16  86  17  49  18  26  19   5 


