
 20  20

  0  54   1  84   2  99   3  77   4  82   5  84   6   8   7  63   8  54   9   8  10  40  11  64  12  70  13  94  14  85  15  58  16  48  17  29  18  80  19  92 
  0  45   1  83   2  96   3  69   4  72   5  78   6   1   7  60   8  46   9   7  10  38  11  63  12  64  13  91  14  83  15  52  16  43  17  27  18  74  19  87 
  0  47   1  83   2  98   3  73   4  75   5  83   6   1   7  59   8  50   9   8  10  39  11  65  12  66  13  95  14  83  15  55  16  43  17  26  18  79  19  91 
  0  54   1  85   2  99   3  74   4  80   5  84   6   8   7  61   8  52   9   7  10  40  11  65  12  72  13  95  14  85  15  58  16  45  17  29  18  82  19  90 
  0  51   1  83   2  99   3  71   4  77   5  79   6   1   7  59   8  51   9   6  10  41  11  63  12  70  13  93  14  83  15  55  16  43  17  26  18  80  19  91 
  0  52   1  83   2  99   3  73   4  79   5  81   6   7   7  60   8  53   9   8  10  42  11  64  12  70  13  95  14  85  15  57  16  46  17  29  18  82  19  92 
  0  46   1  85   2  99   3  73   4  77   5  81   6   2   7  61   8  48   9   8  10  40  11  63  12  65  13  91  14  83  15  51  16  45  17  26  18  75  19  87 
  0  48   1  85   2  99   3  72   4  76   5  80   6   1   7  59   8  52   9   8  10  41  11  65  12  67  13  93  14  85  15  55  16  45  17  29  18  76  19  88 
  0  53   1  84   2  98   3  74   4  77   5  83   6   4   7  60   8  51   9   6  10  42  11  65  12  70  13  93  14  83  15  57  16  47  17  29  18  79  19  90 
  0  48   1  83   2  97   3  73   4  78   5  83   6   5   7  60   8  51   9   6  10  41  11  65  12  68  13  94  14  83  15  56  16  44  17  27  18  79  19  88 
  0  44   1  84   2  96   3  69   4  73   5  80   6   1   7  59   8  46   9   6  10  36  11  63  12  65  13  91  14  85  15  51  16  42  17  25  18  75  19  87 
  0  50   1  86   2  99   3  72   4  80   5  83   6   7   7  60   8  50   9   7  10  40  11  63  12  71  13  93  14  85  15  54  16  47  17  26  18  78  19  90 
  0  51   1  83   2  99   3  72   4  80   5  80   6   4   7  63   8  53   9   7  10  42  11  65  12  67  13  94  14  84  15  54  16  47  17  29  18  81  19  90 
  0  52   1  85   2  99   3  74   4  80   5  81   6   6   7  60   8  52   9   8  10  39  11  65  12  70  13  92  14  85  15  55  16  45  17  29  18  82  19  92 
  0  48   1  84   2  99   3  72   4  78   5  82   6   5   7  61   8  51   9   8  10  39  11  65  12  68  13  92  14  83  15  56  16  46  17  26  18  81  19  92 
  0  48   1  84   2  99   3  74   4  77   5  80   6   1   7  63   8  47   9   8  10  39  11  65  12  67  13  93  14  83  15  55  16  42  17  26  18  77  19  87 
  0  48   1  84   2  99   3  72   4  78   5  82   6   2   7  63   8  51   9   8  10  38  11  65  12  67  13  93  14  85  15  54  16  46  17  28  18  77  19  91 
  0  46   1  82   2  98   3  70   4  76   5  78   6   1   7  62   8  46   9   8  10  39  11  63  12  65  13  91  14  85  15  52  16  42  17  25  18  75  19  89 
  0  52   1  85   2  99   3  74   4  78   5  84   6   4   7  63   8  54   9   8  10  40  11  65  12  72  13  92  14  84  15  56  16  48  17  29  18  80  19  91 
  0  45   1  82   2  97   3  71   4  73   5  80   6   2   7  60   8  47   9   6  10  39  11  65  12  64  13  92  14  84  15  52  16  43  17  26  18  74  19  89 


