
 20  20

  0  33   1  17   2  72   3  23   4  75   5  55   6   1   7  12   8  43   9  47  10  19  11   9  12  59  13  79  14  98  15  20  16  29  17   7  18  32  19  15 
  0  31   1  18   2  70   3  20   4  75   5  55   6   1   7  10   8  45   9  47  10  20  11  10  12  61  13  80  14  98  15  22  16  29  17   5  18  35  19  14 
  0  36   1  22   2  73   3  25   4  77   5  57   6   5   7  10   8  45   9  48  10  20  11  13  12  65  13  84  14  99  15  23  16  31  17   8  18  39  19  14 
  0  36   1  19   2  74   3  24   4  77   5  58   6   4   7  10   8  48   9  50  10  23  11  13  12  61  13  86  14  99  15  24  16  35  17  11  18  39  19  14 
  0  40   1  22   2  74   3  26   4  76   5  57   6   6   7  11   8  49   9  50  10  22  11  10  12  63  13  85  14  99  15  24  16  38  17  15  18  38  19  16 
  0  36   1  22   2  72   3  26   4  76   5  56   6   7   7  10   8  46   9  51  10  24  11  11  12  66  13  87  14  99  15  21  16  33  17  14  18  38  19  15 
  0  39   1  24   2  73   3  27   4  77   5  57   6   9   7  11   8  47   9  51  10  22  11  12  12  65  13  85  14  99  15  21  16  36  17  12  18  38  19  14 
  0  40   1  24   2  71   3  28   4  79   5  58   6  10   7  11   8  49   9  51  10  24  11  13  12  66  13  89  14  99  15  23  16  38  17  12  18  42  19  16 
  0  33   1  20   2  72   3  25   4  75   5  57   6   4   7  10   8  46   9  47  10  22  11   9  12  63  13  82  14  97  15  22  16  34  17   9  18  37  19  15 
  0  39   1  21   2  71   3  29   4  78   5  57   6   6   7  12   8  46   9  49  10  25  11  13  12  67  13  88  14  99  15  23  16  35  17  14  18  39  19  16 
  0  31   1  20   2  71   3  23   4  75   5  54   6   3   7  10   8  43   9  47  10  20  11   9  12  59  13  79  14  98  15  20  16  30  17   5  18  35  19  14 
  0  32   1  21   2  71   3  21   4  76   5  56   6   3   7  10   8  46   9  47  10  19  11  12  12  63  13  83  14  98  15  20  16  29  17   6  18  34  19  15 
  0  37   1  24   2  74   3  29   4  79   5  57   6   7   7  11   8  49   9  48  10  23  11  11  12  67  13  87  14  99  15  24  16  35  17  13  18  41  19  16 
  0  33   1  22   2  71   3  23   4  79   5  56   6   3   7  11   8  43   9  51  10  19  11  10  12  60  13  81  14  99  15  23  16  30  17   8  18  37  19  16 
  0  41   1  23   2  72   3  30   4  78   5  58   6   9   7  10   8  46   9  50  10  25  11  10  12  65  13  85  14  99  15  23  16  38  17  14  18  42  19  16 
  0  38   1  25   2  73   3  28   4  78   5  55   6   8   7  12   8  46   9  50  10  22  11  12  12  63  13  86  14  99  15  24  16  38  17  15  18  42  19  16 
  0  36   1  20   2  71   3  23   4  75   5  56   6   1   7  12   8  45   9  49  10  20  11   9  12  62  13  81  14  98  15  22  16  30  17   6  18  34  19  16 
  0  31   1  19   2  70   3  20   4  75   5  54   6   1   7  10   8  44   9  47  10  19  11   9  12  62  13  79  14  97  15  21  16  31  17   5  18  35  19  14 
  0  40   1  24   2  72   3  27   4  79   5  56   6   9   7  12   8  47   9  49  10  25  11  11  12  64  13  88  14  99  15  23  16  38  17  14  18  41  19  16 
  0  35   1  20   2  71   3  23   4  79   5  57   6   7   7  12   8  44   9  47  10  20  11  11  12  61  13  86  14  99  15  24  16  32  17   9  18  38  19  16 


