
 20  20

  0  13   1  46   2  57   3  65   4  79   5  17   6  75   7  60   8  53   9  56  10   5  11  66  12  68  13  36  14  36  15  67  16  56  17  93  18  36  19  43 
  0   6   1  40   2  53   3  63   4  75   5  11   6  72   7  58   8  51   9  49  10   4  11  63  12  63  13  34  14  32  15  65  16  52  17  92  18  36  19  40 
  0   7   1  39   2  53   3  62   4  76   5   8   6  69   7  58   8  52   9  48  10   1  11  62  12  60  13  34  14  30  15  66  16  48  17  92  18  36  19  38 
  0  10   1  41   2  57   3  62   4  76   5  13   6  71   7  60   8  51   9  55  10   5  11  67  12  64  13  38  14  33  15  66  16  50  17  94  18  34  19  39 
  0  12   1  43   2  56   3  62   4  80   5  13   6  74   7  59   8  54   9  56  10   7  11  68  12  67  13  36  14  33  15  69  16  56  17  92  18  36  19  44 
  0   5   1  41   2  53   3  63   4  78   5   7   6  69   7  58   8  53   9  48  10   1  11  62  12  59  13  34  14  31  15  65  16  50  17  92  18  34  19  38 
  0   7   1  41   2  53   3  60   4  75   5   7   6  71   7  59   8  51   9  51  10   3  11  63  12  58  13  34  14  30  15  67  16  52  17  92  18  36  19  39 
  0   9   1  45   2  57   3  63   4  77   5  11   6  73   7  59   8  53   9  53  10   4  11  63  12  61  13  35  14  35  15  69  16  54  17  94  18  34  19  43 
  0  15   1  44   2  57   3  65   4  79   5  15   6  72   7  60   8  52   9  58  10   7  11  66  12  68  13  36  14  36  15  67  16  54  17  94  18  34  19  44 
  0   6   1  43   2  56   3  64   4  79   5  10   6  69   7  58   8  53   9  49  10   2  11  66  12  60  13  36  14  30  15  65  16  50  17  94  18  36  19  40 
  0   9   1  42   2  54   3  64   4  79   5  12   6  70   7  60   8  52   9  55  10   2  11  64  12  61  13  35  14  34  15  68  16  53  17  92  18  36  19  41 
  0  10   1  44   2  54   3  62   4  80   5  13   6  71   7  58   8  54   9  54  10   6  11  67  12  65  13  38  14  36  15  68  16  55  17  92  18  36  19  42 
  0   5   1  39   2  54   3  60   4  76   5   8   6  69   7  60   8  52   9  48  10   1  11  62  12  60  13  35  14  29  15  66  16  50  17  92  18  35  19  39 
  0   5   1  39   2  53   3  62   4  75   5   9   6  69   7  58   8  51   9  48  10   1  11  63  12  58  13  34  14  30  15  65  16  50  17  92  18  36  19  39 
  0  14   1  47   2  55   3  65   4  81   5  17   6  75   7  60   8  54   9  57  10   5  11  68  12  67  13  38  14  36  15  68  16  55  17  94  18  36  19  43 
  0   7   1  42   2  53   3  64   4  77   5   8   6  70   7  60   8  51   9  52  10   1  11  62  12  61  13  35  14  31  15  65  16  48  17  92  18  36  19  40 
  0  15   1  47   2  56   3  66   4  78   5  17   6  73   7  60   8  54   9  56  10   7  11  65  12  68  13  38  14  36  15  68  16  56  17  94  18  36  19  43 
  0   7   1  39   2  53   3  61   4  75   5   7   6  72   7  59   8  53   9  48  10   1  11  62  12  60  13  34  14  29  15  68  16  50  17  92  18  34  19  41 
  0   9   1  44   2  54   3  62   4  78   5  12   6  71   7  58   8  52   9  52  10   3  11  65  12  65  13  36  14  34  15  65  16  50  17  94  18  34  19  39 
  0  10   1  43   2  54   3  64   4  76   5  13   6  73   7  58   8  51   9  54  10   1  11  66  12  64  13  36  14  33  15  68  16  54  17  92  18  34  19  39 


