
 20  20

  0   7   1  66   2  28   3  49   4  61   5  65   6  71   7  25   8   9   9  55  10  61  11  60  12  11  13  73  14  45  15  36  16  61  17  36  18   1  19  74 
  0  11   1  67   2  31   3  49   4  64   5  64   6  76   7  29   8  15   9  56  10  67  11  60  12  18  13  76  14  48  15  38  16  67  17  35  18   1  19  81 
  0   5   1  66   2  30   3  47   4  63   5  65   6  74   7  27   8  14   9  55  10  63  11  58  12  13  13  73  14  47  15  36  16  63  17  35  18   3  19  77 
  0   9   1  68   2  26   3  48   4  64   5  63   6  72   7  25   8  12   9  54  10  62  11  60  12  13  13  73  14  45  15  36  16  65  17  34  18   3  19  77 
  0   8   1  67   2  30   3  48   4  62   5  65   6  74   7  29   8  12   9  57  10  63  11  60  12  17  13  73  14  46  15  36  16  62  17  34  18   1  19  80 
  0  11   1  68   2  31   3  49   4  65   5  64   6  76   7  29   8  13   9  58  10  66  11  60  12  18  13  74  14  46  15  38  16  67  17  36  18   3  19  80 
  0   1   1  67   2  27   3  49   4  62   5  63   6  71   7  28   8   8   9  53  10  59  11  58  12   9  13  73  14  42  15  35  16  61  17  34  18   1  19  73 
  0   9   1  68   2  28   3  49   4  61   5  65   6  75   7  28   8  14   9  53  10  65  11  60  12  16  13  75  14  47  15  35  16  64  17  36  18   3  19  79 
  0  11   1  66   2  31   3  48   4  65   5  64   6  76   7  29   8  13   9  58  10  64  11  60  12  16  13  75  14  48  15  36  16  64  17  36  18   3  19  77 
  0   7   1  67   2  26   3  47   4  59   5  65   6  69   7  29   8  12   9  52  10  59  11  58  12  11  13  72  14  41  15  33  16  63  17  34  18   3  19  73 
  0   4   1  66   2  26   3  49   4  60   5  64   6  68   7  26   8  10   9  50  10  59  11  58  12  10  13  75  14  40  15  34  16  61  17  34  18   1  19  73 
  0   8   1  66   2  30   3  47   4  63   5  63   6  76   7  26   8  14   9  54  10  65  11  59  12  13  13  75  14  48  15  37  16  67  17  34  18   3  19  79 
  0   9   1  67   2  29   3  49   4  65   5  65   6  76   7  27   8  12   9  55  10  63  11  60  12  16  13  74  14  45  15  37  16  65  17  36  18   1  19  80 
  0   8   1  68   2  29   3  49   4  65   5  64   6  74   7  27   8  12   9  57  10  66  11  60  12  15  13  74  14  44  15  35  16  65  17  34  18   3  19  81 
  0   6   1  66   2  30   3  48   4  63   5  63   6  71   7  28   8  12   9  53  10  61  11  58  12  14  13  75  14  45  15  37  16  63  17  36  18   3  19  78 
  0   5   1  66   2  28   3  47   4  60   5  63   6  70   7  28   8  10   9  54  10  57  11  58  12  12  13  73  14  41  15  35  16  61  17  35  18   1  19  75 
  0   5   1  66   2  28   3  47   4  59   5  63   6  69   7  25   8   8   9  54  10  59  11  59  12   8  13  72  14  40  15  32  16  63  17  34  18   1  19  71 
  0   5   1  67   2  29   3  49   4  61   5  65   6  73   7  26   8  10   9  56  10  60  11  58  12  11  13  76  14  44  15  37  16  63  17  36  18   1  19  76 
  0   3   1  66   2  26   3  49   4  59   5  63   6  71   7  25   8  12   9  53  10  58  11  60  12  11  13  74  14  42  15  33  16  62  17  34  18   3  19  76 
  0   7   1  68   2  27   3  49   4  65   5  65   6  73   7  27   8  11   9  55  10  65  11  58  12  16  13  76  14  47  15  36  16  65  17  34  18   3  19  77 


