
 20  20

  0  74   1  92   2  36   3  85   4  31   5  59   6  80   7  54   8  34   9  89  10  71  11  45  12  91  13  77  14  12  15   7  16   6  17  17  18   2  19   2 
  0  73   1  90   2  35   3  83   4  30   5  57   6  80   7  54   8  33   9  89  10  72  11  48  12  92  13  78  14  12  15   5  16   7  17  20  18   2  19   1 
  0  75   1  94   2  40   3  85   4  33   5  59   6  83   7  55   8  35   9  93  10  77  11  51  12  93  13  82  14  11  15   5  16   9  17  18  18   5  19   1 
  0  79   1  92   2  38   3  83   4  33   5  60   6  83   7  54   8  35   9  94  10  77  11  51  12  94  13  83  14  13  15   6  16   7  17  20  18   5  19   2 
  0  75   1  92   2  37   3  85   4  29   5  59   6  80   7  56   8  30   9  93  10  74  11  47  12  94  13  78  14   9  15   3  16   6  17  17  18   3  19   1 
  0  79   1  95   2  42   3  85   4  32   5  59   6  84   7  54   8  36   9  94  10  78  11  53  12  96  13  83  14  14  15   6  16   8  17  21  18   4  19   2 
  0  82   1  94   2  42   3  84   4  32   5  61   6  86   7  54   8  34   9  95  10  80  11  52  12  96  13  84  14  17  15   9  16   9  17  21  18   4  19   2 
  0  72   1  90   2  36   3  85   4  29   5  56   6  80   7  55   8  31   9  89  10  71  11  45  12  91  13  76  14  10  15   3  16   6  17  17  18   3  19   1 
  0  73   1  89   2  34   3  84   4  31   5  57   6  80   7  55   8  30   9  90  10  72  11  48  12  90  13  78  14  12  15   5  16   7  17  19  18   3  19   1 
  0  80   1  93   2  40   3  84   4  32   5  61   6  86   7  54   8  33   9  94  10  76  11  53  12  95  13  82  14  15  15   6  16   9  17  21  18   5  19   4 
  0  79   1  93   2  37   3  85   4  33   5  58   6  82   7  54   8  36   9  96  10  75  11  50  12  96  13  81  14  12  15   7  16   9  17  21  18   5  19   1 
  0  79   1  93   2  41   3  85   4  33   5  60   6  83   7  54   8  36   9  95  10  79  11  52  12  95  13  83  14  17  15   6  16   7  17  20  18   4  19   1 
  0  76   1  93   2  39   3  83   4  32   5  58   6  80   7  54   8  32   9  94  10  75  11  46  12  95  13  78  14  14  15   3  16   6  17  21  18   3  19   1 
  0  72   1  87   2  34   3  83   4  29   5  56   6  79   7  54   8  32   9  89  10  70  11  45  12  90  13  76  14  10  15   3  16   5  17  19  18   1  19   1 
  0  77   1  90   2  36   3  83   4  31   5  59   6  84   7  54   8  32   9  95  10  76  11  51  12  94  13  79  14  11  15   5  16   6  17  19  18   2  19   1 
  0  81   1  97   2  39   3  85   4  35   5  59   6  87   7  56   8  34   9  95  10  76  11  52  12  98  13  83  14  14  15   6  16   6  17  23  18   4  19   3 
  0  76   1  94   2  39   3  85   4  32   5  61   6  84   7  56   8  34   9  92  10  75  11  50  12  97  13  79  14  15  15   7  16   5  17  21  18   3  19   1 
  0  82   1  97   2  42   3  85   4  35   5  62   6  84   7  54   8  35   9  97  10  78  11  51  12  97  13  84  14  17  15   8  16   9  17  23  18   3  19   2 
  0  82   1  97   2  42   3  85   4  33   5  61   6  86   7  56   8  36   9  97  10  79  11  53  12  97  13  84  14  17  15   9  16   9  17  23  18   5  19   3 
  0  78   1  93   2  40   3  83   4  34   5  59   6  86   7  56   8  32   9  94  10  78  11  51  12  96  13  80  14  14  15   6  16   6  17  20  18   2  19   1 


