
 20  20

  0  68   1  73   2  16   3   8   4  94   5  51   6  37   7  99   8  81   9  49  10  79  11  61  12  12  13  97  14  58  15  10  16   4  17  86  18  76  19  53 
  0  61   1  70   2  15   3   2   4  90   5  45   6  36   7  90   8  80   9  42  10  81  11  58  12  11  13  94  14  53  15  10  16   2  17  82  18  71  19  51 
  0  65   1  70   2  16   3   6   4  92   5  47   6  36   7  96   8  81   9  42  10  81  11  60  12  12  13  94  14  54  15  10  16   4  17  83  18  70  19  52 
  0  62   1  72   2  17   3   4   4  90   5  50   6  36   7  96   8  80   9  42  10  79  11  59  12  15  13  94  14  57  15   8  16   2  17  82  18  71  19  54 
  0  70   1  73   2  17   3   8   4  98   5  50   6  38   7  99   8  81   9  50  10  81  11  62  12  12  13  97  14  55  15   8  16   4  17  86  18  73  19  53 
  0  65   1  75   2  15   3   6   4  93   5  47   6  36   7  96   8  82   9  47  10  79  11  63  12  13  13  93  14  53  15   9  16   2  17  81  18  74  19  53 
  0  66   1  73   2  15   3   5   4  93   5  48   6  36   7  95   8  83   9  44  10  80  11  60  12  15  13  93  14  54  15   8  16   2  17  82  18  73  19  52 
  0  70   1  76   2  17   3   6   4  98   5  51   6  38   7  98   8  83   9  50  10  80  11  64  12  15  13  94  14  55  15  10  16   4  17  86  18  76  19  55 
  0  67   1  76   2  17   3   8   4  98   5  50   6  36   7  99   8  81   9  48  10  79  11  62  12  13  13  97  14  58  15  10  16   4  17  83  18  75  19  56 
  0  62   1  72   2  17   3   2   4  91   5  45   6  36   7  92   8  80   9  40  10  81  11  60  12  11  13  91  14  53  15  10  16   2  17  81  18  70  19  50 
  0  70   1  76   2  17   3   8   4  98   5  51   6  38   7  99   8  83   9  48  10  81  11  64  12  14  13  96  14  57  15   9  16   4  17  84  18  76  19  55 
  0  66   1  76   2  15   3   5   4  95   5  51   6  38   7  99   8  80   9  46  10  80  11  62  12  15  13  93  14  57  15   8  16   4  17  83  18  73  19  54 
  0  68   1  73   2  15   3   7   4  98   5  51   6  38   7  96   8  80   9  46  10  81  11  64  12  14  13  96  14  58  15  10  16   4  17  85  18  74  19  54 
  0  62   1  70   2  15   3   3   4  88   5  46   6  36   7  91   8  79   9  40  10  79  11  58  12  13  13  91  14  52  15   8  16   3  17  80  18  70  19  50 
  0  60   1  72   2  15   3   3   4  88   5  45   6  36   7  91   8  81   9  43  10  79  11  61  12  12  13  93  14  53  15   8  16   2  17  81  18  72  19  53 
  0  64   1  71   2  15   3   4   4  90   5  49   6  37   7  95   8  80   9  42  10  79  11  61  12  12  13  91  14  55  15   8  16   2  17  84  18  72  19  54 
  0  66   1  70   2  17   3   4   4  90   5  46   6  38   7  94   8  82   9  44  10  81  11  62  12  12  13  91  14  55  15   8  16   3  17  82  18  70  19  52 
  0  67   1  76   2  16   3   8   4  95   5  51   6  37   7  99   8  80   9  46  10  80  11  61  12  14  13  94  14  54  15   8  16   2  17  82  18  76  19  54 
  0  66   1  75   2  17   3   4   4  94   5  50   6  37   7  96   8  82   9  46  10  81  11  60  12  14  13  94  14  54  15   8  16   2  17  83  18  75  19  55 
  0  61   1  74   2  17   3   4   4  89   5  48   6  36   7  93   8  81   9  45  10  79  11  61  12  13  13  91  14  54  15   8  16   4  17  80  18  73  19  51 


