
 20  20

  0  85   1  60   2  80   3  35   4  71   5  35   6  89   7  71   8  84   9  12  10  60  11  89  12  91  13  89  14  56  15  13  16  13  17  38  18  63  19  21 
  0  82   1  56   2  80   3  36   4  69   5  37   6  84   7  68   8  81   9   8  10  60  11  86  12  94  13  87  14  58  15  10  16  10  17  37  18  62  19  19 
  0  84   1  56   2  80   3  36   4  68   5  37   6  87   7  68   8  84   9  12  10  58  11  88  12  94  13  87  14  58  15  11  16  10  17  39  18  59  19  21 
  0  87   1  63   2  81   3  40   4  70   5  38   6  91   7  72   8  84   9  15  10  60  11  90  12  95  13  91  14  58  15  13  16  15  17  41  18  64  19  22 
  0  89   1  63   2  81   3  39   4  73   5  38   6  91   7  74   8  84   9  15  10  60  11  91  12  95  13  93  14  56  15  14  16  15  17  42  18  64  19  24 
  0  84   1  59   2  78   3  36   4  69   5  34   6  84   7  70   8  80   9  11  10  60  11  90  12  95  13  85  14  58  15  13  16   9  17  37  18  61  19  17 
  0  87   1  63   2  80   3  40   4  72   5  40   6  91   7  72   8  83   9  15  10  58  11  90  12  95  13  91  14  56  15  14  16  15  17  42  18  64  19  23 
  0  88   1  63   2  81   3  40   4  72   5  39   6  89   7  72   8  84   9  15  10  60  11  89  12  94  13  93  14  57  15  14  16  16  17  42  18  64  19  25 
  0  83   1  56   2  76   3  36   4  72   5  37   6  87   7  68   8  83   9   9  10  60  11  87  12  94  13  90  14  57  15  11  16  12  17  41  18  63  19  21 
  0  87   1  63   2  79   3  38   4  73   5  39   6  89   7  74   8  84   9  13  10  60  11  89  12  95  13  93  14  58  15  14  16  16  17  42  18  63  19  23 
  0  88   1  58   2  78   3  36   4  72   5  37   6  90   7  69   8  84   9  10  10  58  11  89  12  92  13  90  14  56  15  12  16  12  17  38  18  60  19  20 
  0  85   1  59   2  79   3  32   4  69   5  34   6  87   7  70   8  80   9  11  10  58  11  90  12  91  13  86  14  58  15  12  16  10  17  39  18  60  19  20 
  0  82   1  54   2  75   3  33   4  69   5  31   6  84   7  65   8  81   9   5  10  58  11  85  12  94  13  85  14  57  15  11  16   9  17  37  18  59  19  17 
  0  86   1  61   2  81   3  37   4  73   5  39   6  90   7  73   8  84   9  15  10  60  11  90  12  93  13  93  14  58  15  13  16  16  17  40  18  64  19  25 
  0  88   1  61   2  81   3  40   4  71   5  40   6  88   7  74   8  83   9  12  10  58  11  91  12  94  13  90  14  57  15  14  16  16  17  41  18  64  19  25 
  0  79   1  56   2  75   3  33   4  67   5  31   6  81   7  67   8  80   9   6  10  58  11  85  12  91  13  83  14  56  15  12  16   7  17  39  18  60  19  17 
  0  83   1  58   2  79   3  34   4  71   5  34   6  89   7  72   8  81   9  11  10  60  11  88  12  93  13  91  14  58  15  14  16  12  17  41  18  63  19  23 
  0  84   1  58   2  79   3  33   4  68   5  36   6  85   7  69   8  81   9   7  10  58  11  86  12  91  13  87  14  58  15  10  16  12  17  38  18  62  19  21 
  0  79   1  54   2  75   3  32   4  67   5  31   6  81   7  64   8  80   9   5  10  60  11  86  12  91  13  83  14  57  15  10  16   6  17  37  18  58  19  17 
  0  84   1  59   2  75   3  33   4  67   5  33   6  85   7  67   8  84   9   9  10  59  11  88  12  92  13  85  14  56  15  10  16   8  17  38  18  61  19  21 


