
 20  20

  0  90   1  83   2  40   3  16   4  19   5  36   6  83   7  71   8  93   9  53  10  51  11  99  12  51  13  28  14   8  15   8  16  30  17  79  18  10  19  12 
  0  91   1  81   2  38   3  19   4  19   5  39   6  83   7  72   8  98   9  54  10  54  11  98  12  53  13  27  14   9  15   6  16  32  17  80  18  12  19  12 
  0  83   1  77   2  38   3  16   4  17   5  34   6  79   7  72   8  89   9  51  10  49  11  91  12  50  13  28  14   8  15   7  16  31  17  78  18   9  19  10 
  0  83   1  77   2  38   3  13   4  17   5  34   6  81   7  70   8  89   9  50  10  48  11  91  12  48  13  28  14   8  15   5  16  30  17  80  18   9  19  10 
  0  93   1  83   2  40   3  20   4  18   5  42   6  83   7  74   8  99   9  56  10  57  11  99  12  53  13  28  14   8  15   8  16  32  17  80  18  13  19  12 
  0  88   1  82   2  39   3  17   4  18   5  37   6  83   7  73   8  95   9  56  10  52  11  98  12  51  13  26  14   9  15   6  16  30  17  78  18  13  19  12 
  0  84   1  79   2  39   3  15   4  15   5  36   6  82   7  73   8  93   9  51  10  50  11  93  12  47  13  28  14   8  15   5  16  32  17  79  18   9  19  12 
  0  92   1  85   2  38   3  21   4  19   5  40   6  83   7  76   8  99   9  56  10  57  11  99  12  53  13  27  14  10  15   9  16  32  17  80  18  13  19  10 
  0  87   1  79   2  40   3  16   4  19   5  36   6  80   7  74   8  93   9  53  10  51  11  97  12  49  13  26  14   8  15   9  16  30  17  80  18   9  19  12 
  0  92   1  81   2  40   3  19   4  18   5  38   6  81   7  72   8  95   9  53  10  54  11  99  12  52  13  28  14  10  15   7  16  32  17  78  18  13  19  12 
  0  88   1  78   2  38   3  15   4  19   5  37   6  79   7  74   8  95   9  50  10  49  11  97  12  47  13  26  14  10  15   5  16  30  17  79  18  13  19  10 
  0  88   1  80   2  38   3  17   4  15   5  35   6  82   7  73   8  91   9  52  10  53  11  96  12  50  13  28  14  10  15   6  16  31  17  80  18   9  19  10 
  0  83   1  77   2  38   3  13   4  16   5  32   6  80   7  70   8  91   9  50  10  47  11  93  12  47  13  28  14   8  15   5  16  30  17  79  18   9  19  10 
  0  83   1  79   2  38   3  15   4  16   5  35   6  79   7  72   8  92   9  51  10  51  11  92  12  50  13  26  14   8  15   6  16  31  17  80  18   9  19  10 
  0  93   1  85   2  40   3  19   4  18   5  41   6  83   7  75   8  99   9  53  10  54  11  97  12  53  13  28  14   8  15   9  16  31  17  79  18  13  19  12 
  0  87   1  78   2  38   3  16   4  15   5  37   6  82   7  74   8  93   9  50  10  51  11  93  12  49  13  28  14  10  15   8  16  32  17  80  18  10  19  10 
  0  84   1  81   2  39   3  17   4  17   5  35   6  79   7  70   8  93   9  50  10  50  11  92  12  48  13  26  14   9  15   8  16  30  17  80  18   9  19  11 
  0  88   1  81   2  40   3  18   4  15   5  37   6  79   7  74   8  90   9  53  10  48  11  92  12  49  13  26  14   8  15   5  16  31  17  80  18   9  19  10 
  0  91   1  85   2  40   3  19   4  19   5  40   6  81   7  72   8  97   9  53  10  53  11  99  12  53  13  26  14  10  15   9  16  30  17  78  18  10  19  12 
  0  87   1  82   2  38   3  19   4  17   5  36   6  81   7  74   8  95   9  54  10  55  11  96  12  51  13  26  14   9  15   7  16  32  17  80  18  13  19  10 


