
 20  20

  0  64   1  55   2  59   3  22   4  49   5  49   6  44   7  92   8  71   9   4  10  89  11  55  12  57  13  57  14   7  15  15  16  83  17  46  18  24  19  63 
  0  67   1  55   2  59   3  24   4  48   5  49   6  46   7  92   8  74   9   4  10  87  11  55  12  57  13  57  14   7  15  16  16  83  17  50  18  27  19  63 
  0  64   1  55   2  56   3  24   4  49   5  49   6  45   7  92   8  71   9   3  10  87  11  55  12  56  13  55  14   7  15  14  16  83  17  49  18  27  19  61 
  0  59   1  47   2  51   3  20   4  45   5  44   6  39   7  91   8  69   9   1  10  85  11  54  12  57  13  56  14   4  15  12  16  82  17  45  18  24  19  62 
  0  64   1  55   2  58   3  25   4  46   5  46   6  46   7  93   8  72   9   4  10  88  11  54  12  55  13  58  14   4  15  15  16  83  17  47  18  25  19  63 
  0  57   1  48   2  52   3  18   4  45   5  45   6  42   7  89   8  67   9   3  10  88  11  53  12  55  13  53  14   4  15  12  16  81  17  40  18  22  19  61 
  0  59   1  48   2  53   3  19   4  46   5  43   6  39   7  89   8  66   9   2  10  85  11  53  12  55  13  54  14   3  15  13  16  82  17  42  18  21  19  63 
  0  64   1  55   2  56   3  23   4  49   5  49   6  47   7  93   8  74   9   2  10  89  11  55  12  56  13  58  14   7  15  13  16  83  17  49  18  25  19  63 
  0  64   1  55   2  57   3  24   4  49   5  46   6  45   7  93   8  73   9   3  10  89  11  53  12  57  13  58  14   5  15  15  16  83  17  47  18  25  19  63 
  0  58   1  50   2  52   3  18   4  46   5  43   6  40   7  90   8  67   9   1  10  85  11  53  12  55  13  54  14   3  15  15  16  81  17  40  18  23  19  63 
  0  57   1  49   2  55   3  20   4  46   5  44   6  41   7  91   8  69   9   1  10  88  11  53  12  55  13  54  14   5  15  12  16  83  17  44  18  24  19  61 
  0  65   1  52   2  59   3  23   4  48   5  49   6  47   7  90   8  70   9   4  10  89  11  55  12  56  13  58  14   7  15  14  16  83  17  46  18  25  19  63 
  0  67   1  54   2  56   3  25   4  49   5  49   6  46   7  91   8  74   9   2  10  89  11  53  12  57  13  55  14   6  15  14  16  82  17  47  18  26  19  63 
  0  63   1  55   2  58   3  21   4  49   5  48   6  46   7  92   8  74   9   4  10  88  11  55  12  55  13  56  14   6  15  13  16  83  17  48  18  27  19  63 
  0  62   1  47   2  55   3  20   4  48   5  44   6  42   7  92   8  66   9   3  10  85  11  54  12  55  13  56  14   6  15  12  16  82  17  43  18  25  19  61 
  0  58   1  50   2  54   3  20   4  45   5  45   6  41   7  91   8  66   9   1  10  86  11  55  12  55  13  52  14   4  15  12  16  83  17  43  18  22  19  61 
  0  66   1  52   2  58   3  24   4  49   5  49   6  45   7  92   8  70   9   4  10  89  11  55  12  55  13  57  14   6  15  14  16  82  17  48  18  27  19  63 
  0  64   1  54   2  59   3  21   4  49   5  45   6  46   7  93   8  72   9   4  10  89  11  55  12  55  13  56  14   7  15  14  16  83  17  49  18  25  19  61 
  0  63   1  54   2  55   3  24   4  49   5  49   6  47   7  93   8  70   9   4  10  86  11  53  12  57  13  56  14   4  15  15  16  81  17  50  18  27  19  62 
  0  59   1  47   2  52   3  19   4  46   5  45   6  39   7  89   8  66   9   2  10  87  11  55  12  55  13  52  14   3  15  13  16  81  17  43  18  21  19  61 


