
 20  20

  0  69   1  47   2  40   3  18   4   9   5  93   6  35   7  28   8  24   9  44  10  22  11  67  12  62  13  55  14  42  15  43  16  87  17  39  18   6  19  17 
  0  71   1  49   2  41   3  20   4  10   5  96   6  39   7  27   8  25   9  44  10  20  11  69  12  62  13  58  14  43  15  41  16  89  17  43  18   7  19  17 
  0  71   1  47   2  47   3  23   4  13   5  96   6  37   7  32   8  26   9  43  10  21  11  69  12  63  13  56  14  45  15  42  16  91  17  44  18   8  19  19 
  0  68   1  49   2  42   3  18   4   8   5  95   6  34   7  28   8  24   9  44  10  22  11  67  12  60  13  53  14  44  15  41  16  88  17  42  18   7  19  17 
  0  71   1  49   2  48   3  22   4  14   5  95   6  39   7  30   8  26   9  44  10  22  11  68  12  66  13  59  14  46  15  46  16  94  17  45  18  11  19  17 
  0  68   1  49   2  46   3  23   4  10   5  97   6  40   7  29   8  24   9  42  10  20  11  67  12  63  13  56  14  47  15  45  16  93  17  42  18   7  19  18 
  0  67   1  48   2  43   3  18   4   8   5  96   6  35   7  28   8  26   9  43  10  22  11  69  12  64  13  54  14  42  15  40  16  90  17  41  18   6  19  17 
  0  71   1  49   2  43   3  20   4   9   5  96   6  40   7  29   8  26   9  42  10  20  11  67  12  62  13  59  14  43  15  42  16  94  17  44  18   9  19  19 
  0  66   1  47   2  39   3  16   4   4   5  93   6  33   7  24   8  26   9  42  10  21  11  67  12  60  13  53  14  42  15  37  16  85  17  39  18   6  19  18 
  0  64   1  49   2  38   3  18   4   6   5  95   6  33   7  24   8  25   9  42  10  20  11  68  12  60  13  55  14  42  15  38  16  86  17  39  18   5  19  19 
  0  68   1  49   2  41   3  18   4   8   5  94   6  35   7  27   8  24   9  44  10  21  11  69  12  60  13  56  14  44  15  39  16  90  17  39  18   6  19  18 
  0  73   1  47   2  46   3  19   4  12   5  97   6  36   7  31   8  24   9  43  10  22  11  68  12  63  13  57  14  47  15  42  16  90  17  43  18   8  19  17 
  0  66   1  47   2  38   3  17   4   5   5  94   6  33   7  24   8  26   9  42  10  20  11  69  12  62  13  55  14  43  15  37  16  85  17  41  18   6  19  17 
  0  68   1  47   2  40   3  16   4   8   5  93   6  37   7  28   8  26   9  44  10  22  11  67  12  64  13  57  14  44  15  39  16  86  17  43  18   7  19  17 
  0  69   1  49   2  47   3  20   4   9   5  97   6  39   7  30   8  24   9  44  10  20  11  68  12  66  13  56  14  44  15  45  16  93  17  41  18   8  19  17 
  0  65   1  49   2  41   3  17   4   6   5  96   6  34   7  29   8  24   9  42  10  20  11  68  12  60  13  54  14  45  15  40  16  89  17  41  18   5  19  19 
  0  67   1  47   2  38   3  16   4   4   5  95   6  34   7  24   8  24   9  43  10  20  11  67  12  60  13  55  14  44  15  37  16  86  17  41  18   5  19  19 
  0  70   1  49   2  40   3  19   4   7   5  95   6  38   7  26   8  26   9  44  10  20  11  69  12  63  13  56  14  44  15  40  16  89  17  39  18   6  19  19 
  0  72   1  48   2  47   3  21   4   9   5  94   6  37   7  30   8  25   9  42  10  22  11  69  12  62  13  55  14  47  15  46  16  94  17  41  18   7  19  17 
  0  64   1  47   2  38   3  17   4   5   5  94   6  34   7  24   8  25   9  43  10  21  11  69  12  60  13  55  14  41  15  38  16  85  17  42  18   5  19  17 


