
 20  20

  0  85   1  34   2  32   3  48   4  53   5  20   6  29   7  81   8  38   9  42  10  26  11  28  12  20  13   1  14  80  15  71  16  20  17  94  18  98  19  80 
  0  91   1  36   2  36   3  51   4  55   5  25   6  28   7  83   8  42   9  44  10  33  11  32  12  26  13   6  14  80  15  69  16  24  17  98  18  99  19  86 
  0  84   1  34   2  33   3  51   4  54   5  22   6  27   7  80   8  38   9  43  10  28  11  30  12  23  13   2  14  80  15  70  16  23  17  97  18  96  19  82 
  0  90   1  38   2  33   3  52   4  56   5  26   6  31   7  83   8  44   9  45  10  34  11  32  12  30  13   8  14  80  15  71  16  25  17  97  18  99  19  86 
  0  85   1  35   2  34   3  51   4  54   5  22   6  30   7  81   8  43   9  46  10  34  11  31  12  28  13   4  14  80  15  71  16  26  17  98  18  97  19  82 
  0  91   1  37   2  36   3  51   4  57   5  24   6  31   7  85   8  43   9  45  10  35  11  32  12  30  13   7  14  80  15  71  16  28  17  99  18  97  19  84 
  0  82   1  36   2  34   3  49   4  56   5  20   6  27   7  82   8  40   9  45  10  31  11  29  12  25  13   4  14  79  15  71  16  22  17  94  18  96  19  80 
  0  87   1  38   2  33   3  52   4  55   5  25   6  27   7  81   8  41   9  43  10  32  11  28  12  22  13   1  14  78  15  71  16  23  17  98  18  96  19  80 
  0  85   1  37   2  33   3  48   4  53   5  22   6  30   7  82   8  42   9  44  10  30  11  31  12  25  13   5  14  78  15  69  16  21  17  95  18  96  19  82 
  0  86   1  36   2  32   3  52   4  56   5  23   6  28   7  85   8  42   9  43  10  35  11  32  12  29  13   6  14  80  15  71  16  25  17  97  18  97  19  85 
  0  82   1  35   2  32   3  48   4  53   5  20   6  27   7  79   8  36   9  44  10  29  11  28  12  20  13   1  14  78  15  71  16  20  17  94  18  95  19  79 
  0  82   1  35   2  30   3  48   4  55   5  21   6  27   7  79   8  36   9  42  10  27  11  28  12  22  13   1  14  80  15  69  16  20  17  95  18  96  19  79 
  0  87   1  37   2  35   3  51   4  57   5  24   6  29   7  85   8  43   9  45  10  32  11  31  12  30  13   7  14  80  15  70  16  25  17  99  18  98  19  86 
  0  88   1  39   2  35   3  52   4  57   5  26   6  29   7  84   8  43   9  46  10  36  11  30  12  27  13   9  14  80  15  71  16  28  17  97  18  99  19  86 
  0  85   1  34   2  31   3  48   4  54   5  22   6  27   7  83   8  38   9  42  10  28  11  29  12  25  13   1  14  80  15  71  16  25  17  97  18  95  19  81 
  0  83   1  36   2  30   3  48   4  54   5  21   6  29   7  82   8  37   9  45  10  26  11  30  12  22  13   1  14  78  15  70  16  21  17  94  18  97  19  79 
  0  81   1  35   2  30   3  48   4  54   5  20   6  29   7  79   8  38   9  42  10  26  11  29  12  22  13   1  14  78  15  70  16  23  17  94  18  96  19  79 
  0  86   1  35   2  31   3  50   4  55   5  23   6  28   7  83   8  42   9  46  10  31  11  31  12  26  13   4  14  78  15  69  16  24  17  97  18  95  19  81 
  0  84   1  35   2  30   3  48   4  53   5  22   6  28   7  83   8  39   9  44  10  30  11  31  12  24  13   3  14  78  15  70  16  24  17  98  18  98  19  80 
  0  82   1  36   2  33   3  48   4  56   5  23   6  27   7  79   8  38   9  45  10  28  11  31  12  22  13   1  14  78  15  69  16  24  17  95  18  98  19  79 


