
 20  20

  0  92   1   9   2   6   3  65   4  34   5  90   6  47   7  58   8  52   9  72  10  12  11  68  12  14  13  60  14  96  15  54  16  64  17  55  18  25  19  54 
  0  93   1   6   2   6   3  65   4  32   5  88   6  45   7  55   8  52   9  71  10   8  11  68  12  12  13  55  14  96  15  51  16  61  17  53  18  26  19  52 
  0  97   1  10   2   7   3  64   4  35   5  91   6  47   7  58   8  53   9  73  10  15  11  67  12  14  13  61  14  97  15  56  16  65  17  55  18  27  19  53 
  0  96   1   8   2   6   3  66   4  35   5  93   6  46   7  58   8  51   9  69  10  13  11  66  12  14  13  57  14  99  15  52  16  65  17  53  18  25  19  53 
  0  92   1   6   2   8   3  65   4  29   5  87   6  45   7  52   8  50   9  68  10   8  11  66  12  13  13  57  14  97  15  50  16  61  17  53  18  26  19  50 
  0  90   1   5   2   8   3  64   4  30   5  90   6  44   7  52   8  49   9  68  10  10  11  67  12  13  13  55  14  95  15  50  16  60  17  51  18  24  19  48 
  0  95   1   7   2   8   3  64   4  33   5  93   6  48   7  58   8  55   9  71  10  13  11  67  12  14  13  61  14  98  15  56  16  67  17  55  18  28  19  53 
  0  97   1  10   2   8   3  65   4  35   5  93   6  47   7  56   8  55   9  73  10  15  11  68  12  14  13  59  14  99  15  54  16  67  17  54  18  28  19  55 
  0  94   1   9   2   7   3  66   4  35   5  93   6  46   7  58   8  54   9  72  10  13  11  67  12  14  13  59  14  96  15  56  16  63  17  55  18  28  19  55 
  0  96   1   7   2   8   3  65   4  32   5  90   6  47   7  55   8  54   9  70  10  13  11  67  12  13  13  60  14  99  15  53  16  65  17  55  18  26  19  52 
  0  89   1   4   2   7   3  66   4  29   5  89   6  44   7  52   8  50   9  69  10   7  11  66  12  14  13  55  14  98  15  51  16  58  17  54  18  24  19  51 
  0  92   1  10   2   6   3  66   4  34   5  92   6  45   7  57   8  53   9  69  10  12  11  68  12  14  13  57  14  97  15  55  16  66  17  54  18  25  19  53 
  0  91   1   6   2   8   3  64   4  29   5  86   6  44   7  53   8  51   9  71  10   9  11  67  12  14  13  54  14  95  15  50  16  58  17  53  18  27  19  48 
  0  94   1   9   2   6   3  66   4  31   5  92   6  48   7  57   8  51   9  69  10  11  11  66  12  14  13  60  14  96  15  56  16  66  17  53  18  25  19  54 
  0  88   1   4   2   6   3  64   4  30   5  85   6  43   7  54   8  49   9  67  10   7  11  66  12  12  13  52  14  95  15  51  16  61  17  54  18  24  19  49 
  0  87   1   4   2   6   3  64   4  29   5  86   6  40   7  52   8  49   9  69  10   8  11  68  12  12  13  51  14  97  15  50  16  57  17  51  18  24  19  47 
  0  90   1   6   2   8   3  66   4  29   5  85   6  41   7  52   8  51   9  68  10   9  11  68  12  13  13  51  14  97  15  48  16  57  17  51  18  26  19  49 
  0  92   1   8   2   6   3  64   4  28   5  85   6  43   7  55   8  47   9  69  10   8  11  66  12  13  13  56  14  95  15  48  16  59  17  54  18  24  19  49 
  0  91   1   7   2   6   3  66   4  29   5  88   6  45   7  53   8  50   9  70  10   7  11  66  12  12  13  57  14  99  15  49  16  60  17  54  18  27  19  49 
  0  90   1   4   2   6   3  64   4  27   5  85   6  40   7  54   8  47   9  70  10   7  11  66  12  12  13  54  14  97  15  49  16  57  17  54  18  24  19  47 


