
 20  20

  0  22   1  76   2  75   3  58   4  52   5  91   6  55   7  81   8  38   9  94  10  63  11  27  12  29  13  57  14  30  15  53  16  14  17  30  18  39  19  31 
  0  27   1  77   2  74   3  59   4  53   5  93   6  57   7  83   8  39   9  95  10  65  11  30  12  32  13  61  14  32  15  56  16  15  17  32  18  40  19  29 
  0  31   1  76   2  78   3  61   4  58   5  93   6  63   7  85   8  39   9  99  10  68  11  34  12  34  13  65  14  31  15  59  16  17  17  34  18  42  19  33 
  0  24   1  77   2  73   3  57   4  53   5  93   6  55   7  83   8  37   9  98  10  66  11  29  12  31  13  57  14  30  15  53  16  14  17  28  18  39  19  31 
  0  25   1  76   2  77   3  59   4  56   5  91   6  56   7  85   8  38   9  96  10  67  11  27  12  29  13  60  14  30  15  54  16  18  17  31  18  39  19  30 
  0  30   1  78   2  75   3  60   4  56   5  91   6  58   7  85   8  37   9  99  10  67  11  32  12  32  13  60  14  31  15  59  16  18  17  34  18  43  19  33 
  0  23   1  76   2  74   3  57   4  54   5  93   6  56   7  84   8  39   9  99  10  67  11  29  12  33  13  58  14  30  15  55  16  14  17  31  18  41  19  28 
  0  24   1  78   2  74   3  60   4  55   5  93   6  59   7  85   8  39   9  98  10  63  11  31  12  30  13  59  14  31  15  55  16  14  17  33  18  39  19  32 
  0  25   1  76   2  73   3  57   4  54   5  93   6  55   7  80   8  37   9  97  10  65  11  27  12  29  13  57  14  33  15  53  16  15  17  31  18  40  19  29 
  0  30   1  78   2  77   3  62   4  57   5  93   6  63   7  88   8  37   9  99  10  67  11  34  12  32  13  64  14  34  15  58  16  19  17  36  18  43  19  37 
  0  28   1  77   2  79   3  61   4  55   5  93   6  59   7  83   8  39   9  97  10  69  11  30  12  34  13  61  14  33  15  56  16  16  17  35  18  42  19  35 
  0  24   1  76   2  75   3  57   4  53   5  91   6  56   7  80   8  37   9  94  10  63  11  26  12  29  13  59  14  31  15  55  16  14  17  29  18  36  19  29 
  0  26   1  76   2  73   3  58   4  56   5  93   6  56   7  83   8  37   9  97  10  63  11  31  12  33  13  59  14  30  15  56  16  14  17  32  18  41  19  32 
  0  28   1  76   2  75   3  60   4  55   5  91   6  60   7  83   8  39   9  98  10  68  11  29  12  33  13  64  14  33  15  60  16  17  17  31  18  40  19  35 
  0  32   1  77   2  77   3  63   4  58   5  93   6  63   7  88   8  38   9  99  10  69  11  34  12  33  13  63  14  34  15  59  16  19  17  36  18  46  19  36 
  0  26   1  78   2  76   3  61   4  56   5  93   6  59   7  85   8  39   9  95  10  64  11  29  12  31  13  62  14  30  15  54  16  16  17  31  18  39  19  28 
  0  31   1  78   2  77   3  63   4  59   5  93   6  63   7  85   8  38   9  99  10  67  11  30  12  35  13  65  14  34  15  59  16  19  17  32  18  42  19  35 
  0  26   1  76   2  76   3  59   4  54   5  92   6  61   7  86   8  37   9  98  10  65  11  31  12  32  13  59  14  30  15  58  16  19  17  32  18  39  19  31 
  0  29   1  76   2  77   3  63   4  58   5  93   6  59   7  84   8  39   9  99  10  67  11  29  12  34  13  61  14  33  15  58  16  19  17  35  18  44  19  34 
  0  30   1  78   2  79   3  61   4  59   5  93   6  63   7  88   8  39   9  99  10  67  11  32  12  33  13  65  14  34  15  61  16  19  17  36  18  46  19  37 


