
 20  20

  0  40   1  62   2  65   3  89   4   1   5  18   6  51   7  35   8  51   9  98  10  74  11  85  12  92  13  10  14  63  15  80  16  49  17  84  18  29  19  94 
  0  49   1  66   2  67   3  89   4   6   5  22   6  51   7  39   8  55   9  99  10  76  11  93  12  94  13   8  14  70  15  85  16  51  17  88  18  32  19  99 
  0  41   1  61   2  66   3  90   4   1   5  20   6  50   7  39   8  53   9  98  10  75  11  89  12  90  13  10  14  65  15  85  16  50  17  86  18  31  19  97 
  0  48   1  66   2  67   3  91   4   4   5  19   6  52   7  39   8  57   9  99  10  77  11  91  12  95  13  10  14  70  15  89  16  51  17  90  18  33  19  98 
  0  40   1  62   2  66   3  89   4   1   5  18   6  50   7  37   8  49   9  98  10  74  11  85  12  90  13   9  14  64  15  80  16  50  17  82  18  32  19  95 
  0  49   1  64   2  66   3  91   4   7   5  22   6  52   7  41   8  59   9  99  10  78  11  92  12  98  13   9  14  73  15  89  16  51  17  92  18  37  19  98 
  0  44   1  61   2  66   3  89   4   1   5  18   6  50   7  38   8  52   9  98  10  74  11  87  12  90  13  10  14  66  15  84  16  50  17  82  18  30  19  97 
  0  41   1  63   2  66   3  89   4   1   5  19   6  50   7  38   8  52   9  99  10  77  11  88  12  90  13   8  14  64  15  82  16  49  17  84  18  29  19  94 
  0  45   1  66   2  65   3  89   4   3   5  18   6  52   7  37   8  53   9  98  10  77  11  89  12  93  13   8  14  68  15  87  16  49  17  85  18  33  19  97 
  0  45   1  63   2  67   3  89   4   5   5  18   6  51   7  39   8  56   9  98  10  77  11  89  12  95  13   8  14  67  15  84  16  48  17  86  18  35  19  98 
  0  43   1  64   2  65   3  89   4   4   5  21   6  50   7  40   8  55   9  98  10  75  11  92  12  92  13  10  14  66  15  86  16  49  17  89  18  34  19  95 
  0  45   1  64   2  65   3  89   4   1   5  18   6  52   7  38   8  53   9  98  10  74  11  91  12  94  13  10  14  68  15  82  16  49  17  88  18  34  19  96 
  0  42   1  61   2  65   3  89   4   1   5  18   6  50   7  38   8  51   9  99  10  76  11  87  12  93  13   9  14  63  15  83  16  47  17  83  18  31  19  94 
  0  44   1  64   2  65   3  89   4   1   5  21   6  50   7  38   8  51   9  98  10  75  11  87  12  93  13   8  14  66  15  82  16  47  17  83  18  31  19  94 
  0  45   1  66   2  66   3  91   4   4   5  20   6  50   7  40   8  53   9  99  10  75  11  91  12  93  13   8  14  68  15  84  16  49  17  90  18  36  19  99 
  0  40   1  64   2  65   3  91   4   1   5  18   6  50   7  38   8  49   9  99  10  74  11  88  12  94  13   9  14  67  15  80  16  47  17  82  18  29  19  96 
  0  46   1  67   2  67   3  90   4   4   5  20   6  50   7  39   8  58   9  98  10  75  11  93  12  96  13  10  14  69  15  90  16  51  17  92  18  34  19  97 
  0  48   1  63   2  67   3  89   4   3   5  19   6  50   7  38   8  54   9  99  10  76  11  92  12  94  13  10  14  69  15  86  16  50  17  89  18  35  19  99 
  0  41   1  62   2  66   3  89   4   1   5  18   6  50   7  36   8  53   9  98  10  74  11  85  12  91  13  10  14  67  15  84  16  50  17  86  18  33  19  94 
  0  40   1  61   2  67   3  89   4   1   5  18   6  50   7  35   8  49   9  99  10  76  11  87  12  90  13   8  14  65  15  81  16  47  17  82  18  29  19  96 


