
 20  20

  0  32   1  55   2   7   3  80   4  69   5  39   6  57   7  16   8  83   9  98  10  10  11  37  12  84  13  26  14  23  15  90  16   7  17  92  18  79  19  95 
  0  35   1  55   2   5   3  79   4  70   5  40   6  58   7  20   8  84   9  98  10   9  11  38  12  84  13  26  14  21  15  93  16   6  17  92  18  77  19  99 
  0  26   1  49   2   4   3  71   4  67   5  39   6  57   7  14   8  79   9  95  10   5  11  34  12  78  13  18  14  21  15  89  16   5  17  85  18  71  19  93 
  0  25   1  48   2   7   3  71   4  70   5  39   6  59   7  15   8  76   9  95  10   5  11  37  12  78  13  22  14  19  15  89  16   3  17  86  18  70  19  94 
  0  28   1  54   2   7   3  74   4  69   5  41   6  60   7  16   8  82   9  95  10   7  11  34  12  83  13  22  14  21  15  91  16   7  17  88  18  72  19  95 
  0  31   1  54   2   8   3  79   4  71   5  41   6  60   7  17   8  83   9  97  10  10  11  35  12  81  13  22  14  20  15  89  16   6  17  91  18  75  19  97 
  0  28   1  52   2   7   3  75   4  72   5  41   6  60   7  17   8  81   9  98  10   6  11  36  12  82  13  21  14  19  15  88  16   5  17  87  18  73  19  98 
  0  28   1  52   2   7   3  73   4  70   5  40   6  56   7  17   8  79   9  93  10   7  11  34  12  80  13  18  14  20  15  90  16   4  17  88  18  73  19  93 
  0  28   1  48   2   4   3  73   4  68   5  41   6  57   7  14   8  80   9  93  10   5  11  34  12  80  13  21  14  21  15  87  16   6  17  84  18  71  19  93 
  0  34   1  53   2   8   3  81   4  70   5  41   6  60   7  18   8  81   9  98  10  10  11  37  12  81  13  26  14  23  15  93  16   6  17  91  18  77  19  96 
  0  33   1  56   2   8   3  80   4  73   5  41   6  59   7  19   8  84   9  99  10  10  11  36  12  84  13  26  14  23  15  92  16   7  17  92  18  80  19  99 
  0  35   1  56   2   6   3  80   4  71   5  39   6  58   7  19   8  82   9  99  10  10  11  36  12  84  13  25  14  23  15  93  16   8  17  92  18  79  19  99 
  0  34   1  51   2   8   3  78   4  72   5  39   6  60   7  16   8  82   9  99  10   9  11  38  12  82  13  24  14  20  15  92  16   7  17  87  18  75  19  98 
  0  32   1  56   2   5   3  79   4  73   5  41   6  58   7  18   8  82   9  99  10  10  11  36  12  83  13  25  14  21  15  93  16   8  17  91  18  78  19  99 
  0  29   1  52   2   5   3  77   4  68   5  40   6  59   7  18   8  78   9  97  10   6  11  38  12  81  13  24  14  21  15  90  16   8  17  90  18  74  19  96 
  0  27   1  49   2   4   3  75   4  70   5  41   6  56   7  18   8  80   9  94  10   6  11  34  12  78  13  19  14  19  15  88  16   3  17  85  18  72  19  96 
  0  30   1  54   2   8   3  75   4  72   5  41   6  59   7  19   8  82   9  98  10   8  11  36  12  82  13  22  14  23  15  90  16   6  17  87  18  74  19  98 
  0  27   1  48   2   4   3  71   4  67   5  41   6  56   7  14   8  79   9  97  10   4  11  34  12  80  13  21  14  21  15  89  16   3  17  86  18  72  19  95 
  0  34   1  56   2   6   3  77   4  71   5  41   6  57   7  18   8  82   9  99  10  10  11  38  12  81  13  22  14  21  15  91  16   7  17  90  18  76  19  96 
  0  31   1  55   2   5   3  77   4  70   5  41   6  60   7  18   8  83   9  99  10   9  11  36  12  84  13  24  14  20  15  90  16   9  17  92  18  77  19  99 


