
 20  20

  0  58   1   7   2  50   3  56   4  87   5  34   6  93   7   1   8  18   9  94  10  67  11  84  12  33  13  33  14  78  15  78  16  75  17  65  18  14  19  35 
  0  63   1   9   2  50   3  56   4  87   5  34   6  94   7   4   8  19   9  94  10  67  11  86  12  32  13  33  14  78  15  79  16  77  17  64  18  15  19  39 
  0  65   1   9   2  48   3  57   4  85   5  34   6  93   7   3   8  20   9  95  10  65  11  89  12  32  13  34  14  78  15  79  16  77  17  64  18  15  19  39 
  0  57   1   3   2  50   3  51   4  84   5  30   6  91   7   1   8  14   9  94  10  67  11  83  12  33  13  31  14  74  15  77  16  72  17  63  18   9  19  31 
  0  60   1   7   2  50   3  56   4  87   5  33   6  90   7   4   8  16   9  94  10  66  11  85  12  34  13  31  14  77  15  79  16  74  17  62  18  10  19  35 
  0  60   1   4   2  50   3  53   4  86   5  33   6  91   7   3   8  15   9  92  10  65  11  87  12  31  13  33  14  77  15  77  16  74  17  61  18  13  19  36 
  0  56   1   4   2  48   3  53   4  83   5  30   6  88   7   1   8  13   9  92  10  66  11  84  12  30  13  30  14  74  15  75  16  71  17  60  18  11  19  31 
  0  59   1   7   2  49   3  51   4  85   5  32   6  89   7   2   8  17   9  94  10  67  11  83  12  32  13  30  14  75  15  78  16  71  17  61  18  13  19  32 
  0  63   1   9   2  49   3  56   4  87   5  33   6  91   7   4   8  19   9  93  10  67  11  87  12  34  13  32  14  76  15  77  16  76  17  65  18  15  19  38 
  0  57   1   6   2  49   3  52   4  84   5  30   6  88   7   1   8  13   9  91  10  66  11  84  12  31  13  32  14  74  15  75  16  74  17  60  18   9  19  33 
  0  65   1   7   2  50   3  55   4  87   5  32   6  91   7   3   8  21   9  95  10  67  11  89  12  34  13  34  14  78  15  77  16  75  17  65  18  15  19  39 
  0  60   1   6   2  50   3  53   4  87   5  32   6  89   7   3   8  17   9  93  10  67  11  87  12  32  13  32  14  78  15  79  16  76  17  65  18  14  19  35 
  0  61   1   8   2  48   3  54   4  87   5  34   6  90   7   5   8  16   9  95  10  67  11  87  12  31  13  34  14  78  15  79  16  74  17  62  18  14  19  36 
  0  58   1   4   2  48   3  52   4  83   5  33   6  89   7   2   8  16   9  91  10  65  11  88  12  31  13  32  14  78  15  77  16  72  17  64  18  13  19  34 
  0  65   1   8   2  50   3  55   4  87   5  34   6  92   7   2   8  20   9  95  10  67  11  89  12  33  13  33  14  77  15  77  16  74  17  66  18  13  19  36 
  0  63   1   9   2  50   3  56   4  87   5  34   6  92   7   5   8  18   9  95  10  66  11  88  12  34  13  34  14  78  15  77  16  75  17  63  18  15  19  39 
  0  61   1   5   2  48   3  54   4  87   5  31   6  92   7   4   8  20   9  92  10  65  11  85  12  30  13  31  14  75  15  75  16  76  17  66  18  12  19  36 
  0  65   1   7   2  50   3  57   4  85   5  34   6  94   7   5   8  18   9  95  10  65  11  87  12  32  13  34  14  75  15  78  16  76  17  65  18  13  19  38 
  0  61   1   4   2  48   3  52   4  83   5  32   6  88   7   2   8  18   9  91  10  66  11  87  12  32  13  33  14  74  15  75  16  74  17  62  18  11  19  32 
  0  64   1   9   2  49   3  55   4  84   5  34   6  90   7   5   8  17   9  93  10  67  11  87  12  32  13  32  14  78  15  77  16  74  17  65  18  12  19  34 


