
 20  20

  0  83   1  60   2   8   3  35   4  41   5  76   6  33   7  52   8  98   9  44  10  90  11  23  12  76  13  43  14  92  15  40  16  37  17  43  18  65  19  19 
  0  82   1  58   2   6   3  33   4  38   5  72   6  27   7  50   8  97   9  44  10  90  11  25  12  76  13  40  14  90  15  36  16  32  17  38  18  62  19  18 
  0  87   1  65   2   7   3  33   4  40   5  78   6  32   7  52   8  98   9  46  10  94  11  26  12  79  13  47  14  96  15  39  16  38  17  43  18  65  19  20 
  0  87   1  63   2   8   3  35   4  42   5  77   6  33   7  53   8  99   9  48  10  94  11  28  12  78  13  47  14  94  15  40  16  39  17  43  18  66  19  20 
  0  85   1  61   2   7   3  35   4  41   5  76   6  32   7  51   8  97   9  44  10  88  11  25  12  74  13  41  14  92  15  37  16  37  17  41  18  64  19  18 
  0  83   1  62   2   6   3  33   4  42   5  77   6  30   7  49   8  98   9  48  10  91  11  25  12  79  13  45  14  95  15  37  16  36  17  41  18  66  19  19 
  0  80   1  59   2   3   3  33   4  38   5  72   6  27   7  49   8  98   9  44  10  87  11  22  12  71  13  38  14  90  15  34  16  31  17  37  18  62  19  18 
  0  82   1  62   2   8   3  33   4  39   5  75   6  31   7  49   8  99   9  48  10  88  11  27  12  78  13  42  14  91  15  36  16  34  17  42  18  66  19  18 
  0  82   1  60   2   4   3  33   4  40   5  74   6  30   7  48   8  97   9  45  10  85  11  20  12  72  13  39  14  89  15  35  16  35  17  38  18  62  19  18 
  0  85   1  60   2   6   3  33   4  42   5  77   6  29   7  51   8  97   9  46  10  91  11  24  12  79  13  42  14  95  15  39  16  39  17  42  18  63  19  19 
  0  85   1  63   2   5   3  33   4  40   5  78   6  32   7  50   8  98   9  45  10  90  11  25  12  78  13  46  14  91  15  40  16  36  17  40  18  63  19  20 
  0  77   1  56   2   4   3  34   4  39   5  74   6  29   7  45   8  97   9  44  10  85  11  20  12  71  13  37  14  88  15  35  16  31  17  39  18  63  19  18 
  0  83   1  59   2   7   3  33   4  42   5  76   6  31   7  48   8  98   9  45  10  88  11  24  12  74  13  40  14  93  15  35  16  33  17  39  18  62  19  20 
  0  82   1  60   2   6   3  35   4  39   5  75   6  32   7  50   8  99   9  45  10  89  11  24  12  75  13  45  14  90  15  40  16  36  17  42  18  64  19  20 
  0  87   1  61   2   5   3  34   4  42   5  78   6  33   7  52   8  99   9  45  10  91  11  28  12  77  13  45  14  92  15  38  16  36  17  40  18  66  19  19 
  0  77   1  57   2   3   3  33   4  40   5  72   6  30   7  48   8  97   9  44  10  88  11  23  12  74  13  41  14  88  15  34  16  34  17  39  18  62  19  19 
  0  80   1  59   2   2   3  33   4  39   5  75   6  27   7  49   8  97   9  44  10  89  11  22  12  76  13  43  14  88  15  37  16  36  17  37  18  62  19  18 
  0  83   1  64   2   8   3  35   4  42   5  79   6  33   7  50   8  98   9  47  10  93  11  25  12  76  13  47  14  94  15  37  16  35  17  41  18  65  19  18 
  0  78   1  55   2   1   3  34   4  40   5  72   6  28   7  48   8  99   9  44  10  85  11  20  12  71  13  40  14  88  15  35  16  31  17  37  18  63  19  18 
  0  80   1  57   2   5   3  33   4  39   5  73   6  28   7  47   8  99   9  47  10  86  11  24  12  75  13  41  14  91  15  34  16  35  17  40  18  62  19  19 


