
 20  20

  0  71   1  42   2  90   3  19   4  69   5  17   6  50   7  64   8  90   9  69  10  57  11  98  12  99  13  47  14  73  15  88  16  39  17  37  18   1  19  17 
  0  73   1  46   2  90   3  19   4  71   5  16   6  55   7  69   8  91   9  69  10  57  11  97  12  99  13  51  14  75  15  91  16  43  17  39  18   2  19  20 
  0  67   1  43   2  88   3  18   4  69   5  12   6  49   7  63   8  91   9  69  10  56  11  95  12  97  13  47  14  69  15  86  16  40  17  38  18   1  19  19 
  0  68   1  43   2  90   3  19   4  69   5  16   6  52   7  65   8  90   9  70  10  57  11  96  12  95  13  45  14  71  15  86  16  41  17  38  18   1  19  18 
  0  73   1  47   2  90   3  21   4  73   5  17   6  55   7  71   8  90   9  70  10  57  11  99  12  99  13  49  14  75  15  91  16  41  17  37  18   2  19  20 
  0  74   1  45   2  92   3  22   4  70   5  17   6  53   7  70   8  94   9  69  10  60  11  99  12  99  13  51  14  77  15  91  16  43  17  41  18   5  19  21 
  0  73   1  47   2  92   3  21   4  71   5  19   6  53   7  73   8  94   9  71  10  60  11  99  12  99  13  50  14  76  15  93  16  43  17  41  18   5  19  23 
  0  70   1  45   2  87   3  21   4  67   5  15   6  49   7  65   8  93   9  69  10  59  11  96  12  96  13  45  14  70  15  91  16  40  17  39  18   1  19  20 
  0  72   1  44   2  88   3  18   4  70   5  17   6  50   7  69   8  93   9  69  10  56  11  98  12  98  13  48  14  72  15  90  16  43  17  39  18   1  19  21 
  0  68   1  45   2  87   3  21   4  69   5  12   6  52   7  68   8  93   9  69  10  56  11  95  12  98  13  47  14  72  15  87  16  42  17  37  18   1  19  19 
  0  70   1  42   2  87   3  19   4  70   5  12   6  52   7  64   8  90   9  69  10  56  11  98  12  95  13  47  14  72  15  86  16  41  17  40  18   1  19  18 
  0  70   1  42   2  88   3  19   4  70   5  13   6  49   7  64   8  90   9  69  10  57  11  99  12  99  13  49  14  71  15  91  16  40  17  37  18   1  19  19 
  0  67   1  43   2  88   3  18   4  70   5  16   6  49   7  65   8  93   9  70  10  56  11  99  12  95  13  48  14  69  15  86  16  41  17  38  18   1  19  20 
  0  75   1  45   2  94   3  22   4  70   5  19   6  55   7  73   8  93   9  70  10  60  11  99  12  99  13  49  14  77  15  92  16  43  17  41  18   3  19  21 
  0  76   1  48   2  94   3  21   4  73   5  20   6  55   7  72   8  94   9  71  10  60  11  99  12  99  13  51  14  77  15  93  16  41  17  41  18   5  19  23 
  0  68   1  43   2  86   3  21   4  68   5  12   6  52   7  67   8  92   9  69  10  59  11  98  12  95  13  46  14  73  15  87  16  39  17  39  18   1  19  19 
  0  71   1  47   2  89   3  18   4  72   5  14   6  50   7  70   8  93   9  69  10  58  11  97  12  97  13  49  14  71  15  91  16  41  17  40  18   1  19  20 
  0  73   1  45   2  90   3  21   4  69   5  17   6  54   7  70   8  91   9  69  10  58  11  99  12  99  13  49  14  72  15  89  16  39  17  40  18   1  19  21 
  0  74   1  48   2  93   3  18   4  73   5  18   6  55   7  67   8  93   9  71  10  60  11  99  12  99  13  49  14  72  15  93  16  41  17  38  18   3  19  22 
  0  69   1  42   2  90   3  18   4  68   5  16   6  53   7  64   8  91   9  71  10  56  11  95  12  97  13  46  14  73  15  88  16  42  17  39  18   1  19  17 


