
 20  20

  0  17   1  67   2  20   3  45   4  26   5  17   6  71   7  64   8  65   9  98  10  99  11  73  12  20  13  77  14  86  15  62  16  75  17  37  18  83  19  35 
  0  15   1  65   2  16   3  45   4  24   5  14   6  66   7  62   8  63   9  95  10  98  11  74  12  17  13  76  14  83  15  61  16  72  17  32  18  85  19  30 
  0  13   1  65   2  17   3  43   4  25   5  15   6  67   7  65   8  63   9  97  10  98  11  73  12  17  13  73  14  86  15  61  16  71  17  33  18  83  19  30 
  0  14   1  66   2  17   3  47   4  23   5  14   6  69   7  62   8  65   9  98  10  99  11  73  12  20  13  76  14  88  15  61  16  74  17  32  18  85  19  31 
  0  15   1  66   2  16   3  44   4  23   5  17   6  70   7  65   8  65   9  95  10  97  11  74  12  21  13  74  14  84  15  62  16  75  17  36  18  85  19  31 
  0  13   1  62   2  17   3  44   4  22   5  13   6  68   7  64   8  63   9  94  10  96  11  74  12  17  13  76  14  83  15  62  16  70  17  33  18  83  19  32 
  0  14   1  66   2  16   3  43   4  23   5  14   6  69   7  63   8  63   9  95  10  95  11  73  12  19  13  77  14  86  15  61  16  73  17  35  18  85  19  30 
  0  12   1  67   2  16   3  45   4  23   5  13   6  69   7  65   8  65   9  98  10  94  11  72  12  20  13  77  14  83  15  61  16  74  17  35  18  85  19  31 
  0  18   1  66   2  17   3  45   4  26   5  19   6  72   7  67   8  65   9  98  10  98  11  74  12  20  13  76  14  86  15  63  16  76  17  37  18  84  19  32 
  0  10   1  64   2  12   3  43   4  23   5  10   6  62   7  60   8  63   9  94  10  92  11  72  12  17  13  72  14  82  15  61  16  68  17  29  18  83  19  27 
  0   9   1  63   2  12   3  46   4  25   5  12   6  62   7  62   8  64   9  97  10  92  11  72  12  17  13  75  14  80  15  62  16  71  17  32  18  83  19  30 
  0  16   1  64   2  17   3  46   4  25   5  13   6  66   7  66   8  65   9  97  10  97  11  72  12  17  13  75  14  87  15  62  16  75  17  34  18  85  19  30 
  0  18   1  65   2  20   3  47   4  26   5  19   6  71   7  67   8  64   9  98  10  97  11  73  12  21  13  75  14  89  15  63  16  75  17  35  18  84  19  32 
  0  12   1  65   2  16   3  45   4  24   5  13   6  65   7  62   8  65   9  96  10  92  11  74  12  17  13  75  14  81  15  61  16  71  17  30  18  83  19  27 
  0  17   1  68   2  20   3  47   4  26   5  19   6  68   7  66   8  63   9  96  10  99  11  74  12  20  13  75  14  85  15  63  16  76  17  36  18  84  19  32 
  0  13   1  63   2  16   3  45   4  24   5  13   6  69   7  65   8  64   9  94  10  97  11  72  12  20  13  74  14  85  15  61  16  71  17  32  18  84  19  33 
  0  11   1  65   2  17   3  46   4  23   5  13   6  66   7  65   8  63   9  98  10  98  11  72  12  17  13  76  14  84  15  61  16  70  17  34  18  83  19  30 
  0  11   1  62   2  15   3  43   4  25   5   9   6  65   7  62   8  63   9  97  10  95  11  72  12  20  13  75  14  79  15  63  16  68  17  29  18  84  19  27 
  0  12   1  65   2  12   3  45   4  22   5  11   6  66   7  59   8  63   9  94  10  92  11  73  12  18  13  73  14  79  15  62  16  68  17  30  18  83  19  29 
  0  17   1  65   2  17   3  44   4  25   5  16   6  71   7  65   8  65   9  97  10  98  11  73  12  21  13  77  14  89  15  61  16  75  17  34  18  85  19  33 


