
 20  20

  0  52   1  29   2  27   3   1   4  39   5  35   6  57   7  45   8  19   9  67  10  88  11  41  12  84  13  61  14  24  15  94  16  94  17  39  18  42  19  20 
  0  62   1  35   2  32   3   8   4  41   5  39   6  65   7  52   8  20   9  71  10  90  11  44  12  89  13  62  14  27  15  94  16  99  17  41  18  47  19  21 
  0  60   1  34   2  34   3  10   4  41   5  36   6  65   7  52   8  20   9  71  10  88  11  46  12  87  13  61  14  27  15  96  16  98  17  41  18  48  19  22 
  0  57   1  32   2  30   3   5   4  39   5  36   6  62   7  51   8  20   9  70  10  89  11  43  12  88  13  61  14  26  15  94  16  97  17  40  18  44  19  22 
  0  62   1  37   2  32   3   8   4  40   5  37   6  64   7  51   8  20   9  69  10  90  11  47  12  89  13  61  14  28  15  96  16  99  17  39  18  48  19  20 
  0  57   1  35   2  33   3   7   4  41   5  37   6  60   7  48   8  18   9  69  10  90  11  46  12  85  13  61  14  25  15  96  16  99  17  41  18  46  19  21 
  0  54   1  32   2  24   3   1   4  39   5  36   6  58   7  44   8  20   9  64  10  89  11  40  12  84  13  62  14  25  15  94  16  94  17  39  18  44  19  20 
  0  58   1  35   2  28   3   6   4  41   5  37   6  59   7  49   8  19   9  66  10  90  11  42  12  86  13  62  14  28  15  94  16  95  17  41  18  46  19  20 
  0  55   1  31   2  24   3   1   4  39   5  35   6  55   7  44   8  18   9  64  10  87  11  42  12  85  13  62  14  26  15  96  16  94  17  39  18  40  19  18 
  0  58   1  34   2  29   3   6   4  41   5  37   6  59   7  48   8  18   9  67  10  87  11  45  12  85  13  60  14  26  15  94  16  99  17  41  18  45  19  22 
  0  61   1  34   2  32   3   9   4  39   5  36   6  63   7  50   8  20   9  71  10  89  11  43  12  87  13  61  14  28  15  96  16  97  17  41  18  47  19  20 
  0  61   1  37   2  34   3  10   4  41   5  36   6  64   7  52   8  20   9  72  10  90  11  44  12  88  13  62  14  27  15  96  16  97  17  39  18  48  19  22 
  0  60   1  33   2  30   3   9   4  41   5  36   6  64   7  51   8  18   9  70  10  88  11  44  12  89  13  62  14  25  15  94  16  97  17  39  18  44  19  19 
  0  59   1  35   2  29   3   4   4  41   5  35   6  62   7  46   8  18   9  69  10  87  11  43  12  85  13  61  14  25  15  96  16  95  17  41  18  43  19  20 
  0  58   1  34   2  31   3   7   4  40   5  39   6  64   7  49   8  20   9  72  10  90  11  45  12  86  13  62  14  25  15  96  16  99  17  41  18  46  19  22 
  0  56   1  34   2  30   3   4   4  39   5  35   6  57   7  48   8  18   9  65  10  88  11  42  12  84  13  62  14  26  15  95  16  98  17  41  18  41  19  21 
  0  56   1  33   2  28   3   1   4  39   5  35   6  59   7  43   8  20   9  68  10  86  11  40  12  84  13  61  14  27  15  94  16  94  17  39  18  40  19  18 
  0  53   1  31   2  26   3   1   4  41   5  34   6  58   7  45   8  19   9  64  10  88  11  39  12  86  13  60  14  24  15  94  16  95  17  39  18  42  19  18 
  0  52   1  30   2  26   3   4   4  39   5  33   6  57   7  46   8  18   9  64  10  86  11  39  12  86  13  61  14  25  15  94  16  97  17  41  18  43  19  20 
  0  52   1  30   2  24   3   1   4  39   5  33   6  55   7  45   8  18   9  66  10  87  11  39  12  83  13  60  14  24  15  95  16  94  17  41  18  42  19  20 


