
 20  20

  0   4   1  49   2   4   3  34   4  55   5  55   6  88   7  81   8  60   9  23  10  66  11  51  12  44  13  80  14  67  15  18  16  79  17  30  18  22  19  33 
  0   7   1  51   2   7   3  34   4  56   5  57   6  94   7  86   8  58   9  22  10  69  11  52  12  45  13  79  14  68  15  20  16  79  17  31  18  23  19  33 
  0   3   1  49   2   2   3  30   4  55   5  54   6  89   7  83   8  60   9  23  10  65  11  48  12  42  13  79  14  69  15  20  16  77  17  31  18  23  19  32 
  0   7   1  51   2   5   3  34   4  56   5  58   6  94   7  84   8  60   9  23  10  69  11  52  12  43  13  81  14  69  15  20  16  79  17  33  18  22  19  34 
  0   2   1  51   2   5   3  30   4  55   5  56   6  93   7  84   8  60   9  21  10  66  11  49  12  44  13  80  14  67  15  20  16  78  17  30  18  22  19  32 
  0   3   1  51   2   4   3  33   4  52   5  51   6  87   7  83   8  60   9  21  10  66  11  46  12  44  13  79  14  66  15  17  16  77  17  29  18  21  19  34 
  0   1   1  51   2   2   3  29   4  52   5  51   6  87   7  78   8  58   9  23  10  61  11  45  12  42  13  80  14  62  15  17  16  77  17  30  18  21  19  32 
  0   1   1  51   2   1   3  28   4  52   5  50   6  88   7  79   8  59   9  23  10  64  11  47  12  44  13  81  14  63  15  15  16  77  17  32  18  19  19  32 
  0   1   1  51   2   1   3  28   4  52   5  50   6  84   7  78   8  58   9  22  10  59  11  44  12  41  13  80  14  62  15  14  16  78  17  29  18  19  19  34 
  0   2   1  49   2   2   3  33   4  55   5  57   6  93   7  85   8  60   9  21  10  64  11  49  12  42  13  81  14  68  15  18  16  77  17  30  18  22  19  32 
  0   3   1  51   2   3   3  30   4  54   5  54   6  90   7  83   8  58   9  23  10  64  11  47  12  45  13  81  14  65  15  20  16  77  17  32  18  23  19  33 
  0   6   1  51   2   7   3  34   4  55   5  56   6  93   7  86   8  60   9  21  10  68  11  52  12  44  13  80  14  68  15  20  16  77  17  30  18  21  19  34 
  0   2   1  49   2   2   3  33   4  55   5  52   6  88   7  84   8  60   9  23  10  63  11  50  12  44  13  81  14  65  15  19  16  77  17  32  18  23  19  32 
  0   1   1  51   2   1   3  33   4  55   5  55   6  90   7  83   8  59   9  23  10  65  11  47  12  43  13  79  14  68  15  18  16  79  17  30  18  22  19  33 
  0   1   1  49   2   1   3  28   4  52   5  50   6  84   7  76   8  58   9  21  10  61  11  46  12  42  13  79  14  64  15  14  16  77  17  29  18  19  19  33 
  0   1   1  49   2   5   3  29   4  53   5  56   6  92   7  80   8  60   9  21  10  67  11  46  12  45  13  81  14  64  15  16  16  79  17  31  18  21  19  32 
  0   2   1  51   2   6   3  33   4  56   5  57   6  91   7  85   8  58   9  23  10  67  11  48  12  44  13  80  14  68  15  17  16  79  17  30  18  23  19  34 
  0   7   1  50   2   7   3  31   4  54   5  55   6  94   7  85   8  60   9  23  10  68  11  51  12  42  13  81  14  67  15  17  16  78  17  33  18  21  19  34 
  0   3   1  51   2   5   3  30   4  54   5  56   6  89   7  82   8  58   9  23  10  66  11  48  12  43  13  79  14  68  15  20  16  77  17  31  18  20  19  32 
  0   6   1  49   2   4   3  34   4  55   5  57   6  91   7  81   8  60   9  22  10  66  11  51  12  43  13  81  14  70  15  18  16  79  17  30  18  20  19  32 


