
 20  20

  0  43   1  95   2  99   3  40   4  95   5   3   6   5   7  47   8  87   9  49  10  61  11  19  12  15  13  49  14  88  15  55  16  24  17  66  18  71  19  81 
  0  38   1  95   2  98   3  41   4  95   5   3   6   3   7  45   8  87   9  47  10  60  11  17  12  10  13  45  14  89  15  54  16  20  17  68  18  70  19  77 
  0  41   1  98   2  97   3  41   4  95   5   5   6   7   7  49   8  88   9  51  10  64  11  20  12  16  13  51  14  91  15  56  16  23  17  71  18  72  19  80 
  0  37   1  95   2  99   3  40   4  95   5   4   6   3   7  46   8  89   9  47  10  61  11  15  12  12  13  46  14  89  15  54  16  20  17  65  18  70  19  80 
  0  44   1  98   2  99   3  42   4  93   5   4   6   5   7  49   8  88   9  49  10  64  11  18  12  17  13  47  14  89  15  55  16  24  17  71  18  75  19  83 
  0  44   1  95   2  99   3  42   4  92   5   5   6   6   7  49   8  87   9  48  10  64  11  22  12  16  13  51  14  90  15  56  16  25  17  71  18  74  19  82 
  0  44   1  97   2  99   3  42   4  95   5   4   6   7   7  46   8  88   9  50  10  62  11  21  12  15  13  50  14  92  15  56  16  25  17  69  18  74  19  83 
  0  40   1  98   2  98   3  40   4  91   5   4   6   7   7  44   8  89   9  48  10  61  11  16  12  12  13  48  14  87  15  54  16  21  17  67  18  71  19  82 
  0  40   1  96   2  99   3  42   4  94   5   5   6   6   7  42   8  88   9  46  10  60  11  15  12  11  13  47  14  86  15  54  16  20  17  67  18  73  19  78 
  0  39   1  95   2  99   3  41   4  94   5   3   6   5   7  45   8  87   9  47  10  63  11  20  12  16  13  47  14  89  15  55  16  20  17  68  18  73  19  78 
  0  36   1  92   2  97   3  42   4  92   5   3   6   5   7  44   8  89   9  49  10  61  11  18  12  10  13  45  14  86  15  55  16  22  17  65  18  70  19  78 
  0  34   1  92   2  99   3  40   4  93   5   3   6   1   7  41   8  89   9  45  10  60  11  12  12  10  13  42  14  87  15  55  16  18  17  63  18  68  19  75 
  0  34   1  93   2  97   3  42   4  92   5   3   6   3   7  40   8  87   9  45  10  60  11  12  12   9  13  43  14  84  15  56  16  17  17  65  18  67  19  75 
  0  42   1  97   2  97   3  41   4  94   5   5   6   4   7  46   8  89   9  49  10  63  11  17  12  12  13  49  14  88  15  56  16  22  17  69  18  70  19  80 
  0  38   1  95   2  98   3  42   4  91   5   3   6   2   7  41   8  89   9  47  10  62  11  15  12  10  13  46  14  86  15  54  16  20  17  65  18  69  19  79 
  0  43   1  96   2  99   3  42   4  93   5   3   6   5   7  49   8  89   9  50  10  62  11  19  12  17  13  49  14  91  15  56  16  22  17  68  18  72  19  82 
  0  36   1  92   2  99   3  42   4  91   5   3   6   3   7  39   8  87   9  45  10  61  11  13  12   9  13  43  14  85  15  55  16  17  17  63  18  67  19  75 
  0  41   1  97   2  99   3  40   4  92   5   5   6   7   7  45   8  88   9  48  10  61  11  20  12  13  13  49  14  89  15  56  16  21  17  67  18  72  19  83 
  0  35   1  92   2  97   3  40   4  91   5   3   6   1   7  40   8  89   9  48  10  60  11  14  12  10  13  41  14  87  15  54  16  18  17  66  18  69  19  75 
  0  36   1  92   2  99   3  40   4  91   5   4   6   2   7  44   8  89   9  45  10  61  11  17  12  14  13  45  14  86  15  54  16  20  17  64  18  69  19  79 


