
 20  20

  0  74   1  96   2  50   3  86   4  73   5  12   6  91   7  19   8  79   9  51  10  43  11  38  12  86  13  80  14  73  15  82  16  98  17  25  18  21  19  47 
  0  70   1  96   2  48   3  85   4  68   5  11   6  89   7  18   8  77   9  53  10  43  11  35  12  86  13  77  14  71  15  77  16  95  17  21  18  21  19  43 
  0  73   1  93   2  48   3  86   4  71   5  13   6  87   7  18   8  78   9  52  10  43  11  36  12  87  13  81  14  72  15  79  16  96  17  23  18  18  19  46 
  0  69   1  94   2  51   3  86   4  68   5  11   6  87   7  17   8  77   9  53  10  43  11  36  12  86  13  79  14  70  15  80  16  96  17  23  18  21  19  46 
  0  68   1  94   2  46   3  84   4  65   5   9   6  85   7  15   8  78   9  52  10  42  11  33  12  85  13  78  14  71  15  73  16  98  17  21  18  16  19  42 
  0  69   1  91   2  47   3  86   4  71   5  12   6  85   7  20   8  79   9  53  10  41  11  32  12  85  13  80  14  73  15  77  16  95  17  20  18  20  19  46 
  0  69   1  93   2  47   3  84   4  70   5  10   6  89   7  20   8  79   9  53  10  41  11  35  12  89  13  80  14  74  15  78  16  95  17  24  18  20  19  46 
  0  68   1  93   2  48   3  84   4  69   5  10   6  87   7  17   8  79   9  51  10  41  11  35  12  87  13  76  14  69  15  74  16  95  17  18  18  18  19  43 
  0  66   1  91   2  48   3  84   4  65   5   7   6  85   7  16   8  77   9  51  10  41  11  34  12  85  13  78  14  69  15  74  16  95  17  20  18  16  19  44 
  0  68   1  93   2  46   3  85   4  68   5   7   6  85   7  15   8  78   9  51  10  41  11  31  12  85  13  75  14  69  15  74  16  95  17  18  18  16  19  44 
  0  73   1  93   2  51   3  86   4  70   5  14   6  91   7  18   8  77   9  51  10  42  11  35  12  89  13  80  14  71  15  79  16  99  17  23  18  20  19  48 
  0  75   1  95   2  52   3  85   4  73   5  15   6  93   7  22   8  79   9  53  10  43  11  39  12  87  13  83  14  76  15  82  16  97  17  28  18  22  19  48 
  0  67   1  95   2  48   3  84   4  69   5  10   6  86   7  19   8  78   9  53  10  43  11  32  12  87  13  77  14  69  15  74  16  95  17  19  18  18  19  44 
  0  72   1  97   2  51   3  86   4  70   5  14   6  89   7  22   8  77   9  51  10  43  11  34  12  88  13  81  14  73  15  81  16  99  17  25  18  20  19  47 
  0  65   1  91   2  46   3  85   4  65   5   7   6  86   7  15   8  79   9  53  10  41  11  31  12  86  13  78  14  70  15  75  16  95  17  20  18  19  19  42 
  0  68   1  92   2  50   3  85   4  72   5   9   6  88   7  21   8  77   9  51  10  43  11  37  12  85  13  81  14  74  15  79  16  95  17  22  18  21  19  44 
  0  69   1  92   2  48   3  84   4  65   5   8   6  86   7  19   8  77   9  51  10  43  11  31  12  88  13  79  14  69  15  75  16  95  17  19  18  18  19  42 
  0  67   1  91   2  48   3  84   4  70   5  11   6  88   7  17   8  79   9  53  10  43  11  31  12  86  13  77  14  71  15  75  16  97  17  21  18  18  19  44 
  0  68   1  93   2  48   3  86   4  68   5   7   6  86   7  18   8  78   9  53  10  41  11  34  12  85  13  77  14  70  15  73  16  95  17  18  18  16  19  42 
  0  72   1  92   2  48   3  86   4  73   5  13   6  90   7  21   8  79   9  51  10  43  11  36  12  87  13  79  14  72  15  80  16  99  17  23  18  17  19  43 


