
 20  20

  0  89   1  78   2  25   3  12   4  72   5  82   6  71   7   4   8  46   9  93  10  81  11   7  12  54  13  28  14  46  15  29  16  35  17  73  18  92  19  65 
  0  93   1  78   2  25   3  14   4  78   5  84   6  71   7   6   8  47   9  95  10  85  11  13  12  56  13  26  14  46  15  32  16  38  17  75  18  92  19  65 
  0  89   1  79   2  26   3  11   4  72   5  81   6  71   7   4   8  47   9  94  10  82  11   8  12  53  13  26  14  46  15  31  16  34  17  72  18  92  19  66 
  0  90   1  79   2  28   3  13   4  73   5  84   6  74   7   6   8  49   9  93  10  81  11   7  12  56  13  26  14  47  15  32  16  38  17  74  18  92  19  67 
  0  99   1  79   2  28   3  17   4  80   5  89   6  77   7  14   8  48   9  95  10  87  11  17  12  62  13  28  14  50  15  38  16  44  17  80  18  92  19  67 
  0  89   1  79   2  27   3  14   4  73   5  81   6  71   7   5   8  46   9  93  10  83  11   7  12  54  13  28  14  48  15  32  16  34  17  73  18  92  19  65 
  0  96   1  78   2  26   3  18   4  80   5  89   6  76   7  10   8  47   9  95  10  89  11  14  12  59  13  28  14  48  15  37  16  42  17  80  18  94  19  65 
  0  98   1  80   2  26   3  18   4  82   5  88   6  75   7  13   8  50   9  95  10  86  11  13  12  61  13  28  14  50  15  39  16  41  17  76  18  94  19  65 
  0  96   1  79   2  25   3  17   4  77   5  86   6  73   7  10   8  48   9  95  10  85  11  13  12  55  13  28  14  48  15  33  16  40  17  78  18  93  19  67 
  0  94   1  79   2  29   3  14   4  79   5  87   6  74   7  11   8  49   9  93  10  86  11  10  12  58  13  28  14  48  15  32  16  39  17  75  18  94  19  67 
  0  93   1  78   2  28   3  14   4  74   5  87   6  72   7  10   8  49   9  95  10  86  11   9  12  58  13  26  14  49  15  31  16  36  17  77  18  92  19  65 
  0  89   1  78   2  28   3  12   4  74   5  82   6  71   7   6   8  46   9  93  10  84  11   9  12  54  13  26  14  49  15  30  16  36  17  73  18  92  19  65 
  0  92   1  80   2  28   3  14   4  75   5  81   6  72   7   6   8  49   9  93  10  81  11  10  12  55  13  27  14  49  15  30  16  35  17  73  18  92  19  66 
  0  96   1  80   2  28   3  18   4  78   5  84   6  73   7  12   8  48   9  94  10  84  11  13  12  60  13  26  14  49  15  36  16  42  17  75  18  94  19  66 
  0  89   1  78   2  26   3  11   4  74   5  81   6  72   7   5   8  46   9  93  10  83  11  11  12  54  13  26  14  47  15  30  16  36  17  75  18  92  19  66 
  0  93   1  80   2  29   3  16   4  77   5  87   6  74   7  12   8  49   9  93  10  88  11  15  12  57  13  27  14  50  15  33  16  41  17  78  18  94  19  65 
  0  95   1  78   2  27   3  14   4  80   5  83   6  72   7  11   8  50   9  95  10  83  11  15  12  58  13  28  14  46  15  37  16  41  17  74  18  94  19  67 
  0  89   1  79   2  26   3  11   4  73   5  81   6  71   7   4   8  46   9  95  10  82  11   7  12  52  13  26  14  48  15  29  16  34  17  72  18  94  19  66 
  0  94   1  80   2  28   3  15   4  77   5  88   6  75   7  12   8  46   9  95  10  84  11  14  12  60  13  28  14  49  15  34  16  38  17  77  18  92  19  66 
  0  97   1  80   2  27   3  16   4  78   5  88   6  77   7  12   8  50   9  95  10  87  11  14  12  60  13  28  14  49  15  36  16  44  17  79  18  94  19  66 


