
 20  20

  0  86   1  33   2   6   3  50   4  82   5  81   6  84   7   1   8  24   9   8  10  96  11  92  12  44  13  44  14  45  15  45  16  93  17  94  18  95  19  82 
  0  90   1  38   2   8   3  51   4  85   5  84   6  87   7   6   8  29   9  11  10  99  11  99  12  43  13  52  14  46  15  46  16  99  17  96  18  94  19  84 
  0  90   1  37   2   7   3  51   4  87   5  86   6  89   7   3   8  30   9  12  10  99  11  99  12  45  13  54  14  46  15  46  16  99  17  97  18  95  19  87 
  0  92   1  36   2   8   3  51   4  87   5  86   6  89   7   3   8  27   9  11  10  99  11  99  12  43  13  50  14  46  15  46  16  99  17  99  18  94  19  87 
  0  92   1  38   2   7   3  49   4  86   5  86   6  89   7   6   8  30   9  13  10  99  11  99  12  46  13  52  14  46  15  45  16  99  17  99  18  96  19  86 
  0  87   1  35   2   4   3  49   4  83   5  81   6  88   7   2   8  28   9   8  10  98  11  95  12  45  13  48  14  45  15  44  16  99  17  95  18  96  19  82 
  0  83   1  30   2   5   3  49   4  84   5  78   6  83   7   1   8  20   9   6  10  95  11  90  12  42  13  45  14  45  15  44  16  94  17  95  18  92  19  83 
  0  92   1  38   2   8   3  51   4  87   5  86   6  90   7   2   8  29   9  14  10  99  11  96  12  46  13  53  14  45  15  44  16  99  17  98  18  94  19  87 
  0  86   1  32   2   4   3  51   4  84   5  83   6  88   7   1   8  25   9  10  10  99  11  95  12  42  13  49  14  44  15  44  16  97  17  98  18  92  19  84 
  0  91   1  35   2   8   3  51   4  88   5  84   6  88   7   4   8  30   9  10  10  99  11  96  12  46  13  51  14  46  15  46  16  99  17  97  18  96  19  87 
  0  92   1  36   2   8   3  49   4  88   5  85   6  90   7   5   8  30   9  14  10  99  11  99  12  46  13  54  14  46  15  45  16  99  17  97  18  96  19  86 
  0  86   1  32   2   8   3  51   4  83   5  80   6  83   7   3   8  22   9   6  10  98  11  92  12  44  13  49  14  44  15  44  16  97  17  95  18  93  19  82 
  0  84   1  32   2   8   3  51   4  85   5  83   6  84   7   2   8  23   9   6  10  99  11  96  12  44  13  50  14  45  15  46  16  95  17  97  18  92  19  83 
  0  86   1  33   2   4   3  49   4  84   5  78   6  82   7   1   8  24   9   7  10  95  11  91  12  42  13  46  14  44  15  44  16  94  17  94  18  92  19  83 
  0  85   1  34   2   4   3  51   4  86   5  82   6  85   7   1   8  23   9   7  10  99  11  93  12  46  13  51  14  44  15  44  16  98  17  98  18  94  19  86 
  0  84   1  30   2   4   3  49   4  82   5  79   6  82   7   1   8  20   9   5  10  94  11  93  12  42  13  44  14  45  15  44  16  93  17  93  18  92  19  82 
  0  83   1  32   2   7   3  50   4  84   5  82   6  85   7   1   8  25   9   9  10  96  11  94  12  42  13  47  14  46  15  46  16  96  17  96  18  92  19  82 
  0  84   1  30   2   4   3  51   4  82   5  78   6  83   7   1   8  20   9   4  10  94  11  91  12  42  13  46  14  44  15  44  16  93  17  94  18  92  19  81 
  0  86   1  31   2   4   3  49   4  83   5  82   6  83   7   1   8  23   9   8  10  95  11  91  12  44  13  48  14  44  15  46  16  97  17  93  18  92  19  81 
  0  85   1  33   2   4   3  49   4  83   5  78   6  85   7   1   8  25   9   7  10  99  11  95  12  42  13  48  14  46  15  44  16  95  17  94  18  92  19  84 


