
 20  20

  0  24   1  85   2  24   3  29   4  35   5  36   6  76   7   7   8  48   9  72  10  31  11  15  12  14  13   9  14  66  15  12  16  43  17  70  18  29  19  25 
  0  14   1  81   2  22   3  25   4  31   5  34   6  75   7   5   8  40   9  62  10  23  11   7  12   9  13   4  14  64  15   2  16  42  17  68  18  28  19  24 
  0  17   1  81   2  24   3  28   4  31   5  34   6  74   7   7   8  45   9  68  10  28  11  11  12  14  13   5  14  64  15   7  16  44  17  69  18  27  19  26 
  0  23   1  84   2  22   3  30   4  31   5  34   6  75   7   6   8  49   9  70  10  29  11  12  12  14  13   5  14  66  15  10  16  43  17  68  18  29  19  26 
  0  20   1  85   2  22   3  27   4  33   5  35   6  75   7   5   8  44   9  64  10  26  11  10  12  13  13   7  14  65  15   4  16  43  17  70  18  29  19  25 
  0  22   1  87   2  23   3  31   4  35   5  35   6  76   7  10   8  50   9  69  10  28  11  16  12  17  13   8  14  64  15   9  16  42  17  70  18  28  19  26 
  0  17   1  83   2  22   3  25   4  29   5  34   6  76   7   5   8  43   9  64  10  26  11  10  12  11  13   6  14  64  15   4  16  42  17  70  18  29  19  22 
  0  14   1  83   2  22   3  25   4  30   5  34   6  75   7   7   8  43   9  62  10  24  11   8  12   9  13   4  14  64  15   4  16  42  17  68  18  27  19  22 
  0  17   1  84   2  22   3  28   4  33   5  35   6  75   7   5   8  41   9  66  10  25  11  10  12  13  13   6  14  66  15   4  16  44  17  68  18  27  19  24 
  0  16   1  84   2  23   3  26   4  32   5  34   6  76   7   6   8  45   9  64  10  27  11   9  12  13  13   6  14  64  15   5  16  42  17  68  18  29  19  23 
  0  22   1  84   2  22   3  31   4  35   5  36   6  76   7   7   8  47   9  72  10  31  11  13  12  15  13   9  14  64  15  10  16  43  17  70  18  29  19  28 
  0  15   1  82   2  22   3  25   4  32   5  34   6  74   7   7   8  44   9  62  10  26  11   7  12   9  13   3  14  64  15   4  16  42  17  69  18  28  19  25 
  0  15   1  83   2  23   3  27   4  30   5  34   6  75   7   4   8  41   9  63  10  23  11   7  12   9  13   3  14  66  15   2  16  42  17  68  18  27  19  22 
  0  16   1  81   2  22   3  25   4  30   5  34   6  76   7   6   8  42   9  64  10  23  11   9  12  12  13   3  14  64  15   3  16  42  17  70  18  29  19  23 
  0  22   1  85   2  23   3  31   4  35   5  36   6  74   7  10   8  49   9  71  10  29  11  17  12  17  13   9  14  66  15  10  16  44  17  68  18  29  19  28 
  0  19   1  83   2  22   3  31   4  34   5  35   6  74   7  10   8  45   9  69  10  29  11  12  12  15  13   5  14  66  15   6  16  42  17  70  18  27  19  26 
  0  22   1  86   2  24   3  29   4  32   5  34   6  74   7   8   8  45   9  70  10  26  11  12  12  13  13   6  14  66  15   9  16  42  17  70  18  27  19  27 
  0  14   1  82   2  24   3  25   4  31   5  34   6  75   7   6   8  43   9  66  10  26  11  11  12  13  13   5  14  64  15   6  16  42  17  70  18  28  19  22 
  0  23   1  86   2  24   3  31   4  35   5  34   6  74   7   9   8  47   9  71  10  28  11  17  12  13  13   9  14  66  15   9  16  44  17  70  18  29  19  25 
  0  16   1  81   2  22   3  26   4  32   5  34   6  74   7   5   8  40   9  63  10  24  11   7  12   9  13   3  14  66  15   4  16  42  17  68  18  27  19  24 


