
 20  20

  0  59   1   1   2  22   3  54   4  19   5  93   6  45   7  23   8   1   9  55  10  32  11  51  12  48  13  79  14  42  15  52  16  50  17  60  18   9  19  37 
  0  57   1   1   2  22   3  54   4  16   5  89   6  45   7  20   8   1   9  52  10  33  11  51  12  45  13  76  14  41  15  51  16  46  17  60  18   5  19  36 
  0  62   1   2   2  22   3  53   4  17   5  95   6  49   7  24   8   4   9  57  10  34  11  51  12  53  13  76  14  41  15  53  16  49  17  63  18   9  19  38 
  0  56   1   1   2  21   3  52   4  15   5  89   6  45   7  18   8   1   9  55  10  33  11  51  12  45  13  76  14  39  15  51  16  46  17  62  18   6  19  34 
  0  65   1   4   2  23   3  56   4  20   5  93   6  50   7  21   8   4   9  59  10  36  11  53  12  55  13  78  14  42  15  53  16  51  17  64  18   9  19  39 
  0  56   1   1   2  21   3  52   4  14   5  92   6  45   7  19   8   1   9  52  10  34  11  51  12  45  13  76  14  40  15  51  16  47  17  62  18   7  19  35 
  0  62   1   3   2  21   3  55   4  18   5  93   6  53   7  21   8   5   9  59  10  34  11  52  12  54  13  80  14  42  15  53  16  51  17  62  18  11  19  37 
  0  64   1   7   2  23   3  56   4  19   5  94   6  48   7  23   8   4   9  59  10  33  11  51  12  50  13  80  14  42  15  51  16  54  17  62  18  11  19  38 
  0  58   1   1   2  21   3  52   4  16   5  90   6  43   7  18   8   1   9  52  10  32  11  51  12  45  13  78  14  39  15  51  16  46  17  60  18   5  19  34 
  0  57   1   3   2  22   3  53   4  18   5  90   6  45   7  21   8   2   9  53  10  32  11  53  12  47  13  76  14  41  15  51  16  51  17  60  18   7  19  37 
  0  66   1   6   2  23   3  54   4  19   5  92   6  49   7  21   8   3   9  62  10  36  11  53  12  55  13  78  14  42  15  53  16  51  17  63  18  11  19  38 
  0  64   1   7   2  23   3  55   4  19   5  92   6  49   7  22   8   5   9  60  10  36  11  52  12  51  13  80  14  40  15  53  16  50  17  64  18  10  19  37 
  0  59   1   2   2  22   3  53   4  17   5  91   6  44   7  22   8   1   9  54  10  35  11  51  12  49  13  76  14  40  15  52  16  46  17  60  18   6  19  35 
  0  66   1   3   2  23   3  55   4  20   5  95   6  53   7  23   8   1   9  62  10  36  11  53  12  51  13  78  14  41  15  51  16  52  17  61  18   8  19  39 
  0  65   1   7   2  23   3  56   4  19   5  95   6  53   7  23   8   4   9  62  10  36  11  53  12  54  13  78  14  43  15  53  16  54  17  62  18  11  19  39 
  0  65   1   4   2  23   3  56   4  18   5  95   6  53   7  24   8   5   9  60  10  36  11  53  12  55  13  80  14  42  15  53  16  51  17  62  18   9  19  40 
  0  63   1   7   2  23   3  54   4  20   5  95   6  49   7  24   8   3   9  61  10  35  11  51  12  54  13  78  14  43  15  52  16  52  17  62  18  10  19  38 
  0  60   1   1   2  23   3  52   4  17   5  92   6  45   7  22   8   1   9  55  10  35  11  51  12  47  13  78  14  40  15  52  16  49  17  63  18   8  19  36 
  0  59   1   1   2  21   3  53   4  16   5  89   6  48   7  22   8   1   9  54  10  35  11  51  12  49  13  76  14  40  15  53  16  49  17  62  18   9  19  38 
  0  61   1   6   2  21   3  54   4  19   5  95   6  49   7  23   8   4   9  60  10  36  11  52  12  54  13  80  14  41  15  52  16  52  17  63  18  10  19  38 


