
 20  20

  0  44   1  19   2  36   3  26   4  69   5  67   6  57   7  70   8  86   9  58  10  25  11  89  12  89  13  29  14   9  15  24  16  19  17   7  18  21  19  70 
  0  47   1  18   2  36   3  27   4  70   5  66   6  59   7  67   8  89   9  57  10  26  11  90  12  88  13  31  14  10  15  28  16  18  17   7  18  22  19  71 
  0  39   1  15   2  32   3  20   4  70   5  65   6  53   7  63   8  79   9  52  10  23  11  84  12  84  13  31  14   1  15  20  16  18  17   4  18  14  19  67 
  0  43   1  17   2  35   3  26   4  71   5  64   6  55   7  69   8  84   9  54  10  22  11  90  12  88  13  31  14   8  15  22  16  18  17   6  18  16  19  73 
  0  41   1  17   2  33   3  20   4  71   5  63   6  56   7  63   8  82   9  55  10  23  11  85  12  86  13  31  14   5  15  20  16  17  17   6  18  17  19  67 
  0  48   1  17   2  33   3  27   4  71   5  66   6  59   7  67   8  85   9  55  10  26  11  94  12  87  13  30  14   7  15  27  16  19  17   8  18  21  19  75 
  0  47   1  19   2  36   3  26   4  71   5  67   6  59   7  71   8  86   9  58  10  24  11  93  12  91  13  31  14   8  15  26  16  19  17   8  18  22  19  73 
  0  48   1  19   2  36   3  26   4  70   5  66   6  59   7  71   8  89   9  56  10  25  11  92  12  89  13  31  14  10  15  29  16  17  17   7  18  22  19  75 
  0  44   1  19   2  34   3  27   4  69   5  66   6  57   7  70   8  85   9  54  10  25  11  91  12  86  13  31  14   8  15  27  16  18  17   5  18  19  19  70 
  0  44   1  17   2  32   3  26   4  69   5  64   6  57   7  70   8  85   9  54  10  26  11  91  12  88  13  31  14   8  15  24  16  17  17   5  18  20  19  72 
  0  39   1  15   2  30   3  21   4  71   5  63   6  53   7  63   8  79   9  54  10  22  11  84  12  84  13  30  14   3  15  21  16  18  17   4  18  14  19  67 
  0  44   1  17   2  31   3  21   4  69   5  63   6  54   7  68   8  83   9  56  10  25  11  87  12  87  13  31  14   7  15  24  16  19  17   6  18  19  19  70 
  0  43   1  17   2  34   3  25   4  71   5  67   6  58   7  67   8  85   9  57  10  23  11  89  12  88  13  31  14   6  15  23  16  19  17   6  18  17  19  72 
  0  42   1  15   2  32   3  22   4  70   5  63   6  54   7  66   8  82   9  54  10  25  11  86  12  86  13  29  14   3  15  21  16  17  17   7  18  16  19  70 
  0  42   1  16   2  30   3  25   4  69   5  63   6  57   7  65   8  81   9  55  10  24  11  87  12  85  13  29  14   3  15  22  16  19  17   5  18  17  19  68 
  0  47   1  19   2  35   3  28   4  71   5  65   6  58   7  71   8  89   9  57  10  26  11  94  12  91  13  29  14  11  15  28  16  19  17   8  18  22  19  73 
  0  49   1  18   2  36   3  28   4  70   5  66   6  59   7  71   8  89   9  58  10  26  11  94  12  88  13  31  14   9  15  29  16  19  17   8  18  20  19  75 
  0  44   1  16   2  32   3  22   4  70   5  66   6  56   7  66   8  81   9  53  10  23  11  86  12  85  13  31  14   6  15  22  16  18  17   5  18  15  19  68 
  0  47   1  19   2  36   3  24   4  70   5  66   6  58   7  70   8  88   9  58  10  23  11  90  12  87  13  30  14   7  15  24  16  18  17   8  18  22  19  74 
  0  47   1  17   2  32   3  25   4  69   5  66   6  57   7  70   8  87   9  57  10  23  11  90  12  89  13  31  14   5  15  25  16  19  17   5  18  21  19  72 


