
 20  20

  0  46   1  88   2  33   3  38   4  16   5  71   6  12   7  18   8   7   9  18  10  32  11  60  12  57  13  37  14  57  15  29  16  79  17  61  18  44  19  33 
  0  45   1  88   2  35   3  37   4  14   5  72   6  14   7  22   8   8   9  17  10  34  11  60  12  55  13  38  14  59  15  32  16  80  17  61  18  45  19  37 
  0  46   1  89   2  34   3  38   4  14   5  70   6  11   7  21   8   9   9  17  10  33  11  61  12  54  13  35  14  59  15  30  16  79  17  63  18  44  19  35 
  0  46   1  90   2  34   3  37   4  15   5  70   6  12   7  22   8   9   9  19  10  33  11  60  12  56  13  39  14  59  15  32  16  80  17  63  18  49  19  37 
  0  49   1  90   2  34   3  41   4  14   5  73   6  14   7  23   8  10   9  17  10  33  11  62  12  56  13  40  14  57  15  31  16  79  17  63  18  50  19  38 
  0  51   1  90   2  35   3  41   4  18   5  71   6  15   7  22   8  12   9  17  10  33  11  60  12  58  13  41  14  59  15  32  16  79  17  63  18  50  19  39 
  0  54   1  88   2  33   3  40   4  16   5  71   6  15   7  24   8  13   9  18  10  36  11  61  12  58  13  43  14  59  15  34  16  81  17  62  18  51  19  41 
  0  47   1  90   2  33   3  38   4  15   5  73   6  11   7  19   8   8   9  17  10  31  11  60  12  57  13  33  14  57  15  32  16  79  17  61  18  45  19  34 
  0  53   1  89   2  35   3  43   4  18   5  74   6  17   7  24   8  15   9  17  10  36  11  62  12  56  13  43  14  59  15  35  16  81  17  63  18  50  19  40 
  0  50   1  89   2  35   3  40   4  17   5  74   6  17   7  24   8  15   9  17  10  35  11  62  12  56  13  39  14  57  15  35  16  81  17  63  18  48  19  42 
  0  49   1  90   2  35   3  38   4  15   5  73   6  12   7  19   8   9   9  19  10  34  11  60  12  57  13  36  14  57  15  30  16  81  17  61  18  44  19  36 
  0  49   1  88   2  33   3  40   4  18   5  74   6  15   7  23   8  11   9  19  10  36  11  60  12  58  13  40  14  57  15  33  16  81  17  62  18  50  19  41 
  0  50   1  90   2  34   3  38   4  16   5  71   6  13   7  22   8  10   9  19  10  34  11  60  12  58  13  37  14  59  15  29  16  79  17  61  18  46  19  36 
  0  50   1  90   2  34   3  41   4  15   5  74   6  13   7  24   8  15   9  17  10  36  11  60  12  58  13  38  14  57  15  35  16  79  17  63  18  50  19  40 
  0  45   1  90   2  33   3  36   4  14   5  72   6  11   7  19   8   9   9  18  10  30  11  61  12  55  13  33  14  57  15  29  16  81  17  61  18  44  19  33 
  0  54   1  90   2  33   3  42   4  18   5  73   6  16   7  24   8  14   9  19  10  36  11  62  12  58  13  42  14  57  15  35  16  81  17  62  18  52  19  42 
  0  52   1  90   2  35   3  41   4  15   5  74   6  16   7  24   8  14   9  19  10  34  11  60  12  57  13  39  14  57  15  33  16  81  17  62  18  48  19  42 
  0  51   1  88   2  33   3  41   4  17   5  72   6  15   7  20   8  10   9  17  10  35  11  62  12  56  13  40  14  59  15  32  16  81  17  63  18  51  19  37 
  0  52   1  89   2  35   3  44   4  17   5  72   6  15   7  24   8  15   9  19  10  36  11  61  12  58  13  42  14  59  15  33  16  81  17  62  18  51  19  42 
  0  52   1  90   2  35   3  40   4  18   5  72   6  16   7  21   8  10   9  17  10  34  11  62  12  58  13  41  14  59  15  33  16  79  17  63  18  50  19  39 


