
 20  20

  0  70   1  73   2  88   3   5   4  26   5  10   6  95   7  17   8  69   9   9  10  50  11  27  12  35  13  44  14  23  15  84  16  80  17  84  18  72  19  54 
  0  67   1  71   2  88   3   4   4  24   5   8   6  91   7  16   8  66   9   7  10  50  11  25  12  28  13  42  14  20  15  82  16  77  17  81  18  66  19  54 
  0  62   1  67   2  88   3   2   4  23   5   6   6  91   7  16   8  63   9   7  10  47  11  25  12  27  13  38  14  18  15  84  16  77  17  80  18  68  19  53 
  0  66   1  68   2  88   3   2   4  22   5   5   6  91   7  17   8  65   9   5  10  47  11  25  12  30  13  38  14  21  15  84  16  78  17  80  18  67  19  55 
  0  66   1  69   2  89   3   2   4  24   5   4   6  91   7  15   8  64   9   5  10  47  11  26  12  31  13  40  14  20  15  82  16  76  17  80  18  66  19  53 
  0  62   1  68   2  88   3   2   4  23   5   4   6  92   7  15   8  64   9   8  10  49  11  26  12  29  13  38  14  18  15  82  16  76  17  80  18  68  19  53 
  0  62   1  67   2  90   3   2   4  23   5   4   6  93   7  17   8  64   9   5  10  47  11  25  12  28  13  38  14  19  15  84  16  76  17  80  18  67  19  53 
  0  66   1  70   2  88   3   2   4  25   5   7   6  93   7  15   8  66   9   5  10  49  11  25  12  28  13  40  14  18  15  84  16  76  17  82  18  69  19  56 
  0  63   1  67   2  88   3   2   4  24   5   6   6  91   7  15   8  64   9   5  10  49  11  26  12  28  13  39  14  21  15  84  16  77  17  81  18  66  19  53 
  0  63   1  70   2  89   3   3   4  22   5   5   6  92   7  15   8  63   9   5  10  47  11  25  12  27  13  38  14  18  15  83  16  76  17  82  18  68  19  53 
  0  69   1  75   2  90   3   6   4  24   5  11   6  97   7  16   8  66   9   8  10  51  11  29  12  37  13  44  14  23  15  84  16  80  17  82  18  72  19  57 
  0  62   1  67   2  88   3   2   4  22   5   4   6  93   7  15   8  64   9   5  10  47  11  25  12  28  13  38  14  20  15  82  16  76  17  80  18  68  19  53 
  0  66   1  69   2  89   3   6   4  25   5   8   6  93   7  17   8  63   9   8  10  49  11  27  12  29  13  42  14  20  15  82  16  79  17  83  18  69  19  53 
  0  67   1  69   2  88   3   2   4  24   5   9   6  91   7  17   8  67   9   9  10  47  11  28  12  32  13  42  14  21  15  84  16  76  17  83  18  68  19  53 
  0  66   1  71   2  89   3   5   4  24   5   4   6  93   7  17   8  64   9   9  10  47  11  27  12  29  13  39  14  22  15  84  16  78  17  83  18  70  19  53 
  0  67   1  70   2  89   3   5   4  25   5   4   6  95   7  17   8  64   9   8  10  47  11  25  12  32  13  39  14  22  15  84  16  79  17  80  18  66  19  56 
  0  69   1  74   2  88   3   4   4  26   5  10   6  95   7  17   8  69   9  10  10  47  11  29  12  35  13  40  14  21  15  83  16  76  17  80  18  70  19  54 
  0  63   1  71   2  90   3   2   4  22   5   4   6  91   7  15   8  64   9   9  10  47  11  25  12  29  13  41  14  20  15  82  16  76  17  80  18  67  19  54 
  0  65   1  72   2  90   3   4   4  22   5   7   6  93   7  17   8  68   9  10  10  47  11  28  12  31  13  42  14  21  15  83  16  80  17  83  18  67  19  56 
  0  64   1  71   2  88   3   2   4  23   5   9   6  93   7  16   8  63   9   6  10  48  11  27  12  28  13  39  14  22  15  82  16  76  17  80  18  70  19  56 


