
 20  20

  0  65   1  24   2  57   3  38   4  90   5  52   6   1   7  47   8  95   9  64  10  96  11  24  12  24  13  60  14  55  15  20  16  44  17   1  18  54  19  30 
  0  66   1  23   2  58   3  38   4  90   5  54   6   1   7  43   8  94   9  61  10  94  11  26  12  22  13  62  14  58  15  23  16  46  17   1  18  56  19  28 
  0  70   1  26   2  56   3  39   4  93   5  55   6   4   7  44   8  99   9  68  10  96  11  25  12  29  13  63  14  59  15  25  16  45  17   2  18  58  19  32 
  0  62   1  21   2  56   3  36   4  92   5  50   6   1   7  44   8  94   9  62  10  95  11  27  12  23  13  60  14  55  15  18  16  44  17   1  18  53  19  26 
  0  62   1  25   2  57   3  33   4  92   5  52   6   1   7  44   8  97   9  63  10  94  11  26  12  24  13  64  14  55  15  20  16  44  17   1  18  54  19  30 
  0  70   1  27   2  57   3  40   4  96   5  58   6   5   7  47   8  99   9  67  10  97  11  28  12  29  13  64  14  60  15  25  16  45  17   5  18  58  19  32 
  0  70   1  27   2  55   3  41   4  94   5  58   6   4   7  47   8  99   9  68  10  94  11  26  12  29  13  66  14  61  15  24  16  46  17   5  18  58  19  30 
  0  63   1  23   2  56   3  35   4  92   5  50   6   1   7  45   8  94   9  59  10  95  11  24  12  21  13  62  14  57  15  17  16  44  17   1  18  53  19  26 
  0  62   1  21   2  55   3  33   4  90   5  51   6   1   7  46   8  95   9  60  10  95  11  24  12  22  13  62  14  58  15  17  16  45  17   1  18  52  19  26 
  0  62   1  24   2  57   3  37   4  93   5  52   6   1   7  43   8  97   9  60  10  93  11  25  12  26  13  64  14  58  15  21  16  46  17   1  18  53  19  26 
  0  68   1  26   2  57   3  37   4  91   5  52   6   1   7  46   8  97   9  66  10  95  11  26  12  25  13  63  14  57  15  23  16  46  17   2  18  55  19  31 
  0  61   1  21   2  56   3  34   4  90   5  51   6   1   7  44   8  94   9  62  10  93  11  24  12  22  13  60  14  55  15  20  16  44  17   1  18  54  19  26 
  0  68   1  26   2  58   3  39   4  96   5  55   6   1   7  47   8  98   9  69  10  94  11  27  12  29  13  66  14  61  15  26  16  45  17   5  18  57  19  31 
  0  65   1  23   2  55   3  37   4  90   5  52   6   1   7  45   8  93   9  60  10  94  11  26  12  26  13  64  14  57  15  21  16  45  17   1  18  55  19  30 
  0  69   1  27   2  58   3  39   4  94   5  58   6   3   7  46   8  99   9  69  10  97  11  28  12  29  13  65  14  61  15  27  16  46  17   5  18  58  19  32 
  0  61   1  23   2  54   3  35   4  92   5  52   6   1   7  45   8  95   9  59  10  93  11  26  12  21  13  61  14  56  15  19  16  44  17   1  18  53  19  26 
  0  67   1  25   2  57   3  37   4  96   5  58   6   1   7  45   8  95   9  66  10  96  11  26  12  27  13  66  14  58  15  24  16  46  17   1  18  55  19  32 
  0  70   1  27   2  58   3  40   4  96   5  58   6   5   7  47   8  98   9  69  10  95  11  26  12  28  13  66  14  61  15  26  16  46  17   4  18  58  19  32 
  0  71   1  25   2  58   3  40   4  96   5  58   6   5   7  47   8  99   9  69  10  97  11  28  12  28  13  65  14  61  15  27  16  46  17   5  18  57  19  31 
  0  71   1  27   2  58   3  41   4  96   5  58   6   5   7  47   8  99   9  68  10  97  11  27  12  29  13  66  14  59  15  27  16  46  17   5  18  56  19  31 


