
 20  20

  0  29   1  28   2  19   3  96   4  56   5  96   6  24   7  37   8  54   9  18  10  85  11  95  12  48  13  32  14  37  15  73  16  62  17  49  18  23  19  11 
  0  30   1  26   2  22   3  93   4  56   5  98   6  24   7  37   8  53   9  19  10  84  11  93  12  46  13  30  14  36  15  71  16  61  17  49  18  25  19   8 
  0  26   1  26   2  15   3  91   4  54   5  95   6  20   7  31   8  50   9  17  10  78  11  91  12  38  13  25  14  33  15  70  16  58  17  47  18  25  19   5 
  0  32   1  28   2  21   3  98   4  54   5  98   6  24   7  38   8  54   9  22  10  85  11  96  12  48  13  33  14  37  15  73  16  62  17  47  18  23  19  12 
  0  29   1  28   2  23   3  98   4  56   5  99   6  23   7  37   8  54   9  18  10  85  11  95  12  47  13  30  14  34  15  73  16  61  17  47  18  25  19   8 
  0  23   1  27   2  13   3  88   4  54   5  95   6  20   7  30   8  50   9  14  10  78  11  90  12  41  13  28  14  31  15  68  16  57  17  47  18  24  19   4 
  0  31   1  26   2  20   3  95   4  54   5  99   6  22   7  39   8  54   9  22  10  85  11  94  12  48  13  32  14  37  15  70  16  62  17  49  18  23  19  12 
  0  30   1  28   2  20   3  92   4  56   5  98   6  24   7  35   8  53   9  18  10  84  11  93  12  45  13  28  14  33  15  72  16  59  17  48  18  23  19  11 
  0  29   1  26   2  20   3  92   4  54   5  97   6  23   7  34   8  53   9  20  10  81  11  92  12  43  13  31  14  32  15  70  16  58  17  49  18  23  19   8 
  0  24   1  27   2  13   3  90   4  56   5  98   6  23   7  29   8  50   9  14  10  79  11  91  12  40  13  28  14  34  15  70  16  56  17  47  18  23  19   4 
  0  23   1  26   2  17   3  89   4  55   5  95   6  20   7  30   8  53   9  18  10  81  11  93  12  42  13  27  14  31  15  69  16  56  17  47  18  23  19   5 
  0  27   1  26   2  16   3  94   4  55   5  98   6  20   7  31   8  53   9  19  10  82  11  90  12  44  13  26  14  31  15  69  16  58  17  47  18  25  19   7 
  0  25   1  27   2  15   3  91   4  56   5  99   6  23   7  31   8  51   9  16  10  81  11  92  12  42  13  28  14  31  15  69  16  59  17  47  18  25  19   9 
  0  30   1  27   2  21   3  95   4  54   5  99   6  24   7  36   8  54   9  20  10  86  11  96  12  47  13  32  14  37  15  71  16  59  17  47  18  25  19  10 
  0  29   1  27   2  21   3  97   4  54   5  99   6  22   7  36   8  52   9  20  10  85  11  94  12  44  13  33  14  34  15  73  16  59  17  48  18  25  19   8 
  0  25   1  26   2  13   3  89   4  54   5  96   6  20   7  32   8  50   9  14  10  79  11  90  12  39  13  26  14  31  15  68  16  56  17  47  18  24  19   4 
  0  22   1  28   2  16   3  88   4  54   5  96   6  20   7  32   8  51   9  14  10  81  11  91  12  38  13  27  14  32  15  69  16  59  17  48  18  23  19   7 
  0  32   1  28   2  21   3  98   4  56   5  96   6  24   7  36   8  52   9  22  10  86  11  94  12  45  13  31  14  37  15  73  16  61  17  49  18  25  19  10 
  0  23   1  26   2  14   3  91   4  56   5  95   6  20   7  31   8  52   9  17  10  81  11  92  12  39  13  25  14  31  15  67  16  56  17  49  18  23  19   4 
  0  29   1  28   2  20   3  94   4  54   5  96   6  24   7  37   8  53   9  17  10  83  11  95  12  42  13  30  14  33  15  72  16  59  17  47  18  23  19  11 


