
 20  20

  0  81   1  10   2  41   3  67   4  38   5  76   6  92   7  97   8  13   9  62  10   6  11  84  12  85  13   9  14  94  15  49  16  75  17  56  18  42  19  92 
  0  85   1  13   2  47   3  65   4  42   5  82   6  92   7  97   8  15   9  66  10   6  11  88  12  87  13  13  14  94  15  51  16  80  17  57  18  46  19  92 
  0  83   1   8   2  41   3  65   4  38   5  77   6  92   7  97   8  11   9  64  10   6  11  88  12  85  13   7  14  93  15  51  16  79  17  54  18  46  19  92 
  0  83   1  11   2  46   3  66   4  42   5  81   6  93   7  98   8  14   9  65  10   6  11  87  12  85  13  11  14  93  15  52  16  77  17  59  18  48  19  94 
  0  88   1  14   2  50   3  67   4  45   5  84   6  92   7  99   8  15   9  66  10   8  11  90  12  87  13  12  14  94  15  52  16  81  17  60  18  48  19  92 
  0  83   1   8   2  42   3  67   4  40   5  79   6  90   7  94   8  12   9  62  10   8  11  88  12  85  13   6  14  94  15  51  16  74  17  53  18  45  19  94 
  0  85   1  15   2  47   3  67   4  44   5  81   6  94   7  98   8  15   9  63  10   6  11  87  12  87  13  14  14  92  15  52  16  81  17  58  18  44  19  92 
  0  84   1  16   2  47   3  69   4  43   5  80   6  94   7  99   8  15   9  65  10   8  11  88  12  85  13  10  14  92  15  51  16  79  17  59  18  48  19  92 
  0  82   1  10   2  46   3  66   4  39   5  79   6  91   7  97   8  15   9  64  10   8  11  89  12  86  13   8  14  93  15  50  16  79  17  60  18  46  19  92 
  0  87   1  16   2  50   3  69   4  44   5  84   6  93   7  99   8  15   9  64  10   8  11  90  12  87  13  14  14  94  15  52  16  82  17  62  18  46  19  92 
  0  82   1  11   2  41   3  68   4  39   5  76   6  92   7  96   8  12   9  65  10   8  11  84  12  87  13   7  14  94  15  48  16  75  17  56  18  46  19  92 
  0  85   1  11   2  45   3  65   4  39   5  80   6  90   7  96   8  11   9  65  10   8  11  87  12  87  13   9  14  92  15  48  16  78  17  55  18  45  19  94 
  0  83   1  12   2  47   3  66   4  41   5  82   6  91   7  99   8  15   9  62  10   8  11  85  12  87  13  10  14  94  15  52  16  78  17  58  18  44  19  92 
  0  85   1  15   2  50   3  69   4  43   5  84   6  94   7  99   8  15   9  65  10   7  11  88  12  86  13  14  14  93  15  51  16  80  17  61  18  46  19  94 
  0  85   1  10   2  45   3  69   4  40   5  81   6  94   7  99   8  14   9  63  10   7  11  89  12  86  13  10  14  92  15  49  16  77  17  60  18  46  19  92 
  0  87   1  16   2  47   3  69   4  42   5  83   6  93   7  99   8  15   9  66  10   6  11  87  12  87  13  13  14  94  15  52  16  82  17  60  18  46  19  92 
  0  87   1  15   2  48   3  69   4  41   5  80   6  93   7  99   8  14   9  64  10   6  11  88  12  85  13  12  14  94  15  52  16  78  17  60  18  47  19  93 
  0  81   1   6   2  42   3  65   4  35   5  76   6  92   7  96   8  11   9  63  10   6  11  86  12  85  13   6  14  92  15  48  16  75  17  53  18  42  19  92 
  0  83   1  11   2  45   3  68   4  42   5  83   6  93   7  97   8  11   9  66  10   8  11  89  12  87  13  13  14  92  15  49  16  80  17  58  18  43  19  93 
  0  78   1   6   2  40   3  66   4  37   5  76   6  90   7  94   8  11   9  62  10   6  11  84  12  86  13   7  14  92  15  50  16  74  17  52  18  44  19  92 


