
 20  20

  0  78   1  18   2  13   3  70   4  21   5  13   6  84   7  23   8  93   9  99  10  34  11  42  12  46  13  22  14  24  15  76  16  19  17  65  18  68  19  39 
  0  75   1  16   2  14   3  70   4  19   5  13   6  82   7  25   8  92   9  95  10  36  11  42  12  46  13  21  14  24  15  73  16  23  17  65  18  71  19  40 
  0  69   1  16   2   7   3  68   4  13   5  10   6  84   7  23   8  88   9  91  10  34  11  42  12  43  13  15  14  20  15  68  16  19  17  59  18  67  19  31 
  0  78   1  18   2  13   3  70   4  17   5  17   6  84   7  23   8  93   9  99  10  36  11  42  12  43  13  19  14  26  15  75  16  23  17  65  18  68  19  40 
  0  71   1  16   2  10   3  65   4  16   5  13   6  83   7  21   8  88   9  91  10  34  11  42  12  41  13  17  14  23  15  71  16  19  17  59  18  68  19  34 
  0  77   1  17   2  11   3  69   4  16   5  13   6  84   7  22   8  88   9  98  10  34  11  43  12  46  13  22  14  25  15  74  16  23  17  62  18  68  19  36 
  0  76   1  17   2  13   3  73   4  19   5  15   6  85   7  23   8  90   9  96  10  36  11  44  12  46  13  21  14  24  15  72  16  23  17  63  18  71  19  39 
  0  72   1  17   2   7   3  65   4  13   5  11   6  81   7  23   8  89   9  94  10  35  11  44  12  41  13  18  14  23  15  72  16  17  17  59  18  66  19  32 
  0  70   1  16   2   6   3  66   4  13   5  11   6  81   7  22   8  87   9  92  10  34  11  42  12  43  13  15  14  20  15  68  16  17  17  61  18  66  19  31 
  0  77   1  18   2  15   3  73   4  19   5  17   6  85   7  25   8  90   9  97  10  36  11  44  12  44  13  23  14  26  15  74  16  20  17  65  18  71  19  40 
  0  75   1  16   2  10   3  66   4  16   5  10   6  81   7  24   8  86   9  92  10  35  11  44  12  45  13  16  14  24  15  71  16  20  17  62  18  66  19  37 
  0  79   1  18   2  13   3  70   4  18   5  15   6  85   7  23   8  93   9  96  10  36  11  43  12  47  13  20  14  28  15  75  16  20  17  65  18  70  19  39 
  0  69   1  17   2   8   3  68   4  16   5  12   6  83   7  23   8  88   9  93  10  36  11  42  12  41  13  18  14  23  15  71  16  20  17  59  18  65  19  31 
  0  78   1  17   2  14   3  73   4  21   5  14   6  85   7  22   8  92   9  99  10  36  11  42  12  46  13  22  14  25  15  73  16  23  17  64  18  71  19  37 
  0  79   1  18   2  16   3  72   4  21   5  17   6  85   7  23   8  93   9  99  10  36  11  44  12  47  13  23  14  27  15  76  16  23  17  65  18  71  19  39 
  0  75   1  16   2  15   3  73   4  17   5  13   6  82   7  25   8  91   9  98  10  36  11  44  12  43  13  21  14  24  15  76  16  21  17  62  18  71  19  39 
  0  76   1  17   2  16   3  71   4  19   5  17   6  85   7  22   8  93   9  99  10  36  11  42  12  44  13  22  14  26  15  75  16  20  17  63  18  68  19  41 
  0  70   1  16   2   6   3  68   4  16   5  13   6  83   7  23   8  88   9  93  10  35  11  44  12  44  13  15  14  24  15  69  16  17  17  61  18  67  19  34 
  0  77   1  18   2  14   3  71   4  20   5  13   6  85   7  25   8  90   9  99  10  34  11  43  12  47  13  22  14  24  15  76  16  21  17  62  18  69  19  37 
  0  76   1  18   2  13   3  72   4  19   5  16   6  85   7  25   8  91   9  97  10  35  11  42  12  47  13  22  14  28  15  73  16  23  17  64  18  70  19  39 


