
 20  20

  0  95   1  24   2  32   3  81   4  41   5   1   6  26   7  99   8   3   9   5  10   7  11  80  12  81  13  51  14  76  15  72  16  49  17  58  18   7  19  92 
  0  93   1  22   2  32   3  79   4  38   5   1   6  27   7  95   8   1   9   5  10   4  11  77  12  79  13  50  14  77  15  68  16  45  17  56  18   7  19  90 
  0  99   1  26   2  37   3  83   4  45   5   6   6  27   7  99   8   3   9   5  10  10  11  79  12  82  13  52  14  77  15  73  16  49  17  58  18   5  19  95 
  0  92   1  23   2  30   3  78   4  40   5   1   6  24   7  98   8   3   9   4  10   6  11  76  12  77  13  52  14  77  15  66  16  48  17  58  18   5  19  90 
  0  92   1  22   2  34   3  81   4  37   5   1   6  27   7  97   8   1   9   5  10   4  11  78  12  82  13  51  14  77  15  70  16  44  17  58  18   4  19  90 
  0  99   1  23   2  36   3  82   4  41   5   3   6  28   7  99   8   4   9   5  10  10  11  78  12  85  13  52  14  79  15  73  16  49  17  57  18   6  19  94 
  0  99   1  23   2  36   3  84   4  40   5   3   6  28   7  99   8   1   9   3  10  10  11  78  12  84  13  52  14  79  15  70  16  47  17  56  18   6  19  94 
  0  96   1  24   2  33   3  81   4  39   5   1   6  27   7  99   8   3   9   5  10   5  11  79  12  79  13  52  14  74  15  66  16  47  17  56  18   4  19  93 
  0  98   1  26   2  32   3  84   4  40   5   1   6  28   7  99   8   4   9   4  10   8  11  79  12  84  13  50  14  76  15  69  16  48  17  56  18   8  19  95 
  0  96   1  23   2  33   3  84   4  42   5   1   6  28   7  99   8   3   9   3  10   8  11  80  12  81  13  52  14  76  15  73  16  49  17  56  18   5  19  94 
  0  99   1  26   2  37   3  85   4  44   5   2   6  29   7  99   8   3   9   3  10  12  11  81  12  85  13  50  14  79  15  73  16  50  17  58  18   7  19  95 
  0  94   1  23   2  35   3  81   4  42   5   3   6  29   7  99   8   4   9   3  10   9  11  78  12  80  13  52  14  78  15  71  16  48  17  57  18   6  19  90 
  0  93   1  25   2  34   3  80   4  40   5   1   6  28   7  99   8   3   9   5  10   8  11  76  12  80  13  50  14  74  15  69  16  46  17  58  18   5  19  93 
  0  99   1  26   2  35   3  86   4  43   5   4   6  30   7  99   8   4   9   3  10  12  11  81  12  85  13  52  14  78  15  74  16  50  17  58  18   8  19  93 
  0  95   1  22   2  35   3  82   4  41   5   2   6  30   7  98   8   4   9   3  10  11  11  79  12  80  13  52  14  79  15  70  16  50  17  58  18   8  19  95 
  0  98   1  24   2  33   3  86   4  45   5   6   6  30   7  99   8   4   9   5  10  10  11  79  12  81  13  50  14  76  15  72  16  47  17  57  18   8  19  95 
  0  99   1  23   2  37   3  84   4  44   5   2   6  26   7  99   8   1   9   4  10  11  11  79  12  82  13  52  14  77  15  74  16  47  17  58  18   6  19  95 
  0  99   1  24   2  34   3  86   4  42   5   6   6  29   7  99   8   4   9   5  10  11  11  80  12  85  13  52  14  79  15  72  16  49  17  57  18   6  19  93 
  0  91   1  22   2  30   3  77   4  35   5   1   6  24   7  94   8   1   9   3  10   4  11  77  12  77  13  50  14  74  15  65  16  44  17  58  18   4  19  90 
  0  91   1  22   2  30   3  78   4  37   5   1   6  24   7  97   8   3   9   5  10   6  11  78  12  79  13  50  14  75  15  66  16  46  17  58  18   7  19  89 


