
 20  20

  0   1   1  99   2  58   3  98   4  50   5  43   6  25   7  29   8  40   9   4  10  43  11  81  12  28  13  11  14  64  15   2  16  33  17  14  18  38  19  57 
  0   3   1  98   2  62   3  98   4  56   5  52   6  29   7  34   8  45   9   4  10  49  11  85  12  33  13  11  14  68  15   8  16  35  17  14  18  39  19  56 
  0   1   1  98   2  58   3  98   4  50   5  46   6  28   7  30   8  41   9   2  10  46  11  82  12  29  13  13  14  62  15   1  16  35  17  16  18  38  19  58 
  0   1   1  99   2  58   3  96   4  52   5  46   6  28   7  32   8  43   9   2  10  44  11  83  12  28  13  11  14  66  15   2  16  33  17  14  18  38  19  56 
  0   1   1  98   2  61   3  98   4  55   5  48   6  26   7  34   8  42   9   4  10  48  11  85  12  32  13  12  14  63  15   2  16  36  17  16  18  38  19  56 
  0   6   1  99   2  64   3  97   4  58   5  53   6  29   7  37   8  49   9   2  10  53  11  89  12  35  13  13  14  68  15   8  16  35  17  16  18  40  19  58 
  0   6   1  99   2  61   3  96   4  58   5  50   6  26   7  34   8  45   9   4  10  52  11  87  12  34  13  11  14  68  15   8  16  36  17  15  18  40  19  58 
  0   1   1  99   2  58   3  97   4  53   5  44   6  26   7  32   8  41   9   2  10  43  11  79  12  28  13  12  14  62  15   2  16  33  17  14  18  39  19  56 
  0   2   1  99   2  60   3  98   4  59   5  49   6  29   7  36   8  46   9   4  10  51  11  85  12  32  13  13  14  65  15   8  16  37  17  15  18  38  19  58 
  0   2   1  99   2  59   3  97   4  56   5  49   6  28   7  33   8  45   9   2  10  49  11  85  12  31  13  11  14  65  15   5  16  35  17  16  18  39  19  56 
  0   1   1  99   2  59   3  96   4  53   5  43   6  25   7  30   8  39   9   4  10  44  11  80  12  27  13  11  14  62  15   1  16  35  17  16  18  38  19  58 
  0   2   1  99   2  60   3  96   4  53   5  49   6  25   7  35   8  46   9   3  10  46  11  85  12  33  13  11  14  67  15   3  16  36  17  15  18  39  19  58 
  0   3   1  99   2  61   3  98   4  58   5  52   6  28   7  33   8  45   9   4  10  50  11  84  12  31  13  12  14  65  15   6  16  37  17  14  18  40  19  58 
  0   1   1  98   2  58   3  96   4  53   5  45   6  26   7  29   8  41   9   3  10  46  11  81  12  28  13  12  14  64  15   1  16  36  17  14  18  38  19  58 
  0   1   1  98   2  61   3  96   4  51   5  43   6  25   7  29   8  42   9   2  10  46  11  79  12  29  13  11  14  64  15   3  16  35  17  14  18  38  19  56 
  0   5   1  99   2  63   3  98   4  60   5  53   6  28   7  37   8  46   9   3  10  51  11  89  12  36  13  11  14  65  15   8  16  37  17  16  18  39  19  58 
  0   1   1  99   2  60   3  96   4  56   5  45   6  25   7  30   8  44   9   4  10  45  11  85  12  28  13  12  14  66  15   1  16  34  17  16  18  39  19  56 
  0   4   1  99   2  63   3  98   4  58   5  48   6  28   7  36   8  44   9   2  10  51  11  87  12  30  13  12  14  65  15   3  16  36  17  15  18  39  19  58 
  0   1   1  98   2  60   3  98   4  52   5  43   6  25   7  29   8  39   9   2  10  43  11  81  12  29  13  11  14  62  15   1  16  33  17  14  18  39  19  56 
  0   1   1  99   2  60   3  97   4  52   5  44   6  25   7  30   8  41   9   4  10  43  11  79  12  26  13  11  14  62  15   1  16  33  17  15  18  38  19  56 


