
 20  20

  0  21   1  57   2  42   3  76   4  75   5  32   6   6   7  59   8  40   9  90  10   3  11  55  12  53  13  76  14  17  15  84  16  20  17  94  18  94  19  38 
  0  19   1  55   2  43   3  76   4  77   5  31   6   5   7  59   8  42   9  87  10   2  11  52  12  53  13  72  14  15  15  86  16  20  17  91  18  90  19  36 
  0  23   1  58   2  41   3  77   4  80   5  32   6   9   7  59   8  40   9  93  10   7  11  58  12  58  13  78  14  15  15  90  16  20  17  91  18  93  19  38 
  0  18   1  56   2  44   3  76   4  75   5  31   6   6   7  60   8  41   9  90  10   2  11  55  12  54  13  72  14  17  15  85  16  22  17  93  18  94  19  38 
  0  19   1  54   2  42   3  78   4  74   5  33   6   2   7  59   8  40   9  88  10   2  11  54  12  53  13  73  14  15  15  83  16  20  17  92  18  90  19  38 
  0  26   1  57   2  42   3  76   4  81   5  32   6   8   7  59   8  44   9  90  10   8  11  57  12  60  13  77  14  17  15  91  16  24  17  95  18  98  19  40 
  0  20   1  55   2  41   3  78   4  76   5  31   6   5   7  61   8  43   9  90  10   2  11  54  12  57  13  76  14  17  15  84  16  20  17  91  18  95  19  39 
  0  17   1  55   2  41   3  77   4  74   5  31   6   4   7  60   8  42   9  89  10   2  11  54  12  53  13  72  14  15  15  84  16  20  17  92  18  91  19  37 
  0  26   1  58   2  44   3  76   4  82   5  32   6  12   7  60   8  42   9  95  10   7  11  60  12  59  13  79  14  16  15  93  16  23  17  94  18  98  19  45 
  0  25   1  56   2  45   3  77   4  80   5  33   6  12   7  60   8  42   9  93  10   5  11  57  12  59  13  77  14  17  15  92  16  24  17  94  18  98  19  43 
  0  17   1  54   2  43   3  76   4  74   5  32   6   4   7  59   8  40   9  87  10   2  11  54  12  53  13  74  14  17  15  85  16  20  17  91  18  90  19  35 
  0  24   1  55   2  44   3  78   4  79   5  33   6  11   7  61   8  43   9  95  10   8  11  59  12  61  13  77  14  17  15  93  16  21  17  93  18  99  19  44 
  0  27   1  57   2  45   3  78   4  82   5  33   6   9   7  61   8  44   9  95  10   8  11  59  12  61  13  79  14  17  15  91  16  24  17  93  18  99  19  44 
  0  18   1  54   2  42   3  76   4  74   5  33   6   2   7  59   8  42   9  87  10   2  11  52  12  54  13  72  14  15  15  83  16  20  17  93  18  90  19  35 
  0  27   1  58   2  45   3  78   4  82   5  33   6  12   7  61   8  44   9  95  10   8  11  60  12  61  13  80  14  17  15  93  16  22  17  93  18  99  19  45 
  0  17   1  54   2  41   3  78   4  74   5  32   6   5   7  60   8  40   9  87  10   4  11  52  12  56  13  72  14  15  15  85  16  21  17  91  18  90  19  37 
  0  27   1  56   2  45   3  78   4  82   5  33   6  12   7  61   8  44   9  95  10   7  11  58  12  59  13  78  14  15  15  91  16  24  17  95  18  98  19  45 
  0  27   1  57   2  45   3  76   4  80   5  33   6  12   7  60   8  42   9  94  10   8  11  60  12  60  13  78  14  17  15  93  16  24  17  95  18  99  19  44 
  0  27   1  58   2  45   3  76   4  82   5  33   6  12   7  60   8  44   9  95  10   8  11  60  12  59  13  78  14  16  15  92  16  24  17  93  18  99  19  44 
  0  24   1  57   2  44   3  78   4  81   5  33   6   7   7  59   8  44   9  90  10   6  11  56  12  57  13  76  14  17  15  89  16  21  17  95  18  96  19  40 


