
 20  20

  0  58   1   7   2  65   3  59   4  28   5  86   6  98   7  69   8  64   9  55  10  34  11  75  12  30  13  34  14  37  15  53  16  68  17  68  18  32  19  82 
  0  51   1   8   2  57   3  55   4  25   5  83   6  95   7  61   8  62   9  47  10  32  11  72  12  23  13  32  14  35  15  48  16  62  17  64  18  26  19  77 
  0  49   1   6   2  55   3  54   4  24   5  81   6  95   7  60   8  62   9  47  10  32  11  70  12  20  13  30  14  35  15  46  16  62  17  61  18  24  19  75 
  0  48   1   7   2  55   3  54   4  22   5  80   6  95   7  59   8  60   9  47  10  30  11  69  12  21  13  30  14  37  15  46  16  61  17  61  18  24  19  75 
  0  54   1   7   2  60   3  54   4  23   5  83   6  95   7  63   8  63   9  51  10  31  11  71  12  23  13  31  14  35  15  52  16  67  17  67  18  29  19  78 
  0  50   1   7   2  55   3  53   4  22   5  80   6  94   7  59   8  60   9  49  10  32  11  70  12  22  13  32  14  35  15  47  16  61  17  63  18  24  19  75 
  0  53   1   6   2  63   3  58   4  28   5  86   6  97   7  65   8  60   9  51  10  30  11  73  12  27  13  34  14  36  15  53  16  65  17  65  18  28  19  83 
  0  52   1   8   2  59   3  55   4  25   5  81   6  96   7  64   8  64   9  49  10  31  11  74  12  26  13  30  14  35  15  52  16  65  17  64  18  29  19  78 
  0  56   1   7   2  63   3  59   4  24   5  82   6  95   7  65   8  64   9  51  10  33  11  71  12  29  13  33  14  37  15  50  16  65  17  69  18  30  19  83 
  0  53   1   7   2  59   3  56   4  22   5  83   6  98   7  63   8  60   9  49  10  32  11  70  12  24  13  32  14  37  15  49  16  63  17  63  18  26  19  80 
  0  54   1   6   2  61   3  57   4  28   5  83   6  98   7  66   8  61   9  52  10  31  11  75  12  29  13  34  14  37  15  51  16  67  17  68  18  30  19  84 
  0  52   1   7   2  59   3  58   4  28   5  84   6  98   7  67   8  61   9  54  10  30  11  75  12  26  13  33  14  37  15  49  16  67  17  67  18  27  19  79 
  0  51   1   8   2  60   3  56   4  26   5  81   6  96   7  64   8  60   9  51  10  30  11  74  12  27  13  34  14  35  15  52  16  64  17  65  18  28  19  78 
  0  58   1   8   2  65   3  57   4  26   5  85   6  98   7  68   8  64   9  53  10  32  11  75  12  29  13  34  14  37  15  53  16  69  17  71  18  30  19  83 
  0  53   1   8   2  61   3  57   4  27   5  82   6  95   7  63   8  60   9  52  10  33  11  70  12  25  13  30  14  35  15  51  16  63  17  65  18  30  19  82 
  0  55   1   8   2  59   3  57   4  27   5  84   6  98   7  67   8  62   9  51  10  34  11  74  12  27  13  31  14  35  15  52  16  66  17  67  18  29  19  82 
  0  50   1   6   2  58   3  57   4  25   5  80   6  94   7  64   8  63   9  49  10  30  11  72  12  22  13  30  14  37  15  46  16  64  17  65  18  26  19  78 
  0  51   1   6   2  56   3  53   4  24   5  80   6  95   7  59   8  63   9  49  10  32  11  69  12  23  13  32  14  35  15  47  16  63  17  62  18  26  19  75 
  0  52   1   8   2  59   3  56   4  27   5  84   6  97   7  65   8  62   9  51  10  33  11  70  12  26  13  30  14  36  15  51  16  67  17  65  18  27  19  78 
  0  53   1   8   2  59   3  58   4  25   5  81   6  97   7  66   8  64   9  50  10  34  11  72  12  24  13  33  14  37  15  51  16  63  17  67  18  28  19  78 


