
 20  20

  0  45   1  14   2   8   3  23   4   1   5  27   6  15   7  88   8  68   9  21  10  91  11  56  12   5  13  76  14  71  15  97  16  93  17   6  18  17  19  71 
  0  50   1  15   2   9   3  24   4   3   5  26   6  19   7  90   8  68   9  23  10  95  11  57  12   6  13  81  14  74  15  99  16  94  17   5  18  18  19  72 
  0  49   1  14   2   7   3  26   4   4   5  24   6  15   7  87   8  70   9  24  10  91  11  56  12   6  13  77  14  69  15  99  16  92  17   4  18  14  19  75 
  0  46   1  14   2   8   3  22   4   4   5  25   6  13   7  88   8  69   9  19  10  94  11  57  12   5  13  75  14  70  15  99  16  90  17   5  18  14  19  74 
  0  44   1  12   2   8   3  26   4   4   5  27   6  15   7  87   8  70   9  19  10  94  11  56  12   6  13  76  14  69  15  99  16  92  17   6  18  12  19  72 
  0  43   1  11   2   6   3  24   4   3   5  25   6  11   7  88   8  70   9  17  10  90  11  55  12   5  13  73  14  70  15  95  16  92  17   6  18  14  19  72 
  0  48   1  14   2   9   3  26   4   4   5  25   6  16   7  86   8  69   9  22  10  94  11  55  12   5  13  78  14  70  15  99  16  93  17   4  18  15  19  75 
  0  42   1  14   2   5   3  25   4   1   5  23   6  12   7  86   8  70   9  19  10  91  11  53  12   7  13  73  14  66  15  96  16  93  17   4  18  14  19  70 
  0  49   1  14   2   9   3  24   4   3   5  28   6  17   7  90   8  70   9  25  10  93  11  56  12   7  13  77  14  73  15  99  16  92  17   6  18  15  19  75 
  0  49   1  14   2   9   3  26   4   5   5  25   6  18   7  87   8  70   9  22  10  92  11  58  12   6  13  79  14  74  15  99  16  91  17   4  18  19  19  74 
  0  49   1  17   2   8   3  26   4   5   5  26   6  18   7  89   8  70   9  25  10  93  11  59  12   5  13  80  14  74  15  99  16  94  17   5  18  19  19  75 
  0  48   1  17   2   9   3  24   4   5   5  28   6  15   7  89   8  68   9  24  10  94  11  55  12   6  13  77  14  71  15  99  16  94  17   6  18  17  19  72 
  0  41   1  12   2   5   3  22   4   1   5  23   6  12   7  84   8  69   9  17  10  89  11  51  12   5  13  71  14  64  15  96  16  92  17   5  18  12  19  70 
  0  46   1  12   2   7   3  22   4   1   5  25   6  13   7  88   8  69   9  20  10  92  11  54  12   7  13  75  14  71  15  99  16  94  17   4  18  12  19  74 
  0  47   1  15   2   9   3  24   4   2   5  24   6  12   7  87   8  68   9  21  10  92  11  54  12   5  13  77  14  70  15  99  16  91  17   6  18  15  19  71 
  0  48   1  16   2   9   3  26   4   5   5  27   6  19   7  91   8  70   9  25  10  94  11  59  12   7  13  79  14  74  15  99  16  92  17   6  18  17  19  73 
  0  41   1  11   2   5   3  23   4   1   5  22   6  11   7  83   8  68   9  15  10  92  11  53  12   6  13  72  14  67  15  94  16  90  17   4  18  11  19  70 
  0  49   1  16   2   9   3  26   4   5   5  28   6  17   7  91   8  70   9  25  10  92  11  57  12   5  13  79  14  71  15  99  16  93  17   6  18  18  19  75 
  0  46   1  16   2   9   3  24   4   5   5  28   6  16   7  91   8  68   9  20  10  94  11  58  12   5  13  79  14  70  15  99  16  92  17   6  18  15  19  73 
  0  45   1  13   2   8   3  24   4   4   5  27   6  17   7  89   8  68   9  21  10  92  11  57  12   5  13  76  14  70  15  99  16  91  17   6  18  14  19  75 


