
 20  20

  0  89   1   6   2  97   3  97   4  63   5  41   6  73   7  76   8   5   9  95  10  46  11   4  12   6  13  65  14  61  15   3  16  51  17  17  18  57  19   1 
  0  95   1   6   2  99   3  99   4  66   5  42   6  78   7  77   8  10   9  97  10  50  11   7  12  10  13  67  14  59  15   3  16  53  17  23  18  61  19   5 
  0  93   1   4   2  97   3  98   4  67   5  41   6  74   7  75   8   9   9  95  10  46  11   5  12   7  13  66  14  60  15   3  16  51  17  19  18  61  19   4 
  0  90   1   1   2  95   3  99   4  62   5  35   6  75   7  76   8   4   9  95  10  44  11   5  12   5  13  65  14  59  15   1  16  52  17  16  18  59  19   1 
  0  96   1   7   2  99   3  99   4  68   5  44   6  79   7  75   8  10   9  95  10  50  11   7  12  10  13  67  14  60  15   3  16  53  17  23  18  60  19   5 
  0  95   1   7   2  99   3  99   4  68   5  44   6  79   7  77   8  10   9  97  10  50  11   7  12   9  13  67  14  59  15   3  16  53  17  23  18  59  19   3 
  0  91   1   6   2  99   3  99   4  62   5  42   6  78   7  76   8   6   9  97  10  48  11   6  12   9  13  65  14  60  15   3  16  52  17  18  18  59  19   2 
  0  94   1   7   2  99   3  99   4  68   5  42   6  79   7  77   8  10   9  95  10  51  11   7  12  11  13  67  14  61  15   2  16  53  17  21  18  61  19   5 
  0  89   1   3   2  97   3  99   4  61   5  40   6  77   7  77   8   9   9  96  10  48  11   7  12   9  13  66  14  60  15   2  16  51  17  20  18  58  19   1 
  0  91   1   3   2  96   3  99   4  66   5  38   6  76   7  75   8   8   9  95  10  45  11   4  12   9  13  65  14  59  15   1  16  53  17  21  18  59  19   2 
  0  88   1   1   2  98   3  98   4  58   5  34   6  71   7  76   8   4   9  95  10  44  11   3  12   2  13  67  14  57  15   1  16  51  17  17  18  59  19   1 
  0  89   1   2   2  98   3  98   4  61   5  36   6  74   7  76   8   5   9  97  10  43  11   3  12   3  13  65  14  59  15   2  16  52  17  16  18  57  19   3 
  0  93   1   7   2  99   3  99   4  68   5  43   6  79   7  77   8   8   9  97  10  51  11   7  12  10  13  66  14  59  15   1  16  51  17  20  18  59  19   5 
  0  92   1   3   2  99   3  99   4  64   5  39   6  74   7  77   8   9   9  97  10  46  11   5  12   8  13  65  14  57  15   3  16  52  17  19  18  57  19   3 
  0  91   1   4   2  98   3  99   4  66   5  40   6  74   7  75   8   8   9  95  10  48  11   6  12  10  13  66  14  61  15   3  16  53  17  19  18  61  19   3 
  0  93   1   5   2  99   3  99   4  63   5  41   6  77   7  77   8   9   9  96  10  48  11   3  12   9  13  65  14  61  15   3  16  51  17  18  18  59  19   3 
  0  95   1   7   2  98   3  99   4  68   5  41   6  77   7  75   8   8   9  97  10  50  11   6  12  11  13  66  14  61  15   3  16  53  17  23  18  60  19   3 
  0  91   1   5   2  96   3  99   4  63   5  38   6  72   7  75   8   7   9  96  10  46  11   5  12   6  13  67  14  57  15   1  16  51  17  20  18  58  19   1 
  0  89   1   1   2  99   3  99   4  64   5  39   6  76   7  77   8   6   9  95  10  47  11   4  12   6  13  65  14  58  15   2  16  51  17  20  18  57  19   1 
  0  95   1   7   2  98   3  99   4  68   5  44   6  79   7  77   8   7   9  97  10  48  11   4  12  12  13  65  14  61  15   1  16  53  17  23  18  59  19   4 


