
 20  20

  0  22   1  52   2  16   3  76   4   4   5  89   6  63   7  80   8  24   9  54  10  72  11  19  12  75  13  22  14  79  15  57  16  92  17  90  18  91  19  40 
  0  18   1  53   2  18   3  74   4   8   5  88   6  66   7  82   8  23   9  55  10  70  11  19  12  74  13  18  14  80  15  59  16  93  17  92  18  90  19  39 
  0  19   1  52   2  16   3  73   4   8   5  91   6  63   7  82   8  24   9  55  10  69  11  19  12  74  13  18  14  78  15  61  16  95  17  90  18  91  19  41 
  0  21   1  52   2  16   3  75   4   6   5  88   6  65   7  80   8  23   9  56  10  72  11  19  12  76  13  20  14  79  15  57  16  92  17  91  18  87  19  40 
  0  22   1  55   2  17   3  76   4   8   5  91   6  67   7  82   8  24   9  54  10  72  11  19  12  76  13  21  14  78  15  62  16  92  17  90  18  92  19  38 
  0  21   1  52   2  17   3  73   4   6   5  90   6  64   7  80   8  26   9  56  10  71  11  19  12  74  13  19  14  80  15  60  16  96  17  92  18  90  19  38 
  0  26   1  54   2  16   3  80   4  14   5  92   6  65   7  80   8  28   9  55  10  77  11  22  12  76  13  26  14  80  15  67  16  98  17  92  18  97  19  44 
  0  20   1  55   2  18   3  76   4   8   5  88   6  65   7  81   8  27   9  54  10  73  11  23  12  76  13  22  14  78  15  62  16  92  17  92  18  91  19  38 
  0  21   1  55   2  17   3  74   4   7   5  89   6  64   7  82   8  24   9  56  10  69  11  19  12  75  13  20  14  78  15  61  16  92  17  90  18  89  19  38 
  0  21   1  54   2  18   3  73   4   6   5  90   6  65   7  81   8  24   9  54  10  69  11  19  12  76  13  19  14  78  15  57  16  92  17  90  18  88  19  38 
  0  28   1  55   2  16   3  81   4  12   5  92   6  65   7  81   8  29   9  54  10  75  11  21  12  76  13  26  14  82  15  66  16  96  17  92  18  97  19  44 
  0  18   1  52   2  16   3  75   4   7   5  88   6  65   7  80   8  23   9  56  10  71  11  19  12  75  13  19  14  80  15  60  16  92  17  90  18  87  19  38 
  0  24   1  53   2  16   3  78   4  10   5  90   6  63   7  82   8  27   9  55  10  75  11  19  12  74  13  24  14  80  15  63  16  95  17  90  18  90  19  39 
  0  23   1  53   2  17   3  76   4   9   5  88   6  63   7  82   8  26   9  56  10  73  11  19  12  75  13  23  14  78  15  62  16  93  17  90  18  93  19  40 
  0  18   1  53   2  16   3  73   4   7   5  90   6  65   7  82   8  25   9  54  10  69  11  19  12  75  13  19  14  78  15  60  16  94  17  90  18  90  19  38 
  0  18   1  52   2  16   3  74   4   6   5  89   6  63   7  82   8  26   9  55  10  72  11  19  12  74  13  18  14  78  15  60  16  92  17  90  18  89  19  40 
  0  19   1  54   2  16   3  76   4   7   5  89   6  65   7  80   8  25   9  55  10  70  11  19  12  75  13  18  14  80  15  59  16  93  17  90  18  90  19  40 
  0  21   1  52   2  18   3  78   4   9   5  90   6  63   7  82   8  26   9  56  10  73  11  23  12  74  13  22  14  82  15  63  16  94  17  90  18  93  19  39 
  0  25   1  55   2  18   3  79   4  11   5  92   6  67   7  82   8  27   9  56  10  77  11  23  12  74  13  24  14  82  15  67  16  98  17  91  18  97  19  42 
  0  26   1  53   2  18   3  79   4  10   5  89   6  65   7  80   8  25   9  56  10  76  11  21  12  76  13  24  14  79  15  63  16  96  17  92  18  94  19  42 


