
 20  20

  0  60   1   1   2  93   3  51   4  47   5  50   6   4   7  41   8  83   9  23  10   2  11  18  12  70  13  25  14   5  15  26  16  25  17  59  18   5  19  38 
  0  57   1   1   2  92   3  49   4  45   5  47   6   7   7  39   8  81   9  22  10   2  11  13  12  65  13  22  14   6  15  28  16  20  17  62  18   1  19  39 
  0  57   1   1   2  90   3  49   4  44   5  48   6   6   7  39   8  80   9  19  10   4  11  13  12  67  13  22  14   3  15  28  16  24  17  59  18   2  19  37 
  0  67   1   4   2  98   3  58   4  51   5  55   6   8   7  43   8  89   9  23  10   5  11  22  12  71  13  26  14   9  15  28  16  30  17  63  18   9  19  38 
  0  59   1   1   2  92   3  50   4  47   5  47   6   7   7  39   8  83   9  19  10   1  11  17  12  67  13  25  14   3  15  26  16  23  17  61  18   4  19  39 
  0  66   1   3   2  96   3  58   4  48   5  55   6   8   7  41   8  87   9  20  10   4  11  18  12  69  13  23  14   7  15  28  16  27  17  63  18   7  19  38 
  0  62   1   3   2  97   3  52   4  46   5  52   6   6   7  40   8  84   9  19  10   5  11  16  12  67  13  23  14   7  15  27  16  24  17  59  18   6  19  39 
  0  59   1   1   2  90   3  51   4  44   5  48   6   6   7  38   8  81   9  21  10   1  11  13  12  66  13  22  14   3  15  27  16  21  17  59  18   3  19  39 
  0  59   1   1   2  94   3  51   4  43   5  51   6   4   7  40   8  79   9  19  10   1  11  17  12  68  13  23  14   3  15  26  16  21  17  62  18   4  19  39 
  0  63   1   2   2  95   3  54   4  46   5  51   6   6   7  43   8  84   9  20  10   4  11  20  12  70  13  22  14   4  15  28  16  27  17  60  18   6  19  38 
  0  63   1   5   2  99   3  56   4  47   5  55   6   6   7  44   8  88   9  20  10   5  11  19  12  70  13  26  14   8  15  28  16  30  17  62  18   8  19  39 
  0  58   1   1   2  92   3  53   4  46   5  49   6   4   7  41   8  81   9  20  10   2  11  17  12  68  13  25  14   3  15  28  16  21  17  61  18   1  19  38 
  0  66   1   6   2  99   3  59   4  51   5  52   6   6   7  44   8  86   9  23  10   5  11  23  12  69  13  26  14   6  15  28  16  30  17  63  18   9  19  39 
  0  60   1   1   2  93   3  52   4  44   5  47   6   6   7  39   8  82   9  20  10   1  11  15  12  65  13  22  14   5  15  26  16  22  17  59  18   2  19  37 
  0  59   1   1   2  90   3  50   4  45   5  50   6   6   7  40   8  79   9  22  10   1  11  13  12  65  13  24  14   3  15  28  16  21  17  60  18   3  19  38 
  0  66   1   4   2  97   3  57   4  51   5  55   6   5   7  44   8  88   9  23  10   2  11  23  12  69  13  23  14   9  15  28  16  29  17  62  18   8  19  39 
  0  57   1   1   2  90   3  49   4  45   5  47   6   6   7  38   8  80   9  21  10   2  11  13  12  65  13  22  14   3  15  26  16  23  17  61  18   4  19  37 
  0  65   1   5   2  99   3  59   4  49   5  55   6   8   7  43   8  89   9  23  10   4  11  22  12  71  13  26  14   9  15  27  16  29  17  61  18   8  19  39 
  0  58   1   2   2  91   3  54   4  47   5  49   6   6   7  42   8  81   9  20  10   2  11  17  12  68  13  22  14   5  15  26  16  22  17  62  18   1  19  39 
  0  63   1   4   2  97   3  55   4  47   5  51   6   7   7  43   8  84   9  21  10   3  11  20  12  68  13  26  14   8  15  27  16  29  17  61  18   9  19  37 


