
 20  20

  0  50   1  36   2  70   3   6   4  47   5  27   6  10   7  92   8  80   9  61  10  85  11  64  12  64  13  16  14  21  15  92  16  13  17  43  18  64  19  63 
  0  46   1  36   2  62   3   8   4  47   5  27   6   7   7  87   8  79   9  60  10  83  11  63  12  60  13  15  14  20  15  89  16  11  17  40  18  59  19  61 
  0  47   1  36   2  65   3   6   4  48   5  28   6   7   7  89   8  77   9  61  10  85  11  62  12  61  13  17  14  22  15  89  16  14  17  40  18  61  19  61 
  0  50   1  39   2  66   3   7   4  48   5  30   6   9   7  93   8  81   9  61  10  88  11  63  12  61  13  17  14  20  15  96  16  15  17  47  18  66  19  62 
  0  47   1  37   2  66   3   8   4  46   5  27   6  11   7  90   8  83   9  63  10  84  11  63  12  63  13  16  14  22  15  92  16  12  17  44  18  65  19  64 
  0  52   1  38   2  67   3   8   4  46   5  26   6  11   7  91   8  81   9  61  10  87  11  62  12  64  13  17  14  22  15  94  16  13  17  46  18  66  19  63 
  0  45   1  35   2  64   3   6   4  46   5  24   6   7   7  89   8  77   9  59  10  84  11  62  12  60  13  15  14  20  15  89  16  11  17  42  18  59  19  59 
  0  45   1  38   2  66   3   6   4  46   5  24   6   9   7  90   8  81   9  63  10  82  11  62  12  59  13  17  14  22  15  93  16  14  17  43  18  63  19  60 
  0  53   1  37   2  70   3   8   4  48   5  27   6   8   7  93   8  84   9  62  10  88  11  64  12  63  13  17  14  21  15  97  16  15  17  48  18  65  19  67 
  0  49   1  37   2  68   3   8   4  46   5  30   6  11   7  91   8  81   9  61  10  87  11  62  12  62  13  15  14  21  15  95  16  12  17  46  18  64  19  62 
  0  49   1  39   2  67   3   8   4  47   5  27   6  10   7  93   8  84   9  65  10  84  11  64  12  62  13  17  14  21  15  94  16  14  17  47  18  64  19  66 
  0  50   1  38   2  68   3   6   4  48   5  29   6   8   7  90   8  81   9  61  10  84  11  64  12  65  13  16  14  20  15  96  16  15  17  47  18  65  19  66 
  0  44   1  35   2  62   3   7   4  47   5  25   6   9   7  87   8  77   9  60  10  82  11  64  12  59  13  15  14  21  15  89  16  11  17  40  18  59  19  61 
  0  51   1  39   2  67   3   8   4  48   5  28   6  11   7  93   8  84   9  65  10  86  11  63  12  64  13  15  14  21  15  93  16  15  17  44  18  64  19  64 
  0  47   1  35   2  65   3   6   4  48   5  25   6   8   7  87   8  81   9  62  10  86  11  64  12  61  13  16  14  20  15  94  16  13  17  45  18  62  19  61 
  0  47   1  37   2  66   3   8   4  46   5  24   6   7   7  90   8  79   9  59  10  83  11  63  12  59  13  17  14  20  15  91  16  12  17  43  18  59  19  60 
  0  53   1  36   2  69   3   8   4  46   5  29   6  11   7  89   8  83   9  64  10  87  11  64  12  65  13  15  14  22  15  93  16  14  17  46  18  63  19  64 
  0  54   1  39   2  70   3   8   4  48   5  30   6   8   7  90   8  82   9  65  10  88  11  62  12  64  13  17  14  21  15  96  16  15  17  48  18  67  19  64 
  0  50   1  38   2  67   3   8   4  48   5  28   6   7   7  90   8  81   9  59  10  82  11  62  12  62  13  17  14  21  15  91  16  11  17  43  18  61  19  60 
  0  53   1  39   2  71   3   8   4  46   5  30   6  11   7  91   8  85   9  64  10  88  11  63  12  65  13  16  14  22  15  94  16  15  17  45  18  66  19  65 


