
 20  20

  0  38   1  74   2  40   3  59   4  48   5   3   6  11   7  41   8  75   9   8  10  70  11   9  12  55  13   9  14  38  15  60  16   1  17  29  18  24  19  89 
  0  34   1  70   2  34   3  59   4  45   5   2   6  11   7  39   8  74   9   1  10  66  11   8  12  56  13   2  14  34  15  58  16   1  17  25  18  20  19  87 
  0  34   1  73   2  39   3  57   4  48   5   4   6  10   7  40   8  77   9   1  10  67  11   8  12  54  13   4  14  37  15  58  16   2  17  28  18  21  19  87 
  0  32   1  70   2  35   3  60   4  48   5   2   6   9   7  41   8  77   9   3  10  67  11   9  12  55  13   7  14  35  15  59  16   1  17  27  18  22  19  88 
  0  40   1  76   2  38   3  61   4  50   5   4   6  13   7  43   8  76   9  10  10  70  11  10  12  59  13   8  14  38  15  62  16   5  17  27  18  23  19  91 
  0  35   1  75   2  37   3  61   4  50   5   3   6  11   7  41   8  79   9   4  10  71  11   9  12  59  13   9  14  39  15  58  16   1  17  28  18  22  19  91 
  0  36   1  72   2  39   3  61   4  49   5   2   6  10   7  40   8  77   9   3  10  67  11  10  12  58  13   9  14  37  15  59  16   1  17  28  18  21  19  87 
  0  36   1  76   2  41   3  58   4  46   5   3   6  11   7  39   8  78   9   8  10  72  11   8  12  58  13   6  14  39  15  61  16   1  17  29  18  23  19  87 
  0  37   1  73   2  36   3  58   4  48   5   3   6   9   7  43   8  78   9   3  10  69  11  12  12  56  13   7  14  37  15  61  16   3  17  28  18  23  19  90 
  0  39   1  74   2  40   3  58   4  50   5   3   6  10   7  43   8  79   9   6  10  72  11  10  12  59  13  10  14  40  15  61  16   2  17  26  18  24  19  90 
  0  35   1  76   2  39   3  60   4  46   5   4   6  12   7  43   8  79   9   9  10  70  11  12  12  55  13  10  14  39  15  61  16   4  17  29  18  25  19  89 
  0  31   1  72   2  35   3  57   4  45   5   3   6   9   7  41   8  76   9   4  10  69  11   9  12  56  13   6  14  37  15  60  16   1  17  28  18  20  19  87 
  0  33   1  72   2  34   3  57   4  46   5   2   6  12   7  42   8  73   9   1  10  69  11   8  12  56  13   4  14  34  15  58  16   1  17  27  18  19  19  88 
  0  32   1  71   2  37   3  60   4  44   5   4   6  12   7  41   8  75   9   2  10  68  11   9  12  53  13   4  14  36  15  60  16   1  17  29  18  19  19  85 
  0  34   1  71   2  40   3  57   4  49   5   3   6  11   7  42   8  75   9   5  10  68  11   8  12  57  13   6  14  38  15  62  16   1  17  26  18  22  19  90 
  0  36   1  75   2  38   3  59   4  46   5   4   6  11   7  43   8  77   9   8  10  67  11   9  12  57  13   9  14  37  15  61  16   1  17  26  18  23  19  86 
  0  34   1  71   2  37   3  57   4  48   5   4   6  11   7  39   8  75   9   4  10  69  11  10  12  54  13   4  14  37  15  60  16   1  17  28  18  19  19  87 
  0  36   1  74   2  42   3  59   4  48   5   4   6  12   7  43   8  79   9   7  10  71  11  12  12  59  13  12  14  37  15  62  16   3  17  29  18  23  19  91 
  0  36   1  74   2  36   3  61   4  47   5   2   6  11   7  41   8  75   9   6  10  70  11   9  12  58  13   5  14  38  15  59  16   1  17  26  18  21  19  88 
  0  32   1  71   2  36   3  57   4  47   5   3   6  11   7  39   8  74   9   1  10  66  11   8  12  55  13   3  14  37  15  58  16   1  17  26  18  20  19  85 


