
 20  20

  0   6   1  87   2  89   3  31   4  10   5  66   6  67   7  30   8  21   9  96  10  57  11  65  12  70  13  14  14  96  15  28  16  81  17  73  18  52  19  66 
  0   6   1  87   2  87   3  26   4   9   5  67   6  65   7  29   8  20   9  94  10  53  11  67  12  70  13  11  14  93  15  30  16  80  17  71  18  52  19  65 
  0   7   1  86   2  89   3  26   4   7   5  66   6  66   7  29   8  20   9  94  10  56  11  64  12  68  13  13  14  96  15  28  16  83  17  73  18  50  19  67 
  0  12   1  90   2  88   3  34   4  11   5  66   6  68   7  32   8  22   9  95  10  57  11  66  12  68  13  17  14  99  15  32  16  85  17  78  18  50  19  66 
  0  10   1  94   2  87   3  31   4  11   5  65   6  69   7  31   8  23   9  96  10  58  11  70  12  68  13  13  14  98  15  32  16  87  17  77  18  52  19  65 
  0   5   1  87   2  87   3  26   4   7   5  67   6  65   7  27   8  20   9  97  10  54  11  65  12  68  13  11  14  95  15  28  16  83  17  73  18  52  19  67 
  0   7   1  92   2  89   3  31   4  10   5  65   6  69   7  32   8  20   9  95  10  58  11  67  12  70  13  13  14  98  15  30  16  83  17  76  18  51  19  65 
  0  11   1  93   2  89   3  34   4   8   5  66   6  66   7  35   8  24   9  96  10  56  11  70  12  68  13  13  14  95  15  32  16  86  17  74  18  50  19  65 
  0  14   1  92   2  88   3  35   4  11   5  67   6  68   7  36   8  24   9  98  10  60  11  70  12  68  13  17  14  98  15  32  16  87  17  79  18  50  19  66 
  0   5   1  88   2  88   3  28   4   8   5  65   6  65   7  26   8  20   9  94  10  55  11  65  12  68  13  14  14  95  15  28  16  82  17  75  18  50  19  65 
  0  13   1  93   2  89   3  32   4  11   5  67   6  68   7  34   8  24   9  96  10  59  11  70  12  70  13  16  14  99  15  32  16  88  17  79  18  52  19  67 
  0   9   1  93   2  87   3  30   4  11   5  65   6  69   7  35   8  24   9  98  10  56  11  66  12  70  13  17  14  98  15  32  16  88  17  76  18  52  19  65 
  0  10   1  90   2  87   3  32   4  11   5  65   6  69   7  32   8  24   9  96  10  56  11  67  12  68  13  16  14  95  15  30  16  84  17  78  18  52  19  65 
  0   4   1  85   2  89   3  25   4   7   5  65   6  67   7  26   8  20   9  94  10  53  11  66  12  68  13  11  14  94  15  28  16  79  17  73  18  51  19  65 
  0   9   1  89   2  89   3  26   4   7   5  65   6  68   7  28   8  20   9  94  10  55  11  66  12  68  13  12  14  93  15  31  16  80  17  75  18  52  19  67 
  0   7   1  91   2  87   3  32   4   9   5  65   6  65   7  33   8  24   9  95  10  56  11  66  12  68  13  12  14  96  15  32  16  86  17  76  18  52  19  65 
  0  10   1  91   2  88   3  32   4   9   5  67   6  68   7  33   8  24   9  97  10  59  11  70  12  69  13  14  14  98  15  29  16  85  17  78  18  52  19  67 
  0   8   1  90   2  88   3  29   4   7   5  66   6  67   7  30   8  24   9  96  10  53  11  68  12  69  13  14  14  96  15  32  16  81  17  72  18  50  19  67 
  0  14   1  94   2  87   3  35   4  11   5  66   6  67   7  34   8  24   9  98  10  60  11  68  12  68  13  17  14  99  15  32  16  89  17  79  18  50  19  67 
  0  14   1  93   2  87   3  33   4  10   5  67   6  69   7  36   8  24   9  98  10  57  11  67  12  70  13  17  14  98  15  32  16  88  17  78  18  50  19  67 


