
 20  20

  0  87   1  63   2  14   3   2   4  10   5  30   6  99   7  28   8  45   9  22  10  53  11  89  12  86  13  33  14  31  15  89  16  46  17  77  18  33  19  66 
  0  85   1  65   2  13   3   2   4   8   5  28   6  99   7  29   8  44   9  22  10  54  11  85  12  85  13  36  14  31  15  87  16  45  17  76  18  30  19  68 
  0  78   1  60   2  10   3   1   4   8   5  22   6  97   7  27   8  44   9  17  10  52  11  83  12  79  13  29  14  29  15  87  16  45  17  73  18  29  19  67 
  0  85   1  61   2  13   3   1   4  10   5  27   6  95   7  29   8  44   9  19  10  54  11  84  12  82  13  34  14  29  15  87  16  48  17  76  18  32  19  67 
  0  78   1  59   2  12   3   1   4   8   5  23   6  95   7  28   8  41   9  16  10  52  11  83  12  76  13  29  14  31  15  88  16  43  17  73  18  29  19  67 
  0  78   1  60   2  13   3   1   4   9   5  25   6  94   7  27   8  41   9  16  10  54  11  85  12  78  13  29  14  31  15  89  16  43  17  76  18  29  19  65 
  0  85   1  63   2  13   3   3   4   9   5  24   6  96   7  27   8  42   9  20  10  52  11  85  12  80  13  34  14  31  15  89  16  45  17  76  18  30  19  67 
  0  86   1  66   2  11   3   1   4   9   5  29   6  96   7  28   8  43   9  22  10  52  11  87  12  84  13  34  14  31  15  89  16  48  17  77  18  30  19  68 
  0  87   1  66   2  14   3   5   4   9   5  29   6  99   7  29   8  45   9  21  10  53  11  87  12  82  13  33  14  31  15  89  16  48  17  74  18  32  19  69 
  0  78   1  62   2  11   3   1   4   9   5  23   6  94   7  27   8  41   9  16  10  53  11  83  12  77  13  29  14  29  15  88  16  43  17  75  18  28  19  65 
  0  88   1  67   2  14   3   6   4  10   5  29   6  98   7  29   8  43   9  24  10  54  11  88  12  84  13  37  14  31  15  89  16  48  17  75  18  33  19  67 
  0  84   1  62   2  11   3   1   4   8   5  26   6  97   7  28   8  41   9  19  10  54  11  88  12  83  13  32  14  29  15  89  16  47  17  77  18  31  19  69 
  0  86   1  67   2  13   3   6   4  10   5  29   6  99   7  29   8  44   9  22  10  53  11  86  12  86  13  35  14  29  15  89  16  46  17  77  18  33  19  69 
  0  88   1  67   2  14   3   3   4  10   5  28   6  98   7  28   8  45   9  23  10  54  11  89  12  84  13  36  14  29  15  87  16  49  17  75  18  32  19  69 
  0  79   1  64   2  13   3   1   4  10   5  24   6  96   7  27   8  43   9  21  10  54  11  86  12  80  13  31  14  30  15  88  16  44  17  75  18  28  19  66 
  0  86   1  62   2  12   3   1   4   8   5  26   6  97   7  27   8  44   9  20  10  52  11  89  12  83  13  36  14  30  15  87  16  49  17  77  18  33  19  67 
  0  86   1  65   2  14   3   3   4   8   5  28   6  97   7  29   8  44   9  20  10  54  11  89  12  86  13  36  14  29  15  89  16  47  17  76  18  33  19  66 
  0  84   1  66   2  13   3   3   4   8   5  27   6  99   7  27   8  44   9  22  10  53  11  88  12  82  13  33  14  31  15  87  16  48  17  75  18  32  19  67 
  0  80   1  61   2  10   3   1   4   8   5  22   6  97   7  27   8  41   9  18  10  53  11  83  12  78  13  30  14  29  15  87  16  43  17  73  18  27  19  65 
  0  85   1  65   2  14   3   1   4  10   5  26   6  98   7  27   8  45   9  20  10  53  11  89  12  82  13  33  14  30  15  88  16  45  17  77  18  30  19  66 


