
 20  20

  0  77   1  21   2  21   3  38   4  84   5  64   6  53   7   6   8  37   9  70  10  97  11  10  12  50  13  11  14  65  15  25  16  30  17  98  18  36  19  84 
  0  73   1  19   2  15   3  32   4  83   5  60   6  53   7   1   8  30   9  69  10  97  11   1  12  47  13   7  14  57  15  23  16  29  17  94  18  32  19  83 
  0  74   1  19   2  17   3  36   4  83   5  59   6  50   7   1   8  35   9  70  10  97  11   4  12  48  13   9  14  63  15  22  16  30  17  97  18  32  19  85 
  0  74   1  21   2  18   3  33   4  82   5  60   6  53   7   1   8  30   9  69  10  97  11   4  12  46  13  10  14  59  15  22  16  28  17  97  18  34  19  83 
  0  77   1  19   2  17   3  35   4  84   5  61   6  54   7   2   8  36   9  69  10  97  11   8  12  50  13  11  14  61  15  23  16  29  17  98  18  34  19  83 
  0  71   1  21   2  17   3  34   4  82   5  60   6  52   7   1   8  31   9  69  10  98  11   1  12  45  13   7  14  58  15  21  16  28  17  96  18  32  19  83 
  0  70   1  21   2  15   3  33   4  83   5  59   6  52   7   1   8  32   9  70  10  97  11   1  12  46  13   8  14  59  15  21  16  30  17  96  18  32  19  83 
  0  70   1  21   2  16   3  33   4  82   5  59   6  53   7   1   8  32   9  69  10  98  11   1  12  47  13  10  14  58  15  22  16  30  17  95  18  35  19  85 
  0  75   1  20   2  17   3  34   4  82   5  63   6  53   7   3   8  34   9  69  10  98  11   6  12  50  13   8  14  62  15  24  16  28  17  96  18  37  19  85 
  0  72   1  20   2  18   3  33   4  83   5  62   6  52   7   1   8  34   9  69  10  99  11   4  12  48  13  10  14  60  15  21  16  28  17  97  18  32  19  85 
  0  76   1  19   2  17   3  34   4  86   5  60   6  54   7   2   8  36   9  71  10  97  11   6  12  50  13   8  14  61  15  22  16  30  17  98  18  37  19  84 
  0  72   1  20   2  17   3  33   4  84   5  59   6  51   7   1   8  32   9  70  10  99  11   5  12  45  13   8  14  59  15  24  16  29  17  94  18  34  19  83 
  0  76   1  19   2  20   3  35   4  84   5  63   6  54   7   4   8  35   9  71  10  99  11   7  12  50  13   8  14  60  15  23  16  28  17  98  18  33  19  85 
  0  70   1  20   2  18   3  32   4  84   5  62   6  50   7   1   8  32   9  71  10  97  11   3  12  47  13   7  14  57  15  21  16  30  17  94  18  34  19  83 
  0  76   1  21   2  19   3  33   4  85   5  62   6  51   7   2   8  36   9  71  10  98  11   4  12  47  13   9  14  63  15  26  16  30  17  95  18  34  19  83 
  0  75   1  21   2  17   3  34   4  82   5  59   6  52   7   1   8  33   9  71  10  97  11   4  12  48  13   9  14  58  15  24  16  30  17  94  18  34  19  84 
  0  72   1  19   2  18   3  34   4  85   5  63   6  53   7   1   8  32   9  71  10  99  11   4  12  49  13   8  14  59  15  24  16  29  17  96  18  34  19  85 
  0  70   1  19   2  18   3  32   4  82   5  59   6  50   7   1   8  34   9  69  10  97  11   1  12  48  13   7  14  61  15  21  16  28  17  96  18  33  19  83 
  0  80   1  21   2  21   3  36   4  84   5  65   6  54   7   2   8  38   9  71  10  98  11   7  12  51  13  11  14  66  15  27  16  28  17  98  18  38  19  83 
  0  71   1  21   2  15   3  32   4  84   5  61   6  50   7   1   8  30   9  71  10  98  11   1  12  45  13  10  14  57  15  23  16  28  17  95  18  32  19  85 


