
 20  20

  0  71   1  79   2  26   3  71   4  65   5  99   6   7   7  74   8  30   9  19  10  44  11  26  12  22  13  87  14  96  15  64  16  16  17  21  18  42  19   7 
  0  65   1  75   2  24   3  68   4  63   5  98   6   7   7  75   8  30   9  21  10  46  11  22  12  18  13  84  14  95  15  59  16  13  17  21  18  41  19   4 
  0  69   1  77   2  24   3  71   4  63   5  97   6   6   7  73   8  28   9  19  10  45  11  24  12  20  13  87  14  92  15  59  16  13  17  17  18  41  19   3 
  0  68   1  79   2  25   3  70   4  64   5  99   6   7   7  73   8  31   9  21  10  45  11  26  12  21  13  86  14  96  15  65  16  16  17  20  18  44  19   5 
  0  63   1  73   2  19   3  70   4  59   5  98   6   7   7  74   8  25   9  17  10  45  11  25  12  17  13  86  14  92  15  58  16  12  17  18  18  38  19   2 
  0  70   1  77   2  27   3  68   4  64   5  99   6   7   7  72   8  29   9  19  10  46  11  24  12  20  13  84  14  94  15  63  16  15  17  21  18  44  19   6 
  0  69   1  76   2  23   3  69   4  65   5  99   6   5   7  75   8  29   9  21  10  42  11  23  12  18  13  87  14  93  15  60  16  15  17  21  18  39  19   4 
  0  69   1  79   2  27   3  70   4  66   5  99   6   7   7  74   8  30   9  19  10  44  11  24  12  23  13  85  14  95  15  63  16  18  17  18  18  42  19   4 
  0  62   1  73   2  22   3  69   4  61   5  98   6   5   7  73   8  29   9  17  10  44  11  24  12  15  13  83  14  90  15  56  16  12  17  20  18  40  19   1 
  0  63   1  76   2  20   3  67   4  59   5  96   6   6   7  73   8  28   9  17  10  42  11  25  12  20  13  86  14  91  15  60  16  13  17  21  18  41  19   4 
  0  64   1  74   2  20   3  67   4  58   5  96   6   5   7  71   8  25   9  18  10  42  11  24  12  15  13  83  14  92  15  58  16  10  17  17  18  36  19   2 
  0  64   1  75   2  21   3  68   4  58   5  96   6   5   7  71   8  26   9  17  10  43  11  22  12  15  13  83  14  90  15  57  16  10  17  18  18  36  19   1 
  0  61   1  75   2  20   3  67   4  59   5  98   6   6   7  71   8  28   9  17  10  44  11  23  12  17  13  86  14  90  15  55  16  10  17  17  18  36  19   2 
  0  65   1  76   2  23   3  67   4  60   5  97   6   7   7  72   8  27   9  17  10  45  11  24  12  16  13  86  14  91  15  58  16  11  17  20  18  41  19   1 
  0  68   1  76   2  24   3  69   4  63   5  99   6   7   7  75   8  30   9  21  10  43  11  26  12  21  13  86  14  96  15  61  16  13  17  18  18  40  19   2 
  0  67   1  79   2  27   3  68   4  66   5  99   6   7   7  75   8  30   9  20  10  44  11  26  12  23  13  84  14  96  15  61  16  16  17  18  18  42  19   6 
  0  67   1  76   2  26   3  71   4  65   5  98   6   7   7  75   8  28   9  19  10  43  11  25  12  19  13  87  14  95  15  63  16  18  17  21  18  41  19   5 
  0  67   1  79   2  23   3  70   4  65   5  98   6   5   7  75   8  28   9  20  10  43  11  26  12  19  13  86  14  93  15  61  16  15  17  18  18  42  19   5 
  0  68   1  76   2  21   3  67   4  61   5  99   6   6   7  71   8  30   9  18  10  46  11  23  12  17  13  83  14  91  15  62  16  12  17  18  18  39  19   5 
  0  66   1  76   2  25   3  67   4  63   5  99   6   7   7  72   8  31   9  18  10  45  11  26  12  18  13  85  14  93  15  62  16  14  17  17  18  41  19   6 


