
 20  20

  0  86   1  54   2  65   3  29   4  32   5  82   6  81   7   6   8  33   9  51  10  90  11   5  12   1  13  84  14  95  15  37  16  17  17  37  18  44  19  74 
  0  89   1  54   2  62   3  30   4  31   5  83   6  79   7   4   8  36   9  50  10  90  11   2  12   1  13  85  14  94  15  35  16  18  17  36  18  42  19  73 
  0  92   1  56   2  66   3  34   4  31   5  85   6  79   7   7   8  35   9  54  10  91  11   5  12   1  13  88  14  96  15  37  16  22  17  35  18  45  19  73 
  0  87   1  54   2  62   3  28   4  31   5  80   6  80   7   4   8  33   9  49  10  87  11   2  12   1  13  84  14  94  15  35  16  15  17  35  18  43  19  73 
  0  96   1  58   2  70   3  36   4  33   5  87   6  81   7   8   8  39   9  55  10  97  11   6  12   5  13  93  14  98  15  44  16  25  17  36  18  45  19  79 
  0  95   1  56   2  70   3  36   4  32   5  88   6  81   7   5   8  36   9  52  10  94  11   6  12   3  13  93  14  95  15  42  16  24  17  36  18  43  19  79 
  0  90   1  54   2  67   3  34   4  33   5  84   6  81   7   6   8  36   9  50  10  92  11   4  12   2  13  85  14  98  15  36  16  17  17  36  18  44  19  74 
  0  96   1  58   2  68   3  37   4  33   5  88   6  79   7   7   8  39   9  52  10  97  11   3  12   1  13  89  14  98  15  42  16  22  17  37  18  43  19  77 
  0  90   1  55   2  66   3  33   4  32   5  83   6  80   7   6   8  38   9  53  10  95  11   4  12   2  13  90  14  98  15  41  16  20  17  37  18  43  19  76 
  0  91   1  56   2  66   3  33   4  31   5  83   6  79   7   7   8  36   9  51  10  92  11   5  12   3  13  88  14  98  15  40  16  22  17  37  18  43  19  75 
  0  93   1  56   2  69   3  33   4  31   5  86   6  81   7   5   8  38   9  55  10  95  11   6  12   5  13  90  14  95  15  39  16  21  17  35  18  45  19  76 
  0  88   1  57   2  64   3  31   4  32   5  81   6  79   7   6   8  34   9  51  10  88  11   4  12   1  13  84  14  97  15  36  16  18  17  37  18  42  19  75 
  0  91   1  54   2  66   3  30   4  33   5  80   6  79   7   6   8  36   9  49  10  88  11   5  12   1  13  85  14  94  15  37  16  19  17  35  18  44  19  71 
  0  91   1  56   2  67   3  30   4  31   5  81   6  81   7   7   8  33   9  49  10  90  11   3  12   2  13  86  14  98  15  38  16  17  17  35  18  44  19  72 
  0  90   1  54   2  66   3  30   4  31   5  82   6  81   7   6   8  36   9  49  10  89  11   3  12   1  13  86  14  97  15  36  16  16  17  37  18  43  19  76 
  0  92   1  57   2  66   3  34   4  31   5  83   6  81   7   8   8  34   9  53  10  92  11   6  12   1  13  88  14  97  15  36  16  18  17  36  18  42  19  76 
  0  94   1  57   2  68   3  37   4  33   5  87   6  81   7   8   8  39   9  55  10  94  11   6  12   3  13  90  14  96  15  44  16  24  17  37  18  46  19  79 
  0  86   1  54   2  62   3  29   4  33   5  80   6  79   7   4   8  34   9  49  10  89  11   2  12   1  13  84  14  95  15  34  16  17  17  37  18  43  19  71 
  0  96   1  58   2  70   3  38   4  32   5  88   6  81   7   6   8  38   9  55  10  97  11   6  12   3  13  93  14  98  15  43  16  25  17  37  18  45  19  79 
  0  89   1  55   2  65   3  34   4  33   5  86   6  81   7   5   8  36   9  52  10  91  11   5  12   1  13  89  14  94  15  40  16  18  17  36  18  44  19  73 


