
 20  20

  0  11   1  11   2  20   3  11   4  83   5  27   6  20   7  53   8  20   9   2  10  17  11  37  12  43  13  95  14  10  15  97  16  81  17  15  18  96  19  59 
  0  15   1  11   2  22   3  13   4  83   5  27   6  20   7  57   8  20   9   5  10  21  11  40  12  43  13  99  14  12  15  97  16  79  17  15  18  96  19  56 
  0  14   1  10   2  23   3  10   4  83   5  29   6  19   7  51   8  18   9   5  10  19  11  37  12  43  13  98  14  12  15  99  16  79  17  13  18  95  19  56 
  0  19   1  12   2  24   3  15   4  87   5  28   6  20   7  56   8  18   9   5  10  19  11  44  12  45  13  99  14  14  15  99  16  81  17  15  18  95  19  60 
  0  11   1   8   2  20   3  12   4  83   5  27   6  20   7  50   8  20   9   4  10  14  11  38  12  45  13  97  14   8  15  97  16  79  17  14  18  97  19  56 
  0   9   1   8   2  21   3  11   4  84   5  27   6  18   7  50   8  18   9   5  10  14  11  37  12  45  13  97  14   9  15  97  16  79  17  13  18  95  19  56 
  0  15   1  11   2  24   3  11   4  86   5  29   6  19   7  55   8  20   9   5  10  20  11  40  12  45  13  98  14  13  15  99  16  79  17  13  18  96  19  58 
  0   9   1   8   2  20   3  11   4  83   5  27   6  18   7  50   8  20   9   2  10  14  11  38  12  43  13  95  14   8  15  97  16  79  17  13  18  95  19  56 
  0   9   1   7   2  20   3  12   4  83   5  27   6  18   7  52   8  20   9   3  10  14  11  36  12  43  13  96  14  10  15  97  16  80  17  13  18  96  19  56 
  0  10   1  10   2  20   3  13   4  84   5  27   6  18   7  53   8  18   9   2  10  18  11  37  12  43  13  96  14  11  15  98  16  80  17  13  18  95  19  56 
  0  15   1  13   2  21   3  11   4  84   5  27   6  19   7  57   8  18   9   3  10  18  11  40  12  43  13  99  14  15  15  99  16  79  17  15  18  97  19  56 
  0  19   1  15   2  24   3  14   4  86   5  29   6  20   7  56   8  19   9   6  10  22  11  43  12  45  13  99  14  18  15  99  16  79  17  15  18  95  19  60 
  0   9   1  10   2  22   3  10   4  85   5  28   6  18   7  50   8  18   9   5  10  15  11  39  12  43  13  96  14  10  15  98  16  79  17  13  18  95  19  56 
  0  13   1  12   2  22   3  13   4  83   5  29   6  18   7  56   8  19   9   4  10  18  11  43  12  45  13  99  14  12  15  99  16  80  17  13  18  95  19  59 
  0  14   1   9   2  20   3  11   4  86   5  27   6  19   7  51   8  20   9   3  10  17  11  38  12  43  13  97  14  10  15  97  16  79  17  13  18  97  19  56 
  0  17   1  11   2  24   3  16   4  84   5  28   6  18   7  57   8  20   9   5  10  17  11  41  12  45  13  99  14  16  15  98  16  81  17  15  18  95  19  60 
  0  14   1  12   2  24   3  12   4  86   5  29   6  19   7  56   8  19   9   5  10  19  11  43  12  45  13  99  14  17  15  97  16  81  17  13  18  96  19  59 
  0  18   1  15   2  23   3  16   4  87   5  29   6  20   7  58   8  20   9   8  10  22  11  44  12  45  13  99  14  16  15  99  16  80  17  15  18  97  19  60 
  0  13   1  10   2  24   3  12   4  83   5  28   6  19   7  54   8  19   9   7  10  19  11  43  12  45  13  99  14  16  15  97  16  80  17  15  18  96  19  60 
  0  11   1   9   2  21   3  12   4  83   5  27   6  20   7  54   8  19   9   2  10  17  11  40  12  44  13  95  14   8  15  97  16  80  17  13  18  95  19  57 


