
 20  20

  0  37   1  40   2  28   3   7   4  21   5  56   6  96   7  11   8  57   9  87  10  14  11  16  12  17  13  23  14  48  15  16  16  52  17  47  18  83  19   3 
  0  39   1  44   2  31   3   6   4  22   5  56   6  99   7  11   8  58   9  91  10  14  11  14  12  16  13  25  14  51  15  18  16  52  17  49  18  85  19   4 
  0  37   1  41   2  31   3   7   4  19   5  56   6  96   7  13   8  58   9  90  10  14  11  15  12  15  13  23  14  50  15  16  16  53  17  47  18  82  19   3 
  0  40   1  43   2  33   3  12   4  25   5  59   6  99   7  14   8  59   9  94  10  17  11  20  12  24  13  24  14  51  15  18  16  53  17  48  18  86  19   5 
  0  42   1  46   2  33   3   9   4  27   5  60   6  98   7  17   8  57   9  97  10  16  11  19  12  21  13  25  14  56  15  17  16  54  17  50  18  90  19   7 
  0  44   1  46   2  35   3  13   4  28   5  60   6  98   7  19   8  59   9  97  10  15  11  23  12  23  13  25  14  55  15  18  16  54  17  51  18  90  19   9 
  0  35   1  43   2  30   3   5   4  19   5  57   6  97   7  11   8  58   9  87  10  13  11  14  12  15  13  24  14  48  15  17  16  52  17  49  18  82  19   5 
  0  43   1  46   2  35   3  11   4  25   5  60   6  97   7  18   8  59   9  93  10  14  11  23  12  22  13  24  14  53  15  18  16  54  17  50  18  88  19   7 
  0  40   1  43   2  30   3   7   4  23   5  57   6  96   7  14   8  57   9  89  10  13  11  18  12  18  13  24  14  53  15  16  16  52  17  48  18  87  19   6 
  0  39   1  42   2  33   3   8   4  23   5  56   6  97   7  14   8  59   9  92  10  16  11  18  12  23  13  25  14  51  15  16  16  52  17  49  18  85  19   5 
  0  40   1  43   2  34   3  13   4  26   5  59   6  99   7  16   8  58   9  93  10  16  11  21  12  23  13  25  14  54  15  18  16  54  17  51  18  89  19   8 
  0  34   1  42   2  28   3   5   4  21   5  57   6  98   7  11   8  59   9  89  10  15  11  15  12  16  13  23  14  50  15  16  16  52  17  48  18  82  19   3 
  0  42   1  44   2  34   3   9   4  28   5  59   6  98   7  14   8  57   9  92  10  16  11  18  12  22  13  25  14  55  15  17  16  54  17  51  18  87  19   9 
  0  38   1  44   2  35   3   8   4  24   5  60   6  99   7  17   8  58   9  92  10  14  11  19  12  23  13  23  14  53  15  18  16  54  17  48  18  89  19   9 
  0  39   1  46   2  35   3  10   4  27   5  60   6  98   7  17   8  59   9  93  10  15  11  19  12  23  13  25  14  52  15  18  16  52  17  51  18  88  19   6 
  0  34   1  40   2  29   3   7   4  19   5  56   6  96   7  13   8  57   9  87  10  13  11  13  12  15  13  25  14  49  15  17  16  52  17  49  18  83  19   3 
  0  41   1  46   2  36   3  11   4  27   5  59   6  99   7  19   8  59   9  95  10  15  11  22  12  25  13  25  14  55  15  18  16  53  17  49  18  89  19   9 
  0  34   1  42   2  31   3   5   4  19   5  56   6  98   7  13   8  57   9  87  10  13  11  16  12  15  13  24  14  51  15  17  16  52  17  47  18  82  19   4 
  0  38   1  44   2  35   3  10   4  26   5  56   6  96   7  15   8  57   9  91  10  14  11  18  12  22  13  25  14  53  15  18  16  54  17  47  18  87  19   6 
  0  42   1  45   2  33   3  12   4  25   5  59   6  99   7  16   8  58   9  92  10  15  11  19  12  22  13  25  14  52  15  16  16  52  17  50  18  90  19   5 


