
 20  20

  0  18   1  67   2  92   3  51   4  56   5  72   6  26   7  88   8  50   9  64  10  69  11  43  12  42  13  23  14  54  15  38  16  52  17  35  18  80  19  36 
  0  14   1  63   2  89   3  50   4  55   5  72   6  23   7  85   8  48   9  60  10  67  11  43  12  37  13  22  14  50  15  38  16  50  17  35  18  80  19  33 
  0   9   1  62   2  88   3  44   4  53   5  74   6  23   7  80   8  49   9  57  10  61  11  37  12  36  13  19  14  46  15  36  16  46  17  32  18  80  19  32 
  0  16   1  63   2  87   3  45   4  53   5  73   6  23   7  86   8  48   9  63  10  67  11  40  12  40  13  20  14  51  15  38  16  48  17  31  18  80  19  33 
  0   9   1  62   2  86   3  43   4  51   5  72   6  22   7  80   8  48   9  55  10  63  11  35  12  34  13  20  14  46  15  38  16  43  17  31  18  82  19  30 
  0   9   1  60   2  84   3  41   4  51   5  73   6  22   7  79   8  50   9  55  10  61  11  35  12  32  13  19  14  44  15  36  16  43  17  29  18  80  19  31 
  0  14   1  64   2  85   3  45   4  52   5  73   6  22   7  81   8  49   9  60  10  65  11  37  12  34  13  19  14  48  15  38  16  47  17  31  18  82  19  33 
  0  16   1  67   2  92   3  50   4  55   5  72   6  26   7  88   8  50   9  63  10  68  11  40  12  39  13  23  14  51  15  38  16  53  17  35  18  82  19  36 
  0   9   1  60   2  85   3  42   4  53   5  74   6  24   7  79   8  48   9  57  10  61  11  38  12  35  13  21  14  44  15  37  16  44  17  30  18  81  19  32 
  0  10   1  63   2  86   3  42   4  55   5  72   6  22   7  83   8  50   9  56  10  65  11  38  12  33  13  18  14  45  15  38  16  45  17  31  18  82  19  34 
  0  11   1  61   2  84   3  45   4  51   5  72   6  22   7  80   8  50   9  59  10  61  11  37  12  35  13  19  14  45  15  36  16  45  17  31  18  81  19  30 
  0  19   1  67   2  91   3  48   4  56   5  74   6  24   7  87   8  49   9  65  10  68  11  43  12  42  13  24  14  51  15  38  16  50  17  34  18  81  19  36 
  0  16   1  61   2  87   3  44   4  55   5  72   6  25   7  84   8  48   9  58  10  63  11  41  12  36  13  21  14  50  15  36  16  46  17  32  18  82  19  35 
  0  17   1  65   2  89   3  45   4  54   5  72   6  25   7  84   8  50   9  61  10  66  11  40  12  36  13  21  14  52  15  38  16  51  17  33  18  81  19  31 
  0  17   1  66   2  92   3  51   4  56   5  74   6  25   7  88   8  50   9  64  10  67  11  43  12  41  13  24  14  53  15  38  16  52  17  35  18  82  19  36 
  0  15   1  63   2  89   3  47   4  52   5  72   6  23   7  84   8  48   9  60  10  63  11  38  12  34  13  20  14  49  15  38  16  45  17  32  18  82  19  31 
  0  19   1  64   2  88   3  50   4  55   5  74   6  23   7  84   8  50   9  61  10  65  11  39  12  41  13  24  14  50  15  38  16  52  17  32  18  82  19  33 
  0  16   1  63   2  87   3  49   4  54   5  72   6  24   7  83   8  50   9  62  10  66  11  38  12  40  13  22  14  51  15  38  16  48  17  33  18  80  19  32 
  0  10   1  60   2  84   3  44   4  53   5  73   6  24   7  78   8  48   9  56  10  62  11  35  12  33  13  20  14  44  15  36  16  43  17  30  18  80  19  31 
  0  19   1  67   2  92   3  47   4  54   5  74   6  26   7  85   8  48   9  61  10  69  11  42  12  39  13  24  14  50  15  36  16  49  17  32  18  82  19  36 


