
 20  20

  0  53   1  88   2  30   3  77   4  51   5  24   6  48   7  42   8  67   9  46  10  71  11  99  12  52  13  48  14  25  15  85  16  71  17  30  18  83  19  92 
  0  52   1  88   2  28   3  76   4  49   5  23   6  48   7  40   8  69   9  44  10  69  11  98  12  52  13  49  14  23  15  82  16  71  17  28  18  85  19  92 
  0  51   1  85   2  30   3  77   4  48   5  23   6  48   7  41   8  66   9  47  10  68  11  99  12  51  13  49  14  22  15  83  16  70  17  30  18  85  19  89 
  0  50   1  88   2  28   3  78   4  49   5  24   6  48   7  42   8  68   9  45  10  71  11  99  12  51  13  47  14  25  15  85  16  70  17  30  18  84  19  90 
  0  43   1  87   2  24   3  69   4  44   5  21   6  43   7  42   8  64   9  42  10  68  11  96  12  50  13  47  14  16  15  78  16  69  17  27  18  78  19  85 
  0  46   1  85   2  24   3  68   4  43   5  23   6  43   7  40   8  66   9  42  10  67  11  97  12  50  13  45  14  16  15  77  16  67  17  24  18  80  19  84 
  0  50   1  86   2  29   3  72   4  49   5  21   6  43   7  42   8  64   9  41  10  68  11  98  12  52  13  48  14  18  15  81  16  69  17  28  18  80  19  88 
  0  44   1  86   2  24   3  69   4  43   5  20   6  43   7  40   8  66   9  39  10  68  11  99  12  52  13  48  14  18  15  75  16  69  17  24  18  77  19  85 
  0  47   1  84   2  29   3  75   4  49   5  22   6  44   7  41   8  68   9  41  10  68  11  98  12  52  13  48  14  19  15  80  16  71  17  25  18  83  19  88 
  0  48   1  86   2  25   3  72   4  45   5  24   6  45   7  42   8  63   9  41  10  68  11  98  12  52  13  49  14  19  15  81  16  68  17  26  18  80  19  85 
  0  43   1  86   2  24   3  69   4  43   5  23   6  43   7  41   8  65   9  39  10  67  11  96  12  50  13  46  14  18  15  78  16  68  17  24  18  77  19  82 
  0  46   1  85   2  28   3  72   4  45   5  20   6  45   7  41   8  66   9  42  10  69  11  97  12  50  13  45  14  19  15  76  16  68  17  24  18  81  19  83 
  0  43   1  84   2  24   3  69   4  45   5  20   6  42   7  41   8  64   9  41  10  69  11  96  12  50  13  45  14  17  15  75  16  69  17  25  18  77  19  83 
  0  48   1  86   2  25   3  74   4  48   5  24   6  45   7  40   8  67   9  44  10  69  11  99  12  52  13  46  14  18  15  80  16  71  17  26  18  81  19  87 
  0  49   1  84   2  25   3  73   4  45   5  22   6  46   7  40   8  67   9  44  10  70  11  99  12  51  13  48  14  18  15  79  16  71  17  29  18  82  19  87 
  0  47   1  85   2  27   3  73   4  45   5  21   6  47   7  42   8  65   9  43  10  68  11  98  12  50  13  46  14  18  15  79  16  69  17  26  18  79  19  85 
  0  46   1  87   2  27   3  70   4  46   5  24   6  43   7  41   8  63   9  43  10  67  11  99  12  51  13  46  14  18  15  81  16  67  17  28  18  81  19  88 
  0  51   1  85   2  28   3  76   4  47   5  20   6  44   7  41   8  69   9  43  10  68  11  97  12  51  13  47  14  22  15  81  16  68  17  30  18  80  19  90 
  0  50   1  88   2  29   3  78   4  51   5  22   6  46   7  42   8  68   9  45  10  71  11  98  12  50  13  49  14  22  15  85  16  68  17  29  18  85  19  92 
  0  47   1  85   2  27   3  70   4  45   5  20   6  43   7  41   8  66   9  42  10  67  11  98  12  50  13  45  14  16  15  76  16  70  17  26  18  81  19  83 


