
 20  20

  0  55   1  59   2   1   3  89   4  25   5  86   6  61   7  14   8  77   9  70  10  46  11  36  12  35  13   1  14  40  15  61  16   7  17  83  18   9  19  56 
  0  54   1  57   2   1   3  86   4  25   5  87   6  61   7  15   8  76   9  69  10  46  11  34  12  38  13   1  14  37  15  63  16  11  17  83  18  12  19  55 
  0  54   1  59   2   1   3  90   4  24   5  86   6  59   7  16   8  78   9  71  10  48  11  35  12  37  13   2  14  39  15  64  16   7  17  83  18  11  19  55 
  0  57   1  59   2   1   3  88   4  25   5  90   6  60   7  14   8  75   9  69  10  51  11  35  12  38  13   2  14  38  15  65  16   8  17  81  18  13  19  55 
  0  59   1  58   2   2   3  91   4  25   5  90   6  61   7  16   8  77   9  71  10  48  11  38  12  39  13   1  14  39  15  65  16  11  17  82  18  14  19  56 
  0  55   1  59   2   1   3  88   4  25   5  89   6  60   7  16   8  75   9  68  10  48  11  35  12  36  13   1  14  37  15  63  16   7  17  83  18   9  19  57 
  0  49   1  59   2   1   3  87   4  23   5  88   6  61   7  15   8  73   9  65  10  47  11  34  12  36  13   1  14  38  15  61  16   9  17  81  18   7  19  53 
  0  54   1  59   2   2   3  91   4  24   5  91   6  61   7  16   8  78   9  71  10  51  11  36  12  36  13   2  14  40  15  64  16  11  17  83  18  11  19  54 
  0  49   1  57   2   1   3  86   4  24   5  86   6  60   7  15   8  73   9  65  10  45  11  34  12  35  13   1  14  38  15  60  16   8  17  81  18   8  19  52 
  0  54   1  57   2   2   3  87   4  25   5  90   6  59   7  14   8  76   9  69  10  51  11  38  12  36  13   2  14  39  15  63  16   8  17  81  18  10  19  56 
  0  51   1  57   2   1   3  85   4  23   5  87   6  61   7  15   8  73   9  66  10  49  11  35  12  38  13   1  14  37  15  62  16   7  17  83  18   7  19  52 
  0  59   1  59   2   2   3  90   4  24   5  89   6  59   7  16   8  79   9  73  10  51  11  38  12  37  13   1  14  39  15  66  16  10  17  81  18  14  19  59 
  0  52   1  57   2   1   3  88   4  25   5  87   6  59   7  14   8  76   9  68  10  48  11  36  12  36  13   1  14  36  15  65  16  10  17  83  18  11  19  53 
  0  51   1  57   2   2   3  88   4  25   5  88   6  59   7  14   8  76   9  65  10  45  11  35  12  35  13   2  14  38  15  63  16   9  17  81  18  10  19  54 
  0  51   1  59   2   1   3  86   4  24   5  85   6  59   7  14   8  73   9  68  10  49  11  36  12  37  13   2  14  37  15  61  16  10  17  81  18   9  19  53 
  0  51   1  58   2   1   3  89   4  23   5  87   6  59   7  16   8  76   9  67  10  45  11  36  12  36  13   2  14  36  15  61  16   8  17  81  18   9  19  56 
  0  57   1  58   2   1   3  89   4  23   5  89   6  61   7  15   8  75   9  70  10  49  11  38  12  37  13   2  14  38  15  62  16   7  17  81  18  13  19  58 
  0  52   1  59   2   1   3  88   4  23   5  90   6  60   7  15   8  74   9  70  10  47  11  38  12  37  13   1  14  40  15  63  16   8  17  82  18   8  19  52 
  0  57   1  59   2   2   3  92   4  25   5  89   6  61   7  16   8  79   9  72  10  49  11  38  12  38  13   1  14  40  15  65  16  11  17  82  18  14  19  59 
  0  49   1  59   2   1   3  85   4  25   5  85   6  59   7  14   8  75   9  68  10  45  11  34  12  35  13   1  14  37  15  61  16   6  17  81  18  10  19  51 


