
 20  20

  0  43   1  95   2  73   3  44   4  27   5  62   6  61   7  64   8  75   9  11  10  31  11  84  12  30  13  94  14  52  15  29  16  99  17  66  18  68  19  82 
  0  42   1  92   2  72   3  43   4  26   5  65   6  61   7  63   8  72   9  10  10  33  11  82  12  29  13  91  14  55  15  31  16  97  17  67  18  66  19  79 
  0  42   1  91   2  73   3  39   4  26   5  65   6  62   7  65   8  74   9  12  10  30  11  80  12  30  13  90  14  52  15  32  16  94  17  66  18  70  19  81 
  0  39   1  91   2  72   3  40   4  25   5  65   6  61   7  65   8  74   9  10  10  28  11  79  12  33  13  88  14  52  15  27  16  97  17  63  18  68  19  81 
  0  38   1  90   2  71   3  38   4  21   5  64   6  62   7  63   8  72   9   9  10  28  11  79  12  31  13  90  14  52  15  28  16  92  17  62  18  63  19  77 
  0  39   1  95   2  71   3  40   4  24   5  61   6  61   7  65   8  75   9  10  10  31  11  81  12  31  13  90  14  52  15  28  16  97  17  67  18  68  19  79 
  0  40   1  96   2  73   3  41   4  26   5  64   6  63   7  63   8  74   9  12  10  34  11  81  12  29  13  90  14  56  15  31  16  99  17  65  18  68  19  81 
  0  45   1  96   2  73   3  44   4  25   5  64   6  63   7  64   8  75   9  17  10  34  11  82  12  33  13  95  14  55  15  35  16  99  17  68  18  72  19  82 
  0  40   1  96   2  73   3  41   4  27   5  62   6  63   7  65   8  75   9  11  10  34  11  82  12  33  13  91  14  52  15  30  16  95  17  66  18  68  19  83 
  0  44   1  93   2  73   3  44   4  27   5  63   6  63   7  65   8  75   9  13  10  34  11  84  12  32  13  92  14  57  15  32  16  97  17  70  18  69  19  83 
  0  36   1  91   2  71   3  40   4  24   5  64   6  63   7  64   8  71   9  12  10  29  11  78  12  30  13  87  14  51  15  30  16  95  17  63  18  66  19  81 
  0  42   1  94   2  73   3  40   4  22   5  61   6  61   7  63   8  73   9  11  10  30  11  82  12  29  13  91  14  51  15  31  16  97  17  64  18  66  19  82 
  0  43   1  95   2  72   3  42   4  26   5  65   6  63   7  65   8  74   9  16  10  30  11  83  12  30  13  92  14  55  15  32  16  97  17  66  18  71  19  79 
  0  45   1  96   2  71   3  46   4  26   5  63   6  63   7  65   8  75   9  15  10  32  11  83  12  33  13  96  14  57  15  33  16  99  17  68  18  72  19  83 
  0  38   1  95   2  71   3  40   4  25   5  62   6  61   7  64   8  74   9  12  10  31  11  79  12  33  13  91  14  54  15  29  16  94  17  67  18  68  19  78 
  0  44   1  95   2  71   3  43   4  27   5  62   6  62   7  65   8  74   9  16  10  33  11  82  12  31  13  93  14  56  15  31  16  96  17  68  18  72  19  82 
  0  37   1  93   2  71   3  40   4  21   5  64   6  62   7  64   8  71   9   8  10  30  11  80  12  29  13  90  14  50  15  29  16  94  17  65  18  67  19  77 
  0  40   1  91   2  73   3  39   4  24   5  64   6  63   7  63   8  72   9  11  10  31  11  80  12  29  13  87  14  53  15  29  16  96  17  64  18  67  19  81 
  0  35   1  92   2  71   3  38   4  22   5  62   6  61   7  64   8  71   9  10  10  29  11  78  12  29  13  87  14  51  15  26  16  91  17  62  18  66  19  79 
  0  38   1  94   2  71   3  42   4  24   5  64   6  61   7  64   8  72   9  12  10  31  11  82  12  31  13  92  14  53  15  27  16  97  17  67  18  67  19  77 


