
 20  20

  0  54   1  60   2  27   3  86   4  90   5  28   6   4   7  93   8  92   9   6  10  81  11  70  12  19  13  55  14  71  15  87  16  32  17  86  18  12  19  55 
  0  50   1  60   2  27   3  88   4  89   5  29   6   4   7  93   8  90   9   8  10  78  11  68  12  19  13  54  14  71  15  84  16  35  17  86  18  11  19  54 
  0  58   1  61   2  30   3  90   4  95   5  31   6   7   7  93   8  93   9   7  10  78  11  71  12  23  13  55  14  73  15  90  16  34  17  83  18  17  19  55 
  0  54   1  61   2  30   3  89   4  96   5  30   6   5   7  93   8  91   9   6  10  81  11  71  12  19  13  54  14  73  15  90  16  34  17  83  18  14  19  53 
  0  55   1  61   2  29   3  90   4  94   5  31   6   5   7  95   8  90   9   8  10  80  11  71  12  20  13  54  14  73  15  89  16  32  17  82  18  14  19  55 
  0  58   1  59   2  28   3  91   4  95   5  31   6   5   7  95   8  94   9   6  10  81  11  74  12  20  13  55  14  72  15  90  16  36  17  86  18  14  19  55 
  0  53   1  60   2  29   3  86   4  91   5  29   6   2   7  94   8  91   9   7  10  77  11  70  12  16  13  55  14  73  15  84  16  35  17  83  18  13  19  53 
  0  49   1  61   2  26   3  84   4  90   5  27   6   4   7  93   8  92   9   6  10  79  11  68  12  19  13  53  14  73  15  84  16  35  17  85  18  12  19  55 
  0  56   1  60   2  27   3  91   4  95   5  30   6   7   7  93   8  91   9   6  10  80  11  74  12  23  13  55  14  71  15  87  16  36  17  86  18  16  19  53 
  0  54   1  60   2  29   3  86   4  92   5  30   6   5   7  95   8  93   9   6  10  78  11  71  12  18  13  53  14  71  15  87  16  36  17  82  18  11  19  55 
  0  54   1  61   2  30   3  85   4  92   5  29   6   3   7  95   8  94   9   8  10  81  11  70  12  17  13  54  14  71  15  85  16  33  17  86  18  10  19  55 
  0  52   1  59   2  30   3  91   4  95   5  29   6   2   7  93   8  91   9   8  10  80  11  71  12  20  13  55  14  71  15  90  16  36  17  82  18  13  19  53 
  0  58   1  59   2  28   3  90   4  97   5  31   6   7   7  93   8  94   9   8  10  81  11  74  12  23  13  55  14  73  15  88  16  36  17  86  18  15  19  55 
  0  57   1  59   2  30   3  93   4  96   5  31   6   5   7  93   8  94   9   7  10  81  11  74  12  23  13  55  14  72  15  89  16  36  17  84  18  17  19  55 
  0  52   1  60   2  26   3  87   4  87   5  27   6   1   7  95   8  90   9   7  10  77  11  68  12  17  13  53  14  71  15  84  16  32  17  85  18  10  19  53 
  0  54   1  59   2  26   3  87   4  92   5  29   6   4   7  95   8  94   9   8  10  81  11  71  12  16  13  54  14  71  15  89  16  35  17  86  18  10  19  55 
  0  49   1  61   2  28   3  86   4  90   5  27   6   1   7  93   8  90   9   6  10  78  11  72  12  20  13  55  14  71  15  84  16  33  17  83  18  12  19  53 
  0  58   1  61   2  27   3  91   4  96   5  31   6   7   7  94   8  94   9   7  10  81  11  74  12  23  13  55  14  73  15  89  16  35  17  83  18  17  19  54 
  0  48   1  59   2  26   3  83   4  87   5  29   6   1   7  94   8  90   9   6  10  77  11  68  12  15  13  55  14  73  15  86  16  32  17  82  18   9  19  54 
  0  52   1  59   2  27   3  84   4  88   5  27   6   2   7  93   8  90   9   6  10  77  11  68  12  17  13  53  14  71  15  85  16  34  17  82  18  11  19  53 


