
 20  20

  0  40   1  74   2  13   3  59   4  78   5  61   6  68   7  59   8  63   9  68  10  41  11  74  12  75  13  54  14   3  15  36  16  76  17  28  18  21  19  89 
  0  34   1  68   2  11   3  57   4  75   5  59   6  67   7  60   8  61   9  69  10  35  11  73  12  75  13  48  14   1  15  36  16  72  17  26  18  16  19  90 
  0  41   1  76   2  16   3  59   4  79   5  61   6  71   7  61   8  64   9  70  10  41  11  74  12  74  13  57  14   6  15  34  16  80  17  28  18  23  19  89 
  0  35   1  66   2  13   3  59   4  77   5  59   6  67   7  59   8  61   9  66  10  35  11  74  12  75  13  49  14   1  15  34  16  72  17  27  18  15  19  90 
  0  36   1  66   2  13   3  57   4  76   5  60   6  64   7  58   8  58   9  66  10  37  11  73  12  74  13  51  14   1  15  34  16  73  17  26  18  16  19  89 
  0  37   1  68   2  11   3  59   4  74   5  60   6  66   7  58   8  60   9  66  10  36  11  75  12  73  13  50  14   1  15  36  16  72  17  27  18  15  19  90 
  0  34   1  70   2  12   3  58   4  77   5  60   6  67   7  59   8  57   9  68  10  37  11  73  12  74  13  50  14   1  15  36  16  72  17  27  18  15  19  90 
  0  42   1  76   2  15   3  57   4  79   5  63   6  69   7  62   8  65   9  70  10  39  11  74  12  73  13  57  14   6  15  36  16  79  17  28  18  24  19  90 
  0  37   1  73   2  13   3  59   4  80   5  63   6  66   7  61   8  61   9  70  10  38  11  73  12  73  13  51  14   2  15  36  16  78  17  26  18  18  19  90 
  0  41   1  76   2  14   3  58   4  80   5  63   6  70   7  61   8  65   9  69  10  40  11  75  12  75  13  56  14   5  15  36  16  79  17  26  18  24  19  90 
  0  37   1  70   2  14   3  58   4  79   5  61   6  69   7  61   8  61   9  70  10  39  11  75  12  74  13  52  14   4  15  36  16  78  17  28  18  22  19  90 
  0  36   1  70   2  12   3  58   4  76   5  60   6  66   7  59   8  61   9  70  10  40  11  73  12  74  13  51  14   1  15  36  16  78  17  28  18  19  19  88 
  0  42   1  72   2  15   3  59   4  80   5  63   6  71   7  62   8  61   9  70  10  41  11  75  12  75  13  57  14   2  15  36  16  80  17  28  18  24  19  90 
  0  41   1  72   2  14   3  57   4  80   5  60   6  69   7  61   8  62   9  70  10  37  11  73  12  73  13  56  14   6  15  34  16  80  17  26  18  20  19  88 
  0  39   1  72   2  15   3  59   4  77   5  62   6  69   7  62   8  60   9  69  10  37  11  75  12  74  13  55  14   5  15  34  16  78  17  28  18  21  19  88 
  0  38   1  70   2  15   3  59   4  79   5  59   6  69   7  62   8  61   9  68  10  38  11  74  12  73  13  54  14   2  15  34  16  77  17  26  18  21  19  88 
  0  37   1  70   2  12   3  57   4  80   5  60   6  68   7  60   8  64   9  69  10  41  11  74  12  75  13  51  14   1  15  36  16  78  17  27  18  20  19  88 
  0  36   1  68   2  10   3  59   4  78   5  59   6  64   7  58   8  62   9  69  10  35  11  75  12  75  13  49  14   1  15  36  16  73  17  26  18  17  19  90 
  0  36   1  71   2  11   3  57   4  78   5  62   6  66   7  61   8  60   9  70  10  36  11  75  12  75  13  51  14   2  15  36  16  73  17  26  18  20  19  88 
  0  36   1  68   2  10   3  57   4  74   5  62   6  63   7  58   8  60   9  68  10  35  11  73  12  73  13  50  14   1  15  34  16  71  17  27  18  15  19  90 


