
 20  20

  0  28   1  98   2   8   3  42   4  32   5  55   6   8   7   6   8  30   9   4  10  28  11   1  12   6  13  43  14  49  15  24  16  10  17  68  18  82  19  19 
  0  36   1  98   2  13   3  44   4  35   5  54   6  14   7  11   8  38   9   7  10  31  11   5  12   9  13  47  14  50  15  30  16  18  17  70  18  92  19  29 
  0  37   1  98   2  15   3  43   4  35   5  56   6  14   7  11   8  40   9  11  10  31  11   8  12   9  13  51  14  52  15  28  16  17  17  70  18  91  19  28 
  0  31   1  98   2   8   3  44   4  31   5  53   6   8   7   9   8  31   9   7  10  28  11   1  12   5  13  43  14  47  15  28  16  10  17  68  18  85  19  20 
  0  37   1  98   2  13   3  42   4  34   5  53   6  11   7   9   8  39   9   7  10  31  11   4  12   9  13  47  14  52  15  28  16  14  17  71  18  89  19  28 
  0  33   1  98   2  11   3  44   4  34   5  55   6  13   7   9   8  33   9   9  10  28  11   5  12   5  13  48  14  51  15  28  16  13  17  71  18  89  19  26 
  0  31   1  98   2   9   3  43   4  31   5  53   6  11   7   9   8  35   9   4  10  29  11   1  12   5  13  44  14  50  15  27  16  14  17  71  18  88  19  22 
  0  37   1  98   2  14   3  44   4  35   5  56   6  14   7   8   8  40   9   9  10  28  11   8  12   7  13  48  14  52  15  27  16  18  17  69  18  88  19  29 
  0  29   1  97   2   8   3  42   4  29   5  53   6  11   7   9   8  32   9   8  10  25  11   1  12   5  13  47  14  48  15  24  16  13  17  69  18  86  19  22 
  0  35   1  98   2  15   3  44   4  32   5  56   6  11   7  10   8  40   9   9  10  29  11   7  12   9  13  48  14  52  15  30  16  17  17  72  18  92  19  26 
  0  29   1  98   2  10   3  44   4  33   5  55   6  11   7   8   8  32   9   4  10  28  11   3  12   5  13  44  14  47  15  26  16  13  17  68  18  83  19  21 
  0  30   1  96   2   7   3  43   4  31   5  54   6  12   7   8   8  34   9   6  10  27  11   1  12   6  13  44  14  50  15  28  16  10  17  71  18  86  19  20 
  0  35   1  98   2  16   3  42   4  35   5  56   6  12   7   9   8  39   9   8  10  28  11   6  12   8  13  48  14  51  15  30  16  17  17  70  18  92  19  29 
  0  28   1  96   2   9   3  42   4  29   5  53   6  11   7   5   8  34   9   4  10  25  11   1  12   5  13  42  14  49  15  25  16   9  17  69  18  84  19  20 
  0  36   1  98   2  15   3  43   4  33   5  56   6  12   7  11   8  40   9  11  10  31  11   8  12   8  13  50  14  52  15  30  16  16  17  72  18  92  19  28 
  0  30   1  97   2  10   3  44   4  32   5  56   6  12   7  10   8  37   9   5  10  30  11   4  12   5  13  47  14  49  15  27  16  13  17  71  18  89  19  24 
  0  35   1  98   2  11   3  43   4  35   5  53   6  14   7  10   8  39   9   6  10  28  11   4  12   8  13  48  14  49  15  29  16  13  17  72  18  91  19  24 
  0  30   1  96   2   7   3  43   4  30   5  52   6   8   7   5   8  30   9   6  10  26  11   1  12   5  13  41  14  46  15  25  16   8  17  70  18  84  19  19 
  0  31   1  96   2   7   3  42   4  29   5  52   6  11   7   6   8  33   9   3  10  26  11   2  12   5  13  43  14  46  15  25  16  11  17  70  18  83  19  20 
  0  30   1  98   2   8   3  42   4  30   5  55   6  10   7   7   8  32   9   3  10  27  11   1  12   8  13  45  14  46  15  24  16  10  17  71  18  83  19  21 


