
 20  20

  0  64   1  58   2  62   3  60   4  63   5  66   6  60   7  64   8  63   9  65  10  56  11  60  12  58  13  62  14  64  15  63  16  66  17  69  18  58  19  63 
  0  67   1  58   2  61   3  57   4  59   5  65   6  59   7  62   8  64   9  65  10  56  11  62  12  57  13  63  14  66  15  65  16  68  17  67  18  59  19  62 
  0  73   1  61   2  66   3  60   4  67   5  68   6  63   7  64   8  69   9  68  10  60  11  64  12  64  13  68  14  71  15  68  16  67  17  70  18  60  19  63 
  0  69   1  58   2  64   3  59   4  62   5  67   6  60   7  62   8  63   9  68  10  60  11  64  12  59  13  64  14  65  15  65  16  67  17  66  18  56  19  63 
  0  66   1  57   2  59   3  57   4  59   5  67   6  57   7  62   8  61   9  65  10  55  11  60  12  59  13  61  14  61  15  63  16  66  17  66  18  59  19  63 
  0  70   1  62   2  66   3  58   4  65   5  66   6  60   7  62   8  69   9  68  10  59  11  64  12  60  13  69  14  66  15  66  16  68  17  69  18  60  19  63 
  0  73   1  64   2  65   3  61   4  66   5  67   6  63   7  64   8  66   9  68  10  59  11  67  12  64  13  71  14  71  15  69  16  68  17  72  18  58  19  66 
  0  65   1  56   2  59   3  57   4  59   5  65   6  55   7  63   8  63   9  66  10  57  11  57  12  56  13  61  14  61  15  64  16  66  17  64  18  57  19  62 
  0  66   1  59   2  63   3  58   4  62   5  65   6  55   7  62   8  64   9  66  10  55  11  60  12  56  13  64  14  65  15  63  16  68  17  64  18  56  19  63 
  0  71   1  63   2  67   3  61   4  65   5  69   6  63   7  64   8  69   9  68  10  61  11  67  12  64  13  71  14  69  15  69  16  68  17  72  18  59  19  64 
  0  64   1  57   2  60   3  57   4  59   5  65   6  58   7  63   8  64   9  64  10  57  11  57  12  56  13  64  14  61  15  65  16  67  17  64  18  56  19  60 
  0  63   1  58   2  60   3  57   4  62   5  66   6  55   7  62   8  64   9  64  10  55  11  57  12  59  13  63  14  63  15  63  16  66  17  67  18  56  19  60 
  0  65   1  59   2  60   3  59   4  64   5  67   6  58   7  62   8  66   9  66  10  55  11  59  12  57  13  62  14  62  15  67  16  66  17  66  18  58  19  64 
  0  68   1  60   2  63   3  61   4  62   5  66   6  61   7  62   8  66   9  67  10  58  11  65  12  60  13  67  14  68  15  66  16  67  17  70  18  60  19  63 
  0  73   1  62   2  66   3  60   4  65   5  67   6  62   7  63   8  68   9  66  10  59  11  66  12  64  13  71  14  69  15  68  16  68  17  70  18  60  19  66 
  0  72   1  62   2  66   3  59   4  67   5  68   6  63   7  64   8  67   9  68  10  61  11  67  12  62  13  70  14  69  15  69  16  66  17  70  18  58  19  66 
  0  64   1  56   2  62   3  59   4  59   5  68   6  55   7  62   8  63   9  64  10  57  11  60  12  56  13  65  14  61  15  64  16  68  17  66  18  56  19  62 
  0  70   1  64   2  66   3  58   4  67   5  69   6  60   7  64   8  68   9  66  10  58  11  64  12  62  13  71  14  70  15  68  16  67  17  70  18  58  19  65 
  0  71   1  62   2  67   3  61   4  65   5  68   6  60   7  64   8  69   9  68  10  59  11  65  12  63  13  71  14  71  15  69  16  68  17  69  18  60  19  64 
  0  65   1  60   2  63   3  61   4  61   5  65   6  56   7  62   8  63   9  64  10  58  11  62  12  59  13  64  14  64  15  64  16  66  17  66  18  56  19  60 


