
 20  20

  0  66   1  70   2  72   3  64   4  66   5  74   6  76   7  71   8  65   9  66  10  70  11  68  12  66  13  73  14  74  15  71  16  66  17  64  18  74  19  69 
  0  71   1  69   2  72   3  64   4  68   5  76   6  76   7  77   8  67   9  68  10  72  11  69  12  68  13  76  14  73  15  75  16  67  17  64  18  76  19  71 
  0  68   1  67   2  73   3  62   4  65   5  74   6  76   7  74   8  67   9  68  10  71  11  68  12  66  13  74  14  72  15  76  16  64  17  66  18  72  19  71 
  0  62   1  67   2  71   3  63   4  63   5  69   6  71   7  72   8  63   9  66  10  72  11  68  12  68  13  74  14  72  15  70  16  64  17  66  18  67  19  69 
  0  65   1  68   2  75   3  62   4  63   5  75   6  75   7  72   8  64   9  64  10  70  11  68  12  68  13  76  14  73  15  72  16  64  17  65  18  70  19  68 
  0  66   1  67   2  72   3  63   4  61   5  71   6  73   7  68   8  65   9  62  10  72  11  67  12  68  13  74  14  72  15  70  16  64  17  64  18  70  19  66 
  0  63   1  70   2  71   3  62   4  63   5  72   6  72   7  70   8  64   9  64  10  70  11  70  12  68  13  71  14  74  15  68  16  67  17  65  18  72  19  70 
  0  65   1  66   2  73   3  63   4  61   5  72   6  72   7  70   8  65   9  65  10  72  11  69  12  68  13  74  14  72  15  70  16  66  17  65  18  68  19  68 
  0  64   1  66   2  71   3  62   4  62   5  68   6  68   7  67   8  63   9  62  10  72  11  68  12  66  13  70  14  72  15  66  16  65  17  63  18  67  19  66 
  0  63   1  70   2  75   3  62   4  65   5  71   6  71   7  71   8  66   9  65  10  71  11  68  12  68  13  72  14  74  15  70  16  63  17  67  18  71  19  66 
  0  66   1  67   2  71   3  62   4  62   5  70   6  73   7  71   8  63   9  62  10  71  11  70  12  67  13  74  14  72  15  67  16  66  17  65  18  71  19  68 
  0  70   1  69   2  73   3  62   4  67   5  76   6  75   7  75   8  67   9  66  10  72  11  70  12  68  13  76  14  74  15  73  16  64  17  64  18  74  19  72 
  0  63   1  66   2  72   3  62   4  63   5  70   6  70   7  68   8  66   9  63  10  70  11  68  12  67  13  73  14  72  15  70  16  66  17  66  18  66  19  66 
  0  69   1  68   2  72   3  63   4  68   5  76   6  74   7  74   8  67   9  65  10  72  11  69  12  66  13  76  14  74  15  74  16  67  17  67  18  75  19  74 
  0  61   1  67   2  72   3  62   4  62   5  68   6  68   7  67   8  63   9  62  10  70  11  67  12  66  13  72  14  72  15  68  16  63  17  64  18  66  19  66 
  0  65   1  69   2  75   3  62   4  62   5  71   6  73   7  72   8  64   9  65  10  72  11  71  12  67  13  73  14  74  15  72  16  65  17  63  18  72  19  69 
  0  65   1  67   2  72   3  62   4  60   5  71   6  70   7  71   8  66   9  63  10  72  11  69  12  66  13  70  14  72  15  67  16  65  17  66  18  70  19  66 
  0  69   1  70   2  75   3  64   4  64   5  72   6  74   7  74   8  67   9  64  10  71  11  71  12  66  13  72  14  74  15  71  16  67  17  67  18  71  19  72 
  0  65   1  67   2  75   3  62   4  67   5  74   6  75   7  73   8  65   9  65  10  72  11  70  12  67  13  75  14  74  15  70  16  67  17  67  18  73  19  69 
  0  61   1  69   2  74   3  62   4  60   5  68   6  68   7  68   8  64   9  62  10  71  11  67  12  66  13  70  14  72  15  69  16  64  17  66  18  69  19  67 


