
 20  20

  0  13   1  14   2  16   3   9   4  16   5  17   6  18   7  14   8  13   9  20  10  14  11  13  12  18  13  15  14  16  15  13  16  21  17  11  18  20  19  15 
  0  18   1  16   2  16   3  14   4  19   5  20   6  18   7  15   8  13   9  24  10  16  11  12  12  20  13  18  14  16  15  19  16  23  17  13  18  22  19  19 
  0  10   1  14   2  18   3  11   4  13   5  16   6  17   7   8   8   9   9  20  10  15  11  11  12  17  13  15  14  17  15  16  16  20  17  11  18  18  19  17 
  0  11   1  14   2  18   3   8   4  12   5  12   6  15   7  10   8   9   9  20  10  14  11  12  12  13  13  14  14  15  15  13  16  18  17  13  18  15  19  12 
  0  18   1  17   2  18   3  14   4  17   5  20   6  18   7  16   8  13   9  25  10  16  11  13  12  20  13  18  14  16  15  17  16  23  17  13  18  21  19  18 
  0  17   1  16   2  18   3  13   4  18   5  20   6  16   7  16   8  13   9  25  10  15  11  13  12  17  13  18  14  16  15  18  16  22  17  12  18  22  19  18 
  0   9   1  13   2  18   3   8   4  10   5  13   6  14   7   7   8  10   9  15  10  14  11  11  12  12  13  15  14  15  15  13  16  17  17  11  18  15  19  13 
  0  16   1  14   2  16   3  10   4  15   5  19   6  16   7  12   8  13   9  20  10  13  11  13  12  16  13  16  14  15  15  14  16  22  17  12  18  18  19  15 
  0  11   1  14   2  17   3   6   4  14   5  12   6  14   7  10   8  10   9  20  10  13  11  11  12  15  13  12  14  15  15  11  16  20  17  13  18  13  19  13 
  0  15   1  16   2  18   3   9   4  14   5  16   6  16   7  14   8  10   9  21  10  12  11  13  12  16  13  13  14  15  15  15  16  18  17  13  18  16  19  19 
  0   8   1  15   2  16   3   6   4  13   5  11   6  14   7   8   8  11   9  15  10  13  11  13  12  16  13  13  14  15  15  13  16  19  17  12  18  16  19  12 
  0  10   1  16   2  16   3   7   4  13   5  11   6  15   7   6   8   9   9  16  10  12  11  11  12  15  13  15  14  15  15  12  16  17  17  13  18  12  19  16 
  0  16   1  14   2  18   3  11   4  18   5  17   6  17   7  13   8  13   9  21  10  16  11  11  12  17  13  16  14  15  15  16  16  23  17  11  18  21  19  16 
  0   9   1  13   2  18   3   7   4  10   5  10   6  14   7   6   8  10   9  18  10  12  11  11  12  15  13  13  14  15  15  14  16  20  17  11  18  12  19  15 
  0  11   1  16   2  16   3   8   4  10   5  10   6  15   7   8   8   9   9  17  10  15  11  11  12  15  13  13  14  15  15  11  16  19  17  11  18  13  19  12 
  0  13   1  13   2  16   3   9   4  14   5  13   6  14   7  12   8   9   9  17  10  13  11  11  12  13  13  15  14  17  15  13  16  18  17  11  18  16  19  16 
  0  13   1  14   2  18   3   7   4  11   5  13   6  15   7   9   8   9   9  21  10  16  11  13  12  16  13  14  14  17  15  14  16  19  17  12  18  15  19  14 
  0  10   1  16   2  18   3   7   4  12   5  12   6  17   7  11   8   9   9  19  10  12  11  13  12  16  13  15  14  15  15  11  16  20  17  13  18  15  19  15 
  0  15   1  17   2  18   3  10   4  14   5  14   6  17   7  13   8  11   9  21  10  13  11  13  12  17  13  18  14  17  15  16  16  21  17  13  18  20  19  15 
  0   9   1  15   2  16   3   9   4  12   5  11   6  14   7   7   8  12   9  19  10  15  11  11  12  14  13  13  14  15  15  14  16  20  17  12  18  12  19  13 


