
 20  20

  0  60   1  56   2  65   3  63   4  55   5  60   6  64   7  64   8  58   9  59  10  65  11  64  12  62  13  67  14  63  15  58  16  65  17  61  18  60  19  64 
  0  64   1  59   2  66   3  65   4  57   5  61   6  63   7  66   8  63   9  61  10  66  11  63  12  62  13  67  14  64  15  60  16  64  17  59  18  59  19  66 
  0  68   1  64   2  67   3  65   4  57   5  62   6  66   7  68   8  68   9  61  10  72  11  70  12  69  13  69  14  65  15  62  16  67  17  64  18  64  19  65 
  0  65   1  60   2  63   3  65   4  55   5  62   6  64   7  68   8  62   9  59  10  64  11  64  12  66  13  67  14  65  15  58  16  63  17  61  18  59  19  67 
  0  62   1  54   2  63   3  63   4  55   5  62   6  63   7  64   8  58   9  59  10  64  11  64  12  63  13  65  14  63  15  58  16  62  17  58  18  59  19  64 
  0  67   1  62   2  67   3  64   4  57   5  61   6  69   7  70   8  65   9  59  10  72  11  70  12  68  13  67  14  65  15  59  16  69  17  64  18  64  19  68 
  0  62   1  54   2  64   3  65   4  56   5  60   6  62   7  64   8  61   9  59  10  64  11  63  12  61  13  67  14  64  15  56  16  63  17  60  18  60  19  65 
  0  68   1  61   2  65   3  63   4  58   5  62   6  69   7  69   8  67   9  60  10  69  11  69  12  69  13  67  14  65  15  62  16  67  17  63  18  62  19  68 
  0  67   1  60   2  65   3  65   4  58   5  61   6  67   7  68   8  66   9  60  10  70  11  67  12  68  13  66  14  65  15  62  16  70  17  63  18  62  19  65 
  0  64   1  61   2  67   3  65   4  56   5  60   6  68   7  66   8  63   9  60  10  70  11  70  12  69  13  68  14  63  15  59  16  69  17  60  18  62  19  65 
  0  68   1  63   2  65   3  64   4  59   5  60   6  70   7  68   8  64   9  59  10  70  11  70  12  69  13  67  14  65  15  59  16  69  17  64  18  64  19  66 
  0  64   1  60   2  65   3  63   4  59   5  61   6  65   7  67   8  65   9  61  10  67  11  66  12  68  13  67  14  65  15  61  16  68  17  62  18  64  19  66 
  0  67   1  60   2  65   3  65   4  59   5  62   6  69   7  70   8  66   9  61  10  68  11  68  12  67  13  69  14  65  15  59  16  66  17  62  18  65  19  67 
  0  59   1  54   2  64   3  65   4  55   5  60   6  60   7  65   8  59   9  59  10  62  11  64  12  62  13  65  14  64  15  57  16  62  17  58  18  60  19  66 
  0  64   1  58   2  64   3  65   4  56   5  61   6  64   7  66   8  60   9  61  10  68  11  65  12  62  13  66  14  63  15  60  16  65  17  62  18  59  19  66 
  0  60   1  58   2  63   3  63   4  57   5  60   6  63   7  66   8  60   9  59  10  64  11  62  12  62  13  65  14  63  15  59  16  65  17  59  18  59  19  64 
  0  63   1  55   2  65   3  63   4  55   5  60   6  60   7  64   8  61   9  59  10  64  11  62  12  61  13  68  14  65  15  56  16  63  17  58  18  60  19  66 
  0  69   1  62   2  67   3  65   4  59   5  62   6  67   7  68   8  65   9  60  10  72  11  70  12  69  13  69  14  65  15  62  16  69  17  62  18  64  19  68 
  0  67   1  61   2  65   3  63   4  59   5  62   6  67   7  70   8  66   9  59  10  70  11  68  12  69  13  69  14  63  15  59  16  70  17  64  18  64  19  68 
  0  62   1  56   2  65   3  65   4  55   5  60   6  63   7  64   8  58   9  59  10  64  11  62  12  63  13  67  14  64  15  58  16  62  17  61  18  60  19  64 


