
 20  20

  0  51   1  54   2  50   3  55   4  55   5  52   6  54   7  47   8  48   9  49  10  52  11  49  12  49  13  58  14  47  15  50  16  48  17  56  18  48  19  53 
  0  48   1  53   2  47   3  55   4  52   5  47   6  51   7  48   8  48   9  50  10  50  11  50  12  48  13  53  14  46  15  51  16  46  17  53  18  44  19  51 
  0  56   1  55   2  51   3  57   4  59   5  57   6  57   7  52   8  50   9  53  10  50  11  52  12  52  13  59  14  50  15  55  16  50  17  58  18  52  19  57 
  0  49   1  55   2  49   3  54   4  56   5  53   6  52   7  50   8  48   9  52  10  52  11  49  12  47  13  58  14  48  15  51  16  50  17  53  18  49  19  49 
  0  56   1  54   2  52   3  59   4  60   5  55   6  57   7  52   8  50   9  54  10  52  11  54  12  54  13  60  14  49  15  55  16  51  17  57  18  51  19  57 
  0  50   1  54   2  48   3  56   4  54   5  48   6  50   7  44   8  49   9  51  10  50  11  48  12  46  13  53  14  49  15  49  16  45  17  51  18  47  19  50 
  0  51   1  54   2  48   3  56   4  55   5  50   6  50   7  46   8  48   9  52  10  50  11  51  12  51  13  56  14  48  15  50  16  49  17  55  18  50  19  50 
  0  53   1  53   2  52   3  56   4  57   5  55   6  55   7  50   8  50   9  52  10  52  11  53  12  53  13  55  14  49  15  52  16  50  17  57  18  52  19  55 
  0  49   1  55   2  47   3  55   4  52   5  51   6  51   7  48   8  48   9  52  10  50  11  49  12  46  13  54  14  49  15  50  16  45  17  54  18  45  19  51 
  0  48   1  55   2  47   3  54   4  56   5  50   6  51   7  45   8  50   9  50  10  52  11  48  12  48  13  57  14  50  15  48  16  45  17  53  18  47  19  51 
  0  53   1  55   2  50   3  57   4  57   5  56   6  55   7  50   8  50   9  51  10  51  11  52  12  51  13  57  14  48  15  53  16  51  17  58  18  53  19  55 
  0  46   1  53   2  49   3  53   4  55   5  47   6  48   7  47   8  48   9  50  10  52  11  51  12  44  13  52  14  46  15  47  16  45  17  50  18  46  19  48 
  0  52   1  55   2  53   3  59   4  58   5  53   6  54   7  47   8  48   9  50  10  50  11  54  12  53  13  58  14  50  15  50  16  48  17  55  18  50  19  55 
  0  49   1  55   2  50   3  54   4  57   5  49   6  51   7  47   8  50   9  49  10  50  11  49  12  49  13  54  14  46  15  48  16  48  17  55  18  46  19  50 
  0  46   1  53   2  47   3  53   4  53   5  47   6  47   7  44   8  49   9  48  10  50  11  48  12  44  13  52  14  46  15  47  16  45  17  50  18  43  19  47 
  0  54   1  54   2  51   3  55   4  58   5  52   6  54   7  50   8  48   9  52  10  52  11  50  12  48  13  56  14  50  15  51  16  50  17  54  18  48  19  51 
  0  49   1  55   2  47   3  53   4  52   5  49   6  48   7  44   8  48   9  48  10  52  11  49  12  47  13  52  14  47  15  47  16  45  17  50  18  45  19  47 
  0  48   1  53   2  49   3  53   4  53   5  48   6  51   7  44   8  50   9  50  10  52  11  51  12  45  13  53  14  47  15  47  16  45  17  50  18  47  19  52 
  0  48   1  53   2  49   3  57   4  52   5  52   6  49   7  46   8  48   9  50  10  52  11  48  12  45  13  56  14  46  15  47  16  47  17  53  18  44  19  51 
  0  52   1  53   2  48   3  55   4  53   5  49   6  50   7  48   8  48   9  52  10  50  11  52  12  46  13  56  14  50  15  49  16  48  17  55  18  47  19  52 


