
 20  20

  0  20   1  27   2  25   3  20   4  24   5  19   6  20   7  28   8  17   9  26  10  23  11  22  12  28  13  25  14  25  15  17  16  28  17  23  18  19  19  23 
  0  20   1  26   2  26   3  18   4  25   5  21   6  19   7  27   8  19   9  24  10  23  11  23  12  25  13  22  14  25  15  18  16  27  17  23  18  20  19  19 
  0  14   1  25   2  21   3  14   4  19   5  18   6  17   7  23   8  17   9  21  10  19  11  20  12  23  13  19  14  24  15  18  16  22  17  18  18  19  19  14 
  0  14   1  26   2  24   3  17   4  23   5  18   6  18   7  26   8  19   9  23  10  21  11  20  12  24  13  21  14  23  15  18  16  25  17  21  18  21  19  17 
  0  15   1  24   2  21   3  17   4  19   5  18   6  15   7  22   8  17   9  20  10  22  11  22  12  23  13  16  14  24  15  17  16  23  17  18  18  20  19  17 
  0  21   1  27   2  25   3  20   4  25   5  22   6  20   7  29   8  19   9  23  10  23  11  23  12  28  13  25  14  25  15  18  16  27  17  23  18  20  19  21 
  0  11   1  24   2  21   3  14   4  18   5  20   6  14   7  20   8  15   9  22  10  19  11  20  12  21  13  15  14  23  15  16  16  21  17  17  18  19  19  14 
  0  20   1  26   2  26   3  22   4  25   5  22   6  20   7  29   8  19   9  24  10  23  11  22  12  26  13  22  14  23  15  17  16  29  17  23  18  19  19  21 
  0  14   1  26   2  25   3  18   4  19   5  18   6  16   7  20   8  15   9  23  10  21  11  20  12  23  13  17  14  25  15  18  16  20  17  18  18  19  19  17 
  0  20   1  28   2  26   3  21   4  23   5  22   6  20   7  27   8  19   9  26  10  21  11  22  12  27  13  25  14  23  15  17  16  27  17  22  18  21  19  22 
  0  13   1  26   2  22   3  16   4  20   5  18   6  19   7  25   8  18   9  25  10  21  11  23  12  25  13  17  14  25  15  18  16  25  17  22  18  19  19  16 
  0  13   1  24   2  23   3  16   4  20   5  19   6  14   7  19   8  17   9  20  10  19  11  19  12  20  13  15  14  24  15  16  16  19  17  17  18  19  19  15 
  0  19   1  26   2  25   3  21   4  24   5  20   6  15   7  26   8  17   9  25  10  23  11  19  12  26  13  21  14  23  15  16  16  25  17  23  18  19  19  21 
  0  21   1  26   2  25   3  20   4  26   5  22   6  19   7  26   8  19   9  23  10  23  11  23  12  26  13  22  14  25  15  18  16  29  17  22  18  19  19  20 
  0  16   1  24   2  24   3  16   4  23   5  21   6  18   7  24   8  15   9  21  10  23  11  22  12  23  13  21  14  25  15  18  16  23  17  22  18  19  19  16 
  0  21   1  28   2  27   3  22   4  26   5  21   6  19   7  29   8  17   9  25  10  23  11  23  12  28  13  25  14  25  15  18  16  29  17  25  18  21  19  23 
  0  18   1  26   2  26   3  19   4  24   5  21   6  17   7  29   8  17   9  25  10  20  11  20  12  25  13  24  14  24  15  18  16  29  17  25  18  21  19  20 
  0  16   1  27   2  22   3  19   4  22   5  20   6  16   7  26   8  15   9  24  10  23  11  22  12  25  13  20  14  23  15  17  16  24  17  21  18  21  19  20 
  0  11   1  26   2  24   3  16   4  20   5  18   6  17   7  22   8  16   9  22  10  20  11  21  12  20  13  17  14  23  15  17  16  20  17  18  18  21  19  14 
  0  12   1  25   2  21   3  18   4  20   5  21   6  15   7  20   8  15   9  20  10  19  11  22  12  21  13  20  14  25  15  17  16  22  17  17  18  21  19  18 


