
 20  20

  0  23   1  30   2  24   3  27   4  27   5  26   6  21   7  24   8  22   9  23  10  29  11  30  12  32  13  28  14  29  15  26  16  32  17  27  18  28  19  32 
  0  23   1  27   2  21   3  29   4  26   5  29   6  21   7  26   8  25   9  25  10  29  11  30  12  28  13  27  14  25  15  28  16  33  17  29  18  28  19  30 
  0  17   1  23   2  19   3  25   4  28   5  25   6  18   7  25   8  19   9  24  10  26  11  30  12  28  13  24  14  26  15  24  16  28  17  26  18  30  19  31 
  0  24   1  32   2  24   3  28   4  29   5  30   6  21   7  25   8  22   9  24  10  27  11  30  12  31  13  27  14  26  15  27  16  33  17  30  18  30  19  31 
  0  24   1  29   2  23   3  31   4  27   5  30   6  23   7  26   8  24   9  23  10  29  11  30  12  33  13  28  14  26  15  27  16  31  17  30  18  30  19  32 
  0  25   1  30   2  25   3  29   4  29   5  30   6  22   7  26   8  23   9  23  10  29  11  32  12  33  13  28  14  29  15  27  16  33  17  29  18  30  19  32 
  0  20   1  28   2  22   3  29   4  29   5  25   6  21   7  24   8  22   9  25  10  26  11  32  12  29  13  25  14  26  15  25  16  28  17  29  18  30  19  32 
  0  21   1  27   2  21   3  30   4  29   5  27   6  20   7  25   8  24   9  23  10  29  11  32  12  32  13  27  14  25  15  26  16  30  17  30  18  28  19  28 
  0  23   1  29   2  22   3  28   4  29   5  30   6  22   7  26   8  25   9  25  10  29  11  32  12  29  13  26  14  28  15  28  16  33  17  28  18  30  19  32 
  0  23   1  30   2  22   3  28   4  27   5  27   6  23   7  26   8  22   9  25  10  26  11  30  12  29  13  28  14  29  15  28  16  31  17  30  18  30  19  32 
  0  20   1  27   2  22   3  29   4  29   5  27   6  23   7  26   8  22   9  23  10  25  11  30  12  27  13  25  14  27  15  26  16  29  17  29  18  29  19  30 
  0  24   1  29   2  23   3  28   4  25   5  28   6  20   7  24   8  21   9  24  10  28  11  32  12  28  13  27  14  28  15  24  16  31  17  30  18  30  19  32 
  0  20   1  28   2  21   3  27   4  28   5  29   6  20   7  24   8  22   9  23  10  26  11  32  12  31  13  26  14  26  15  27  16  32  17  26  18  28  19  32 
  0  18   1  24   2  21   3  25   4  26   5  24   6  19   7  25   8  19   9  25  10  26  11  32  12  28  13  24  14  23  15  26  16  30  17  27  18  28  19  28 
  0  22   1  24   2  19   3  26   4  27   5  26   6  21   7  24   8  20   9  23  10  25  11  30  12  26  13  27  14  26  15  26  16  31  17  26  18  28  19  30 
  0  21   1  28   2  21   3  26   4  29   5  28   6  19   7  26   8  20   9  25  10  26  11  32  12  28  13  27  14  24  15  27  16  32  17  28  18  28  19  32 
  0  19   1  22   2  18   3  27   4  27   5  24   6  18   7  26   8  19   9  24  10  28  11  30  12  27  13  25  14  25  15  23  16  27  17  26  18  28  19  31 
  0  21   1  26   2  22   3  31   4  29   5  27   6  24   7  24   8  24   9  23  10  26  11  32  12  28  13  26  14  27  15  26  16  33  17  28  18  28  19  29 
  0  17   1  24   2  17   3  26   4  27   5  24   6  18   7  24   8  19   9  23  10  25  11  30  12  27  13  24  14  23  15  23  16  27  17  28  18  29  19  28 
  0  20   1  23   2  20   3  25   4  26   5  24   6  18   7  25   8  20   9  23  10  26  11  30  12  25  13  25  14  24  15  25  16  28  17  26  18  28  19  29 


