
 20  20

  0  23   1  19   2  31   3  26   4  27   5  28   6  23   7  26   8  28   9  28  10  21  11  18  12  26  13  26  14  28  15  27  16  21  17  24  18  25  19  26 
  0  24   1  19   2  31   3  24   4  29   5  28   6  21   7  29   8  27   9  25  10  22  11  17  12  25  13  26  14  28  15  24  16  19  17  23  18  25  19  29 
  0  22   1  22   2  29   3  27   4  27   5  25   6  20   7  28   8  27   9  25  10  21  11  20  12  27  13  24  14  30  15  27  16  20  17  22  18  26  19  27 
  0  26   1  21   2  31   3  29   4  27   5  30   6  24   7  31   8  29   9  26  10  22  11  21  12  26  13  28  14  33  15  28  16  21  17  27  18  28  19  30 
  0  27   1  26   2  33   3  29   4  27   5  31   6  23   7  32   8  33   9  28  10  24  11  24  12  27  13  28  14  35  15  27  16  25  17  28  18  29  19  32 
  0  26   1  22   2  29   3  26   4  29   5  26   6  21   7  26   8  26   9  24  10  20  11  19  12  25  13  25  14  29  15  26  16  21  17  22  18  26  19  30 
  0  25   1  24   2  32   3  25   4  29   5  26   6  21   7  28   8  28   9  29  10  20  11  21  12  26  13  24  14  30  15  28  16  20  17  22  18  27  19  31 
  0  27   1  21   2  32   3  25   4  28   5  31   6  24   7  29   8  29   9  28  10  20  11  21  12  25  13  27  14  31  15  25  16  21  17  24  18  24  19  28 
  0  30   1  26   2  34   3  27   4  27   5  29   6  23   7  31   8  28   9  29  10  26  11  25  12  25  13  27  14  32  15  30  16  21  17  28  18  29  19  31 
  0  28   1  25   2  30   3  29   4  29   5  29   6  24   7  31   8  30   9  29  10  22  11  24  12  25  13  27  14  33  15  28  16  24  17  28  18  30  19  30 
  0  31   1  26   2  31   3  28   4  27   5  33   6  26   7  31   8  33   9  32  10  26  11  27  12  27  13  28  14  35  15  30  16  25  17  28  18  29  19  34 
  0  24   1  19   2  31   3  27   4  28   5  30   6  21   7  29   8  25   9  28  10  21  11  21  12  25  13  24  14  30  15  27  16  21  17  24  18  24  19  30 
  0  23   1  19   2  30   3  24   4  28   5  25   6  21   7  26   8  27   9  24  10  20  11  17  12  27  13  24  14  26  15  25  16  19  17  22  18  24  19  29 
  0  27   1  24   2  33   3  28   4  28   5  30   6  23   7  31   8  33   9  32  10  26  11  22  12  27  13  28  14  32  15  27  16  21  17  27  18  27  19  34 
  0  23   1  20   2  30   3  24   4  27   5  27   6  21   7  26   8  26   9  27  10  20  11  20  12  25  13  27  14  30  15  26  16  22  17  23  18  24  19  27 
  0  22   1  21   2  30   3  26   4  27   5  25   6  20   7  28   8  28   9  27  10  19  11  17  12  25  13  27  14  26  15  25  16  19  17  22  18  26  19  26 
  0  29   1  26   2  33   3  28   4  28   5  35   6  25   7  32   8  32   9  32  10  25  11  25  12  27  13  28  14  35  15  30  16  23  17  28  18  28  19  34 
  0  24   1  21   2  31   3  24   4  27   5  29   6  22   7  26   8  30   9  28  10  21  11  21  12  27  13  24  14  29  15  27  16  22  17  22  18  24  19  31 
  0  32   1  27   2  32   3  30   4  29   5  34   6  25   7  31   8  31   9  32  10  24  11  27  12  27  13  28  14  36  15  30  16  22  17  28  18  27  19  34 
  0  24   1  21   2  28   3  24   4  28   5  29   6  21   7  26   8  27   9  27  10  19  11  21  12  27  13  25  14  27  15  26  16  22  17  22  18  24  19  28 


