
 20  20

  0  41   1  47   2  39   3  46   4  44   5  39   6  41   7  45   8  47   9  47  10  45  11  44  12  41  13  47  14  44  15  46  16  41  17  48  18  47  19  36 
  0  50   1  50   2  48   3  52   4  46   5  42   6  49   7  45   8  48   9  51  10  52  11  45  12  43  13  53  14  48  15  48  16  43  17  48  18  55  19  44 
  0  51   1  51   2  48   3  50   4  48   5  44   6  48   7  47   8  51   9  50  10  51  11  48  12  45  13  52  14  48  15  49  16  44  17  50  18  52  19  43 
  0  47   1  47   2  45   3  49   4  47   5  43   6  48   7  47   8  50   9  49  10  48  11  44  12  42  13  48  14  47  15  50  16  44  17  46  18  53  19  44 
  0  41   1  45   2  38   3  46   4  44   5  37   6  41   7  45   8  47   9  49  10  45  11  44  12  41  13  46  14  45  15  46  16  40  17  48  18  47  19  37 
  0  49   1  46   2  42   3  49   4  48   5  42   6  49   7  46   8  50   9  48  10  51  11  45  12  45  13  49  14  45  15  48  16  44  17  49  18  52  19  40 
  0  51   1  48   2  48   3  52   4  48   5  43   6  51   7  47   8  51   9  49  10  53  11  48  12  43  13  53  14  47  15  50  16  45  17  49  18  54  19  46 
  0  44   1  47   2  45   3  47   4  48   5  40   6  46   7  47   8  50   9  48  10  46  11  48  12  44  13  48  14  48  15  49  16  42  17  46  18  49  19  42 
  0  42   1  49   2  42   3  47   4  46   5  42   6  45   7  45   8  48   9  47  10  45  11  45  12  41  13  47  14  44  15  49  16  43  17  49  18  51  19  39 
  0  45   1  45   2  39   3  49   4  44   5  41   6  44   7  47   8  47   9  47  10  47  11  44  12  42  13  45  14  45  15  48  16  42  17  47  18  48  19  38 
  0  51   1  49   2  48   3  51   4  48   5  45   6  50   7  46   8  51   9  51  10  53  11  48  12  45  13  51  14  46  15  49  16  46  17  48  18  53  19  46 
  0  51   1  51   2  48   3  52   4  46   5  43   6  51   7  47   8  51   9  50  10  53  11  48  12  43  13  51  14  46  15  48  16  45  17  50  18  55  19  46 
  0  49   1  51   2  46   3  52   4  47   5  42   6  47   7  47   8  49   9  49  10  49  11  47  12  42  13  52  14  47  15  47  16  44  17  48  18  54  19  43 
  0  51   1  48   2  45   3  51   4  45   5  45   6  51   7  47   8  49   9  50  10  51  11  47  12  45  13  50  14  46  15  48  16  46  17  47  18  55  19  45 
  0  45   1  45   2  40   3  50   4  48   5  41   6  43   7  45   8  51   9  49  10  47  11  45  12  41  13  48  14  47  15  50  16  41  17  49  18  51  19  40 
  0  50   1  49   2  48   3  49   4  48   5  44   6  48   7  47   8  49   9  51  10  50  11  48  12  45  13  53  14  47  15  50  16  45  17  48  18  55  19  44 
  0  43   1  45   2  44   3  48   4  46   5  38   6  45   7  45   8  50   9  48  10  45  11  44  12  44  13  47  14  44  15  48  16  42  17  50  18  49  19  39 
  0  51   1  51   2  48   3  52   4  48   5  45   6  51   7  47   8  49   9  51  10  52  11  48  12  45  13  53  14  47  15  50  16  44  17  50  18  54  19  45 
  0  44   1  47   2  38   3  48   4  44   5  37   6  43   7  45   8  48   9  47  10  45  11  47  12  41  13  47  14  46  15  48  16  40  17  49  18  47  19  38 
  0  45   1  47   2  43   3  47   4  47   5  41   6  47   7  47   8  50   9  51  10  50  11  48  12  41  13  48  14  47  15  46  16  44  17  50  18  51  19  42 


