
 20  20

  0  75   1  80   2  80   3  82   4  76   5  73   6  77   7  73   8  78   9  82  10  84  11  79  12  78  13  75  14  81  15  82  16  76  17  82  18  81  19  86 
  0  72   1  79   2  75   3  78   4  75   5  71   6  77   7  73   8  77   9  77  10  85  11  75  12  78  13  73  14  84  15  78  16  75  17  81  18  82  19  81 
  0  75   1  78   2  75   3  81   4  77   5  71   6  77   7  75   8  76   9  78  10  81  11  76  12  80  13  75  14  80  15  81  16  76  17  81  18  80  19  82 
  0  79   1  81   2  80   3  81   4  77   5  75   6  77   7  74   8  76   9  81  10  84  11  76  12  80  13  75  14  82  15  83  16  74  17  82  18  84  19  85 
  0  73   1  80   2  76   3  79   4  75   5  72   6  79   7  73   8  75   9  80  10  83  11  78  12  80  13  75  14  82  15  82  16  75  17  80  18  80  19  83 
  0  73   1  77   2  72   3  77   4  76   5  72   6  79   7  75   8  74   9  75  10  84  11  73  12  79  13  71  14  82  15  78  16  73  17  79  18  81  19  81 
  0  78   1  81   2  80   3  80   4  77   5  75   6  79   7  75   8  75   9  80  10  85  11  79  12  80  13  75  14  83  15  84  16  76  17  82  18  85  19  83 
  0  69   1  75   2  76   3  80   4  77   5  72   6  77   7  73   8  76   9  79  10  83  11  74  12  78  13  71  14  80  15  80  16  74  17  81  18  77  19  81 
  0  75   1  78   2  78   3  82   4  77   5  74   6  78   7  73   8  76   9  81  10  82  11  77  12  79  13  74  14  83  15  80  16  76  17  80  18  80  19  80 
  0  75   1  81   2  77   3  79   4  77   5  71   6  77   7  74   8  76   9  80  10  83  11  79  12  78  13  75  14  81  15  82  16  72  17  81  18  82  19  81 
  0  76   1  78   2  77   3  81   4  75   5  74   6  79   7  73   8  74   9  81  10  81  11  74  12  80  13  74  14  83  15  78  16  74  17  81  18  81  19  84 
  0  69   1  75   2  72   3  76   4  76   5  71   6  77   7  73   8  76   9  77  10  83  11  73  12  79  13  72  14  82  15  76  16  73  17  81  18  76  19  78 
  0  75   1  84   2  77   3  84   4  77   5  73   6  78   7  73   8  77   9  82  10  83  11  77  12  79  13  72  14  84  15  81  16  73  17  82  18  86  19  83 
  0  77   1  83   2  77   3  81   4  77   5  75   6  79   7  75   8  77   9  81  10  85  11  77  12  80  13  74  14  84  15  83  16  76  17  80  18  86  19  84 
  0  70   1  78   2  73   3  79   4  75   5  72   6  77   7  74   8  75   9  76  10  83  11  75  12  78  13  71  14  80  15  78  16  72  17  81  18  80  19  79 
  0  77   1  78   2  79   3  82   4  75   5  74   6  79   7  75   8  76   9  79  10  85  11  77  12  80  13  74  14  84  15  80  16  74  17  80  18  84  19  85 
  0  79   1  83   2  80   3  84   4  77   5  75   6  78   7  75   8  76   9  83  10  85  11  78  12  80  13  75  14  82  15  84  16  76  17  82  18  84  19  84 
  0  70   1  74   2  72   3  76   4  75   5  71   6  77   7  75   8  74   9  75  10  82  11  75  12  78  13  73  14  80  15  76  16  72  17  78  18  79  19  78 
  0  72   1  74   2  72   3  77   4  75   5  72   6  78   7  73   8  76   9  78  10  82  11  73  12  80  13  73  14  80  15  76  16  73  17  79  18  77  19  78 
  0  70   1  75   2  72   3  76   4  75   5  71   6  79   7  74   8  74   9  76  10  81  11  73  12  78  13  71  14  80  15  78  16  72  17  78  18  78  19  78 


