
 20  20

  0  68   1  74   2  77   3  74   4  73   5  73   6  70   7  73   8  66   9  73  10  74  11  79  12  75  13  76  14  68  15  74  16  73  17  76  18  69  19  74 
  0  72   1  78   2  76   3  78   4  77   5  76   6  72   7  74   8  67   9  77  10  75  11  77  12  76  13  78  14  71  15  75  16  74  17  75  18  73  19  76 
  0  76   1  80   2  81   3  81   4  76   5  77   6  76   7  74   8  69   9  80  10  75  11  79  12  79  13  80  14  76  15  78  16  74  17  80  18  74  19  80 
  0  69   1  76   2  79   3  76   4  74   5  76   6  74   7  72   8  69   9  74  10  75  11  77  12  75  13  79  14  73  15  76  16  75  17  78  18  72  19  76 
  0  66   1  74   2  76   3  75   4  76   5  75   6  68   7  72   8  68   9  71  10  74  11  77  12  75  13  74  14  70  15  75  16  76  17  75  18  72  19  78 
  0  73   1  75   2  79   3  77   4  78   5  79   6  71   7  73   8  67   9  78  10  76  11  77  12  75  13  77  14  73  15  77  16  77  17  78  18  73  19  78 
  0  70   1  78   2  81   3  75   4  78   5  76   6  72   7  73   8  71   9  78  10  75  11  79  12  76  13  76  14  72  15  77  16  76  17  78  18  74  19  77 
  0  66   1  74   2  78   3  75   4  73   5  73   6  68   7  72   8  69   9  73  10  75  11  77  12  75  13  75  14  68  15  76  16  75  17  77  18  70  19  77 
  0  75   1  77   2  79   3  82   4  76   5  81   6  77   7  74   8  72   9  81  10  76  11  79  12  78  13  80  14  76  15  76  16  77  17  80  18  78  19  80 
  0  67   1  78   2  77   3  75   4  76   5  77   6  69   7  74   8  66   9  75  10  75  11  77  12  78  13  75  14  71  15  76  16  73  17  75  18  69  19  78 
  0  74   1  79   2  82   3  81   4  79   5  81   6  78   7  74   8  71   9  79  10  76  11  79  12  78  13  82  14  78  15  78  16  77  17  80  18  77  19  80 
  0  70   1  78   2  78   3  76   4  78   5  75   6  72   7  74   8  67   9  75  10  75  11  79  12  78  13  76  14  74  15  77  16  76  17  75  18  76  19  76 
  0  71   1  78   2  78   3  75   4  77   5  75   6  73   7  74   8  67   9  75  10  74  11  79  12  76  13  76  14  73  15  74  16  76  17  74  18  70  19  78 
  0  71   1  77   2  77   3  75   4  74   5  74   6  71   7  72   8  67   9  75  10  75  11  77  12  75  13  75  14  73  15  77  16  73  17  78  18  73  19  78 
  0  67   1  74   2  78   3  76   4  77   5  76   6  73   7  74   8  69   9  74  10  76  11  77  12  77  13  77  14  69  15  74  16  76  17  78  18  70  19  76 
  0  73   1  79   2  77   3  75   4  77   5  75   6  74   7  74   8  70   9  75  10  75  11  79  12  77  13  77  14  73  15  74  16  74  17  77  18  75  19  80 
  0  68   1  75   2  78   3  76   4  74   5  74   6  73   7  72   8  70   9  76  10  74  11  77  12  77  13  77  14  70  15  74  16  73  17  75  18  69  19  75 
  0  73   1  76   2  81   3  77   4  78   5  77   6  73   7  74   8  71   9  74  10  74  11  78  12  79  13  76  14  71  15  74  16  76  17  77  18  71  19  78 
  0  71   1  78   2  80   3  77   4  74   5  75   6  72   7  72   8  68   9  76  10  74  11  78  12  75  13  80  14  75  15  78  16  73  17  76  18  71  19  77 
  0  66   1  74   2  76   3  73   4  73   5  73   6  70   7  74   8  66   9  75  10  76  11  78  12  78  13  76  14  68  15  76  16  75  17  74  18  68  19  77 


