
 20  20

  0  96   1  94   2  93   3  88   4  90   5  90   6  86   7  89   8  89   9  89  10  87  11  87  12  93  13  88  14  96  15  94  16  87  17  88  18  95  19  88 
  0  91   1  91   2  89   3  88   4  88   5  81   6  82   7  89   8  86   9  82  10  83  11  81  12  91  13  80  14  92  15  91  16  83  17  84  18  93  19  84 
  0  94   1  90   2  93   3  89   4  88   5  85   6  85   7  89   8  86   9  81  10  87  11  83  12  94  13  83  14  95  15  89  16  85  17  84  18  93  19  85 
  0  94   1  92   2  92   3  89   4  90   5  83   6  85   7  89   8  89   9  84  10  87  11  84  12  94  13  83  14  91  15  89  16  85  17  85  18  94  19  84 
  0  94   1  90   2  89   3  89   4  91   5  85   6  86   7  89   8  85   9  83  10  86  11  84  12  91  13  86  14  92  15  89  16  82  17  86  18  94  19  86 
  0  93   1  91   2  92   3  86   4  89   5  82   6  85   7  89   8  87   9  82  10  83  11  81  12  91  13  83  14  90  15  88  16  83  17  85  18  93  19  87 
  0  91   1  91   2  91   3  86   4  86   5  80   6  82   7  88   8  87   9  79  10  86  11  81  12  94  13  80  14  93  15  89  16  84  17  85  18  93  19  87 
  0  91   1  90   2  89   3  86   4  86   5  83   6  82   7  87   8  87   9  79  10  84  11  82  12  94  13  81  14  92  15  88  16  81  17  84  18  93  19  86 
  0  99   1  92   2  93   3  88   4  92   5  90   6  86   7  89   8  90   9  89  10  87  11  87  12  95  13  90  14  95  15  92  16  85  17  88  18  93  19  87 
  0  99   1  93   2  90   3  88   4  92   5  89   6  85   7  88   8  88   9  86  10  86  11  85  12  92  13  89  14  96  15  94  16  85  17  87  18  94  19  85 
  0  99   1  94   2  90   3  87   4  89   5  86   6  84   7  89   8  90   9  89  10  87  11  85  12  95  13  87  14  97  15  91  16  84  17  88  18  93  19  86 
  0  93   1  93   2  92   3  88   4  90   5  84   6  83   7  88   8  87   9  85  10  83  11  84  12  93  13  83  14  92  15  88  16  85  17  88  18  93  19  84 
  0  96   1  93   2  92   3  89   4  90   5  83   6  82   7  89   8  85   9  85  10  86  11  82  12  94  13  84  14  91  15  90  16  83  17  88  18  94  19  88 
  0  89   1  90   2  91   3  87   4  88   5  80   6  82   7  87   8  84   9  79  10  83  11  83  12  91  13  82  14  89  15  88  16  81  17  84  18  93  19  84 
  0  92   1  90   2  89   3  86   4  89   5  86   6  85   7  87   8  88   9  81  10  83  11  85  12  92  13  86  14  92  15  88  16  83  17  88  18  95  19  86 
  0  96   1  94   2  93   3  87   4  91   5  90   6  86   7  89   8  88   9  89  10  87  11  84  12  95  13  89  14  95  15  94  16  87  17  87  18  95  19  85 
  0  97   1  91   2  91   3  88   4  90   5  90   6  84   7  88   8  88   9  87  10  87  11  87  12  95  13  90  14  93  15  92  16  87  17  88  18  95  19  88 
  0  92   1  92   2  93   3  86   4  89   5  84   6  84   7  87   8  88   9  85  10  87  11  85  12  94  13  85  14  92  15  90  16  82  17  88  18  95  19  88 
  0  94   1  91   2  89   3  89   4  87   5  87   6  85   7  89   8  87   9  83  10  84  11  85  12  93  13  84  14  95  15  89  16  85  17  86  18  93  19  85 
  0  98   1  94   2  91   3  90   4  91   5  90   6  86   7  89   8  88   9  87  10  85  11  85  12  95  13  89  14  97  15  94  16  85  17  87  18  95  19  88 


