
 20  20

  0  13   1  17   2  17   3  19   4  15   5  20   6  22   7  20   8  15   9  18  10  17  11  18  12  12  13  15  14  14  15  17  16  14  17  19  18  12  19  16 
  0   8   1  18   2  12   3  14   4  14   5  15   6  20   7  18   8   9   9  19  10  16  11  15  12  10  13   9  14  15  15  13  16  12  17  15  18   9  19  15 
  0  13   1  17   2  15   3  17   4  14   5  17   6  18   7  20   8  10   9  18  10  18  11  14  12   8  13  14  14  13  15  16  16  14  17  15  18  10  19  16 
  0  15   1  19   2  17   3  20   4  15   5  19   6  21   7  22   8  12   9  19  10  18  11  15  12  11  13  13  14  15  15  18  16  12  17  16  18  12  19  17 
  0  16   1  19   2  17   3  17   4  18   5  19   6  23   7  21   8  15   9  18  10  17  11  17  12  12  13  16  14  15  15  16  16  13  17  16  18  14  19  15 
  0  12   1  17   2  15   3  20   4  16   5  18   6  20   7  20   8  16   9  17  10  18  11  18  12  10  13  15  14  15  15  15  16  13  17  18  18  10  19  16 
  0  13   1  19   2  17   3  22   4  17   5  22   6  21   7  19   8  18   9  19  10  18  11  20  12   9  13  17  14  13  15  20  16  15  17  21  18  12  19  16 
  0  11   1  17   2  13   3  16   4  15   5  18   6  21   7  20   8  13   9  19  10  16  11  16  12   8  13  11  14  14  15  13  16  12  17  17  18  12  19  13 
  0  11   1  17   2  15   3  14   4  16   5  16   6  18   7  17   8  11   9  17  10  16  11  13  12  10  13  12  14  15  15  15  16  12  17  12  18   9  19  15 
  0  11   1  17   2  13   3  15   4  14   5  16   6  18   7  21   8  10   9  18  10  16  11  17  12  10  13   9  14  14  15  14  16  15  17  14  18   9  19  14 
  0  18   1  19   2  18   3  21   4  18   5  23   6  21   7  23   8  19   9  19  10  17  11  19  12  12  13  17  14  15  15  21  16  16  17  20  18  17  19  17 
  0  16   1  17   2  20   3  22   4  17   5  21   6  21   7  21   8  19   9  19  10  16  11  18  12  11  13  13  14  15  15  19  16  13  17  20  18  14  19  14 
  0   8   1  18   2  13   3  15   4  15   5  17   6  17   7  17   8   9   9  17  10  16  11  13  12   8  13   9  14  13  15  15  16  13  17  12  18  10  19  15 
  0   8   1  19   2  14   3  14   4  14   5  18   6  17   7  17   8  12   9  17  10  16  11  13  12  10  13  11  14  14  15  15  16  12  17  13  18  10  19  13 
  0  18   1  17   2  18   3  22   4  16   5  20   6  23   7  23   8  19   9  19  10  18  11  21  12  11  13  16  14  15  15  21  16  15  17  22  18  14  19  17 
  0  16   1  17   2  15   3  20   4  16   5  19   6  20   7  22   8  15   9  17  10  16  11  19  12  12  13  12  14  15  15  20  16  16  17  18  18  16  19  14 
  0  14   1  18   2  20   3  19   4  16   5  21   6  23   7  20   8  16   9  17  10  18  11  21  12  10  13  14  14  13  15  19  16  16  17  18  18  14  19  15 
  0  16   1  17   2  17   3  20   4  18   5  19   6  19   7  22   8  16   9  19  10  16  11  20  12  10  13  17  14  13  15  17  16  14  17  21  18  13  19  17 
  0  12   1  17   2  14   3  17   4  16   5  18   6  19   7  18   8  14   9  17  10  16  11  16  12   8  13  12  14  15  15  16  16  14  17  15  18  11  19  16 
  0  13   1  17   2  17   3  18   4  15   5  20   6  17   7  20   8  15   9  17  10  18  11  18  12   9  13  11  14  14  15  15  16  12  17  14  18  10  19  13 


