
 20  20

  0  50   1  43   2  54   3  51   4  48   5  53   6  53   7  42   8  45   9  47  10  48  11  46  12  52  13  48  14  48  15  49  16  45  17  44  18  48  19  47 
  0  45   1  40   2  47   3  45   4  42   5  45   6  49   7  43   8  42   9  43  10  44  11  40  12  46  13  50  14  46  15  47  16  43  17  40  18  43  19  44 
  0  44   1  42   2  45   3  48   4  42   5  44   6  47   7  44   8  41   9  41  10  41  11  41  12  44  13  48  14  43  15  47  16  41  17  41  18  44  19  44 
  0  46   1  40   2  49   3  48   4  44   5  47   6  48   7  44   8  41   9  42  10  44  11  44  12  48  13  49  14  43  15  48  16  41  17  42  18  41  19  45 
  0  45   1  44   2  50   3  47   4  46   5  45   6  48   7  44   8  42   9  40  10  43  11  42  12  49  13  48  14  46  15  47  16  44  17  43  18  43  19  46 
  0  52   1  44   2  55   3  55   4  46   5  53   6  52   7  44   8  47   9  49  10  48  11  48  12  54  13  50  14  50  15  49  16  44  17  46  18  49  19  48 
  0  51   1  46   2  52   3  54   4  47   5  52   6  53   7  42   8  46   9  45  10  49  11  49  12  50  13  50  14  48  15  48  16  45  17  44  18  46  19  47 
  0  43   1  40   2  48   3  47   4  45   5  45   6  50   7  42   8  45   9  39  10  44  11  42  12  46  13  48  14  42  15  47  16  41  17  40  18  42  19  42 
  0  47   1  41   2  48   3  49   4  43   5  45   6  50   7  44   8  45   9  41  10  43  11  42  12  45  13  50  14  44  15  49  16  41  17  41  18  44  19  46 
  0  51   1  45   2  54   3  55   4  47   5  53   6  50   7  43   8  46   9  48  10  50  11  49  12  52  13  50  14  47  15  47  16  42  17  44  18  47  19  50 
  0  46   1  43   2  48   3  45   4  42   5  44   6  47   7  44   8  43   9  39  10  40  11  41  12  44  13  48  14  45  15  47  16  41  17  41  18  41  19  45 
  0  42   1  43   2  47   3  45   4  44   5  45   6  47   7  42   8  41   9  41  10  40  11  42  12  44  13  50  14  44  15  49  16  41  17  43  18  43  19  43 
  0  47   1  44   2  52   3  51   4  47   5  50   6  48   7  44   8  44   9  44  10  44  11  47  12  48  13  50  14  44  15  47  16  45  17  45  18  43  19  44 
  0  50   1  44   2  53   3  51   4  44   5  50   6  53   7  42   8  44   9  46  10  49  11  49  12  49  13  49  14  48  15  47  16  45  17  43  18  44  19  46 
  0  48   1  46   2  51   3  53   4  46   5  54   6  53   7  44   8  48   9  48  10  50  11  49  12  51  13  49  14  48  15  49  16  44  17  46  18  48  19  50 
  0  52   1  43   2  53   3  53   4  47   5  54   6  53   7  44   8  49   9  47  10  46  11  46  12  53  13  50  14  49  15  49  16  43  17  45  18  48  19  48 
  0  47   1  46   2  53   3  54   4  44   5  51   6  50   7  44   8  48   9  44  10  45  11  49  12  49  13  50  14  48  15  49  16  43  17  45  18  47  19  47 
  0  42   1  40   2  47   3  45   4  42   5  44   6  47   7  44   8  43   9  39  10  41  11  43  12  44  13  49  14  42  15  49  16  41  17  40  18  44  19  42 
  0  44   1  44   2  50   3  48   4  43   5  50   6  49   7  43   8  42   9  41  10  43  11  43  12  46  13  50  14  47  15  47  16  42  17  43  18  44  19  46 
  0  50   1  44   2  53   3  51   4  45   5  51   6  53   7  42   8  46   9  47  10  50  11  47  12  50  13  50  14  48  15  49  16  44  17  43  18  48  19  50 


