
 20  20

  0  97   1  86   2  95   3  93   4  89   5  88   6  88   7  95   8  92   9  90  10  93  11  85  12  87  13  89  14  89  15  89  16  87  17  92  18  95  19  92 
  0  94   1  87   2  93   3  93   4  89   5  88   6  86   7  96   8  91   9  91  10  91  11  86  12  89  13  87  14  88  15  86  16  88  17  91  18  92  19  90 
  0  91   1  85   2  93   3  91   4  87   5  87   6  85   7  90   8  90   9  88  10  91  11  86  12  83  13  87  14  86  15  87  16  87  17  87  18  94  19  88 
  0  97   1  87   2  95   3  93   4  89   5  88   6  86   7  96   8  92   9  91  10  93  11  86  12  89  13  87  14  87  15  89  16  88  17  92  18  94  19  90 
  0  89   1  85   2  91   3  92   4  84   5  84   6  84   7  87   8  88   9  83  10  87  11  84  12  81  13  82  14  82  15  83  16  82  17  86  18  90  19  82 
  0  90   1  87   2  92   3  91   4  84   5  84   6  84   7  87   8  89   9  86  10  88  11  84  12  79  13  84  14  81  15  85  16  80  17  85  18  90  19  85 
  0  87   1  85   2  91   3  90   4  81   5  84   6  84   7  86   8  89   9  83  10  85  11  84  12  79  13  81  14  80  15  83  16  80  17  84  18  91  19  84 
  0  97   1  85   2  95   3  93   4  86   5  85   6  85   7  96   8  92   9  89  10  90  11  86  12  89  13  88  14  86  15  89  16  88  17  91  18  95  19  90 
  0  91   1  85   2  91   3  89   4  85   5  87   6  85   7  88   8  90   9  86  10  90  11  86  12  84  13  83  14  83  15  83  16  81  17  84  18  91  19  83 
  0  89   1  87   2  95   3  93   4  85   5  85   6  87   7  90   8  91   9  86  10  87  11  86  12  82  13  85  14  83  15  87  16  83  17  87  18  93  19  87 
  0  89   1  85   2  93   3  92   4  85   5  84   6  84   7  88   8  89   9  83  10  88  11  84  12  82  13  82  14  83  15  83  16  80  17  82  18  91  19  82 
  0  90   1  85   2  91   3  91   4  84   5  87   6  85   7  86   8  90   9  87  10  87  11  84  12  82  13  81  14  79  15  86  16  81  17  86  18  91  19  82 
  0  97   1  86   2  95   3  92   4  89   5  86   6  86   7  93   8  92   9  91  10  91  11  86  12  89  13  86  14  86  15  89  16  87  17  92  18  93  19  90 
  0  87   1  85   2  91   3  92   4  82   5  84   6  84   7  88   8  88   9  86  10  87  11  84  12  82  13  83  14  82  15  86  16  80  17  84  18  90  19  86 
  0  87   1  86   2  91   3  89   4  82   5  84   6  86   7  87   8  88   9  83  10  86  11  84  12  79  13  82  14  80  15  83  16  81  17  83  18  89  19  82 
  0  87   1  86   2  91   3  89   4  83   5  87   6  84   7  89   8  90   9  83  10  89  11  85  12  81  13  84  14  79  15  84  16  83  17  84  18  92  19  83 
  0  97   1  86   2  95   3  93   4  89   5  88   6  88   7  96   8  92   9  91  10  92  11  86  12  89  13  89  14  87  15  89  16  88  17  92  18  95  19  92 
  0  91   1  85   2  95   3  92   4  83   5  87   6  88   7  90   8  89   9  88  10  89  11  85  12  85  13  85  14  85  15  86  16  86  17  89  18  94  19  87 
  0  88   1  85   2  91   3  89   4  81   5  85   6  84   7  86   8  88   9  85  10  85  11  86  12  82  13  82  14  81  15  85  16  80  17  83  18  91  19  83 
  0  93   1  85   2  91   3  89   4  85   5  86   6  84   7  90   8  91   9  85  10  87  11  86  12  84  13  86  14  85  15  84  16  82  17  87  18  93  19  85 


