
 20  20

  0  65   1  69   2  59   3  58   4  57   5  67   6  66   7  65   8  64   9  66  10  60  11  63  12  66  13  61  14  64  15  66  16  62  17  64  18  68  19  64 
  0  68   1  72   2  61   3  63   4  62   5  69   6  67   7  67   8  69   9  68  10  63  11  65  12  69  13  62  14  68  15  68  16  61  17  64  18  71  19  68 
  0  73   1  74   2  64   3  66   4  67   5  71   6  75   7  69   8  71   9  74  10  65  11  69  12  74  13  62  14  67  15  72  16  61  17  72  18  72  19  72 
  0  74   1  71   2  61   3  66   4  62   5  70   6  75   7  66   8  73   9  75  10  67  11  66  12  73  13  62  14  68  15  69  16  61  17  71  18  70  19  72 
  0  71   1  74   2  64   3  65   4  67   5  70   6  76   7  70   8  74   9  72  10  66  11  66  12  72  13  65  14  70  15  72  16  64  17  71  18  74  19  70 
  0  75   1  72   2  65   3  67   4  66   5  71   6  76   7  70   8  74   9  76  10  67  11  69  12  73  13  64  14  70  15  74  16  64  17  73  18  72  19  70 
  0  73   1  71   2  64   3  64   4  63   5  70   6  74   7  65   8  69   9  72  10  64  11  66  12  72  13  61  14  69  15  70  16  63  17  67  18  73  19  71 
  0  69   1  69   2  60   3  64   4  64   5  68   6  73   7  66   8  70   9  70  10  64  11  67  12  69  13  64  14  67  15  70  16  64  17  66  18  70  19  68 
  0  66   1  71   2  61   3  60   4  58   5  70   6  66   7  64   8  64   9  68  10  62  11  65  12  66  13  59  14  64  15  67  16  62  17  66  18  70  19  67 
  0  71   1  72   2  60   3  63   4  62   5  70   6  71   7  67   8  69   9  72  10  64  11  68  12  71  13  61  14  69  15  70  16  63  17  70  18  71  19  70 
  0  75   1  73   2  65   3  68   4  64   5  71   6  76   7  67   8  71   9  73  10  64  11  67  12  71  13  64  14  69  15  74  16  62  17  72  18  71  19  71 
  0  65   1  68   2  59   3  61   4  57   5  67   6  67   7  66   8  67   9  66  10  60  11  63  12  68  13  59  14  64  15  67  16  60  17  63  18  68  19  64 
  0  69   1  72   2  60   3  66   4  64   5  68   6  74   7  66   8  71   9  71  10  65  11  65  12  71  13  64  14  65  15  71  16  62  17  71  18  69  19  68 
  0  69   1  71   2  60   3  60   4  63   5  70   6  69   7  65   8  70   9  69  10  61  11  63  12  67  13  60  14  67  15  66  16  60  17  67  18  72  19  65 
  0  69   1  69   2  59   3  58   4  59   5  67   6  69   7  64   8  65   9  70  10  59  11  63  12  69  13  62  14  67  15  68  16  60  17  65  18  68  19  64 
  0  73   1  74   2  64   3  66   4  67   5  71   6  74   7  70   8  72   9  74  10  63  11  68  12  73  13  63  14  70  15  74  16  62  17  69  18  74  19  70 
  0  69   1  69   2  62   3  64   4  62   5  67   6  70   7  65   8  70   9  71  10  63  11  67  12  72  13  60  14  66  15  69  16  64  17  69  18  70  19  68 
  0  75   1  74   2  64   3  68   4  67   5  71   6  76   7  70   8  74   9  76  10  66  11  67  12  73  13  65  14  70  15  74  16  64  17  72  18  72  19  70 
  0  73   1  72   2  65   3  64   4  63   5  69   6  76   7  67   8  74   9  74  10  67  11  69  12  73  13  63  14  67  15  74  16  64  17  69  18  72  19  69 
  0  65   1  68   2  59   3  58   4  57   5  68   6  66   7  65   8  64   9  66  10  59  11  63  12  66  13  59  14  64  15  64  16  60  17  63  18  70  19  64 


