
 20  20

  0  86   1  85   2  90   3  89   4  88   5  93   6  91   7  92   8  92   9  88  10  87  11  92  12  83  13  86  14  87  15  91  16  94  17  90  18  84  19  85 
  0  90   1  89   2  94   3  87   4  92   5  95   6  94   7  97   8  90   9  90  10  88  11  93  12  86  13  89  14  89  15  88  16  93  17  88  18  87  19  86 
  0  90   1  86   2  94   3  91   4  91   5  96   6  94   7  96   8  92   9  91  10  90  11  94  12  87  13  84  14  91  15  91  16  93  17  88  18  85  19  89 
  0  91   1  87   2  95   3  91   4  91   5  96   6  91   7  96   8  92   9  92  10  94  11  94  12  89  13  89  14  89  15  91  16  93  17  88  18  89  19  88 
  0  90   1  88   2  94   3  91   4  91   5  93   6  91   7  95   8  92   9  90  10  89  11  91  12  89  13  88  14  91  15  88  16  93  17  88  18  86  19  90 
  0  84   1  83   2  89   3  89   4  87   5  91   6  91   7  89   8  90   9  88  10  84  11  89  12  81  13  82  14  87  15  87  16  90  17  90  18  82  19  83 
  0  86   1  83   2  92   3  89   4  87   5  91   6  92   7  93   8  92   9  88  10  86  11  93  12  83  13  83  14  91  15  86  16  92  17  88  18  84  19  88 
  0  86   1  84   2  91   3  88   4  89   5  93   6  90   7  91   8  92   9  90  10  87  11  91  12  83  13  84  14  87  15  86  16  89  17  89  18  85  19  86 
  0  87   1  84   2  89   3  87   4  85   5  91   6  92   7  91   8  92   9  88  10  86  11  88  12  84  13  82  14  87  15  87  16  91  17  88  18  82  19  83 
  0  93   1  89   2  94   3  91   4  92   5  97   6  94   7  97   8  92   9  92  10  93  11  96  12  91  13  91  14  91  15  92  16  95  17  89  18  89  19  92 
  0  89   1  88   2  93   3  89   4  90   5  93   6  91   7  91   8  91   9  92  10  86  11  93  12  86  13  87  14  88  15  91  16  93  17  89  18  84  19  88 
  0  88   1  87   2  95   3  88   4  91   5  94   6  91   7  97   8  92   9  91  10  88  11  93  12  87  13  89  14  90  15  90  16  91  17  88  18  85  19  86 
  0  93   1  87   2  94   3  91   4  93   5  97   6  93   7  99   8  92   9  91  10  92  11  93  12  90  13  88  14  91  15  89  16  95  17  90  18  88  19  88 
  0  87   1  88   2  90   3  89   4  87   5  92   6  92   7  96   8  90   9  90  10  88  11  93  12  87  13  85  14  87  15  91  16  90  17  88  18  85  19  89 
  0  91   1  84   2  93   3  87   4  87   5  96   6  90   7  93   8  90   9  90  10  89  11  93  12  85  13  89  14  88  15  87  16  92  17  90  18  88  19  89 
  0  84   1  85   2  90   3  89   4  85   5  92   6  92   7  92   8  91   9  91  10  88  11  90  12  85  13  83  14  87  15  86  16  90  17  88  18  84  19  86 
  0  86   1  85   2  89   3  89   4  87   5  91   6  90   7  89   8  90   9  88  10  85  11  91  12  82  13  82  14  87  15  86  16  92  17  88  18  82  19  84 
  0  89   1  87   2  94   3  91   4  91   5  97   6  94   7  94   8  92   9  90  10  92  11  92  12  90  13  86  14  90  15  92  16  93  17  88  18  89  19  88 
  0  88   1  87   2  91   3  91   4  90   5  95   6  94   7  94   8  90   9  90  10  89  11  92  12  87  13  89  14  89  15  88  16  91  17  90  18  89  19  87 
  0  93   1  86   2  95   3  91   4  91   5  95   6  92   7  97   8  92   9  90  10  94  11  94  12  88  13  90  14  89  15  90  16  95  17  90  18  90  19  92 


