
 20  20

  0  82   1  83   2  85   3  80   4  83   5  85   6  88   7  85   8  86   9  79  10  83  11  84  12  79  13  80  14  84  15  82  16  89  17  80  18  90  19  84 
  0  86   1  85   2  83   3  82   4  85   5  85   6  86   7  86   8  84   9  78  10  82  11  82  12  83  13  82  14  84  15  80  16  88  17  83  18  89  19  87 
  0  84   1  85   2  83   3  81   4  83   5  87   6  86   7  85   8  86   9  78  10  82  11  80  12  80  13  80  14  85  15  80  16  88  17  81  18  87  19  86 
  0  80   1  85   2  85   3  78   4  83   5  87   6  88   7  82   8  84   9  81  10  80  11  81  12  82  13  80  14  85  15  80  16  86  17  80  18  87  19  85 
  0  86   1  85   2  86   3  82   4  83   5  88   6  86   7  88   8  86   9  81  10  85  11  87  12  82  13  81  14  87  15  82  16  90  17  82  18  90  19  88 
  0  87   1  84   2  87   3  82   4  85   5  88   6  88   7  88   8  84   9  81  10  87  11  87  12  85  13  83  14  88  15  82  16  92  17  85  18  91  19  88 
  0  85   1  83   2  86   3  82   4  85   5  88   6  88   7  88   8  86   9  79  10  85  11  84  12  83  13  83  14  89  15  82  16  91  17  85  18  88  19  87 
  0  84   1  83   2  86   3  82   4  84   5  88   6  86   7  86   8  86   9  81  10  81  11  83  12  83  13  81  14  85  15  80  16  88  17  85  18  87  19  87 
  0  82   1  85   2  86   3  80   4  83   5  88   6  86   7  88   8  84   9  79  10  83  11  82  12  81  13  81  14  86  15  82  16  87  17  85  18  90  19  86 
  0  80   1  83   2  81   3  79   4  83   5  84   6  88   7  83   8  85   9  76  10  78  11  80  12  75  13  77  14  84  15  81  16  85  17  81  18  83  19  80 
  0  82   1  83   2  81   3  77   4  84   5  86   6  87   7  81   8  86   9  80  10  81  11  81  12  79  13  79  14  83  15  80  16  84  17  83  18  87  19  84 
  0  81   1  84   2  84   3  77   4  83   5  85   6  86   7  80   8  85   9  77  10  81  11  78  12  77  13  75  14  82  15  80  16  85  17  79  18  83  19  80 
  0  86   1  85   2  87   3  81   4  85   5  87   6  88   7  88   8  86   9  80  10  85  11  86  12  85  13  81  14  88  15  82  16  92  17  85  18  90  19  86 
  0  80   1  83   2  82   3  77   4  83   5  85   6  86   7  82   8  84   9  78  10  78  11  79  12  75  13  76  14  81  15  80  16  82  17  82  18  83  19  83 
  0  84   1  83   2  87   3  82   4  83   5  85   6  86   7  87   8  86   9  79  10  86  11  86  12  81  13  82  14  87  15  80  16  91  17  81  18  90  19  85 
  0  80   1  85   2  82   3  77   4  83   5  88   6  88   7  84   8  86   9  80  10  81  11  81  12  81  13  78  14  86  15  80  16  86  17  84  18  85  19  84 
  0  84   1  85   2  85   3  79   4  83   5  87   6  88   7  86   8  84   9  78  10  84  11  85  12  84  13  80  14  85  15  82  16  89  17  81  18  87  19  88 
  0  83   1  85   2  84   3  81   4  83   5  84   6  86   7  87   8  84   9  82  10  82  11  85  12  81  13  78  14  85  15  80  16  86  17  82  18  86  19  87 
  0  86   1  84   2  86   3  81   4  83   5  88   6  86   7  84   8  86   9  78  10  86  11  85  12  83  13  80  14  86  15  80  16  91  17  83  18  87  19  87 
  0  79   1  83   2  83   3  76   4  83   5  85   6  86   7  81   8  85   9  76  10  77  11  80  12  75  13  77  14  81  15  81  16  84  17  79  18  83  19  82 


