
 20  20

  0  56   1  65   2  57   3  56   4  64   5  65   6  64   7  51   8  64   9  58  10  54  11  54  12  63  13  66  14  56  15  62  16  59  17  60  18  57  19  58 
  0  54   1  62   2  60   3  56   4  67   5  63   6  63   7  52   8  62   9  57  10  55  11  54  12  63  13  64  14  56  15  61  16  59  17  60  18  54  19  55 
  0  54   1  65   2  59   3  56   4  65   5  64   6  64   7  53   8  63   9  57  10  55  11  54  12  64  13  66  14  55  15  62  16  58  17  62  18  57  19  58 
  0  51   1  60   2  55   3  54   4  62   5  60   6  58   7  53   8  63   9  54  10  52  11  52  12  60  13  59  14  54  15  61  16  58  17  57  18  53  19  52 
  0  53   1  63   2  58   3  54   4  62   5  64   6  58   7  53   8  64   9  55  10  52  11  52  12  62  13  59  14  54  15  60  16  58  17  59  18  53  19  56 
  0  52   1  60   2  57   3  52   4  64   5  63   6  57   7  53   8  62   9  57  10  52  11  54  12  60  13  60  14  56  15  61  16  57  17  56  18  53  19  53 
  0  56   1  65   2  58   3  56   4  63   5  63   6  64   7  53   8  65   9  58  10  56  11  54  12  63  13  65  14  56  15  62  16  57  17  59  18  55  19  56 
  0  49   1  59   2  54   3  54   4  59   5  61   6  57   7  51   8  61   9  54  10  50  11  53  12  63  13  59  14  54  15  61  16  57  17  54  18  53  19  53 
  0  54   1  64   2  55   3  53   4  61   5  62   6  59   7  53   8  63   9  56  10  52  11  54  12  64  13  63  14  56  15  62  16  59  17  59  18  56  19  53 
  0  47   1  59   2  54   3  52   4  58   5  60   6  54   7  51   8  59   9  51  10  51  11  52  12  60  13  58  14  54  15  60  16  57  17  54  18  55  19  50 
  0  50   1  62   2  54   3  52   4  63   5  63   6  56   7  53   8  63   9  52  10  52  11  52  12  61  13  61  14  56  15  60  16  59  17  59  18  53  19  54 
  0  53   1  61   2  56   3  52   4  61   5  60   6  57   7  51   8  61   9  53  10  50  11  52  12  60  13  59  14  56  15  60  16  58  17  59  18  55  19  53 
  0  51   1  60   2  54   3  52   4  60   5  59   6  54   7  51   8  60   9  52  10  52  11  53  12  60  13  60  14  55  15  61  16  57  17  58  18  55  19  53 
  0  50   1  59   2  54   3  54   4  59   5  61   6  55   7  51   8  61   9  54  10  50  11  52  12  60  13  60  14  54  15  62  16  57  17  56  18  54  19  50 
  0  56   1  63   2  57   3  56   4  62   5  64   6  63   7  53   8  65   9  55  10  54  11  53  12  62  13  62  14  54  15  60  16  59  17  57  18  55  19  55 
  0  54   1  62   2  58   3  54   4  65   5  63   6  64   7  53   8  65   9  60  10  53  11  54  12  63  13  66  14  56  15  60  16  58  17  62  18  55  19  57 
  0  50   1  59   2  57   3  52   4  57   5  59   6  56   7  51   8  61   9  52  10  50  11  52  12  61  13  57  14  56  15  62  16  57  17  54  18  53  19  53 
  0  47   1  60   2  54   3  52   4  60   5  59   6  57   7  51   8  59   9  50  10  50  11  53  12  60  13  59  14  55  15  60  16  57  17  56  18  53  19  53 
  0  50   1  60   2  56   3  54   4  57   5  61   6  56   7  51   8  61   9  53  10  50  11  52  12  62  13  59  14  54  15  60  16  57  17  55  18  53  19  50 
  0  49   1  60   2  56   3  54   4  58   5  59   6  57   7  53   8  62   9  54  10  52  11  54  12  62  13  57  14  54  15  61  16  59  17  59  18  56  19  53 


