
 20  20

  0  82   1  80   2  88   3  80   4  79   5  87   6  79   7  87   8  78   9  81  10  87  11  83  12  80  13  82  14  86  15  86  16  86  17  82  18  85  19  87 
  0  79   1  76   2  86   3  82   4  81   5  86   6  78   7  85   8  77   9  80  10  85  11  80  12  79  13  78  14  87  15  87  16  87  17  84  18  84  19  87 
  0  81   1  81   2  88   3  83   4  82   5  90   6  78   7  87   8  81   9  83  10  87  11  82  12  84  13  79  14  87  15  88  16  88  17  83  18  84  19  86 
  0  76   1  74   2  86   3  78   4  79   5  83   6  78   7  84   8  74   9  80  10  87  11  79  12  78  13  79  14  82  15  87  16  86  17  82  18  84  19  86 
  0  80   1  80   2  88   3  80   4  78   5  86   6  78   7  86   8  77   9  81  10  86  11  83  12  82  13  78  14  88  15  87  16  88  17  83  18  85  19  86 
  0  81   1  80   2  88   3  83   4  82   5  90   6  80   7  87   8  78   9  84  10  87  11  81  12  84  13  79  14  87  15  86  16  86  17  82  18  84  19  86 
  0  80   1  81   2  88   3  82   4  82   5  88   6  79   7  90   8  79   9  82  10  89  11  82  12  83  13  82  14  89  15  88  16  88  17  82  18  86  19  87 
  0  80   1  74   2  85   3  79   4  78   5  83   6  78   7  88   8  77   9  83  10  87  11  82  12  82  13  81  14  86  15  88  16  88  17  82  18  86  19  84 
  0  75   1  74   2  84   3  78   4  78   5  83   6  79   7  85   8  76   9  82  10  85  11  79  12  78  13  80  14  85  15  88  16  86  17  82  18  84  19  84 
  0  80   1  80   2  88   3  82   4  82   5  91   6  78   7  90   8  78   9  83  10  87  11  83  12  82  13  82  14  90  15  88  16  86  17  84  18  86  19  88 
  0  82   1  79   2  87   3  84   4  79   5  91   6  80   7  87   8  80   9  81  10  89  11  82  12  82  13  82  14  88  15  86  16  88  17  82  18  85  19  87 
  0  75   1  74   2  84   3  79   4  78   5  84   6  78   7  86   8  73   9  80  10  85  11  79  12  80  13  80  14  82  15  86  16  86  17  82  18  86  19  84 
  0  81   1  77   2  86   3  83   4  81   5  86   6  78   7  88   8  76   9  82  10  88  11  83  12  80  13  78  14  84  15  86  16  88  17  82  18  86  19  85 
  0  79   1  76   2  87   3  81   4  81   5  87   6  78   7  88   8  74   9  80  10  87  11  83  12  79  13  78  14  85  15  86  16  86  17  84  18  85  19  84 
  0  78   1  78   2  84   3  81   4  78   5  85   6  78   7  88   8  74   9  81  10  86  11  81  12  80  13  79  14  86  15  87  16  86  17  84  18  84  19  84 
  0  85   1  80   2  87   3  82   4  80   5  89   6  79   7  90   8  83   9  84  10  89  11  85  12  83  13  81  14  92  15  88  16  88  17  84  18  84  19  88 
  0  84   1  80   2  88   3  84   4  82   5  91   6  78   7  90   8  83   9  84  10  87  11  85  12  84  13  82  14  92  15  88  16  88  17  84  18  84  19  86 
  0  82   1  80   2  86   3  81   4  81   5  88   6  80   7  86   8  80   9  84  10  89  11  83  12  82  13  82  14  89  15  86  16  88  17  82  18  85  19  87 
  0  80   1  77   2  84   3  78   4  78   5  86   6  79   7  86   8  78   9  80  10  88  11  83  12  78  13  80  14  83  15  88  16  86  17  83  18  85  19  87 
  0  80   1  81   2  88   3  84   4  81   5  88   6  80   7  90   8  79   9  82  10  89  11  84  12  83  13  80  14  87  15  88  16  88  17  83  18  84  19  86 


