
 20  20

  0  70   1  69   2  70   3  68   4  69   5  65   6  68   7  69   8  67   9  73  10  74  11  64  12  64  13  74  14  68  15  69  16  65  17  72  18  64  19  66 
  0  72   1  67   2  75   3  67   4  70   5  66   6  69   7  70   8  67   9  73  10  74  11  64  12  68  13  73  14  67  15  70  16  66  17  74  18  68  19  66 
  0  72   1  69   2  75   3  69   4  70   5  66   6  66   7  70   8  67   9  75  10  76  11  65  12  65  13  74  14  65  15  69  16  67  17  72  18  67  19  65 
  0  72   1  69   2  71   3  69   4  70   5  67   6  66   7  65   8  67   9  71  10  72  11  62  12  61  13  71  14  66  15  64  16  67  17  72  18  64  19  66 
  0  70   1  69   2  75   3  69   4  68   5  67   6  67   7  67   8  66   9  72  10  74  11  65  12  67  13  74  14  66  15  69  16  69  17  71  18  68  19  64 
  0  65   1  69   2  69   3  67   4  69   5  65   6  63   7  64   8  65   9  70  10  66  11  64  12  60  13  70  14  62  15  60  16  64  17  72  18  62  19  66 
  0  65   1  67   2  69   3  69   4  68   5  65   6  63   7  66   8  65   9  71  10  70  11  63  12  61  13  73  14  59  15  60  16  62  17  69  18  62  19  64 
  0  73   1  67   2  71   3  68   4  68   5  65   6  64   7  68   8  67   9  71  10  71  11  64  12  62  13  74  14  66  15  67  16  64  17  72  18  66  19  66 
  0  69   1  69   2  69   3  67   4  70   5  65   6  67   7  69   8  65   9  70  10  70  11  62  12  64  13  70  14  65  15  63  16  67  17  74  18  65  19  66 
  0  70   1  69   2  72   3  67   4  70   5  65   6  66   7  67   8  66   9  73  10  74  11  67  12  64  13  72  14  67  15  68  16  64  17  73  18  67  19  66 
  0  72   1  67   2  71   3  68   4  70   5  66   6  67   7  65   8  65   9  69  10  73  11  62  12  65  13  72  14  63  15  67  16  66  17  74  18  67  19  66 
  0  69   1  69   2  70   3  67   4  68   5  67   6  62   7  66   8  65   9  71  10  68  11  63  12  63  13  73  14  63  15  65  16  64  17  71  18  62  19  64 
  0  71   1  68   2  73   3  67   4  70   5  67   6  66   7  69   8  65   9  72  10  75  11  64  12  65  13  71  14  65  15  68  16  66  17  75  18  65  19  66 
  0  70   1  68   2  73   3  67   4  70   5  67   6  66   7  68   8  65   9  69  10  71  11  62  12  64  13  74  14  65  15  63  16  66  17  71  18  67  19  64 
  0  72   1  67   2  71   3  68   4  69   5  67   6  64   7  66   8  66   9  73  10  72  11  64  12  66  13  72  14  64  15  65  16  64  17  75  18  66  19  64 
  0  68   1  67   2  68   3  67   4  68   5  65   6  64   7  66   8  65   9  71  10  70  11  61  12  59  13  73  14  63  15  61  16  64  17  72  18  62  19  64 
  0  66   1  67   2  70   3  68   4  68   5  65   6  63   7  64   8  67   9  69  10  70  11  61  12  62  13  70  14  59  15  64  16  61  17  70  18  64  19  64 
  0  69   1  68   2  71   3  67   4  68   5  65   6  65   7  69   8  65   9  71  10  73  11  65  12  64  13  73  14  67  15  67  16  66  17  75  18  67  19  65 
  0  74   1  67   2  72   3  68   4  68   5  65   6  68   7  68   8  67   9  72  10  74  11  64  12  64  13  74  14  66  15  69  16  67  17  71  18  68  19  66 
  0  68   1  67   2  71   3  67   4  68   5  65   6  62   7  66   8  67   9  67  10  71  11  64  12  60  13  73  14  63  15  63  16  63  17  70  18  64  19  66 


