
 20  20

  0  76   1  74   2  72   3  75   4  74   5  75   6  81   7  78   8  80   9  71  10  74  11  79  12  73  13  73  14  74  15  78  16  77  17  77  18  78  19  76 
  0  75   1  71   2  75   3  78   4  76   5  74   6  79   7  76   8  79   9  71  10  77  11  78  12  73  13  72  14  71  15  80  16  77  17  76  18  79  19  77 
  0  80   1  76   2  77   3  78   4  77   5  77   6  81   7  80   8  86   9  73  10  77  11  79  12  74  13  75  14  75  15  84  16  78  17  79  18  81  19  83 
  0  82   1  74   2  76   3  80   4  79   5  73   6  81   7  76   8  83   9  72  10  78  11  77  12  78  13  73  14  78  15  83  16  78  17  80  18  78  19  81 
  0  78   1  73   2  76   3  76   4  75   5  74   6  80   7  77   8  83   9  73  10  79  11  76  12  73  13  74  14  73  15  82  16  75  17  78  18  78  19  79 
  0  79   1  78   2  78   3  81   4  78   5  74   6  79   7  77   8  84   9  72  10  80  11  78  12  76  13  74  14  77  15  83  16  77  17  78  18  80  19  84 
  0  79   1  76   2  74   3  81   4  80   5  77   6  81   7  77   8  82   9  71  10  79  11  80  12  78  13  74  14  77  15  81  16  75  17  78  18  81  19  81 
  0  76   1  71   2  72   3  75   4  73   5  73   6  79   7  77   8  80   9  71  10  75  11  76  12  75  13  71  14  72  15  79  16  76  17  75  18  77  19  78 
  0  79   1  75   2  75   3  80   4  74   5  76   6  79   7  76   8  83   9  73  10  75  11  79  12  77  13  71  14  75  15  82  16  75  17  75  18  78  19  82 
  0  82   1  77   2  74   3  80   4  77   5  77   6  79   7  78   8  85   9  73  10  79  11  78  12  76  13  75  14  75  15  82  16  78  17  80  18  80  19  81 
  0  83   1  76   2  76   3  81   4  81   5  78   6  81   7  80   8  86   9  75  10  81  11  80  12  79  13  73  14  80  15  83  16  77  17  82  18  80  19  84 
  0  84   1  79   2  78   3  82   4  81   5  77   6  80   7  78   8  86   9  75  10  82  11  78  12  78  13  73  14  80  15  85  16  78  17  82  18  81  19  84 
  0  80   1  74   2  75   3  81   4  78   5  75   6  81   7  76   8  84   9  74  10  78  11  78  12  75  13  71  14  75  15  80  16  78  17  80  18  81  19  79 
  0  78   1  73   2  76   3  77   4  77   5  76   6  80   7  80   8  80   9  71  10  75  11  76  12  76  13  75  14  76  15  81  16  79  17  76  18  81  19  82 
  0  78   1  73   2  73   3  76   4  75   5  71   6  79   7  78   8  79   9  72  10  74  11  76  12  73  13  71  14  72  15  77  16  75  17  74  18  79  19  79 
  0  80   1  71   2  73   3  75   4  75   5  71   6  81   7  77   8  83   9  71  10  78  11  78  12  75  13  74  14  72  15  77  16  76  17  75  18  77  19  77 
  0  82   1  78   2  77   3  80   4  79   5  76   6  81   7  80   8  83   9  75  10  79  11  78  12  75  13  75  14  80  15  84  16  78  17  79  18  81  19  81 
  0  84   1  76   2  77   3  81   4  79   5  78   6  79   7  80   8  85   9  72  10  81  11  80  12  76  13  74  14  77  15  84  16  79  17  81  18  81  19  86 
  0  83   1  79   2  76   3  82   4  79   5  76   6  81   7  80   8  84   9  75  10  82  11  80  12  79  13  75  14  81  15  83  16  78  17  81  18  81  19  83 
  0  75   1  74   2  74   3  75   4  73   5  73   6  79   7  77   8  79   9  72  10  77  11  79  12  74  13  71  14  74  15  79  16  76  17  74  18  80  19  76 


