
 20  20

  0  84   1  82   2  84   3  79   4  78   5  79   6  79   7  77   8  84   9  83  10  82  11  84  12  73  13  78  14  79  15  88  16  77  17  80  18  83  19  84 
  0  90   1  88   2  85   3  83   4  84   5  79   6  81   7  84   8  85   9  89  10  84  11  85  12  82  13  82  14  81  15  88  16  79  17  83  18  85  19  87 
  0  86   1  85   2  86   3  81   4  79   5  78   6  81   7  79   8  84   9  85  10  83  11  86  12  81  13  80  14  80  15  87  16  79  17  79  18  82  19  88 
  0  88   1  85   2  86   3  79   4  79   5  79   6  81   7  79   8  84   9  85  10  86  11  87  12  78  13  80  14  81  15  87  16  79  17  81  18  83  19  89 
  0  84   1  84   2  84   3  82   4  78   5  78   6  79   7  79   8  86   9  85  10  85  11  87  12  78  13  78  14  79  15  88  16  77  17  80  18  84  19  84 
  0  83   1  84   2  84   3  77   4  77   5  77   6  81   7  76   8  83   9  84  10  79  11  83  12  75  13  78  14  81  15  87  16  79  17  79  18  82  19  83 
  0  85   1  83   2  86   3  78   4  81   5  77   6  79   7  78   8  84   9  85  10  84  11  85  12  79  13  82  14  81  15  87  16  79  17  81  18  84  19  86 
  0  81   1  82   2  84   3  80   4  77   5  77   6  81   7  75   8  85   9  82  10  82  11  85  12  73  13  80  14  79  15  89  16  77  17  80  18  82  19  83 
  0  91   1  88   2  86   3  83   4  85   5  78   6  81   7  85   8  85   9  91  10  87  11  85  12  82  13  82  14  83  15  87  16  79  17  81  18  84  19  88 
  0  87   1  86   2  86   3  78   4  81   5  79   6  79   7  83   8  85   9  87  10  83  11  83  12  80  13  81  14  83  15  89  16  79  17  78  18  84  19  86 
  0  83   1  82   2  86   3  78   4  77   5  77   6  79   7  78   8  85   9  81  10  79  11  85  12  75  13  77  14  82  15  87  16  77  17  77  18  80  19  86 
  0  90   1  86   2  85   3  83   4  83   5  79   6  80   7  83   8  85   9  90  10  84  11  85  12  82  13  82  14  83  15  89  16  79  17  80  18  86  19  87 
  0  81   1  84   2  85   3  77   4  77   5  78   6  81   7  76   8  83   9  83  10  81  11  85  12  74  13  77  14  80  15  87  16  77  17  77  18  82  19  82 
  0  90   1  85   2  86   3  83   4  84   5  79   6  79   7  81   8  87   9  87  10  87  11  84  12  80  13  83  14  82  15  89  16  78  17  81  18  84  19  89 
  0  85   1  84   2  85   3  80   4  78   5  77   6  81   7  75   8  86   9  85  10  80  11  86  12  76  13  78  14  82  15  87  16  77  17  77  18  80  19  86 
  0  89   1  84   2  86   3  82   4  80   5  78   6  80   7  82   8  86   9  88  10  84  11  84  12  77  13  81  14  81  15  88  16  77  17  83  18  83  19  89 
  0  86   1  86   2  86   3  83   4  81   5  77   6  79   7  82   8  87   9  87  10  84  11  86  12  77  13  80  14  83  15  87  16  77  17  83  18  84  19  89 
  0  86   1  86   2  85   3  80   4  80   5  79   6  79   7  77   8  86   9  84  10  81  11  84  12  75  13  79  14  81  15  89  16  78  17  82  18  83  19  84 
  0  81   1  83   2  86   3  77   4  75   5  77   6  79   7  78   8  83   9  81  10  82  11  83  12  73  13  77  14  81  15  89  16  77  17  77  18  83  19  85 
  0  90   1  85   2  84   3  83   4  81   5  79   6  79   7  83   8  86   9  86  10  85  11  86  12  80  13  79  14  83  15  89  16  77  17  79  18  83  19  87 


