
 20  20

  0  64   1  60   2  60   3  62   4  58   5  64   6  59   7  66   8  68   9  59  10  59  11  59  12  56  13  65  14  62  15  60  16  58  17  65  18  56  19  63 
  0  64   1  61   2  62   3  60   4  59   5  66   6  58   7  67   8  65   9  59  10  60  11  60  12  58  13  65  14  62  15  62  16  62  17  65  18  57  19  65 
  0  69   1  66   2  68   3  61   4  60   5  72   6  64   7  65   8  69   9  61  10  60  11  63  12  59  13  69  14  64  15  65  16  64  17  65  18  57  19  71 
  0  65   1  63   2  63   3  61   4  63   5  70   6  62   7  65   8  66   9  57  10  60  11  63  12  59  13  67  14  62  15  65  16  64  17  65  18  56  19  68 
  0  70   1  62   2  64   3  63   4  64   5  70   6  61   7  67   8  66   9  60  10  63  11  60  12  62  13  69  14  64  15  66  16  63  17  66  18  59  19  69 
  0  64   1  61   2  62   3  64   4  62   5  68   6  62   7  66   8  67   9  57  10  61  11  61  12  61  13  66  14  62  15  64  16  59  17  65  18  60  19  65 
  0  68   1  62   2  64   3  61   4  62   5  68   6  61   7  65   8  66   9  59  10  60  11  63  12  62  13  69  14  64  15  64  16  64  17  67  18  60  19  69 
  0  65   1  61   2  63   3  61   4  59   5  67   6  57   7  67   8  68   9  57  10  60  11  59  12  60  13  66  14  62  15  63  16  60  17  67  18  60  19  67 
  0  69   1  62   2  65   3  64   4  61   5  68   6  63   7  65   8  68   9  59  10  61  11  60  12  61  13  69  14  62  15  64  16  61  17  67  18  60  19  68 
  0  67   1  65   2  63   3  64   4  59   5  68   6  59   7  65   8  69   9  59  10  61  11  58  12  58  13  67  14  62  15  62  16  62  17  66  18  58  19  67 
  0  66   1  64   2  63   3  61   4  60   5  69   6  63   7  65   8  69   9  61  10  60  11  59  12  60  13  67  14  62  15  65  16  64  17  65  18  57  19  69 
  0  61   1  63   2  60   3  61   4  57   5  65   6  56   7  65   8  65   9  57  10  56  11  57  12  59  13  67  14  63  15  62  16  59  17  67  18  59  19  63 
  0  70   1  64   2  69   3  64   4  64   5  71   6  65   7  67   8  67   9  60  10  64  11  63  12  62  13  69  14  64  15  66  16  62  17  67  18  58  19  70 
  0  68   1  66   2  67   3  63   4  64   5  69   6  65   7  67   8  67   9  60  10  64  11  61  12  62  13  69  14  64  15  65  16  64  17  67  18  60  19  69 
  0  62   1  61   2  59   3  62   4  56   5  62   6  55   7  67   8  67   9  58  10  56  11  57  12  57  13  66  14  62  15  61  16  58  17  65  18  58  19  61 
  0  65   1  65   2  66   3  60   4  58   5  66   6  62   7  67   8  69   9  58  10  60  11  62  12  57  13  67  14  62  15  64  16  61  17  66  18  58  19  66 
  0  66   1  62   2  64   3  60   4  60   5  67   6  60   7  67   8  69   9  59  10  59  11  60  12  61  13  68  14  63  15  65  16  59  17  67  18  58  19  67 
  0  64   1  62   2  62   3  62   4  61   5  66   6  58   7  65   8  66   9  57  10  57  11  59  12  57  13  67  14  64  15  63  16  59  17  65  18  56  19  62 
  0  67   1  64   2  63   3  61   4  60   5  67   6  59   7  66   8  65   9  61  10  60  11  59  12  59  13  68  14  62  15  62  16  60  17  65  18  56  19  68 
  0  63   1  62   2  61   3  62   4  61   5  67   6  60   7  66   8  66   9  57  10  59  11  61  12  58  13  67  14  64  15  61  16  62  17  65  18  58  19  67 


