
 20  20

  0  23   1  20   2  20   3  28   4  24   5  26   6  30   7  30   8  27   9  29  10  28  11  27  12  22  13  25  14  21  15  22  16  28  17  18  18  20  19  30 
  0  22   1  21   2  19   3  27   4  22   5  26   6  27   7  28   8  24   9  28  10  29  11  28  12  22  13  25  14  22  15  23  16  26  17  17  18  17  19  26 
  0  24   1  22   2  21   3  27   4  24   5  26   6  29   7  31   8  25   9  27  10  29  11  30  12  22  13  25  14  23  15  20  16  27  17  20  18  17  19  29 
  0  22   1  21   2  19   3  27   4  23   5  24   6  27   7  29   8  27   9  27  10  26  11  30  12  20  13  25  14  21  15  23  16  26  17  17  18  20  19  29 
  0  22   1  21   2  20   3  26   4  25   5  24   6  29   7  26   8  24   9  29  10  26  11  29  12  20  13  25  14  21  15  21  16  25  17  18  18  17  19  26 
  0  30   1  22   2  24   3  32   4  29   5  26   6  33   7  32   8  28   9  33  10  33  11  30  12  24  13  25  14  23  15  26  16  30  17  23  18  20  19  31 
  0  31   1  20   2  24   3  28   4  30   5  24   6  32   7  35   8  27   9  34  10  32  11  30  12  23  13  25  14  22  15  28  16  32  17  22  18  23  19  35 
  0  31   1  21   2  26   3  32   4  27   5  26   6  31   7  32   8  28   9  34  10  36  11  31  12  22  13  27  14  22  15  25  16  29  17  22  18  23  19  36 
  0  30   1  22   2  26   3  30   4  27   5  26   6  32   7  32   8  28   9  31  10  36  11  28  12  21  13  27  14  23  15  25  16  31  17  24  18  25  19  36 
  0  31   1  21   2  26   3  31   4  30   5  25   6  32   7  36   8  28   9  33  10  36  11  31  12  24  13  27  14  23  15  27  16  32  17  25  18  25  19  35 
  0  24   1  20   2  17   3  26   4  23   5  26   6  29   7  27   8  24   9  26  10  27  11  28  12  22  13  26  14  23  15  20  16  27  17  17  18  19  19  26 
  0  29   1  22   2  26   3  29   4  29   5  25   6  31   7  33   8  27   9  30  10  34  11  31  12  23  13  25  14  21  15  26  16  30  17  21  18  24  19  35 
  0  32   1  22   2  24   3  29   4  29   5  26   6  33   7  32   8  26   9  34  10  33  11  31  12  24  13  27  14  23  15  26  16  30  17  22  18  22  19  36 
  0  29   1  22   2  27   3  29   4  29   5  24   6  33   7  34   8  27   9  30  10  34  11  31  12  24  13  27  14  23  15  26  16  30  17  23  18  23  19  35 
  0  26   1  20   2  23   3  27   4  24   5  25   6  28   7  33   8  26   9  31  10  31  11  31  12  24  13  27  14  22  15  26  16  30  17  23  18  20  19  33 
  0  29   1  22   2  27   3  32   4  30   5  24   6  31   7  36   8  28   9  34  10  34  11  30  12  23  13  27  14  21  15  28  16  32  17  25  18  22  19  36 
  0  28   1  22   2  21   3  28   4  24   5  26   6  32   7  33   8  25   9  31  10  32  11  28  12  21  13  25  14  23  15  22  16  28  17  23  18  19  19  33 
  0  32   1  20   2  25   3  32   4  30   5  26   6  31   7  33   8  28   9  33  10  33  11  29  12  24  13  27  14  23  15  28  16  29  17  23  18  23  19  36 
  0  26   1  20   2  19   3  27   4  22   5  26   6  29   7  30   8  27   9  26  10  26  11  27  12  20  13  26  14  23  15  21  16  27  17  16  18  17  19  26 
  0  31   1  20   2  27   3  31   4  30   5  25   6  33   7  36   8  28   9  34  10  34  11  30  12  23  13  27  14  22  15  27  16  32  17  26  18  23  19  36 


