
 20  20

  0  59   1  58   2  55   3  63   4  54   5  58   6  53   7  52   8  62   9  56  10  53  11  61  12  52  13  62  14  58  15  50  16  51  17  57  18  56  19  51 
  0  60   1  60   2  56   3  65   4  53   5  61   6  55   7  56   8  64   9  57  10  53  11  63  12  54  13  60  14  61  15  54  16  55  17  59  18  59  19  51 
  0  63   1  63   2  56   3  62   4  55   5  62   6  57   7  57   8  64   9  61  10  56  11  64  12  55  13  61  14  62  15  58  16  60  17  63  18  60  19  57 
  0  59   1  62   2  52   3  63   4  53   5  56   6  53   7  55   8  63   9  57  10  52  11  57  12  53  13  62  14  58  15  51  16  54  17  55  18  56  19  50 
  0  64   1  65   2  58   3  65   4  54   5  60   6  59   7  59   8  63   9  62  10  57  11  63  12  53  13  61  14  63  15  58  16  59  17  62  18  62  19  57 
  0  60   1  61   2  58   3  65   4  55   5  57   6  56   7  56   8  60   9  58  10  54  11  63  12  51  13  60  14  59  15  54  16  57  17  57  18  58  19  51 
  0  56   1  61   2  55   3  62   4  53   5  56   6  50   7  54   8  62   9  56  10  50  11  57  12  51  13  61  14  60  15  51  16  53  17  56  18  58  19  49 
  0  63   1  63   2  58   3  64   4  53   5  58   6  59   7  56   8  64   9  58  10  53  11  62  12  53  13  61  14  59  15  57  16  59  17  58  18  61  19  52 
  0  54   1  58   2  52   3  61   4  54   5  59   6  54   7  51   8  60   9  57  10  50  11  60  12  51  13  62  14  57  15  51  16  53  17  58  18  56  19  52 
  0  59   1  64   2  57   3  62   4  53   5  59   6  58   7  57   8  63   9  59  10  56  11  61  12  54  13  62  14  62  15  54  16  57  17  62  18  59  19  53 
  0  58   1  63   2  55   3  65   4  55   5  57   6  53   7  55   8  60   9  61  10  54  11  63  12  52  13  60  14  58  15  52  16  54  17  58  18  60  19  54 
  0  59   1  66   2  56   3  65   4  53   5  61   6  56   7  60   8  64   9  58  10  56  11  61  12  55  13  60  14  61  15  57  16  55  17  59  18  58  19  55 
  0  57   1  59   2  55   3  61   4  54   5  58   6  52   7  52   8  60   9  56  10  49  11  57  12  51  13  62  14  57  15  49  16  52  17  55  18  56  19  49 
  0  61   1  62   2  58   3  62   4  53   5  60   6  57   7  57   8  64   9  60  10  55  11  60  12  51  13  61  14  63  15  57  16  58  17  59  18  58  19  52 
  0  56   1  60   2  54   3  63   4  54   5  57   6  54   7  52   8  61   9  58  10  49  11  59  12  54  13  60  14  59  15  53  16  53  17  59  18  59  19  52 
  0  60   1  63   2  59   3  65   4  55   5  62   6  56   7  59   8  64   9  62  10  57  11  65  12  55  13  62  14  63  15  58  16  57  17  63  18  62  19  54 
  0  54   1  59   2  55   3  62   4  53   5  58   6  52   7  51   8  63   9  56  10  50  11  58  12  51  13  60  14  57  15  51  16  53  17  57  18  57  19  53 
  0  58   1  61   2  56   3  62   4  53   5  59   6  54   7  51   8  63   9  59  10  52  11  58  12  53  13  61  14  58  15  53  16  50  17  55  18  59  19  52 
  0  60   1  64   2  58   3  62   4  53   5  61   6  56   7  56   8  62   9  60  10  53  11  62  12  53  13  60  14  60  15  55  16  55  17  62  18  59  19  52 
  0  58   1  62   2  56   3  62   4  55   5  62   6  58   7  59   8  64   9  62  10  56  11  62  12  53  13  62  14  62  15  56  16  56  17  58  18  58  19  52 


