
 20  20

  0  46   1  42   2  51   3  47   4  50   5  45   6  49   7  49   8  47   9  51  10  45  11  50  12  44  13  52  14  44  15  43  16  43  17  46  18  51  19  52 
  0  40   1  40   2  52   3  44   4  52   5  44   6  45   7  49   8  41   9  47  10  41  11  47  12  40  13  48  14  43  15  41  16  40  17  48  18  48  19  49 
  0  40   1  39   2  49   3  42   4  51   5  41   6  46   7  45   8  39   9  47  10  43  11  46  12  40  13  49  14  40  15  42  16  38  17  47  18  45  19  47 
  0  39   1  38   2  49   3  42   4  50   5  44   6  44   7  46   8  41   9  45  10  41  11  46  12  39  13  48  14  42  15  43  16  40  17  45  18  48  19  48 
  0  42   1  39   2  49   3  44   4  50   5  43   6  46   7  49   8  44   9  46  10  44  11  47  12  42  13  48  14  44  15  44  16  40  17  45  18  47  19  48 
  0  41   1  41   2  50   3  45   4  50   5  42   6  45   7  46   8  39   9  45  10  42  11  47  12  41  13  48  14  40  15  41  16  38  17  45  18  45  19  47 
  0  49   1  45   2  55   3  50   4  52   5  47   6  50   7  51   8  49   9  55  10  44  11  54  12  46  13  51  14  47  15  44  16  48  17  49  18  55  19  54 
  0  49   1  45   2  55   3  50   4  50   5  45   6  51   7  51   8  49   9  54  10  44  11  54  12  46  13  51  14  48  15  45  16  45  17  48  18  55  19  54 
  0  49   1  46   2  55   3  50   4  51   5  47   6  52   7  48   8  48   9  55  10  45  11  54  12  48  13  52  14  48  15  45  16  46  17  49  18  55  19  54 
  0  45   1  44   2  51   3  47   4  51   5  47   6  51   7  50   8  45   9  51  10  45  11  50  12  46  13  48  14  44  15  45  16  42  17  49  18  50  19  53 
  0  46   1  46   2  54   3  50   4  52   5  44   6  50   7  49   8  49   9  52  10  45  11  51  12  48  13  49  14  45  15  45  16  45  17  46  18  53  19  51 
  0  45   1  44   2  54   3  46   4  52   5  43   6  48   7  48   8  44   9  52  10  44  11  52  12  43  13  52  14  47  15  43  16  47  17  48  18  51  19  52 
  0  49   1  45   2  52   3  50   4  52   5  47   6  50   7  51   8  46   9  55  10  45  11  51  12  47  13  52  14  47  15  45  16  48  17  46  18  52  19  54 
  0  41   1  38   2  51   3  42   4  50   5  41   6  44   7  45   8  39   9  45  10  41  11  46  12  38  13  48  14  42  15  42  16  39  17  45  18  45  19  46 
  0  39   1  40   2  50   3  42   4  52   5  41   6  44   7  47   8  40   9  46  10  43  11  50  12  40  13  51  14  41  15  41  16  40  17  46  18  45  19  49 
  0  40   1  39   2  49   3  43   4  50   5  43   6  46   7  46   8  39   9  45  10  41  11  47  12  40  13  48  14  40  15  41  16  38  17  46  18  46  19  47 
  0  47   1  43   2  52   3  48   4  52   5  47   6  49   7  49   8  46   9  50  10  45  11  52  12  44  13  52  14  45  15  42  16  47  17  46  18  53  19  51 
  0  43   1  39   2  49   3  45   4  52   5  41   6  44   7  48   8  40   9  45  10  41  11  47  12  41  13  48  14  40  15  41  16  42  17  45  18  45  19  47 
  0  41   1  39   2  49   3  47   4  52   5  42   6  48   7  46   8  43   9  46  10  42  11  49  12  40  13  49  14  41  15  41  16  41  17  45  18  46  19  47 
  0  43   1  41   2  52   3  45   4  52   5  44   6  49   7  47   8  43   9  52  10  44  11  52  12  42  13  52  14  47  15  45  16  44  17  48  18  49  19  53 


