
 20  20

  0  46   1  46   2  41   3  42   4  41   5  38   6  43   7  36   8  44   9  37  10  39  11  41  12  46  13  40  14  35  15  35  16  44  17  39  18  36  19  43 
  0  46   1  44   2  41   3  41   4  39   5  39   6  46   7  40   8  44   9  39  10  45  11  44  12  50  13  45  14  38  15  37  16  44  17  39  18  39  19  43 
  0  41   1  45   2  42   3  41   4  39   5  38   6  40   7  35   8  42   9  38  10  39  11  40  12  46  13  38  14  37  15  34  16  41  17  38  18  35  19  43 
  0  45   1  46   2  43   3  41   4  40   5  38   6  42   7  39   8  42   9  39  10  39  11  42  12  44  13  39  14  37  15  36  16  42  17  37  18  38  19  43 
  0  49   1  46   2  42   3  43   4  39   5  39   6  46   7  42   8  45   9  41  10  42  11  44  12  50  13  45  14  40  15  41  16  44  17  40  18  37  19  44 
  0  45   1  46   2  43   3  41   4  41   5  42   6  46   7  39   8  43   9  42  10  42  11  44  12  46  13  41  14  40  15  37  16  44  17  39  18  37  19  44 
  0  46   1  44   2  41   3  42   4  41   5  39   6  41   7  39   8  44   9  38  10  40  11  43  12  46  13  43  14  36  15  39  16  44  17  40  18  39  19  45 
  0  46   1  44   2  41   3  41   4  39   5  40   6  46   7  38   8  45   9  41  10  43  11  43  12  48  13  45  14  39  15  39  16  45  17  42  18  36  19  43 
  0  41   1  44   2  41   3  43   4  39   5  38   6  42   7  35   8  41   9  35  10  39  11  41  12  44  13  38  14  34  15  36  16  40  17  35  18  35  19  45 
  0  44   1  44   2  42   3  41   4  41   5  38   6  41   7  38   8  42   9  37  10  42  11  40  12  46  13  37  14  35  15  34  16  42  17  36  18  38  19  45 
  0  48   1  46   2  43   3  41   4  40   5  42   6  44   7  40   8  44   9  39  10  41  11  42  12  49  13  46  14  38  15  40  16  48  17  41  18  39  19  44 
  0  51   1  46   2  43   3  42   4  40   5  41   6  43   7  40   8  43   9  41  10  42  11  44  12  47  13  47  14  42  15  40  16  45  17  41  18  39  19  45 
  0  51   1  46   2  43   3  42   4  41   5  42   6  46   7  43   8  43   9  41  10  45  11  44  12  48  13  47  14  40  15  42  16  46  17  42  18  39  19  43 
  0  49   1  45   2  42   3  41   4  41   5  42   6  46   7  43   8  42   9  43  10  45  11  43  12  50  13  47  14  41  15  41  16  47  17  43  18  39  19  45 
  0  43   1  45   2  41   3  41   4  41   5  38   6  40   7  37   8  41   9  35  10  40  11  42  12  44  13  37  14  34  15  36  16  43  17  38  18  36  19  44 
  0  47   1  44   2  43   3  42   4  39   5  38   6  45   7  40   8  42   9  37  10  43  11  42  12  47  13  40  14  36  15  40  16  45  17  41  18  39  19  45 
  0  46   1  46   2  43   3  43   4  39   5  39   6  42   7  42   8  44   9  41  10  44  11  43  12  47  13  44  14  38  15  39  16  43  17  42  18  36  19  43 
  0  44   1  46   2  41   3  41   4  40   5  41   6  44   7  38   8  44   9  36  10  43  11  43  12  48  13  38  14  38  15  36  16  41  17  38  18  35  19  43 
  0  47   1  44   2  41   3  41   4  39   5  38   6  42   7  42   8  42   9  41  10  45  11  41  12  47  13  44  14  38  15  37  16  46  17  41  18  36  19  43 
  0  48   1  44   2  42   3  43   4  39   5  40   6  46   7  43   8  45   9  43  10  45  11  41  12  49  13  47  14  39  15  40  16  46  17  40  18  37  19  43 


