
 20  20

  0  37   1  39   2  37   3  39   4  38   5  30   6  29   7  34   8  33   9  36  10  41  11  32  12  42  13  37  14  34  15  30  16  32  17  31  18  36  19  36 
  0  36   1  40   2  39   3  39   4  38   5  32   6  32   7  34   8  33   9  38  10  40  11  31  12  40  13  39  14  35  15  31  16  32  17  29  18  39  19  36 
  0  33   1  40   2  35   3  39   4  34   5  31   6  27   7  36   8  30   9  34  10  40  11  27  12  37  13  34  14  31  15  29  16  30  17  30  18  34  19  35 
  0  35   1  41   2  37   3  39   4  38   5  32   6  32   7  37   8  35   9  37  10  41  11  32  12  42  13  36  14  34  15  31  16  31  17  32  18  38  19  34 
  0  32   1  39   2  35   3  37   4  36   5  28   6  30   7  33   8  30   9  35  10  42  11  31  12  40  13  36  14  34  15  32  16  32  17  29  18  33  19  36 
  0  33   1  41   2  34   3  37   4  34   5  30   6  27   7  34   8  31   9  34  10  40  11  27  12  37  13  34  14  31  15  30  16  28  17  29  18  32  19  34 
  0  37   1  41   2  35   3  39   4  37   5  33   6  32   7  33   8  31   9  38  10  42  11  30  12  43  13  39  14  35  15  32  16  33  17  29  18  39  19  35 
  0  30   1  39   2  33   3  37   4  35   5  27   6  28   7  35   8  30   9  32  10  40  11  28  12  39  13  34  14  32  15  29  16  28  17  29  18  33  19  35 
  0  36   1  41   2  34   3  39   4  37   5  30   6  30   7  36   8  31   9  38  10  41  11  33  12  40  13  37  14  33  15  31  16  31  17  31  18  38  19  35 
  0  32   1  41   2  36   3  38   4  37   5  30   6  32   7  36   8  33   9  35  10  42  11  31  12  38  13  36  14  34  15  32  16  30  17  33  18  36  19  36 
  0  34   1  39   2  36   3  38   4  40   5  34   6  32   7  37   8  32   9  35  10  40  11  33  12  42  13  38  14  34  15  33  16  34  17  29  18  39  19  36 
  0  36   1  40   2  38   3  37   4  37   5  32   6  30   7  34   8  30   9  33  10  40  11  28  12  39  13  39  14  30  15  31  16  32  17  31  18  35  19  36 
  0  30   1  40   2  33   3  38   4  36   5  27   6  28   7  36   8  31   9  34  10  40  11  27  12  37  13  35  14  30  15  30  16  31  17  29  18  35  19  36 
  0  37   1  40   2  39   3  39   4  40   5  35   6  35   7  37   8  37   9  40  10  42  11  34  12  45  13  42  14  35  15  35  16  38  17  31  18  42  19  36 
  0  30   1  39   2  33   3  38   4  34   5  29   6  29   7  33   8  31   9  32  10  40  11  27  12  37  13  34  14  30  15  30  16  28  17  29  18  32  19  34 
  0  37   1  39   2  42   3  37   4  40   5  35   6  35   7  37   8  34   9  39  10  41  11  32  12  45  13  42  14  33  15  35  16  37  17  32  18  41  19  36 
  0  40   1  41   2  42   3  39   4  40   5  37   6  34   7  37   8  35   9  38  10  42  11  35  12  44  13  42  14  34  15  35  16  38  17  32  18  40  19  36 
  0  36   1  40   2  40   3  38   4  42   5  33   6  32   7  36   8  37   9  40  10  40  11  34  12  43  13  41  14  36  15  35  16  36  17  33  18  39  19  36 
  0  39   1  41   2  40   3  39   4  40   5  35   6  35   7  37   8  37   9  40  10  42  11  35  12  45  13  40  14  34  15  33  16  37  17  33  18  40  19  35 
  0  37   1  39   2  40   3  39   4  41   5  36   6  33   7  37   8  33   9  37  10  42  11  33  12  44  13  41  14  34  15  35  16  36  17  33  18  37  19  35 


