
 20  20

  0  43   1  39   2  36   3  36   4  44   5  40   6  41   7  38   8  35   9  39  10  40  11  41  12  36  13  40  14  40  15  36  16  43  17  35  18  40  19  37 
  0  41   1  37   2  33   3  34   4  38   5  38   6  33   7  36   8  29   9  37  10  37  11  37  12  28  13  33  14  37  15  34  16  39  17  31  18  39  19  31 
  0  36   1  36   2  33   3  34   4  36   5  38   6  35   7  35   8  31   9  38  10  37  11  37  12  28  13  34  14  34  15  33  16  35  17  32  18  41  19  31 
  0  42   1  37   2  34   3  36   4  40   5  38   6  36   7  39   8  29   9  38  10  40  11  39  12  29  13  36  14  38  15  37  16  38  17  32  18  41  19  30 
  0  43   1  41   2  37   3  35   4  44   5  38   6  40   7  37   8  33   9  39  10  38  11  41  12  36  13  40  14  38  15  37  16  42  17  35  18  41  19  36 
  0  44   1  41   2  35   3  36   4  42   5  38   6  39   7  39   8  35   9  38  10  41  11  41  12  35  13  42  14  40  15  37  16  43  17  34  18  39  19  38 
  0  46   1  42   2  37   3  36   4  43   5  40   6  41   7  39   8  34   9  40  10  41  11  41  12  36  13  42  14  39  15  35  16  41  17  34  18  40  19  37 
  0  42   1  38   2  35   3  36   4  39   5  40   6  39   7  37   8  33   9  38  10  41  11  39  12  30  13  35  14  39  15  35  16  41  17  31  18  39  19  31 
  0  36   1  36   2  36   3  35   4  38   5  39   6  35   7  35   8  29   9  39  10  37  11  40  12  28  13  34  14  32  15  33  16  38  17  32  18  39  19  32 
  0  45   1  42   2  37   3  35   4  43   5  40   6  41   7  39   8  35   9  40  10  39  11  41  12  36  13  40  14  39  15  37  16  42  17  35  18  41  19  38 
  0  42   1  39   2  35   3  34   4  43   5  40   6  39   7  37   8  33   9  40  10  40  11  40  12  34  13  42  14  38  15  36  16  39  17  35  18  39  19  37 
  0  42   1  38   2  36   3  36   4  42   5  38   6  38   7  36   8  32   9  40  10  41  11  39  12  31  13  39  14  40  15  34  16  39  17  35  18  41  19  36 
  0  36   1  37   2  33   3  34   4  38   5  39   6  33   7  37   8  29   9  36  10  38  11  38  12  26  13  34  14  34  15  35  16  35  17  31  18  41  19  30 
  0  41   1  38   2  35   3  34   4  40   5  38   6  34   7  35   8  33   9  36  10  37  11  39  12  29  13  35  14  36  15  35  16  39  17  34  18  40  19  32 
  0  42   1  39   2  37   3  36   4  38   5  40   6  39   7  38   8  33   9  36  10  41  11  40  12  29  13  37  14  39  15  34  16  37  17  32  18  41  19  35 
  0  44   1  39   2  35   3  36   4  40   5  38   6  38   7  39   8  32   9  39  10  38  11  39  12  33  13  41  14  39  15  35  16  41  17  34  18  40  19  34 
  0  36   1  38   2  34   3  34   4  36   5  38   6  33   7  35   8  30   9  37  10  37  11  39  12  26  13  34  14  33  15  33  16  35  17  31  18  41  19  28 
  0  46   1  42   2  35   3  36   4  42   5  40   6  39   7  39   8  34   9  40  10  41  11  41  12  36  13  41  14  42  15  37  16  41  17  33  18  39  19  38 
  0  39   1  37   2  33   3  36   4  40   5  38   6  37   7  39   8  33   9  38  10  40  11  37  12  30  13  37  14  35  15  35  16  39  17  34  18  40  19  31 
  0  46   1  41   2  37   3  36   4  44   5  40   6  41   7  39   8  35   9  40  10  41  11  39  12  36  13  42  14  40  15  37  16  42  17  33  18  39  19  36 


