
 20  20

  0  27   1  35   2  26   3  31   4  30   5  32   6  30   7  35   8  35   9  31  10  33  11  28  12  28  13  29  14  27  15  28  16  27  17  27  18  33  19  30 
  0  26   1  36   2  26   3  34   4  28   5  32   6  31   7  34   8  34   9  30  10  32  11  24  12  28  13  29  14  25  15  28  16  29  17  28  18  31  19  28 
  0  26   1  36   2  27   3  32   4  28   5  30   6  30   7  34   8  34   9  32  10  30  11  28  12  27  13  29  14  25  15  27  16  28  17  29  18  33  19  28 
  0  32   1  37   2  28   3  33   4  28   5  36   6  32   7  38   8  39   9  38  10  34  11  34  12  29  13  32  14  28  15  36  16  33  17  29  18  33  19  30 
  0  27   1  35   2  28   3  33   4  30   5  33   6  34   7  37   8  38   9  36  10  33  11  31  12  27  13  32  14  25  15  30  16  32  17  29  18  32  19  30 
  0  23   1  36   2  26   3  31   4  28   5  32   6  30   7  34   8  33   9  33  10  32  11  27  12  29  13  29  14  28  15  26  16  30  17  27  18  32  19  29 
  0  30   1  36   2  27   3  35   4  28   5  36   6  31   7  36   8  36   9  35  10  33  11  32  12  27  13  30  14  29  15  31  16  33  17  27  18  31  19  29 
  0  27   1  35   2  26   3  31   4  30   5  33   6  33   7  36   8  37   9  32  10  34  11  28  12  27  13  31  14  29  15  29  16  27  17  26  18  33  19  29 
  0  25   1  35   2  26   3  34   4  28   5  35   6  30   7  36   8  36   9  35  10  33  11  30  12  27  13  29  14  29  15  32  16  31  17  28  18  31  19  28 
  0  28   1  37   2  28   3  35   4  30   5  33   6  32   7  38   8  37   9  36  10  31  11  29  12  27  13  32  14  27  15  35  16  31  17  27  18  31  19  30 
  0  24   1  35   2  26   3  34   4  28   5  33   6  32   7  37   8  34   9  30  10  30  11  25  12  29  13  29  14  25  15  30  16  27  17  29  18  33  19  30 
  0  25   1  35   2  28   3  32   4  28   5  30   6  30   7  34   8  34   9  31  10  31  11  28  12  27  13  29  14  26  15  28  16  27  17  29  18  31  19  29 
  0  30   1  37   2  27   3  34   4  30   5  34   6  33   7  36   8  39   9  34  10  33  11  30  12  29  13  32  14  29  15  34  16  32  17  28  18  32  19  28 
  0  30   1  37   2  26   3  35   4  28   5  34   6  34   7  37   8  40   9  36  10  34  11  29  12  29  13  32  14  26  15  32  16  30  17  30  18  32  19  28 
  0  30   1  37   2  26   3  35   4  29   5  36   6  32   7  37   8  38   9  34  10  34  11  29  12  29  13  32  14  28  15  35  16  32  17  28  18  31  19  30 
  0  29   1  37   2  27   3  31   4  29   5  35   6  30   7  37   8  37   9  35  10  33  11  31  12  27  13  31  14  29  15  30  16  32  17  29  18  31  19  28 
  0  27   1  37   2  26   3  31   4  30   5  30   6  31   7  34   8  34   9  30  10  31  11  29  12  27  13  29  14  28  15  30  16  30  17  28  18  33  19  30 
  0  26   1  36   2  28   3  33   4  30   5  33   6  30   7  35   8  36   9  31  10  33  11  28  12  27  13  30  14  27  15  29  16  31  17  26  18  31  19  30 
  0  33   1  37   2  28   3  32   4  28   5  35   6  34   7  35   8  38   9  35  10  32  11  33  12  29  13  31  14  29  15  34  16  33  17  28  18  32  19  30 
  0  26   1  37   2  26   3  31   4  30   5  31   6  32   7  37   8  32   9  32  10  30  11  28  12  29  13  31  14  28  15  29  16  30  17  28  18  31  19  28 


