
 20  20

  0  76   1  74   2  78   3  81   4  75   5  81   6  77   7  77   8  80   9  74  10  76  11  75  12  79  13  73  14  76  15  79  16  84  17  70  18  73  19  83 
  0  85   1  74   2  78   3  85   4  77   5  84   6  75   7  84   8  79   9  76  10  81  11  77  12  88  13  74  14  83  15  83  16  86  17  78  18  76  19  83 
  0  82   1  74   2  76   3  83   4  76   5  81   6  75   7  80   8  79   9  75  10  75  11  77  12  85  13  75  14  81  15  79  16  86  17  72  18  73  19  85 
  0  79   1  74   2  78   3  78   4  73   5  81   6  76   7  80   8  81   9  74  10  73  11  74  12  81  13  74  14  76  15  79  16  83  17  71  18  71  19  82 
  0  81   1  72   2  76   3  84   4  77   5  85   6  75   7  84   8  81   9  76  10  80  11  75  12  86  13  75  14  81  15  83  16  82  17  74  18  72  19  82 
  0  84   1  72   2  77   3  83   4  77   5  86   6  77   7  85   8  81   9  74  10  79  11  77  12  88  13  75  14  83  15  81  16  86  17  78  18  75  19  84 
  0  85   1  74   2  78   3  85   4  77   5  86   6  76   7  85   8  79   9  75  10  81  11  77  12  88  13  75  14  82  15  82  16  86  17  78  18  76  19  84 
  0  80   1  72   2  76   3  78   4  74   5  82   6  76   7  79   8  81   9  75  10  75  11  74  12  84  13  73  14  76  15  80  16  82  17  71  18  72  19  83 
  0  79   1  74   2  76   3  84   4  74   5  83   6  76   7  82   8  80   9  74  10  76  11  76  12  84  13  73  14  80  15  79  16  85  17  76  18  74  19  82 
  0  81   1  74   2  78   3  83   4  75   5  83   6  76   7  83   8  79   9  76  10  79  11  75  12  84  13  75  14  80  15  82  16  86  17  76  18  75  19  85 
  0  77   1  72   2  76   3  77   4  73   5  76   6  76   7  79   8  80   9  76  10  73  11  72  12  78  13  73  14  76  15  77  16  83  17  69  18  72  19  83 
  0  79   1  73   2  76   3  78   4  73   5  81   6  75   7  82   8  81   9  74  10  76  11  71  12  82  13  75  14  78  15  79  16  82  17  70  18  70  19  81 
  0  79   1  72   2  78   3  80   4  75   5  76   6  76   7  77   8  79   9  74  10  72  11  71  12  78  13  73  14  74  15  79  16  82  17  72  18  72  19  81 
  0  79   1  74   2  76   3  82   4  73   5  79   6  77   7  81   8  81   9  74  10  78  11  76  12  85  13  75  14  78  15  77  16  82  17  75  18  71  19  83 
  0  80   1  74   2  78   3  81   4  76   5  80   6  77   7  81   8  81   9  76  10  77  11  72  12  84  13  73  14  75  15  78  16  81  17  72  18  70  19  82 
  0  85   1  73   2  78   3  83   4  75   5  84   6  77   7  85   8  81   9  75  10  81  11  75  12  88  13  74  14  83  15  83  16  86  17  77  18  76  19  85 
  0  80   1  74   2  78   3  78   4  73   5  78   6  75   7  80   8  81   9  74  10  74  11  72  12  82  13  73  14  75  15  79  16  84  17  71  18  73  19  81 
  0  77   1  72   2  76   3  79   4  73   5  81   6  77   7  82   8  79   9  76  10  74  11  71  12  82  13  73  14  75  15  80  16  81  17  73  18  74  19  83 
  0  76   1  72   2  76   3  78   4  76   5  78   6  77   7  80   8  80   9  76  10  73  11  73  12  78  13  73  14  76  15  75  16  83  17  72  18  70  19  81 
  0  82   1  73   2  77   3  85   4  76   5  83   6  77   7  83   8  79   9  76  10  81  11  76  12  88  13  75  14  83  15  81  16  84  17  78  18  76  19  84 


