
 20  20

  0  63   1  60   2  64   3  61   4  60   5  60   6  64   7  59   8  63   9  64  10  65  11  65  12  66  13  68  14  70  15  67  16  64  17  66  18  67  19  68 
  0  55   1  58   2  60   3  61   4  59   5  56   6  57   7  59   8  60   9  59  10  65  11  61  12  62  13  63  14  65  15  63  16  63  17  60  18  62  19  64 
  0  62   1  59   2  65   3  63   4  61   5  60   6  64   7  59   8  64   9  64  10  65  11  62  12  67  13  65  14  71  15  67  16  67  17  65  18  70  19  66 
  0  56   1  58   2  63   3  59   4  57   5  57   6  58   7  60   8  62   9  58  10  65  11  61  12  64  13  63  14  68  15  61  16  61  17  61  18  63  19  65 
  0  62   1  59   2  63   3  60   4  58   5  56   6  60   7  59   8  63   9  63  10  65  11  64  12  64  13  67  14  68  15  66  16  63  17  64  18  67  19  65 
  0  63   1  60   2  67   3  60   4  63   5  59   6  63   7  62   8  67   9  65  10  67  11  62  12  69  13  69  14  68  15  64  16  64  17  66  18  69  19  67 
  0  61   1  59   2  62   3  62   4  61   5  57   6  64   7  60   8  61   9  62  10  65  11  61  12  67  13  64  14  66  15  62  16  62  17  61  18  64  19  67 
  0  59   1  57   2  59   3  62   4  57   5  56   6  61   7  58   8  62   9  60  10  66  11  62  12  63  13  63  14  67  15  63  16  63  17  61  18  65  19  64 
  0  61   1  59   2  61   3  63   4  62   5  59   6  63   7  62   8  64   9  61  10  66  11  61  12  67  13  65  14  66  15  65  16  64  17  63  18  67  19  66 
  0  57   1  57   2  60   3  60   4  61   5  58   6  60   7  61   8  60   9  60  10  67  11  63  12  64  13  65  14  66  15  62  16  61  17  63  18  65  19  64 
  0  65   1  61   2  67   3  63   4  63   5  59   6  67   7  62   8  66   9  68  10  67  11  65  12  70  13  69  14  71  15  67  16  66  17  65  18  68  19  66 
  0  65   1  61   2  65   3  63   4  63   5  60   6  66   7  60   8  67   9  68  10  67  11  65  12  70  13  68  14  71  15  66  16  67  17  66  18  70  19  68 
  0  62   1  59   2  62   3  63   4  62   5  58   6  62   7  62   8  63   9  64  10  67  11  61  12  67  13  69  14  68  15  66  16  65  17  64  18  66  19  65 
  0  57   1  59   2  61   3  61   4  60   5  56   6  61   7  58   8  64   9  60  10  67  11  62  12  65  13  67  14  65  15  64  16  62  17  64  18  64  19  68 
  0  63   1  61   2  67   3  63   4  60   5  59   6  67   7  60   8  67   9  66  10  67  11  65  12  70  13  69  14  71  15  67  16  65  17  66  18  70  19  66 
  0  55   1  59   2  59   3  60   4  58   5  57   6  57   7  58   8  60   9  58  10  65  11  61  12  65  13  66  14  65  15  62  16  64  17  61  18  64  19  65 
  0  55   1  59   2  61   3  60   4  57   5  59   6  60   7  61   8  59   9  61  10  66  11  62  12  62  13  66  14  65  15  63  16  64  17  60  18  66  19  66 
  0  56   1  57   2  60   3  61   4  59   5  56   6  57   7  58   8  60   9  60  10  65  11  61  12  64  13  63  14  66  15  61  16  61  17  61  18  62  19  65 
  0  57   1  59   2  60   3  61   4  58   5  59   6  63   7  62   8  61   9  64  10  66  11  64  12  64  13  63  14  68  15  63  16  65  17  60  18  65  19  66 
  0  61   1  59   2  63   3  60   4  62   5  60   6  60   7  59   8  62   9  64  10  65  11  63  12  64  13  66  14  67  15  66  16  66  17  65  18  66  19  68 


