
 20  20

  0  15   1   8   2  14   3  14   4  15   5  10   6   8   7   9   8   9   9   7  10   9  11  16  12  15  13   9  14  18  15  14  16  15  17  12  18  20  19  12 
  0  20   1  14   2  18   3  18   4  17   5  10   6  10   7  15   8  11   9  11  10  13  11  20  12  21  13  15  14  19  15  18  16  18  17  16  18  22  19  14 
  0  18   1  12   2  14   3  14   4  17   5  10   6   8   7  12   8  10   9  11  10  13  11  17  12  15  13   9  14  16  15  18  16  16  17  12  18  18  19  11 
  0  17   1   8   2  13   3  16   4  16   5  10   6   8   7  10   8   9   9   9  10  12  11  15  12  16  13  12  14  16  15  14  16  17  17  13  18  20  19  13 
  0  20   1  11   2  17   3  19   4  17   5  12   6  11   7  14   8  11   9  11  10  14  11  19  12  19  13  15  14  18  15  16  16  18  17  13  18  22  19  16 
  0  23   1  16   2  15   3  20   4  16   5  10   6  14   7  18   8  10   9  12  10  15  11  20  12  18  13  16  14  22  15  21  16  16  17  14  18  22  19  15 
  0  19   1  12   2  15   3  18   4  16   5  12   6  10   7  12   8  11   9  13  10  12  11  21  12  15  13  15  14  18  15  17  16  18  17  13  18  19  19  14 
  0  17   1   8   2  15   3  14   4  15   5  10   6   9   7  11   8  10   9   7  10  10  11  16  12  16  13  10  14  16  15  14  16  15  17  14  18  21  19  11 
  0  24   1  18   2  18   3  20   4  16   5  12   6  14   7  16   8  11   9  15  10  14  11  23  12  21  13  16  14  22  15  22  16  18  17  16  18  22  19  18 
  0  17   1   8   2  12   3  17   4  17   5  10   6   8   7  10   8   9   9   8  10   9  11  16  12  16  13   9  14  17  15  14  16  15  17  12  18  18  19  13 
  0  17   1  13   2  14   3  19   4  17   5  11   6   8   7  14   8  11   9  12  10  13  11  19  12  17  13  10  14  19  15  15  16  15  17  12  18  19  19  11 
  0  22   1  13   2  16   3  16   4  17   5  12   6  10   7  16   8  10   9   9  10  14  11  18  12  16  13  14  14  20  15  20  16  19  17  12  18  20  19  12 
  0  21   1  13   2  17   3  21   4  17   5  12   6  10   7  13   8  10   9  14  10  12  11  21  12  18  13  15  14  21  15  21  16  16  17  14  18  19  19  18 
  0  18   1  14   2  16   3  17   4  15   5  12   6  10   7  14   8  10   9  11  10  12  11  19  12  19  13  12  14  21  15  20  16  19  17  15  18  22  19  16 
  0  20   1  14   2  17   3  22   4  17   5  12   6  13   7  13   8  11   9  15  10  13  11  19  12  20  13  15  14  18  15  22  16  18  17  13  18  22  19  17 
  0  18   1   9   2  14   3  15   4  16   5  12   6  10   7  12   8   9   9   8  10  10  11  16  12  16  13  11  14  20  15  18  16  15  17  12  18  18  19  12 
  0  21   1  14   2  16   3  18   4  15   5  12   6  13   7  11   8   9   9  10  10  10  11  21  12  17  13  13  14  21  15  17  16  17  17  14  18  21  19  13 
  0  16   1  10   2  15   3  17   4  15   5  11   6  13   7  13   8  11   9   9  10  11  11  18  12  14  13  11  14  17  15  17  16  16  17  14  18  18  19  13 
  0  15   1  12   2  13   3  16   4  15   5  12   6   8   7  11   8   9   9   7  10   9  11  15  12  13  13   9  14  17  15  17  16  16  17  12  18  18  19  13 
  0  18   1  13   2  13   3  18   4  16   5  10   6  11   7  13   8   9   9   9  10  12  11  20  12  16  13  12  14  21  15  16  16  17  17  16  18  19  19  12 


