
 20  20

  0  61   1  57   2  51   3  55   4  52   5  51   6  52   7  52   8  51   9  55  10  51  11  56  12  51  13  59  14  55  15  57  16  56  17  58  18  52  19  54 
  0  61   1  57   2  50   3  56   4  51   5  53   6  52   7  53   8  51   9  55  10  50  11  58  12  49  13  59  14  53  15  57  16  56  17  59  18  52  19  55 
  0  58   1  57   2  53   3  55   4  51   5  53   6  52   7  51   8  52   9  55  10  50  11  58  12  51  13  59  14  52  15  56  16  56  17  57  18  52  19  55 
  0  55   1  50   2  44   3  50   4  47   5  46   6  45   7  52   8  44   9  53  10  50  11  58  12  51  13  52  14  50  15  51  16  54  17  55  18  50  19  46 
  0  56   1  54   2  47   3  54   4  48   5  45   6  47   7  53   8  46   9  55  10  48  11  57  12  49  13  55  14  50  15  54  16  56  17  56  18  52  19  47 
  0  51   1  49   2  46   3  52   4  45   5  44   6  42   7  48   8  45   9  51  10  49  11  56  12  50  13  49  14  48  15  53  16  56  17  51  18  52  19  46 
  0  60   1  56   2  53   3  54   4  50   5  53   6  50   7  54   8  50   9  54  10  51  11  58  12  51  13  58  14  55  15  57  16  56  17  60  18  51  19  52 
  0  54   1  49   2  44   3  50   4  44   5  43   6  45   7  48   8  46   9  53  10  50  11  56  12  49  13  52  14  48  15  53  16  54  17  53  18  50  19  45 
  0  61   1  55   2  51   3  56   4  52   5  51   6  50   7  53   8  51   9  55  10  51  11  57  12  50  13  59  14  55  15  57  16  58  17  60  18  52  19  53 
  0  60   1  57   2  53   3  54   4  52   5  53   6  51   7  52   8  52   9  55  10  51  11  58  12  51  13  59  14  53  15  55  16  57  17  58  18  52  19  55 
  0  51   1  51   2  43   3  50   4  44   5  45   6  42   7  50   8  47   9  53  10  48  11  56  12  51  13  51  14  47  15  51  16  54  17  51  18  50  19  45 
  0  57   1  51   2  47   3  54   4  50   5  49   6  46   7  52   8  49   9  53  10  49  11  58  12  51  13  52  14  51  15  52  16  58  17  55  18  50  19  51 
  0  56   1  56   2  50   3  52   4  50   5  51   6  46   7  50   8  50   9  54  10  49  11  56  12  49  13  57  14  52  15  55  16  57  17  57  18  52  19  51 
  0  58   1  53   2  50   3  56   4  50   5  53   6  51   7  54   8  52   9  55  10  50  11  58  12  51  13  55  14  53  15  54  16  58  17  59  18  52  19  52 
  0  59   1  54   2  49   3  53   4  47   5  51   6  47   7  52   8  47   9  55  10  50  11  57  12  49  13  54  14  53  15  56  16  54  17  54  18  52  19  51 
  0  59   1  53   2  50   3  54   4  49   5  51   6  46   7  51   8  48   9  53  10  49  11  56  12  51  13  53  14  50  15  55  16  56  17  55  18  52  19  52 
  0  51   1  49   2  47   3  51   4  44   5  44   6  42   7  48   8  47   9  54  10  50  11  58  12  50  13  49  14  47  15  51  16  56  17  53  18  50  19  45 
  0  53   1  51   2  46   3  51   4  49   5  47   6  47   7  52   8  46   9  51  10  47  11  56  12  49  13  51  14  49  15  53  16  58  17  55  18  50  19  50 
  0  61   1  54   2  50   3  54   4  50   5  53   6  52   7  54   8  52   9  53  10  51  11  58  12  51  13  56  14  55  15  56  16  57  17  60  18  50  19  53 
  0  59   1  53   2  48   3  56   4  52   5  52   6  50   7  53   8  50   9  52  10  51  11  56  12  51  13  55  14  52  15  55  16  56  17  55  18  51  19  51 


