
 20  20

  0  10   1   9   2   7   3  12   4  11   5  14   6  16   7  12   8   9   9   9  10  11  11   7  12  17  13   9  14  12  15  10  16   8  17   9  18  15  19  16 
  0   4   1   5   2   6   3   3   4  10   5  13   6  13   7   6   8   4   9   6  10   9  11   5  12  13  13   4  14   8  15   7  16   4  17   8  18   8  19  10 
  0   4   1   5   2   8   3   7   4  11   5  10   6  16   7   9   8   9   9   5  10  10  11   5  12  13  13   5  14  11  15   9  16   8  17   9  18  13  19  14 
  0   5   1   3   2   6   3   3   4   8   5  12   6  13   7   8   8   6   9   5  10   9  11   5  12  13  13   6  14   9  15   6  16   4  17   8  18  10  19  11 
  0  12   1   9   2   8   3  13   4  12   5  14   6  17   7  11   8  12   9   9  10  11  11   7  12  17  13   9  14  13  15  10  16  12  17  12  18  18  19  16 
  0   5   1   5   2   5   3   6   4  10   5  12   6  14   7  10   8   8   9   5  10   9  11   7  12  16  13   8  14   9  15   9  16   6  17  11  18  13  19  13 
  0   3   1   6   2   4   3   4   4  10   5  11   6  14   7   7   8   6   9   8  10  10  11   7  12  14  13   6  14   7  15   8  16   5  17  11  18  12  19   9 
  0  10   1   6   2   8   3  10   4  10   5  10   6  15   7   8   8  10   9   9  10   9  11   6  12  17  13   9  14  13  15   6  16   9  17   9  18  15  19  14 
  0   7   1   8   2   8   3  10   4  11   5  14   6  17   7  10   8   8   9   6  10   9  11   6  12  14  13  10  14  15  15  10  16  10  17   9  18  14  19  13 
  0   8   1   8   2   6   3   7   4  10   5  13   6  16   7   8   8  10   9   7  10   9  11   7  12  13  13   6  14  13  15   6  16   6  17  11  18  14  19  10 
  0  12   1   9   2  10   3  13   4  12   5  12   6  15   7  12   8  11   9   9  10  11  11   7  12  16  13  10  14  15  15   9  16  10  17  11  18  15  19  17 
  0   5   1   4   2   8   3   4   4   9   5  11   6  13   7   9   8   7   9   6  10  11  11   5  12  14  13   6  14  11  15   6  16   8  17   9  18  11  19   9 
  0   5   1   4   2   5   3   4   4  10   5  10   6  13   7   8   8   5   9   5  10  10  11   5  12  13  13   4  14  11  15   6  16   5  17  11  18  11  19  12 
  0  11   1   7   2   6   3  12   4  13   5  12   6  16   7   8   8  10   9   9  10  10  11   5  12  16  13   9  14  13  15   8  16  10  17  10  18  16  19  17 
  0   3   1   3   2   4   3   3   4   7   5  10   6  15   7   6   8   4   9   5  10   9  11   5  12  14  13   4  14   7  15   6  16   6  17   8  18  10  19   8 
  0   3   1   3   2   5   3   3   4  10   5  12   6  13   7   7   8   4   9   6  10  10  11   5  12  13  13   6  14   7  15   8  16   5  17   9  18   8  19  10 
  0   9   1   6   2   9   3   8   4   9   5  12   6  15   7   7   8   7   9   9  10  11  11   6  12  16  13   9  14  13  15  10  16   8  17  11  18  12  19  13 
  0   7   1   7   2  10   3   8   4  12   5  11   6  16   7  10   8  11   9   7  10  11  11   5  12  16  13   9  14  14  15   7  16   7  17  12  18  15  19  14 
  0   7   1   4   2   4   3   8   4  10   5  10   6  16   7   6   8   7   9   5  10   9  11   5  12  13  13   5  14  12  15   9  16   8  17   8  18  14  19  11 
  0  10   1   5   2   9   3   8   4  12   5  10   6  14   7   7   8  10   9   6  10   9  11   6  12  16  13   8  14  12  15  10  16   7  17  12  18  15  19  13 


