
 20  20

  0  22   1  17   2  23   3  22   4  14   5  24   6  18   7  27   8  23   9  23  10  28  11  23  12  25  13  19  14  22  15  20  16  20  17  21  18  19  19  24 
  0  20   1  16   2  21   3  20   4  13   5  21   6  17   7  24   8  16   9  25  10  22  11  22  12  21  13  17  14  19  15  21  16  22  17  16  18  15  19  22 
  0  23   1  17   2  22   3  21   4  15   5  21   6  17   7  24   8  18   9  25  10  26  11  22  12  23  13  20  14  19  15  20  16  22  17  18  18  17  19  25 
  0  20   1  16   2  20   3  20   4  13   5  21   6  16   7  25   8  18   9  23  10  22  11  20  12  22  13  16  14  18  15  21  16  21  17  17  18  16  19  21 
  0  25   1  17   2  22   3  25   4  13   5  24   6  18   7  25   8  20   9  23  10  27  11  24  12  25  13  20  14  22  15  20  16  24  17  21  18  17  19  25 
  0  24   1  17   2  23   3  24   4  14   5  24   6  18   7  27   8  19   9  25  10  24  11  21  12  25  13  19  14  21  15  22  16  23  17  17  18  15  19  25 
  0  19   1  17   2  22   3  20   4  16   5  22   6  16   7  26   8  16   9  23  10  25  11  22  12  22  13  17  14  19  15  22  16  20  17  19  18  16  19  21 
  0  22   1  16   2  22   3  21   4  16   5  23   6  18   7  26   8  21   9  25  10  22  11  22  12  21  13  15  14  22  15  20  16  22  17  18  18  17  19  23 
  0  29   1  22   2  24   3  27   4  19   5  24   6  20   7  28   8  25   9  25  10  28  11  28  12  25  13  22  14  22  15  22  16  24  17  24  18  18  19  29 
  0  20   1  20   2  20   3  21   4  15   5  22   6  16   7  24   8  17   9  25  10  23  11  21  12  24  13  20  14  22  15  21  16  23  17  19  18  16  19  26 
  0  22   1  18   2  23   3  25   4  16   5  21   6  19   7  27   8  17   9  23  10  24  11  23  12  21  13  16  14  21  15  20  16  20  17  21  18  15  19  26 
  0  26   1  19   2  21   3  26   4  18   5  25   6  17   7  28   8  23   9  23  10  26  11  26  12  23  13  23  14  23  15  20  16  24  17  23  18  19  19  28 
  0  24   1  18   2  21   3  27   4  18   5  21   6  17   7  27   8  22   9  24  10  26  11  26  12  22  13  21  14  19  15  22  16  20  17  21  18  19  19  25 
  0  21   1  16   2  20   3  20   4  15   5  21   6  16   7  24   8  19   9  23  10  22  11  20  12  21  13  15  14  18  15  21  16  21  17  16  18  15  19  22 
  0  20   1  18   2  23   3  22   4  16   5  22   6  18   7  24   8  18   9  25  10  23  11  22  12  24  13  16  14  20  15  20  16  20  17  19  18  16  19  24 
  0  19   1  16   2  22   3  20   4  13   5  22   6  16   7  25   8  16   9  24  10  24  11  21  12  22  13  17  14  19  15  20  16  20  17  17  18  16  19  21 
  0  22   1  17   2  23   3  20   4  16   5  22   6  19   7  24   8  17   9  23  10  24  11  20  12  22  13  15  14  19  15  20  16  21  17  16  18  15  19  21 
  0  27   1  19   2  23   3  24   4  17   5  22   6  20   7  25   8  23   9  23  10  30  11  25  12  24  13  20  14  21  15  22  16  22  17  20  18  18  19  25 
  0  23   1  16   2  22   3  24   4  14   5  23   6  19   7  26   8  21   9  24  10  24  11  21  12  24  13  17  14  21  15  20  16  22  17  16  18  18  19  25 
  0  24   1  17   2  23   3  25   4  16   5  22   6  16   7  25   8  19   9  23  10  26  11  24  12  21  13  18  14  18  15  20  16  20  17  20  18  15  19  22 


