
 20  20

  0  29   1  31   2  28   3  25   4  32   5  26   6  32   7  33   8  29   9  32  10  27  11  35  12  29  13  31  14  31  15  38  16  32  17  26  18  37  19  31 
  0  31   1  32   2  27   3  26   4  37   5  31   6  31   7  35   8  30   9  34  10  27  11  36  12  31  13  34  14  29  15  41  16  32  17  29  18  36  19  31 
  0  26   1  32   2  29   3  25   4  31   5  25   6  27   7  29   8  29   9  32  10  27  11  32  12  25  13  31  14  23  15  34  16  30  17  28  18  29  19  32 
  0  29   1  32   2  27   3  25   4  33   5  30   6  30   7  34   8  29   9  34  10  25  11  35  12  27  13  30  14  26  15  37  16  32  17  26  18  34  19  34 
  0  26   1  30   2  26   3  25   4  31   5  26   6  31   7  29   8  29   9  34  10  27  11  32  12  29  13  28  14  28  15  32  16  32  17  26  18  33  19  33 
  0  29   1  32   2  26   3  27   4  37   5  30   6  32   7  33   8  31   9  32  10  25  11  37  12  31  13  30  14  28  15  35  16  31  17  30  18  37  19  31 
  0  31   1  31   2  28   3  27   4  35   5  28   6  29   7  32   8  31   9  34  10  27  11  39  12  27  13  32  14  31  15  37  16  32  17  30  18  33  19  32 
  0  34   1  31   2  28   3  28   4  36   5  31   6  33   7  37   8  31   9  32  10  27  11  40  12  30  13  33  14  31  15  39  16  31  17  31  18  37  19  33 
  0  33   1  30   2  30   3  26   4  36   5  31   6  30   7  37   8  31   9  32  10  25  11  39  12  31  13  31  14  31  15  41  16  32  17  31  18  36  19  32 
  0  27   1  30   2  29   3  24   4  33   5  27   6  27   7  30   8  29   9  33  10  25  11  32  12  29  13  30  14  26  15  35  16  30  17  28  18  31  19  30 
  0  29   1  30   2  26   3  24   4  35   5  28   6  30   7  33   8  29   9  34  10  26  11  35  12  29  13  29  14  25  15  34  16  32  17  28  18  34  19  30 
  0  31   1  30   2  29   3  27   4  36   5  26   6  29   7  35   8  29   9  32  10  27  11  38  12  27  13  31  14  29  15  35  16  32  17  26  18  36  19  34 
  0  29   1  32   2  26   3  27   4  35   5  30   6  30   7  34   8  31   9  34  10  25  11  39  12  26  13  31  14  31  15  36  16  30  17  29  18  36  19  33 
  0  29   1  30   2  27   3  28   4  32   5  29   6  29   7  32   8  31   9  33  10  27  11  35  12  26  13  29  14  28  15  34  16  31  17  27  18  33  19  33 
  0  34   1  31   2  30   3  28   4  37   5  28   6  30   7  38   8  31   9  34  10  27  11  40  12  29  13  32  14  33  15  40  16  32  17  30  18  39  19  34 
  0  28   1  30   2  28   3  27   4  35   5  26   6  29   7  34   8  30   9  32  10  27  11  37  12  26  13  30  14  29  15  36  16  32  17  30  18  34  19  32 
  0  32   1  32   2  30   3  27   4  36   5  29   6  33   7  38   8  31   9  33  10  27  11  40  12  31  13  33  14  33  15  39  16  30  17  31  18  39  19  34 
  0  24   1  32   2  27   3  24   4  32   5  25   6  30   7  29   8  29   9  32  10  27  11  35  12  25  13  30  14  26  15  31  16  32  17  26  18  32  19  33 
  0  31   1  30   2  30   3  28   4  35   5  28   6  33   7  34   8  29   9  32  10  26  11  35  12  29  13  32  14  30  15  39  16  32  17  30  18  35  19  33 
  0  27   1  30   2  26   3  24   4  33   5  28   6  29   7  29   8  29   9  34  10  25  11  32  12  27  13  28  14  25  15  34  16  30  17  25  18  31  19  30 


