
 20  20

  0  75   1  78   2  78   3  82   4  79   5  80   6  73   7  79   8  75   9  84  10  82  11  86  12  75  13  75  14  73  15  78  16  81  17  78  18  75  19  76 
  0  75   1  76   2  75   3  82   4  75   5  76   6  75   7  73   8  72   9  82  10  77  11  83  12  76  13  73  14  71  15  78  16  79  17  76  18  75  19  73 
  0  77   1  76   2  78   3  85   4  74   5  81   6  74   7  76   8  76   9  81  10  83  11  83  12  77  13  74  14  76  15  81  16  84  17  76  18  75  19  75 
  0  76   1  78   2  79   3  84   4  77   5  80   6  75   7  75   8  75   9  82  10  80  11  83  12  75  13  75  14  75  15  78  16  81  17  76  18  74  19  75 
  0  77   1  78   2  79   3  83   4  78   5  81   6  74   7  77   8  76   9  85  10  82  11  84  12  77  13  75  14  73  15  82  16  83  17  77  18  76  19  77 
  0  78   1  78   2  78   3  84   4  77   5  82   6  74   7  76   8  76   9  85  10  80  11  82  12  74  13  75  14  72  15  80  16  84  17  76  18  76  19  73 
  0  69   1  76   2  76   3  82   4  75   5  79   6  73   7  74   8  68   9  79  10  80  11  80  12  72  13  74  14  70  15  77  16  79  17  72  18  74  19  69 
  0  74   1  76   2  78   3  83   4  77   5  79   6  75   7  74   8  75   9  80  10  80  11  84  12  74  13  73  14  74  15  81  16  80  17  77  18  75  19  74 
  0  75   1  76   2  79   3  86   4  78   5  80   6  75   7  78   8  74   9  84  10  80  11  85  12  76  13  75  14  76  15  78  16  82  17  77  18  75  19  75 
  0  78   1  77   2  79   3  86   4  79   5  81   6  75   7  78   8  78   9  84  10  82  11  86  12  78  13  75  14  73  15  82  16  82  17  78  18  75  19  76 
  0  75   1  76   2  79   3  84   4  78   5  79   6  75   7  75   8  75   9  81  10  79  11  86  12  74  13  75  14  72  15  80  16  82  17  77  18  76  19  74 
  0  72   1  76   2  76   3  84   4  73   5  80   6  73   7  75   8  72   9  80  10  78  11  80  12  77  13  73  14  75  15  76  16  82  17  76  18  74  19  72 
  0  75   1  76   2  77   3  83   4  76   5  81   6  73   7  74   8  72   9  80  10  78  11  80  12  73  13  73  14  75  15  80  16  80  17  78  18  75  19  73 
  0  78   1  78   2  78   3  86   4  77   5  80   6  73   7  79   8  78   9  85  10  83  11  86  12  78  13  74  14  75  15  82  16  82  17  80  18  74  19  78 
  0  73   1  78   2  77   3  82   4  74   5  79   6  73   7  76   8  74   9  81  10  82  11  84  12  76  13  73  14  75  15  79  16  81  17  75  18  74  19  74 
  0  73   1  76   2  75   3  82   4  76   5  78   6  74   7  76   8  73   9  80  10  81  11  82  12  72  13  73  14  74  15  78  16  81  17  74  18  75  19  71 
  0  74   1  76   2  79   3  85   4  76   5  81   6  75   7  78   8  76   9  81  10  79  11  82  12  76  13  75  14  74  15  77  16  80  17  75  18  74  19  72 
  0  77   1  76   2  79   3  82   4  74   5  80   6  73   7  79   8  72   9  82  10  81  11  82  12  78  13  75  14  73  15  78  16  81  17  76  18  74  19  72 
  0  74   1  78   2  76   3  79   4  72   5  76   6  75   7  74   8  71   9  79  10  79  11  79  12  73  13  73  14  70  15  79  16  79  17  74  18  76  19  71 
  0  77   1  78   2  79   3  86   4  77   5  82   6  73   7  77   8  74   9  83  10  81  11  85  12  78  13  75  14  74  15  81  16  84  17  77  18  76  19  76 


