
 20  20

  0  48   1  48   2  50   3  40   4  51   5  42   6  46   7  41   8  49   9  42  10  47  11  39  12  49  13  48  14  49  15  42  16  40  17  43  18  48  19  47 
  0  51   1  49   2  52   3  46   4  56   5  51   6  53   7  46   8  51   9  45  10  52  11  45  12  51  13  51  14  51  15  46  16  48  17  48  18  49  19  50 
  0  55   1  50   2  53   3  48   4  54   5  50   6  54   7  45   8  51   9  45  10  54  11  45  12  50  13  53  14  51  15  44  16  49  17  48  18  48  19  52 
  0  51   1  50   2  52   3  48   4  56   5  49   6  54   7  42   8  49   9  43  10  50  11  43  12  52  13  52  14  50  15  45  16  45  17  46  18  49  19  52 
  0  46   1  48   2  50   3  40   4  48   5  44   6  46   7  38   8  49   9  42  10  47  11  39  12  50  13  47  14  47  15  44  16  43  17  40  18  45  19  44 
  0  47   1  47   2  51   3  41   4  51   5  45   6  50   7  42   8  51   9  42  10  49  11  43  12  50  13  51  14  51  15  45  16  46  17  41  18  45  19  49 
  0  55   1  51   2  51   3  46   4  55   5  52   6  53   7  46   8  51   9  45  10  50  11  45  12  52  13  51  14  49  15  46  16  49  17  48  18  49  19  54 
  0  52   1  50   2  53   3  44   4  55   5  50   6  50   7  42   8  51   9  46  10  52  11  44  12  52  13  51  14  49  15  45  16  47  17  48  18  49  19  50 
  0  52   1  50   2  52   3  48   4  55   5  48   6  52   7  46   8  51   9  45  10  54  11  45  12  52  13  53  14  51  15  43  16  48  17  46  18  48  19  52 
  0  51   1  51   2  54   3  41   4  49   5  47   6  51   7  42   8  51   9  44  10  51  11  44  12  48  13  48  14  48  15  46  16  44  17  41  18  46  19  47 
  0  48   1  50   2  53   3  42   4  52   5  46   6  47   7  41   8  49   9  45  10  47  11  42  12  48  13  50  14  50  15  45  16  44  17  41  18  45  19  46 
  0  50   1  51   2  52   3  44   4  50   5  45   6  49   7  44   8  51   9  45  10  50  11  43  12  48  13  49  14  50  15  46  16  45  17  42  18  46  19  49 
  0  47   1  51   2  51   3  45   4  53   5  48   6  52   7  43   8  50   9  46  10  51  11  41  12  51  13  51  14  47  15  46  16  44  17  42  18  46  19  48 
  0  52   1  47   2  54   3  44   4  50   5  47   6  48   7  40   8  49   9  44  10  49  11  41  12  49  13  52  14  47  15  42  16  43  17  46  18  49  19  50 
  0  45   1  46   2  52   3  40   4  48   5  42   6  47   7  40   8  49   9  44  10  47  11  39  12  50  13  49  14  47  15  42  16  40  17  42  18  45  19  44 
  0  53   1  51   2  53   3  43   4  54   5  49   6  49   7  44   8  51   9  43  10  49  11  41  12  52  13  50  14  50  15  43  16  47  17  46  18  49  19  53 
  0  49   1  49   2  51   3  45   4  51   5  46   6  49   7  40   8  51   9  43  10  48  11  41  12  50  13  48  14  47  15  42  16  45  17  43  18  46  19  47 
  0  52   1  52   2  53   3  48   4  53   5  52   6  54   7  46   8  51   9  46  10  53  11  43  12  51  13  53  14  49  15  46  16  50  17  48  18  47  19  51 
  0  49   1  48   2  53   3  40   4  50   5  45   6  47   7  40   8  51   9  42  10  47  11  42  12  48  13  50  14  48  15  43  16  40  17  40  18  46  19  44 
  0  53   1  50   2  54   3  48   4  56   5  49   6  54   7  45   8  49   9  45  10  50  11  43  12  49  13  53  14  50  15  46  16  48  17  45  18  46  19  52 


