
 20  20

  0  41   1  40   2  45   3  38   4  47   5  44   6  39   7  40   8  44   9  44  10  44  11  45  12  44  13  44  14  41  15  46  16  41  17  46  18  46  19  39 
  0  32   1  35   2  42   3  34   4  39   5  41   6  34   7  35   8  46   9  35  10  41  11  43  12  43  13  44  14  41  15  39  16  41  17  44  18  43  19  33 
  0  32   1  38   2  39   3  33   4  39   5  41   6  36   7  36   8  44   9  36  10  42  11  42  12  42  13  45  14  41  15  36  16  39  17  44  18  42  19  36 
  0  38   1  38   2  44   3  34   4  45   5  44   6  39   7  40   8  46   9  39  10  43  11  46  12  43  13  43  14  40  15  40  16  42  17  46  18  45  19  37 
  0  41   1  40   2  46   3  38   4  46   5  42   6  39   7  40   8  45   9  43  10  44  11  45  12  44  13  45  14  41  15  44  16  43  17  46  18  44  19  39 
  0  36   1  37   2  44   3  34   4  43   5  41   6  39   7  39   8  45   9  41  10  42  11  46  12  44  13  45  14  41  15  40  16  39  17  44  18  43  19  37 
  0  39   1  40   2  47   3  38   4  49   5  45   6  41   7  42   8  46   9  45  10  47  11  45  12  44  13  43  14  40  15  43  16  43  17  46  18  44  19  41 
  0  38   1  36   2  43   3  37   4  46   5  42   6  40   7  40   8  46   9  42  10  46  11  45  12  44  13  45  14  41  15  42  16  40  17  44  18  45  19  39 
  0  38   1  37   2  44   3  37   4  46   5  41   6  38   7  40   8  46   9  43  10  46  11  45  12  42  13  45  14  41  15  43  16  40  17  44  18  44  19  37 
  0  32   1  35   2  40   3  33   4  39   5  40   6  34   7  34   8  44   9  36  10  42  11  42  12  44  13  43  14  40  15  39  16  39  17  46  18  43  19  35 
  0  32   1  35   2  39   3  31   4  39   5  39   6  34   7  34   8  44   9  35  10  41  11  43  12  42  13  45  14  39  15  36  16  39  17  44  18  42  19  33 
  0  38   1  39   2  47   3  35   4  43   5  45   6  39   7  39   8  44   9  42  10  45  11  43  12  42  13  45  14  39  15  40  16  42  17  44  18  43  19  39 
  0  40   1  38   2  46   3  36   4  47   5  45   6  38   7  38   8  46   9  40  10  47  11  43  12  43  13  45  14  40  15  41  16  43  17  45  18  46  19  40 
  0  40   1  40   2  48   3  41   4  48   5  45   6  41   7  39   8  46   9  41  10  47  11  45  12  44  13  45  14  42  15  44  16  40  17  46  18  43  19  39 
  0  41   1  38   2  48   3  40   4  48   5  44   6  39   7  41   8  44   9  41  10  45  11  45  12  42  13  45  14  40  15  43  16  43  17  44  18  44  19  39 
  0  33   1  38   2  42   3  31   4  42   5  40   6  37   7  36   8  45   9  38  10  43  11  43  12  44  13  43  14  40  15  37  16  39  17  44  18  42  19  33 
  0  42   1  41   2  49   3  41   4  48   5  43   6  42   7  42   8  46   9  45  10  46  11  44  12  43  13  43  14  43  15  44  16  41  17  44  18  46  19  41 
  0  40   1  41   2  43   3  37   4  44   5  43   6  38   7  40   8  45   9  42  10  46  11  45  12  43  13  43  14  40  15  41  16  43  17  44  18  46  19  40 
  0  37   1  40   2  47   3  39   4  45   5  41   6  39   7  39   8  46   9  40  10  43  11  46  12  43  13  43  14  43  15  42  16  41  17  45  18  45  19  40 
  0  40   1  39   2  47   3  35   4  47   5  45   6  41   7  37   8  45   9  40  10  43  11  45  12  43  13  44  14  39  15  40  16  39  17  46  18  44  19  37 


