
 20  20

  0  43   1  43   2  51   3  46   4  44   5  49   6  53   7  45   8  48   9  50  10  45  11  44  12  48  13  48  14  43  15  45  16  50  17  52  18  44  19  51 
  0  42   1  46   2  52   3  41   4  40   5  49   6  52   7  45   8  47   9  49  10  45  11  44  12  46  13  48  14  41  15  44  16  47  17  51  18  45  19  48 
  0  48   1  47   2  50   3  48   4  45   5  51   6  55   7  46   8  48   9  53  10  47  11  45  12  50  13  50  14  47  15  45  16  49  17  54  18  46  19  51 
  0  42   1  45   2  50   3  44   4  40   5  47   6  50   7  47   8  46   9  48  10  45  11  45  12  48  13  46  14  40  15  43  16  46  17  50  18  41  19  49 
  0  48   1  46   2  52   3  48   4  45   5  49   6  52   7  47   8  49   9  50  10  47  11  47  12  51  13  51  14  45  15  45  16  51  17  55  18  48  19  51 
  0  45   1  47   2  50   3  46   4  43   5  48   6  55   7  45   8  49   9  48  10  45  11  44  12  48  13  50  14  46  15  43  16  50  17  54  18  47  19  51 
  0  44   1  47   2  50   3  42   4  43   5  50   6  51   7  45   8  49   9  49  10  47  11  46  12  49  13  48  14  43  15  43  16  50  17  51  18  42  19  51 
  0  46   1  44   2  50   3  46   4  42   5  47   6  54   7  45   8  48   9  48  10  46  11  45  12  47  13  49  14  46  15  44  16  48  17  53  18  45  19  47 
  0  44   1  47   2  50   3  48   4  42   5  49   6  52   7  47   8  49   9  48  10  47  11  47  12  50  13  48  14  46  15  43  16  50  17  51  18  46  19  49 
  0  42   1  43   2  52   3  43   4  42   5  48   6  50   7  46   8  45   9  46  10  47  11  43  12  43  13  46  14  40  15  45  16  43  17  48  18  42  19  49 
  0  46   1  47   2  50   3  43   4  42   5  50   6  51   7  45   8  49   9  51  10  47  11  44  12  47  13  48  14  45  15  43  16  46  17  52  18  47  19  51 
  0  40   1  43   2  50   3  43   4  39   5  48   6  48   7  45   8  46   9  47  10  45  11  43  12  47  13  49  14  41  15  43  16  45  17  50  18  42  19  49 
  0  40   1  43   2  50   3  42   4  40   5  47   6  47   7  46   8  45   9  43  10  47  11  41  12  46  13  47  14  40  15  45  16  45  17  46  18  41  19  47 
  0  49   1  47   2  52   3  48   4  45   5  51   6  55   7  46   8  49   9  52  10  46  11  46  12  50  13  52  14  46  15  44  16  51  17  54  18  48  19  50 
  0  46   1  47   2  51   3  46   4  45   5  50   6  54   7  45   8  47   9  51  10  47  11  46  12  48  13  52  14  47  15  43  16  50  17  53  18  48  19  50 
  0  43   1  44   2  52   3  43   4  39   5  50   6  48   7  46   8  46   9  44  10  45  11  43  12  45  13  49  14  41  15  45  16  47  17  50  18  40  19  47 
  0  39   1  43   2  50   3  40   4  39   5  47   6  49   7  45   8  46   9  44  10  46  11  42  12  46  13  48  14  42  15  45  16  43  17  49  18  42  19  47 
  0  45   1  46   2  51   3  43   4  42   5  47   6  52   7  47   8  47   9  48  10  46  11  43  12  46  13  50  14  42  15  43  16  48  17  50  18  47  19  50 
  0  39   1  43   2  52   3  40   4  39   5  49   6  47   7  45   8  45   9  43  10  45  11  41  12  45  13  46  14  39  15  43  16  44  17  48  18  42  19  47 
  0  46   1  47   2  52   3  47   4  45   5  51   6  53   7  47   8  46   9  50  10  47  11  45  12  51  13  52  14  47  15  44  16  52  17  52  18  44  19  51 


