
 20  20

  0  39   1  35   2  44   3  42   4  48   5  35   6  44   7  39   8  43   9  41  10  42  11  39  12  45  13  41  14  46  15  42  16  39  17  36  18  39  19  46 
  0  47   1  39   2  44   3  47   4  48   5  41   6  46   7  46   8  51   9  44  10  44  11  45  12  47  13  43  14  49  15  50  16  38  17  38  18  38  19  51 
  0  40   1  32   2  43   3  42   4  46   5  37   6  41   7  38   8  41   9  41  10  40  11  37  12  45  13  41  14  42  15  42  16  36  17  36  18  35  19  43 
  0  40   1  34   2  42   3  43   4  46   5  39   6  44   7  43   8  46   9  41  10  42  11  41  12  43  13  44  14  45  15  43  16  36  17  37  18  39  19  46 
  0  42   1  38   2  42   3  42   4  48   5  36   6  43   7  41   8  45   9  41  10  42  11  39  12  46  13  44  14  43  15  44  16  37  17  36  18  38  19  44 
  0  43   1  36   2  42   3  42   4  46   5  39   6  44   7  43   8  44   9  40  10  42  11  38  12  45  13  43  14  47  15  45  16  38  17  36  18  37  19  46 
  0  38   1  34   2  44   3  44   4  48   5  37   6  44   7  40   8  44   9  42  10  40  11  40  12  43  13  41  14  43  15  45  16  37  17  38  18  37  19  46 
  0  39   1  32   2  44   3  40   4  46   5  37   6  43   7  38   8  42   9  41  10  39  11  36  12  43  13  42  14  42  15  42  16  37  17  36  18  35  19  43 
  0  42   1  37   2  44   3  43   4  46   5  38   6  44   7  43   8  43   9  42  10  42  11  39  12  43  13  45  14  47  15  44  16  40  17  36  18  36  19  46 
  0  44   1  39   2  44   3  46   4  48   5  38   6  45   7  41   8  47   9  44  10  46  11  40  12  45  13  41  14  48  15  49  16  39  17  37  18  37  19  50 
  0  40   1  32   2  42   3  40   4  46   5  35   6  43   7  42   8  43   9  43  10  42  11  37  12  46  13  42  14  46  15  43  16  36  17  37  18  36  19  43 
  0  48   1  40   2  44   3  50   4  48   5  42   6  48   7  45   8  51   9  47  10  45  11  46  12  45  13  45  14  50  15  50  16  39  17  37  18  41  19  51 
  0  45   1  38   2  42   3  46   4  48   5  40   6  47   7  42   8  46   9  45  10  43  11  42  12  45  13  44  14  48  15  47  16  40  17  38  18  37  19  48 
  0  38   1  34   2  42   3  41   4  46   5  38   6  44   7  40   8  44   9  41  10  39  11  36  12  46  13  41  14  42  15  43  16  36  17  36  18  37  19  44 
  0  39   1  34   2  42   3  40   4  46   5  37   6  44   7  39   8  45   9  42  10  39  11  39  12  43  13  43  14  46  15  43  16  38  17  36  18  38  19  43 
  0  38   1  34   2  42   3  41   4  46   5  37   6  41   7  39   8  43   9  40  10  39  11  38  12  43  13  41  14  44  15  42  16  36  17  36  18  35  19  44 
  0  38   1  32   2  42   3  40   4  46   5  36   6  41   7  38   8  43   9  39  10  39  11  36  12  43  13  41  14  43  15  43  16  36  17  36  18  35  19  43 
  0  47   1  38   2  44   3  49   4  48   5  43   6  46   7  44   8  51   9  44  10  43  11  42  12  47  13  45  14  50  15  50  16  38  17  38  18  40  19  50 
  0  41   1  35   2  42   3  40   4  46   5  35   6  45   7  40   8  43   9  42  10  39  11  37  12  43  13  41  14  45  15  44  16  36  17  38  18  37  19  45 
  0  48   1  41   2  44   3  50   4  48   5  43   6  47   7  43   8  51   9  46  10  46  11  44  12  45  13  44  14  49  15  47  16  40  17  36  18  41  19  51 


