
 20  20

  0  42   1  45   2  43   3  46   4  41   5  40   6  39   7  44   8  40   9  43  10  38  11  36  12  40  13  44  14  45  15  41  16  41  17  42  18  38  19  33 
  0  43   1  46   2  45   3  48   4  48   5  46   6  42   7  43   8  42   9  47  10  40  11  35  12  42  13  44  14  50  15  44  16  45  17  45  18  45  19  37 
  0  37   1  42   2  41   3  42   4  42   5  40   6  37   7  43   8  39   9  44  10  36  11  37  12  38  13  42  14  41  15  38  16  41  17  39  18  41  19  31 
  0  40   1  43   2  41   3  44   4  40   5  40   6  36   7  42   8  38   9  42  10  35  11  35  12  39  13  44  14  41  15  40  16  41  17  39  18  41  19  32 
  0  44   1  46   2  45   3  49   4  45   5  46   6  44   7  44   8  43   9  45  10  42  11  37  12  42  13  44  14  49  15  43  16  43  17  44  18  43  19  40 
  0  46   1  46   2  45   3  49   4  45   5  44   6  40   7  42   8  43   9  44  10  44  11  35  12  40  13  43  14  47  15  45  16  45  17  44  18  42  19  40 
  0  44   1  46   2  45   3  49   4  47   5  47   6  39   7  42   8  42   9  47  10  42  11  36  12  41  13  42  14  46  15  45  16  42  17  41  18  43  19  39 
  0  43   1  43   2  44   3  43   4  41   5  41   6  38   7  44   8  41   9  42  10  41  11  37  12  38  13  44  14  43  15  41  16  43  17  43  18  42  19  37 
  0  41   1  45   2  46   3  46   4  43   5  43   6  43   7  42   8  44   9  45  10  42  11  36  12  39  13  42  14  45  15  44  16  43  17  45  18  42  19  39 
  0  46   1  45   2  44   3  49   4  48   5  48   6  42   7  42   8  44   9  47  10  45  11  37  12  40  13  42  14  51  15  47  16  45  17  42  18  46  19  38 
  0  42   1  42   2  44   3  47   4  45   5  44   6  39   7  44   8  42   9  43  10  40  11  35  12  39  13  43  14  44  15  43  16  41  17  41  18  43  19  35 
  0  43   1  45   2  44   3  44   4  42   5  45   6  38   7  42   8  42   9  46  10  38  11  36  12  38  13  43  14  47  15  42  16  43  17  43  18  40  19  36 
  0  38   1  44   2  45   3  43   4  44   5  40   6  40   7  42   8  38   9  43  10  36  11  35  12  39  13  44  14  45  15  38  16  41  17  41  18  43  19  35 
  0  39   1  42   2  42   3  41   4  42   5  43   6  38   7  42   8  38   9  45  10  39  11  36  12  40  13  44  14  44  15  41  16  42  17  42  18  42  19  31 
  0  41   1  43   2  43   3  48   4  44   5  45   6  39   7  44   8  39   9  46  10  40  11  37  12  41  13  44  14  45  15  42  16  45  17  43  18  40  19  36 
  0  44   1  46   2  44   3  49   4  44   5  48   6  44   7  44   8  42   9  48  10  43  11  35  12  42  13  44  14  50  15  44  16  44  17  41  18  45  19  37 
  0  45   1  43   2  46   3  48   4  47   5  47   6  43   7  43   8  42   9  47  10  42  11  35  12  41  13  43  14  47  15  46  16  45  17  42  18  42  19  38 
  0  38   1  45   2  42   3  45   4  42   5  44   6  41   7  44   8  40   9  43  10  40  11  35  12  38  13  44  14  42  15  42  16  43  17  42  18  42  19  34 
  0  43   1  43   2  45   3  48   4  46   5  44   6  38   7  44   8  43   9  47  10  38  11  35  12  40  13  43  14  46  15  41  16  45  17  41  18  44  19  37 
  0  44   1  46   2  44   3  50   4  48   5  45   6  41   7  44   8  43   9  48  10  42  11  36  12  41  13  43  14  48  15  45  16  43  17  44  18  44  19  36 


