
 20  20

  0  46   1  39   2  41   3  38   4  40   5  36   6  37   7  43   8  41   9  39  10  38  11  36  12  39  13  40  14  41  15  36  16  36  17  41  18  36  19  34 
  0  39   1  31   2  33   3  37   4  37   5  32   6  31   7  35   8  41   9  40  10  34  11  33  12  37  13  36  14  34  15  30  16  31  17  36  18  35  19  35 
  0  37   1  31   2  35   3  37   4  38   5  33   6  29   7  37   8  41   9  37  10  34  11  31  12  37  13  34  14  35  15  31  16  31  17  36  18  32  19  32 
  0  39   1  35   2  34   3  36   4  40   5  32   6  29   7  36   8  39   9  39  10  36  11  30  12  39  13  35  14  35  15  32  16  31  17  39  18  34  19  32 
  0  37   1  33   2  36   3  38   4  38   5  33   6  29   7  36   8  39   9  38  10  34  11  30  12  38  13  35  14  36  15  32  16  30  17  36  18  32  19  32 
  0  39   1  34   2  36   3  36   4  37   5  34   6  33   7  40   8  39   9  40  10  34  11  34  12  39  13  39  14  37  15  30  16  35  17  36  18  34  19  32 
  0  38   1  33   2  35   3  37   4  37   5  33   6  31   7  37   8  39   9  39  10  38  11  32  12  39  13  38  14  38  15  30  16  34  17  38  18  32  19  33 
  0  46   1  39   2  39   3  38   4  39   5  33   6  35   7  40   8  41   9  41  10  40  11  36  12  38  13  39  14  42  15  34  16  38  17  42  18  35  19  36 
  0  39   1  34   2  37   3  38   4  40   5  32   6  30   7  39   8  39   9  38  10  36  11  34  12  37  13  38  14  35  15  32  16  33  17  36  18  34  19  32 
  0  38   1  31   2  34   3  36   4  37   5  32   6  32   7  38   8  39   9  38  10  37  11  30  12  37  13  35  14  37  15  32  16  32  17  36  18  33  19  32 
  0  46   1  40   2  41   3  36   4  39   5  36   6  37   7  42   8  41   9  39  10  40  11  35  12  39  13  42  14  43  15  36  16  38  17  41  18  36  19  34 
  0  38   1  34   2  36   3  36   4  40   5  35   6  29   7  38   8  40   9  37  10  34  11  30  12  37  13  35  14  37  15  33  16  30  17  36  18  33  19  34 
  0  43   1  41   2  41   3  38   4  41   5  34   6  34   7  43   8  41   9  41  10  39  11  35  12  38  13  42  14  42  15  36  16  35  17  39  18  36  19  36 
  0  38   1  33   2  38   3  38   4  41   5  33   6  32   7  39   8  40   9  38  10  37  11  32  12  38  13  37  14  37  15  30  16  31  17  38  18  35  19  33 
  0  46   1  39   2  38   3  38   4  41   5  36   6  36   7  41   8  41   9  38  10  37  11  36  12  39  13  41  14  41  15  35  16  36  17  42  18  34  19  34 
  0  40   1  34   2  37   3  38   4  40   5  32   6  31   7  40   8  41   9  39  10  35  11  33  12  39  13  37  14  37  15  33  16  36  17  39  18  36  19  35 
  0  43   1  39   2  40   3  36   4  41   5  33   6  35   7  41   8  40   9  38  10  37  11  36  12  39  13  37  14  37  15  35  16  36  17  40  18  36  19  34 
  0  40   1  35   2  38   3  36   4  41   5  35   6  34   7  39   8  41   9  38  10  36  11  32  12  37  13  36  14  40  15  33  16  34  17  37  18  33  19  34 
  0  42   1  40   2  38   3  38   4  38   5  35   6  36   7  39   8  40   9  41  10  40  11  34  12  39  13  41  14  43  15  34  16  34  17  40  18  36  19  33 
  0  42   1  40   2  37   3  38   4  41   5  34   6  33   7  41   8  40   9  38  10  39  11  35  12  39  13  42  14  39  15  35  16  38  17  42  18  33  19  34 


