
 20  20

  0  48   1  43   2  41   3  45   4  48   5  41   6  41   7  42   8  45   9  47  10  44  11  44  12  45  13  48  14  50  15  51  16  46  17  47  18  49  19  49 
  0  54   1  49   2  41   3  49   4  49   5  43   6  44   7  46   8  49   9  45  10  48  11  50  12  47  13  49  14  50  15  52  16  50  17  54  18  53  19  51 
  0  47   1  43   2  39   3  43   4  48   5  42   6  41   7  43   8  46   9  44  10  44  11  45  12  46  13  48  14  48  15  50  16  45  17  45  18  50  19  48 
  0  48   1  45   2  41   3  47   4  48   5  42   6  46   7  46   8  46   9  44  10  49  11  46  12  46  13  51  14  52  15  51  16  49  17  48  18  54  19  51 
  0  49   1  49   2  43   3  49   4  52   5  41   6  47   7  44   8  47   9  44  10  46  11  49  12  47  13  48  14  48  15  54  16  49  17  47  18  50  19  52 
  0  52   1  49   2  45   3  49   4  51   5  43   6  46   7  43   8  47   9  48  10  51  11  49  12  47  13  52  14  49  15  51  16  51  17  55  18  55  19  49 
  0  46   1  46   2  40   3  43   4  50   5  43   6  41   7  43   8  47   9  46  10  44  11  45  12  44  13  48  14  48  15  52  16  46  17  46  18  51  19  51 
  0  46   1  43   2  39   3  46   4  49   5  42   6  43   7  44   8  46   9  44  10  42  11  45  12  47  13  49  14  51  15  51  16  45  17  46  18  52  19  50 
  0  55   1  51   2  44   3  51   4  52   5  43   6  49   7  45   8  50   9  47  10  52  11  53  12  50  13  50  14  50  15  54  16  53  17  53  18  55  19  52 
  0  50   1  49   2  43   3  51   4  49   5  43   6  49   7  46   8  46   9  47  10  50  11  51  12  49  13  49  14  50  15  54  16  53  17  53  18  51  19  52 
  0  51   1  45   2  40   3  46   4  49   5  41   6  44   7  46   8  47   9  44  10  46  11  48  12  47  13  50  14  49  15  52  16  50  17  48  18  51  19  51 
  0  55   1  50   2  46   3  48   4  51   5  43   6  48   7  46   8  48   9  45  10  52  11  53  12  48  13  49  14  49  15  54  16  55  17  55  18  52  19  52 
  0  47   1  43   2  40   3  44   4  50   5  41   6  44   7  44   8  44   9  46  10  44  11  43  12  46  13  50  14  48  15  52  16  47  17  49  18  49  19  50 
  0  53   1  49   2  41   3  46   4  49   5  42   6  47   7  46   8  48   9  47  10  50  11  51  12  46  13  52  14  52  15  51  16  51  17  50  18  50  19  49 
  0  48   1  45   2  43   3  44   4  48   5  41   6  43   7  43   8  45   9  47  10  47  11  46  12  45  13  51  14  48  15  50  16  48  17  47  18  50  19  48 
  0  50   1  47   2  42   3  44   4  48   5  42   6  46   7  44   8  46   9  44  10  44  11  47  12  44  13  51  14  48  15  51  16  51  17  50  18  51  19  49 
  0  47   1  45   2  38   3  43   4  48   5  41   6  41   7  42   8  44   9  44  10  42  11  43  12  44  13  49  14  48  15  50  16  45  17  46  18  49  19  48 
  0  49   1  47   2  44   3  48   4  52   5  43   6  45   7  46   8  45   9  46  10  45  11  47  12  49  13  51  14  49  15  53  16  51  17  50  18  51  19  52 
  0  51   1  46   2  40   3  48   4  48   5  41   6  46   7  46   8  46   9  45  10  47  11  50  12  46  13  48  14  50  15  51  16  52  17  51  18  53  19  49 
  0  49   1  49   2  40   3  46   4  52   5  43   6  43   7  43   8  49   9  44  10  45  11  50  12  46  13  48  14  50  15  50  16  49  17  52  18  50  19  52 


