
 20  20

  0  66   1  71   2  74   3  71   4  66   5  68   6  68   7  71   8  68   9  66  10  72  11  63  12  71  13  74  14  72  15  74  16  70  17  71  18  66  19  69 
  0  63   1  67   2  68   3  71   4  65   5  63   6  63   7  69   8  67   9  60  10  69  11  63  12  70  13  68  14  68  15  69  16  69  17  65  18  61  19  65 
  0  66   1  70   2  72   3  73   4  65   5  69   6  66   7  69   8  71   9  67  10  74  11  62  12  74  13  74  14  72  15  75  16  71  17  74  18  68  19  68 
  0  66   1  73   2  75   3  73   4  65   5  66   6  68   7  69   8  68   9  67  10  76  11  62  12  72  13  75  14  73  15  75  16  70  17  71  18  65  19  71 
  0  62   1  68   2  71   3  71   4  67   5  66   6  62   7  67   8  66   9  60  10  69  11  64  12  72  13  68  14  71  15  70  16  70  17  70  18  63  19  65 
  0  71   1  74   2  73   3  71   4  65   5  67   6  69   7  73   8  70   9  65  10  76  11  64  12  74  13  73  14  73  15  76  16  70  17  75  18  66  19  72 
  0  71   1  75   2  76   3  72   4  67   5  69   6  69   7  73   8  72   9  67  10  76  11  64  12  76  13  75  14  74  15  75  16  70  17  74  18  68  19  72 
  0  71   1  74   2  76   3  73   4  67   5  69   6  69   7  73   8  73   9  68  10  78  11  64  12  76  13  76  14  76  15  77  16  70  17  73  18  69  19  72 
  0  70   1  73   2  75   3  73   4  67   5  67   6  71   7  73   8  71   9  66  10  78  11  64  12  74  13  74  14  76  15  76  16  70  17  74  18  67  19  70 
  0  64   1  65   2  69   3  71   4  65   5  63   6  61   7  68   8  66   9  61  10  70  11  62  12  68  13  68  14  69  15  68  16  71  17  65  18  64  19  66 
  0  62   1  65   2  68   3  71   4  65   5  65   6  63   7  68   8  65   9  62  10  68  11  62  12  68  13  68  14  68  15  67  16  71  17  65  18  62  19  64 
  0  66   1  70   2  69   3  72   4  67   5  68   6  64   7  71   8  67   9  65  10  71  11  64  12  72  13  73  14  70  15  71  16  71  17  69  18  65  19  67 
  0  64   1  71   2  70   3  71   4  67   5  64   6  66   7  69   8  68   9  65  10  72  11  64  12  73  13  70  14  71  15  70  16  71  17  68  18  65  19  67 
  0  69   1  75   2  76   3  73   4  67   5  69   6  70   7  72   8  69   9  68  10  78  11  64  12  76  13  76  14  73  15  73  16  70  17  71  18  67  19  68 
  0  68   1  74   2  74   3  71   4  67   5  65   6  69   7  71   8  69   9  66  10  77  11  62  12  74  13  76  14  73  15  75  16  71  17  72  18  69  19  70 
  0  68   1  73   2  75   3  71   4  67   5  65   6  70   7  71   8  72   9  66  10  77  11  63  12  73  13  72  14  75  15  74  16  69  17  70  18  66  19  72 
  0  67   1  71   2  72   3  71   4  66   5  68   6  69   7  73   8  68   9  67  10  74  11  64  12  74  13  71  14  73  15  71  16  69  17  72  18  68  19  69 
  0  61   1  65   2  68   3  73   4  65   5  63   6  63   7  68   8  65   9  60  10  70  11  62  12  69  13  68  14  69  15  67  16  69  17  67  18  64  19  64 
  0  62   1  68   2  71   3  71   4  66   5  64   6  64   7  67   8  69   9  61  10  73  11  62  12  70  13  71  14  70  15  69  16  71  17  67  18  63  19  65 
  0  64   1  68   2  70   3  73   4  65   5  66   6  66   7  71   8  68   9  65  10  72  11  64  12  73  13  69  14  67  15  69  16  71  17  67  18  66  19  68 


