
 20  20

  0  72   1  68   2  71   3  75   4  72   5  76   6  74   7  80   8  71   9  71  10  78  11  77  12  74  13  83  14  70  15  74  16  71  17  75  18  71  19  72 
  0  69   1  68   2  68   3  73   4  73   5  77   6  74   7  75   8  70   9  71  10  78  11  77  12  74  13  79  14  69  15  71  16  68  17  76  18  71  19  68 
  0  70   1  68   2  69   3  71   4  71   5  77   6  73   7  78   8  69   9  70  10  78  11  76  12  75  13  78  14  70  15  74  16  71  17  75  18  71  19  71 
  0  70   1  69   2  70   3  70   4  72   5  77   6  74   7  74   8  71   9  70  10  77  11  74  12  73  13  77  14  68  15  74  16  66  17  75  18  71  19  68 
  0  69   1  70   2  70   3  71   4  73   5  77   6  74   7  77   8  71   9  74  10  77  11  79  12  73  13  81  14  69  15  71  16  71  17  75  18  73  19  72 
  0  65   1  68   2  68   3  67   4  69   5  77   6  74   7  71   8  71   9  65  10  74  11  73  12  75  13  78  14  68  15  70  16  65  17  71  18  72  19  68 
  0  68   1  66   2  67   3  68   4  68   5  77   6  74   7  73   8  71   9  66  10  76  11  76  12  73  13  76  14  65  15  72  16  67  17  72  18  72  19  68 
  0  68   1  67   2  66   3  68   4  71   5  77   6  72   7  76   8  71   9  71  10  75  11  76  12  75  13  78  14  66  15  74  16  66  17  72  18  71  19  72 
  0  67   1  67   2  65   3  65   4  71   5  75   6  72   7  72   8  71   9  68  10  77  11  72  12  75  13  76  14  66  15  72  16  64  17  69  18  72  19  68 
  0  73   1  69   2  69   3  73   4  74   5  77   6  74   7  80   8  70   9  72  10  78  11  76  12  75  13  79  14  72  15  73  16  69  17  74  18  72  19  71 
  0  66   1  67   2  66   3  69   4  73   5  75   6  74   7  73   8  69   9  71  10  76  11  78  12  74  13  79  14  69  15  72  16  70  17  75  18  73  19  71 
  0  68   1  70   2  67   3  72   4  72   5  75   6  72   7  79   8  69   9  70  10  77  11  79  12  75  13  82  14  70  15  71  16  67  17  73  18  72  19  70 
  0  73   1  70   2  71   3  75   4  74   5  77   6  72   7  80   8  71   9  73  10  78  11  80  12  73  13  81  14  73  15  74  16  72  17  78  18  73  19  70 
  0  71   1  66   2  68   3  73   4  69   5  75   6  73   7  74   8  69   9  70  10  78  11  79  12  73  13  79  14  69  15  74  16  69  17  75  18  73  19  68 
  0  65   1  70   2  68   3  69   4  70   5  77   6  73   7  73   8  69   9  66  10  75  11  73  12  74  13  75  14  67  15  72  16  68  17  71  18  73  19  71 
  0  64   1  66   2  64   3  65   4  68   5  75   6  74   7  70   8  69   9  66  10  74  11  72  12  73  13  73  14  63  15  70  16  66  17  69  18  71  19  68 
  0  69   1  70   2  71   3  69   4  72   5  77   6  72   7  77   8  69   9  69  10  78  11  75  12  74  13  79  14  70  15  73  16  68  17  74  18  71  19  70 
  0  73   1  70   2  72   3  74   4  74   5  76   6  74   7  80   8  71   9  72  10  77  11  80  12  75  13  83  14  71  15  74  16  72  17  77  18  72  19  72 
  0  65   1  66   2  67   3  66   4  68   5  75   6  72   7  72   8  69   9  65  10  74  11  73  12  73  13  74  14  63  15  70  16  66  17  69  18  71  19  70 
  0  67   1  68   2  66   3  69   4  68   5  76   6  72   7  70   8  71   9  67  10  76  11  76  12  74  13  76  14  65  15  71  16  64  17  69  18  71  19  69 


