
 20  20

  0  35   1  35   2  35   3  35   4  42   5  39   6  38   7  32   8  37   9  33  10  37  11  42  12  41  13  35  14  44  15  35  16  32  17  39  18  39  19  35 
  0  39   1  36   2  36   3  36   4  43   5  42   6  43   7  34   8  45   9  37  10  40  11  40  12  42  13  41  14  42  15  37  16  33  17  42  18  40  19  36 
  0  32   1  35   2  34   3  34   4  40   5  40   6  36   7  29   8  35   9  27  10  32  11  42  12  39  13  34  14  42  15  35  16  28  17  37  18  37  19  32 
  0  32   1  34   2  34   3  34   4  39   5  41   6  36   7  29   8  35   9  27  10  33  11  42  12  38  13  33  14  41  15  35  16  30  17  37  18  38  19  32 
  0  37   1  38   2  34   3  36   4  42   5  43   6  40   7  34   8  43   9  33  10  37  11  40  12  39  13  40  14  44  15  39  16  32  17  44  18  42  19  33 
  0  35   1  36   2  36   3  34   4  39   5  43   6  37   7  33   8  40   9  29  10  35  11  40  12  38  13  36  14  43  15  35  16  30  17  37  18  40  19  32 
  0  37   1  36   2  36   3  34   4  42   5  42   6  43   7  31   8  41   9  35  10  37  11  40  12  41  13  42  14  41  15  39  16  33  17  44  18  40  19  35 
  0  33   1  34   2  34   3  36   4  43   5  41   6  39   7  32   8  39   9  32  10  37  11  41  12  41  13  38  14  41  15  36  16  29  17  41  18  36  19  32 
  0  34   1  36   2  34   3  35   4  39   5  40   6  37   7  29   8  36   9  28  10  32  11  42  12  38  13  35  14  42  15  35  16  28  17  37  18  36  19  33 
  0  42   1  37   2  36   3  36   4  45   5  45   6  42   7  35   8  42   9  34  10  36  11  40  12  42  13  40  14  41  15  39  16  35  17  45  18  42  19  34 
  0  33   1  34   2  35   3  35   4  39   5  41   6  37   7  32   8  36   9  30  10  32  11  40  12  40  13  34  14  43  15  37  16  29  17  40  18  36  19  32 
  0  38   1  35   2  34   3  34   4  43   5  41   6  39   7  33   8  38   9  30  10  37  11  40  12  38  13  36  14  42  15  37  16  30  17  41  18  41  19  35 
  0  38   1  35   2  35   3  34   4  44   5  45   6  42   7  34   8  41   9  34  10  39  11  42  12  40  13  41  14  42  15  39  16  34  17  42  18  38  19  35 
  0  42   1  36   2  36   3  35   4  44   5  43   6  44   7  32   8  43   9  37  10  37  11  42  12  41  13  39  14  44  15  36  16  32  17  41  18  41  19  34 
  0  34   1  36   2  34   3  36   4  41   5  42   6  40   7  33   8  39   9  31  10  36  11  40  12  40  13  37  14  40  15  36  16  29  17  41  18  39  19  35 
  0  36   1  34   2  36   3  34   4  40   5  41   6  39   7  31   8  41   9  31  10  33  11  41  12  38  13  35  14  41  15  35  16  33  17  40  18  38  19  33 
  0  41   1  36   2  36   3  36   4  45   5  45   6  41   7  33   8  43   9  36  10  37  11  40  12  41  13  38  14  43  15  37  16  32  17  44  18  39  19  35 
  0  37   1  38   2  35   3  36   4  42   5  45   6  42   7  32   8  41   9  36  10  37  11  42  12  40  13  42  14  44  15  39  16  31  17  42  18  42  19  35 
  0  36   1  36   2  36   3  34   4  40   5  41   6  37   7  30   8  40   9  29  10  35  11  41  12  38  13  38  14  42  15  37  16  28  17  39  18  40  19  35 
  0  32   1  35   2  36   3  34   4  41   5  39   6  37   7  30   8  36   9  27  10  35  11  42  12  38  13  34  14  41  15  36  16  30  17  39  18  36  19  32 


