
 20  20

  0  93   1  90   2  92   3  90   4  96   5  99   6  94   7  92   8  90   9  97  10  92  11  91  12  94  13  91  14  99  15  98  16  96  17  99  18  98  19  92 
  0  86   1  89   2  87   3  88   4  89   5  99   6  93   7  87   8  89   9  95  10  86  11  88  12  92  13  93  14  96  15  92  16  95  17  98  18  96  19  87 
  0  89   1  93   2  91   3  90   4  91   5  99   6  95   7  91   8  90   9  98  10  87  11  91  12  95  13  92  14  96  15  96  16  97  17  99  18  96  19  89 
  0  89   1  91   2  92   3  88   4  95   5  99   6  96   7  88   8  90   9  97  10  89  11  93  12  96  13  93  14  98  15  98  16  95  17  99  18  97  19  91 
  0  90   1  89   2  89   3  89   4  91   5  98   6  95   7  91   8  88   9  99  10  90  11  89  12  95  13  93  14  98  15  98  16  95  17  98  18  98  19  89 
  0  94   1  92   2  93   3  90   4  93   5  99   6  97   7  89   8  90   9  97  10  91  11  91  12  96  13  92  14  99  15  99  16  95  17  99  18  98  19  94 
  0  86   1  91   2  86   3  88   4  89   5  97   6  95   7  86   8  88   9  94  10  86  11  90  12  94  13  91  14  98  15  93  16  96  17  99  18  96  19  85 
  0  86   1  89   2  88   3  89   4  92   5  99   6  96   7  89   8  89   9  94  10  87  11  90  12  91  13  91  14  97  15  92  16  95  17  98  18  97  19  86 
  0  91   1  89   2  91   3  90   4  93   5  99   6  93   7  91   8  88   9  98  10  91  11  89  12  94  13  91  14  97  15  96  16  95  17  99  18  98  19  90 
  0  93   1  92   2  94   3  90   4  97   5  99   6  95   7  93   8  90   9  99  10  91  11  94  12  96  13  93  14  98  15  99  16  96  17  99  18  98  19  95 
  0  84   1  91   2  85   3  88   4  89   5  97   6  93   7  86   8  88   9  94  10  86  11  89  12  92  13  91  14  96  15  92  16  96  17  98  18  98  19  88 
  0  87   1  89   2  86   3  90   4  91   5  97   6  93   7  89   8  89   9  97  10  89  11  91  12  93  13  93  14  99  15  93  16  96  17  98  18  98  19  86 
  0  86   1  89   2  85   3  90   4  91   5  97   6  93   7  85   8  90   9  94  10  88  11  88  12  93  13  91  14  96  15  93  16  97  17  98  18  96  19  85 
  0  88   1  91   2  90   3  89   4  95   5  99   6  97   7  88   8  90   9  96  10  87  11  92  12  92  13  93  14  96  15  94  16  97  17  98  18  98  19  89 
  0  89   1  93   2  92   3  88   4  93   5  99   6  95   7  89   8  89   9  95  10  91  11  93  12  94  13  91  14  99  15  96  16  95  17  99  18  96  19  90 
  0  84   1  90   2  86   3  89   4  89   5  98   6  94   7  87   8  88   9  94  10  86  11  89  12  92  13  91  14  98  15  92  16  95  17  98  18  96  19  88 
  0  90   1  93   2  91   3  90   4  95   5  99   6  97   7  90   8  88   9  97  10  88  11  90  12  96  13  91  14  99  15  99  16  96  17  99  18  97  19  93 
  0  84   1  91   2  88   3  90   4  91   5  97   6  94   7  86   8  88   9  94  10  86  11  88  12  92  13  92  14  98  15  92  16  97  17  99  18  96  19  88 
  0  91   1  93   2  93   3  89   4  97   5  99   6  96   7  89   8  89   9  99  10  91  11  92  12  96  13  93  14  99  15  99  16  95  17  98  18  96  19  94 
  0  91   1  92   2  91   3  88   4  93   5  99   6  96   7  87   8  88   9  98  10  90  11  92  12  92  13  91  14  99  15  99  16  97  17  98  18  96  19  92 


