
 20  20

  0  29   1  25   2  28   3  36   4  36   5  28   6  29   7  27   8  25   9  24  10  30  11  25  12  33  13  27  14  32  15  23  16  33  17  24  18  29  19  27 
  0  31   1  24   2  28   3  37   4  35   5  31   6  31   7  26   8  28   9  23  10  34  11  29  12  36  13  28  14  33  15  25  16  35  17  24  18  30  19  29 
  0  30   1  23   2  27   3  34   4  35   5  29   6  29   7  26   8  26   9  24  10  33  11  26  12  32  13  27  14  32  15  22  16  33  17  23  18  29  19  27 
  0  30   1  24   2  26   3  34   4  35   5  26   6  29   7  26   8  26   9  25  10  30  11  26  12  31  13  28  14  32  15  22  16  33  17  22  18  31  19  29 
  0  29   1  23   2  26   3  34   4  34   5  27   6  31   7  26   8  25   9  26  10  30  11  25  12  31  13  27  14  33  15  25  16  33  17  23  18  31  19  28 
  0  39   1  30   2  28   3  38   4  36   5  35   6  35   7  28   8  27   9  27  10  36  11  31  12  40  13  35  14  34  15  31  16  34  17  28  18  33  19  35 
  0  35   1  27   2  27   3  34   4  35   5  29   6  33   7  27   8  29   9  27  10  34  11  30  12  37  13  31  14  36  15  24  16  35  17  24  18  30  19  30 
  0  35   1  29   2  28   3  36   4  36   5  33   6  34   7  28   8  29   9  28  10  35  11  30  12  41  13  32  14  36  15  30  16  34  17  28  18  30  19  32 
  0  36   1  31   2  28   3  35   4  34   5  36   6  35   7  27   8  29   9  29  10  33  11  29  12  40  13  33  14  33  15  29  16  34  17  27  18  30  19  35 
  0  32   1  22   2  27   3  35   4  34   5  26   6  32   7  26   8  25   9  24  10  30  11  27  12  31  13  28  14  32  15  24  16  33  17  22  18  29  19  28 
  0  34   1  28   2  28   3  38   4  34   5  32   6  34   7  26   8  27   9  29  10  36  11  28  12  37  13  35  14  33  15  31  16  34  17  30  18  33  19  33 
  0  31   1  24   2  27   3  34   4  34   5  27   6  30   7  27   8  28   9  26  10  32  11  25  12  32  13  27  14  33  15  27  16  35  17  26  18  29  19  31 
  0  32   1  23   2  26   3  36   4  35   5  26   6  32   7  26   8  25   9  26  10  30  11  25  12  31  13  30  14  33  15  24  16  34  17  25  18  32  19  30 
  0  39   1  30   2  26   3  36   4  36   5  36   6  35   7  28   8  29   9  28  10  34  11  31  12  39  13  35  14  36  15  31  16  35  17  30  18  32  19  35 
  0  36   1  29   2  26   3  37   4  34   5  31   6  35   7  26   8  27   9  29  10  33  11  27  12  38  13  32  14  33  15  29  16  34  17  29  18  33  19  32 
  0  29   1  22   2  28   3  34   4  36   5  27   6  30   7  26   8  25   9  23  10  32  11  28  12  34  13  29  14  34  15  22  16  33  17  25  18  31  19  29 
  0  38   1  27   2  28   3  38   4  36   5  34   6  35   7  28   8  29   9  27  10  32  11  30  12  39  13  33  14  34  15  27  16  35  17  29  18  33  19  33 
  0  37   1  29   2  28   3  36   4  36   5  35   6  34   7  26   8  29   9  26  10  36  11  31  12  41  13  33  14  36  15  32  16  35  17  27  18  32  19  34 
  0  32   1  25   2  27   3  34   4  34   5  31   6  34   7  27   8  26   9  24  10  33  11  28  12  36  13  33  14  32  15  28  16  34  17  26  18  32  19  31 
  0  32   1  23   2  27   3  34   4  35   5  26   6  29   7  26   8  25   9  24  10  33  11  28  12  33  13  31  14  32  15  24  16  33  17  25  18  31  19  28 


