
 20  20

  0  59   1  62   2  66   3  65   4  68   5  63   6  64   7  63   8  69   9  71  10  59  11  65  12  57  13  66  14  62  15  62  16  66  17  63  18  64  19  68 
  0  62   1  62   2  65   3  65   4  67   5  61   6  64   7  62   8  67   9  70  10  62  11  64  12  56  13  67  14  60  15  59  16  63  17  63  18  66  19  67 
  0  63   1  64   2  65   3  65   4  71   5  63   6  66   7  63   8  69   9  70  10  63  11  66  12  59  13  68  14  63  15  61  16  65  17  65  18  66  19  68 
  0  62   1  64   2  66   3  64   4  70   5  59   6  68   7  61   8  68   9  68  10  60  11  64  12  59  13  66  14  63  15  59  16  65  17  65  18  64  19  68 
  0  58   1  63   2  66   3  64   4  63   5  57   6  60   7  63   8  67   9  64  10  58  11  61  12  56  13  67  14  58  15  60  16  62  17  63  18  66  19  68 
  0  61   1  64   2  66   3  63   4  66   5  60   6  63   7  62   8  69   9  70  10  58  11  64  12  58  13  67  14  61  15  60  16  64  17  63  18  66  19  67 
  0  57   1  62   2  64   3  63   4  67   5  57   6  59   7  61   8  68   9  65  10  60  11  61  12  55  13  68  14  58  15  60  16  60  17  64  18  65  19  68 
  0  60   1  62   2  68   3  65   4  71   5  62   6  68   7  62   8  70   9  71  10  62  11  68  12  58  13  67  14  61  15  62  16  65  17  65  18  65  19  68 
  0  63   1  64   2  67   3  65   4  68   5  60   6  67   7  63   8  68   9  71  10  63  11  66  12  59  13  68  14  62  15  62  16  67  17  65  18  65  19  67 
  0  63   1  63   2  65   3  63   4  71   5  61   6  68   7  61   8  70   9  70  10  62  11  66  12  59  13  68  14  60  15  60  16  65  17  65  18  64  19  68 
  0  56   1  64   2  66   3  65   4  65   5  58   6  64   7  63   8  68   9  64  10  61  11  61  12  58  13  68  14  59  15  60  16  61  17  65  18  66  19  68 
  0  63   1  63   2  68   3  65   4  71   5  61   6  66   7  63   8  70   9  70  10  62  11  65  12  56  13  68  14  60  15  59  16  67  17  65  18  66  19  68 
  0  53   1  64   2  64   3  63   4  64   5  56   6  58   7  63   8  64   9  65  10  57  11  59  12  55  13  68  14  55  15  56  16  60  17  63  18  66  19  67 
  0  57   1  63   2  66   3  65   4  66   5  58   6  64   7  63   8  69   9  68  10  58  11  65  12  58  13  68  14  59  15  58  16  61  17  65  18  66  19  66 
  0  56   1  63   2  63   3  65   4  65   5  59   6  65   7  61   8  65   9  66  10  58  11  61  12  59  13  67  14  61  15  57  16  63  17  65  18  64  19  68 
  0  57   1  64   2  65   3  64   4  67   5  60   6  63   7  63   8  69   9  66  10  60  11  65  12  58  13  68  14  57  15  57  16  64  17  64  18  66  19  68 
  0  57   1  64   2  66   3  65   4  67   5  61   6  65   7  61   8  68   9  65  10  58  11  62  12  55  13  67  14  57  15  58  16  65  17  65  18  66  19  68 
  0  56   1  62   2  64   3  63   4  63   5  56   6  60   7  61   8  67   9  65  10  60  11  62  12  58  13  68  14  58  15  56  16  61  17  64  18  65  19  66 
  0  63   1  64   2  67   3  65   4  70   5  63   6  67   7  63   8  69   9  70  10  63  11  68  12  59  13  67  14  63  15  62  16  66  17  63  18  64  19  68 
  0  53   1  62   2  62   3  63   4  63   5  57   6  58   7  61   8  67   9  65  10  57  11  58  12  56  13  68  14  55  15  59  16  62  17  63  18  64  19  66 


