
 20  20

  0   9   1  14   2  10   3  12   4  11   5  10   6  12   7  11   8   8   9  10  10   8  11  15  12  15  13   8  14  15  15   5  16  16  17   9  18   8  19  13 
  0  12   1  17   2  10   3  15   4  11   5   9   6  13   7  14   8   8   9  10  10   9  11  15  12  14  13  10  14  17  15   6  16  19  17   8  18   8  19  13 
  0   5   1  12   2   8   3  11   4  10   5   8   6   9   7   8   8   8   9   6  10   6  11  12  12  13  13   6  14  13  15   4  16  14  17   8  18   6  19  11 
  0  11   1  18   2  10   3  15   4  11   5  10   6  11   7  14   8   8   9   8  10   7  11  15  12  15  13  10  14  15  15   8  16  16  17  10  18   8  19  15 
  0   6   1  13   2   9   3   8   4   9   5   3   6  10   7  10   8   7   9   8  10   6  11  11  12   9  13   6  14  13  15   5  16  12  17   4  18   7  19  11 
  0   9   1  16   2  10   3  13   4   9   5   8   6  13   7  16   8   5   9  10  10   7  11  12  12  13  13   9  14  15  15   5  16  16  17   8  18   6  19  15 
  0   9   1  12   2  10   3   9   4  10   5   9   6   9   7  10   8   6   9   6  10   5  11  13  12  13  13   9  14  12  15   6  16  17  17   5  18   8  19  12 
  0   9   1  16   2   9   3  14   4   9   5  10   6  11   7  16   8   8   9   8  10   9  11  15  12  15  13  10  14  16  15   6  16  16  17  10  18   6  19  13 
  0  12   1  18   2   8   3  13   4   9   5  10   6  11   7  16   8   8   9  10  10   8  11  15  12  12  13   8  14  15  15   7  16  16  17  10  18   8  19  15 
  0   7   1  15   2  10   3  11   4   8   5   7   6  13   7  12   8   5   9   9  10   6  11  15  12  14  13   8  14  16  15   5  16  15  17   7  18   8  19  13 
  0   2   1  11   2   9   3   7   4   8   5   5   6   9   7   7   8   7   9   6  10   8  11  13  12   9  13   7  14  10  15   6  16   9  17   5  18   6  19  11 
  0   9   1  13   2   8   3  12   4  11   5   8   6  12   7  13   8   8   9  10  10   6  11  15  12  14  13   8  14  13  15   6  16  18  17   6  18   6  19  12 
  0   9   1  18   2  10   3  12   4  11   5  11   6  12   7  16   8   8   9  10  10   9  11  14  12  12  13   9  14  17  15   8  16  17  17  10  18   8  19  13 
  0  12   1  18   2   9   3  13   4  11   5   8   6  13   7  16   8   5   9   7  10   6  11  15  12  13  13  10  14  14  15   7  16  19  17   9  18   8  19  15 
  0   6   1  14   2  10   3   9   4   8   5   6   6  10   7   8   8   6   9   6  10   5  11  12  12   9  13   6  14  13  15   4  16  11  17   5  18   6  19  14 
  0  10   1  15   2  10   3  11   4  10   5  11   6  11   7  15   8   5   9  10  10   9  11  15  12  14  13   9  14  14  15   6  16  19  17   9  18   8  19  13 
  0   3   1   9   2   8   3   6   4   8   5   4   6   9   7   6   8   4   9   6  10   5  11  11  12   7  13   6  14   9  15   4  16  12  17   5  18   6  19  11 
  0   5   1   9   2   8   3   5   4   7   5   3   6   9   7   9   8   6   9   6  10   7  11  13  12   7  13   8  14   9  15   4  16  10  17   5  18   8  19  11 
  0  10   1  17   2   8   3  12   4   8   5   8   6  10   7  12   8   8   9   7  10   9  11  12  12  12  13   9  14  15  15   8  16  16  17   8  18   6  19  14 
  0   6   1  13   2   8   3   9   4   8   5   6   6  10   7  11   8   5   9   8  10   5  11  14  12  12  13   9  14  12  15   5  16  14  17   5  18   8  19  12 


