
 20  20

  0  11   1  10   2   6   3   3   4   8   5  10   6   5   7   9   8   3   9   6  10   3  11   3  12  11  13   4  14   4  15   8  16   6  17   5  18  11  19  13 
  0  16   1  12   2   7   3  11   4  13   5  18   6   8   7  14   8   8   9  13  10   6  11  12  12  14  13   7  14   6  15  10  16  11  17   7  18   9  19  14 
  0  13   1  10   2   8   3   4   4   8   5  14   6   6   7  13   8   2   9   8  10   5  11   6  12  10  13   6  14   6  15   8  16   9  17   4  18   9  19  10 
  0  18   1  13   2   8   3  12   4  14   5  15   6   9   7  14   8   6   9  11  10   7  11  11  12  13  13   7  14   6  15  12  16  12  17   9  18  12  19  14 
  0  16   1  13   2   9   3   9   4  11   5  14   6   8   7  13   8   5   9  13  10   5  11   9  12  12  13   8  14   6  15  11  16  11  17   7  18  10  19  14 
  0  15   1  14   2   9   3   9   4  11   5  15   6   8   7  17   8  10   9  11  10   9  11  10  12  14  13   8  14   6  15   9  16  14  17   8  18   9  19  14 
  0   8   1  10   2   5   3   4   4   9   5  10   6   5   7  11   8   1   9   7  10   3  11   5  12   8  13   5  14   4  15   8  16   6  17   3  18   8  19  10 
  0  11   1  11   2   5   3   5   4  11   5  14   6   6   7  11   8   5   9   8  10   3  11   7  12  10  13   7  14   4  15   8  16   9  17   4  18  11  19  13 
  0  16   1  10   2   5   3   8   4  13   5  17   6   7   7  13   8   5   9  12  10   5  11   9  12  11  13   7  14   6  15   8  16  12  17   9  18   8  19  14 
  0  10   1  10   2   5   3   3   4  11   5  13   6   7   7  10   8   2   9   8  10   4  11   6  12   9  13   5  14   6  15   8  16   8  17   7  18   8  19  11 
  0  10   1  12   2   8   3   5   4  10   5  15   6   5   7  14   8   5   9  10  10   4  11   6  12  11  13   4  14   6  15   9  16  10  17   6  18   8  19  13 
  0  11   1  10   2   6   3   2   4   9   5  12   6   5   7   9   8   1   9   7  10   4  11   3  12   8  13   4  14   4  15  10  16   7  17   3  18   9  19  10 
  0  14   1  14   2   9   3   9   4  14   5  16   6   9   7  17   8   7   9  12  10   9  11  12  12  13  13   8  14   5  15  10  16  14  17  11  18  12  19  14 
  0  12   1  10   2   5   3   2   4   8   5  10   6   5   7   9   8   1   9   8  10   5  11   4  12   9  13   4  14   5  15   9  16   9  17   4  18   9  19  12 
  0  15   1  13   2   7   3  12   4  14   5  16   6   9   7  16   8   9   9  15  10   9  11  12  12  16  13   8  14   5  15  12  16  14  17  10  18  12  19  12 
  0  15   1  12   2   6   3  10   4  11   5  15   6   9   7  15   8   5   9  13  10   8  11  12  12  13  13   7  14   4  15  12  16  14  17  10  18  11  19  14 
  0  11   1  13   2   7   3   6   4  10   5  13   6   7   7   9   8   1   9   5  10   3  11   5  12  11  13   4  14   5  15  11  16   6  17   3  18  11  19  11 
  0  11   1  12   2   5   3   5   4  11   5  14   6   5   7  12   8   1   9   6  10   7  11   5  12  11  13   5  14   6  15  10  16  11  17   5  18  10  19  10 
  0   9   1  13   2   8   3   5   4   8   5  11   6   7   7  11   8   3   9   9  10   3  11   5  12   8  13   6  14   4  15  11  16   7  17   7  18   8  19  10 
  0  15   1  14   2   6   3   7   4  11   5  14   6   9   7  16   8   8   9  10  10   9  11   9  12  13  13   9  14   4  15  11  16  10  17   8  18  12  19  12 


