
 20  20

  0   3   1   9   2   7   3  16   4  13   5  14   6   5   7   8   8  12   9   4  10  16  11  11  12  15  13   8  14   8  15  11  16   8  17   9  18  11  19   6 
  0   5   1  11   2   8   3  16   4  16   5  17   6   5   7  10   8  13   9   9  10  14  11   9  12  15  13   9  14   9  15  12  16   6  17  10  18  12  19   8 
  0   4   1  10   2   8   3  15   4  17   5  14   6   6   7  11   8  13   9   7  10  18  11  12  12  13  13   9  14   9  15  11  16   8  17   9  18  10  19  10 
  0   7   1  11   2   7   3  16   4  16   5  18   6   7   7  13   8  16   9  10  10  18  11  11  12  16  13   8  14  10  15  13  16   6  17  11  18  12  19  13 
  0   3   1  11   2   8   3  14   4  15   5  14   6   7   7   7   8  13   9   5  10  15  11  10  12  10  13   7  14   8  15  14  16   8  17   8  18  11  19   6 
  0   3   1   8   2   5   3  14   4  14   5  14   6   7   7   7   8  12   9   4  10  15  11   8  12  11  13   8  14   9  15  12  16   6  17   8  18  10  19   8 
  0   6   1  12   2   5   3  15   4  15   5  14   6   7   7  11   8  14   9   5  10  14  11  10  12  13  13   7  14   8  15  11  16   7  17   8  18  10  19   8 
  0   3   1   8   2   6   3  14   4  13   5  16   6   5   7   9   8  14   9   2  10  14  11   8  12  10  13   9  14   8  15  11  16   6  17   8  18  10  19   7 
  0   4   1  10   2   6   3  14   4  15   5  16   6   6   7   8   8  12   9   5  10  16  11  11  12  13  13   7  14   8  15  13  16   6  17  11  18  10  19   7 
  0  10   1  13   2   6   3  15   4  19   5  18   6   7   7  13   8  14   9  11  10  16  11  12  12  18  13   8  14  10  15  13  16   8  17   9  18  12  19  14 
  0   8   1  14   2   7   3  16   4  17   5  17   6   5   7  15   8  16   9   8  10  18  11  11  12  17  13   9  14  10  15  15  16   8  17  10  18  11  19  12 
  0   9   1  14   2   7   3  16   4  19   5  18   6   5   7  15   8  16   9  12  10  18  11  10  12  20  13   7  14  10  15  14  16   7  17  11  18  10  19  14 
  0   1   1   8   2   5   3  14   4  16   5  17   6   5   7  11   8  12   9   5  10  14  11   8  12  13  13   7  14  10  15  13  16   8  17   9  18  10  19   8 
  0  11   1  14   2   9   3  16   4  18   5  16   6   5   7  15   8  16   9  12  10  16  11  12  12  17  13   7  14   8  15  15  16   7  17  12  18  12  19  13 
  0   8   1  13   2   9   3  16   4  18   5  15   6   7   7  17   8  16   9   8  10  16  11  12  12  16  13   9  14  10  15  14  16   6  17   9  18  11  19  14 
  0   4   1  10   2   7   3  14   4  15   5  14   6   5   7  10   8  13   9   6  10  16  11  10  12  11  13   7  14   8  15  12  16   6  17   8  18  10  19   6 
  0   9   1  14   2   7   3  16   4  18   5  16   6   6   7  15   8  14   9  11  10  17  11  12  12  17  13   9  14   8  15  14  16   8  17  12  18  12  19  12 
  0   9   1  11   2   7   3  16   4  18   5  18   6   7   7  16   8  13   9   8  10  18  11   9  12  19  13   9  14  10  15  13  16   8  17  11  18  12  19  14 
  0   5   1  11   2   8   3  16   4  14   5  15   6   7   7  15   8  15   9  10  10  18  11  10  12  15  13   7  14   8  15  13  16   8  17  11  18  12  19  13 
  0   8   1  11   2   9   3  14   4  18   5  18   6   5   7  13   8  16   9   7  10  15  11  10  12  17  13   7  14  10  15  15  16   6  17  11  18  11  19  11 


