
 20  20

  0  71   1  73   2  67   3  72   4  70   5  75   6  70   7  68   8  73   9  75  10  66  11  71  12  75  13  65  14  74  15  72  16  76  17  76  18  74  19  70 
  0  78   1  75   2  72   3  75   4  73   5  78   6  72   7  72   8  79   9  77  10  74  11  77  12  82  13  72  14  76  15  72  16  79  17  80  18  78  19  75 
  0  77   1  75   2  72   3  74   4  73   5  73   6  72   7  69   8  78   9  74  10  72  11  78  12  80  13  68  14  76  15  71  16  79  17  80  18  75  19  74 
  0  77   1  75   2  74   3  75   4  73   5  76   6  70   7  74   8  78   9  77  10  74  11  79  12  82  13  73  14  77  15  71  16  80  17  80  18  77  19  73 
  0  76   1  74   2  74   3  76   4  73   5  77   6  70   7  74   8  77   9  77  10  74  11  78  12  82  13  73  14  76  15  70  16  80  17  78  18  77  19  73 
  0  75   1  74   2  71   3  73   4  73   5  78   6  72   7  74   8  78   9  75  10  72  11  79  12  79  13  71  14  77  15  72  16  80  17  80  18  78  19  72 
  0  73   1  73   2  69   3  73   4  68   5  75   6  70   7  69   8  75   9  74  10  71  11  75  12  76  13  68  14  73  15  69  16  76  17  77  18  74  19  68 
  0  73   1  72   2  71   3  73   4  73   5  74   6  70   7  71   8  77   9  76  10  70  11  76  12  78  13  70  14  75  15  72  16  79  17  79  18  73  19  73 
  0  69   1  69   2  68   3  66   4  68   5  74   6  71   7  69   8  73   9  73  10  68  11  69  12  76  13  64  14  74  15  69  16  72  17  76  18  74  19  66 
  0  77   1  75   2  73   3  76   4  71   5  78   6  72   7  74   8  79   9  77  10  74  11  78  12  81  13  70  14  77  15  72  16  80  17  80  18  75  19  73 
  0  70   1  69   2  66   3  68   4  67   5  71   6  71   7  68   8  72   9  75  10  64  11  69  12  72  13  63  14  74  15  68  16  73  17  77  18  70  19  66 
  0  78   1  74   2  71   3  74   4  71   5  78   6  71   7  72   8  79   9  75  10  73  11  79  12  82  13  71  14  77  15  72  16  78  17  78  18  77  19  73 
  0  71   1  69   2  69   3  69   4  70   5  73   6  72   7  70   8  71   9  73  10  68  11  72  12  77  13  64  14  75  15  69  16  74  17  76  18  73  19  67 
  0  71   1  69   2  65   3  68   4  66   5  70   6  71   7  66   8  69   9  74  10  67  11  71  12  72  13  66  14  71  15  69  16  72  17  75  18  73  19  65 
  0  74   1  74   2  68   3  71   4  72   5  75   6  72   7  68   8  73   9  75  10  68  11  75  12  76  13  66  14  73  15  71  16  77  17  79  18  76  19  72 
  0  73   1  71   2  66   3  71   4  71   5  74   6  72   7  70   8  74   9  76  10  68  11  75  12  76  13  65  14  72  15  69  16  75  17  77  18  71  19  68 
  0  78   1  73   2  71   3  76   4  74   5  78   6  70   7  74   8  79   9  75  10  73  11  76  12  79  13  70  14  77  15  72  16  80  17  78  18  78  19  73 
  0  71   1  71   2  66   3  66   4  70   5  74   6  70   7  69   8  72   9  74  10  64  11  73  12  72  13  64  14  71  15  71  16  76  17  76  18  71  19  66 
  0  70   1  71   2  69   3  68   4  69   5  74   6  70   7  68   8  70   9  74  10  66  11  74  12  73  13  64  14  74  15  68  16  76  17  77  18  71  19  69 
  0  68   1  70   2  64   3  66   4  66   5  70   6  71   7  67   8  72   9  76  10  64  11  69  12  75  13  65  14  71  15  70  16  75  17  75  18  71  19  66 


