
 20  20

  0  28   1  26   2  25   3  22   4  22   5  25   6  25   7  17   8  26   9  26  10  20  11  18  12  24  13  24  14  25  15  26  16  20  17  17  18  25  19  20 
  0  26   1  20   2  24   3  21   4  20   5  26   6  21   7  15   8  24   9  22  10  18  11  15  12  18  13  18  14  23  15  24  16  18  17  17  18  23  19  19 
  0  24   1  21   2  23   3  18   4  19   5  25   6  19   7  16   8  24   9  23  10  14  11  14  12  16  13  17  14  23  15  22  16  20  17  17  18  23  19  16 
  0  24   1  18   2  24   3  19   4  21   5  25   6  20   7  15   8  19   9  23  10  15  11  14  12  14  13  18  14  24  15  23  16  20  17  15  18  23  19  16 
  0  27   1  21   2  23   3  19   4  18   5  25   6  20   7  16   8  25   9  23  10  19  11  14  12  19  13  18  14  23  15  25  16  20  17  15  18  23  19  19 
  0  22   1  20   2  25   3  19   4  20   5  23   6  21   7  13   8  19   9  25  10  14  11  11  12  17  13  18  14  23  15  22  16  20  17  15  18  25  19  18 
  0  25   1  22   2  23   3  21   4  18   5  23   6  24   7  13   8  20   9  22  10  18  11  14  12  20  13  17  14  23  15  23  16  19  17  17  18  22  19  19 
  0  23   1  18   2  23   3  17   4  18   5  25   6  19   7  13   8  22   9  23  10  15  11  14  12  15  13  15  14  24  15  22  16  18  17  17  18  22  19  16 
  0  27   1  23   2  25   3  20   4  18   5  23   6  23   7  15   8  21   9  24  10  18  11  15  12  19  13  20  14  25  15  23  16  20  17  17  18  24  19  16 
  0  22   1  18   2  24   3  16   4  21   5  25   6  19   7  13   8  19   9  23  10  14  11  11  12  14  13  19  14  23  15  22  16  18  17  16  18  22  19  18 
  0  26   1  24   2  23   3  18   4  22   5  26   6  25   7  17   8  26   9  23  10  18  11  18  12  20  13  19  14  23  15  24  16  20  17  16  18  24  19  20 
  0  22   1  22   2  23   3  18   4  19   5  24   6  22   7  14   8  22   9  25  10  17  11  14  12  18  13  21  14  23  15  26  16  19  17  16  18  26  19  20 
  0  22   1  21   2  23   3  19   4  20   5  26   6  19   7  15   8  19   9  23  10  16  11  15  12  17  13  18  14  23  15  25  16  19  17  17  18  25  19  16 
  0  30   1  26   2  25   3  22   4  20   5  28   6  25   7  17   8  27   9  26  10  19  11  19  12  23  13  23  14  25  15  26  16  19  17  17  18  25  19  20 
  0  28   1  23   2  25   3  22   4  22   5  28   6  23   7  15   8  25   9  23  10  17  11  16  12  24  13  24  14  25  15  26  16  19  17  15  18  24  19  20 
  0  29   1  25   2  23   3  20   4  20   5  25   6  21   7  17   8  25   9  25  10  19  11  17  12  19  13  20  14  24  15  23  16  20  17  17  18  24  19  17 
  0  26   1  22   2  25   3  18   4  18   5  25   6  22   7  13   8  22   9  23  10  16  11  17  12  19  13  22  14  25  15  26  16  18  17  15  18  25  19  16 
  0  20   1  19   2  23   3  17   4  18   5  23   6  19   7  13   8  22   9  23  10  16  11  11  12  14  13  15  14  23  15  22  16  20  17  15  18  24  19  17 
  0  23   1  21   2  23   3  18   4  19   5  26   6  19   7  14   8  20   9  26  10  17  11  16  12  17  13  21  14  23  15  24  16  18  17  15  18  22  19  18 
  0  23   1  21   2  23   3  16   4  19   5  22   6  19   7  14   8  19   9  23  10  14  11  11  12  15  13  15  14  25  15  22  16  18  17  16  18  23  19  16 


