
 20  20

  0  43   1  41   2  46   3  50   4  45   5  38   6  42   7  40   8  43   9  40  10  36  11  43  12  42  13  44  14  41  15  47  16  46  17  43  18  41  19  48 
  0  36   1  41   2  42   3  43   4  46   5  36   6  41   7  38   8  35   9  40  10  35  11  39  12  38  13  42  14  39  15  42  16  45  17  41  18  41  19  47 
  0  33   1  43   2  44   3  41   4  44   5  35   6  38   7  36   8  35   9  38  10  35  11  35  12  34  13  42  14  39  15  42  16  45  17  38  18  40  19  46 
  0  38   1  43   2  44   3  48   4  48   5  36   6  46   7  38   8  40   9  38  10  37  11  42  12  42  13  42  14  43  15  47  16  48  17  42  18  41  19  48 
  0  38   1  42   2  46   3  45   4  46   5  39   6  43   7  36   8  37   9  38  10  35  11  42  12  39  13  44  14  41  15  44  16  49  17  43  18  40  19  47 
  0  33   1  41   2  42   3  43   4  44   5  37   6  38   7  36   8  37   9  38  10  36  11  36  12  33  13  42  14  39  15  40  16  47  17  37  18  40  19  45 
  0  38   1  41   2  45   3  44   4  48   5  38   6  44   7  37   8  39   9  40  10  37  11  40  12  36  13  42  14  39  15  42  16  46  17  41  18  40  19  48 
  0  34   1  41   2  42   3  44   4  46   5  36   6  38   7  36   8  38   9  38  10  35  11  38  12  37  13  43  14  41  15  42  16  46  17  40  18  39  19  45 
  0  40   1  41   2  43   3  45   4  46   5  36   6  43   7  36   8  41   9  40  10  37  11  39  12  36  13  43  14  43  15  47  16  48  17  42  18  39  19  48 
  0  43   1  43   2  46   3  51   4  47   5  37   6  43   7  37   8  39   9  40  10  39  11  43  12  40  13  42  14  43  15  50  16  47  17  42  18  41  19  48 
  0  39   1  41   2  46   3  49   4  45   5  38   6  44   7  38   8  39   9  40  10  36  11  44  12  42  13  42  14  40  15  46  16  48  17  43  18  41  19  49 
  0  34   1  43   2  43   3  43   4  46   5  35   6  39   7  38   8  38   9  38  10  35  11  37  12  33  13  42  14  41  15  40  16  46  17  40  18  39  19  47 
  0  42   1  41   2  44   3  49   4  48   5  38   6  45   7  39   8  41   9  40  10  37  11  44  12  42  13  44  14  41  15  48  16  49  17  45  18  39  19  49 
  0  40   1  43   2  44   3  47   4  47   5  39   6  42   7  39   8  38   9  40  10  36  11  44  12  42  13  43  14  43  15  46  16  49  17  41  18  41  19  49 
  0  39   1  42   2  44   3  47   4  47   5  36   6  43   7  36   8  40   9  38  10  35  11  38  12  39  13  44  14  40  15  43  16  48  17  42  18  39  19  45 
  0  37   1  43   2  45   3  43   4  45   5  37   6  39   7  39   8  36   9  40  10  38  11  39  12  37  13  44  14  43  15  43  16  49  17  38  18  39  19  47 
  0  37   1  42   2  43   3  47   4  46   5  35   6  39   7  37   8  39   9  40  10  38  11  38  12  39  13  44  14  39  15  46  16  47  17  41  18  41  19  45 
  0  33   1  41   2  43   3  43   4  44   5  35   6  39   7  37   8  37   9  39  10  37  11  35  12  33  13  42  14  39  15  40  16  45  17  37  18  39  19  45 
  0  36   1  41   2  44   3  47   4  47   5  38   6  39   7  36   8  36   9  40  10  35  11  40  12  36  13  44  14  39  15  44  16  47  17  38  18  39  19  47 
  0  40   1  42   2  45   3  50   4  48   5  38   6  45   7  39   8  42   9  40  10  36  11  42  12  40  13  43  14  40  15  48  16  48  17  42  18  41  19  49 


