
 20  20

  0  24   1  31   2  29   3  26   4  33   5  20   6  26   7  25   8  25   9  23  10  31  11  26  12  25  13  25  14  28  15  29  16  26  17  24  18  28  19  31 
  0  26   1  33   2  31   3  26   4  31   5  22   6  28   7  22   8  27   9  23  10  31  11  29  12  24  13  27  14  28  15  27  16  26  17  25  18  27  19  35 
  0  21   1  27   2  28   3  25   4  27   5  22   6  25   7  19   8  24   9  22  10  29  11  20  12  20  13  24  14  25  15  24  16  22  17  20  18  21  19  28 
  0  18   1  27   2  28   3  23   4  26   5  19   6  22   7  19   8  23   9  20  10  29  11  21  12  21  13  23  14  22  15  24  16  23  17  17  18  21  19  26 
  0  20   1  28   2  28   3  25   4  30   5  22   6  27   7  21   8  24   9  20  10  31  11  26  12  25  13  26  14  25  15  26  16  25  17  20  18  26  19  28 
  0  21   1  28   2  28   3  27   4  31   5  23   6  25   7  22   8  26   9  20  10  29  11  27  12  21  13  27  14  25  15  28  16  24  17  24  18  24  19  29 
  0  19   1  27   2  28   3  26   4  28   5  19   6  25   7  20   8  21   9  22  10  31  11  23  12  20  13  23  14  24  15  25  16  23  17  18  18  22  19  28 
  0  17   1  27   2  29   3  26   4  25   5  19   6  23   7  22   8  23   9  20  10  29  11  22  12  23  13  25  14  22  15  24  16  24  17  17  18  19  19  26 
  0  23   1  29   2  30   3  25   4  31   5  19   6  23   7  22   8  23   9  20  10  31  11  27  12  21  13  23  14  24  15  25  16  24  17  22  18  24  19  29 
  0  23   1  32   2  32   3  25   4  28   5  23   6  25   7  23   8  26   9  22  10  29  11  23  12  22  13  26  14  27  15  27  16  23  17  19  18  21  19  30 
  0  22   1  28   2  29   3  27   4  27   5  19   6  25   7  22   8  21   9  23  10  31  11  23  12  23  13  23  14  23  15  28  16  24  17  18  18  21  19  26 
  0  19   1  27   2  28   3  23   4  26   5  19   6  22   7  18   8  22   9  20  10  29  11  21  12  20  13  25  14  22  15  24  16  22  17  17  18  19  19  27 
  0  26   1  32   2  29   3  26   4  32   5  21   6  25   7  26   8  29   9  23  10  30  11  25  12  26  13  26  14  26  15  30  16  28  17  23  18  26  19  33 
  0  17   1  30   2  30   3  25   4  25   5  19   6  22   7  21   8  22   9  22  10  31  11  20  12  22  13  23  14  22  15  25  16  23  17  21  18  19  19  27 
  0  19   1  27   2  28   3  23   4  26   5  19   6  22   7  18   8  20   9  20  10  29  11  20  12  20  13  23  14  22  15  24  16  23  17  20  18  22  19  25 
  0  24   1  32   2  29   3  26   4  31   5  23   6  27   7  25   8  29   9  24  10  29  11  28  12  26  13  25  14  25  15  29  16  27  17  25  18  29  19  33 
  0  25   1  29   2  28   3  28   4  32   5  20   6  26   7  24   8  26   9  20  10  31  11  26  12  22  13  24  14  24  15  29  16  27  17  21  18  25  19  33 
  0  19   1  27   2  30   3  23   4  25   5  19   6  22   7  18   8  23   9  20  10  29  11  22  12  21  13  24  14  22  15  24  16  23  17  18  18  19  19  26 
  0  24   1  30   2  30   3  29   4  30   5  23   6  25   7  26   8  27   9  24  10  29  11  26  12  25  13  24  14  26  15  29  16  27  17  23  18  26  19  34 
  0  18   1  27   2  29   3  27   4  27   5  19   6  26   7  22   8  24   9  22  10  31  11  25  12  24  13  24  14  26  15  25  16  22  17  21  18  21  19  28 


