
 20  20

  0  46   1  48   2  54   3  47   4  50   5  47   6  56   7  45   8  58   9  49  10  49  11  49  12  51  13  52  14  55  15  46  16  51  17  57  18  48  19  47 
  0  53   1  55   2  61   3  54   4  52   5  52   6  60   7  53   8  59   9  51  10  48  11  50  12  52  13  55  14  58  15  48  16  54  17  57  18  55  19  52 
  0  45   1  46   2  54   3  47   4  48   5  47   6  56   7  47   8  59   9  48  10  49  11  47  12  51  13  54  14  54  15  45  16  48  17  56  18  48  19  48 
  0  46   1  46   2  57   3  47   4  48   5  47   6  56   7  49   8  59   9  48  10  48  11  49  12  53  13  55  14  55  15  47  16  51  17  59  18  48  19  49 
  0  55   1  54   2  61   3  51   4  56   5  50   6  59   7  50   8  58   9  52  10  51  11  52  12  52  13  57  14  58  15  51  16  58  17  57  18  56  19  50 
  0  48   1  49   2  57   3  51   4  50   5  51   6  58   7  50   8  59   9  51  10  50  11  48  12  54  13  55  14  53  15  46  16  51  17  57  18  49  19  48 
  0  48   1  46   2  56   3  49   4  48   5  49   6  56   7  48   8  57   9  48  10  47  11  48  12  52  13  52  14  53  15  48  16  48  17  58  18  49  19  47 
  0  52   1  52   2  58   3  54   4  56   5  52   6  62   7  49   8  59   9  51  10  49  11  51  12  54  13  55  14  57  15  50  16  58  17  59  18  55  19  49 
  0  50   1  53   2  59   3  50   4  54   5  53   6  58   7  50   8  57   9  52  10  50  11  51  12  55  13  55  14  54  15  47  16  53  17  56  18  52  19  49 
  0  51   1  52   2  58   3  48   4  51   5  52   6  59   7  51   8  59   9  51  10  51  11  47  12  51  13  57  14  57  15  47  16  53  17  56  18  54  19  50 
  0  49   1  53   2  60   3  49   4  55   5  50   6  58   7  49   8  59   9  48  10  47  11  48  12  54  13  54  14  56  15  48  16  52  17  57  18  54  19  50 
  0  50   1  52   2  57   3  48   4  49   5  49   6  55   7  48   8  58   9  48  10  48  11  50  12  51  13  52  14  54  15  47  16  52  17  57  18  52  19  47 
  0  54   1  55   2  60   3  52   4  56   5  53   6  62   7  52   8  59   9  52  10  51  11  52  12  55  13  58  14  58  15  51  16  58  17  59  18  57  19  52 
  0  48   1  52   2  57   3  51   4  53   5  52   6  59   7  51   8  57   9  48  10  47  11  47  12  53  13  57  14  53  15  46  16  51  17  60  18  52  19  47 
  0  52   1  53   2  57   3  51   4  53   5  51   6  58   7  47   8  59   9  49  10  48  11  50  12  52  13  55  14  54  15  48  16  52  17  58  18  52  19  47 
  0  45   1  48   2  54   3  46   4  48   5  49   6  56   7  46   8  58   9  50  10  47  11  47  12  52  13  54  14  52  15  46  16  48  17  56  18  49  19  48 
  0  51   1  52   2  60   3  50   4  52   5  53   6  61   7  51   8  59   9  51  10  49  11  49  12  55  13  57  14  57  15  51  16  56  17  59  18  58  19  49 
  0  52   1  56   2  61   3  53   4  56   5  53   6  60   7  50   8  58   9  50  10  49  11  49  12  55  13  56  14  56  15  49  16  58  17  60  18  56  19  50 
  0  48   1  49   2  54   3  46   4  48   5  50   6  54   7  45   8  58   9  48  10  49  11  47  12  54  13  53  14  52  15  45  16  48  17  58  18  51  19  46 
  0  54   1  53   2  60   3  50   4  51   5  50   6  57   7  49   8  59   9  50  10  51  11  49  12  55  13  54  14  58  15  50  16  57  17  57  18  53  19  50 


