
 20  20

  0  95   1  98   2  99   3  97   4  93   5  94   6  98   7  97   8  94   9  95  10  94  11  95  12  97  13  92  14  98  15  93  16  90  17  95  18  96  19  99 
  0  85   1  91   2  96   3  99   4  94   5  93   6  99   7  96   8  92   9  91  10  90  11  95  12  99  13  90  14  96  15  87  16  92  17  88  18  89  19  96 
  0  88   1  94   2  97   3  98   4  95   5  94   6  97   7  99   8  92   9  94  10  90  11  94  12  99  13  92  14  96  15  90  16  92  17  91  18  94  19  96 
  0  93   1  99   2  99   3  99   4  95   5  94   6  99   7  98   8  93   9  95  10  93  11  95  12  98  13  92  14  98  15  93  16  92  17  95  18  96  19  99 
  0  88   1  89   2  96   3  98   4  93   5  92   6  99   7  98   8  92   9  94  10  92  11  95  12  99  13  90  14  97  15  87  16  90  17  91  18  89  19  95 
  0  90   1  92   2  99   3  97   4  95   5  94   6  97   7  99   8  89   9  91  10  90  11  97  12  99  13  91  14  96  15  88  16  92  17  92  18  94  19  97 
  0  91   1  97   2  99   3  99   4  95   5  92   6  99   7  97   8  91   9  93  10  94  11  97  12  99  13  91  14  96  15  92  16  90  17  96  18  96  19  99 
  0  93   1  97   2  99   3  99   4  95   5  94   6  99   7  98   8  95   9  94  10  94  11  96  12  98  13  90  14  98  15  91  16  92  17  98  18  97  19  99 
  0  87   1  94   2  96   3  99   4  93   5  92   6  99   7  97   8  91   9  95  10  93  11  93  12  97  13  92  14  96  15  89  16  92  17  93  18  92  19  96 
  0  90   1  96   2  98   3  99   4  93   5  92   6  97   7  99   8  93   9  95  10  92  11  93  12  98  13  91  14  96  15  88  16  90  17  92  18  95  19  99 
  0  95   1  99   2  99   3  99   4  95   5  94   6  99   7  99   8  95   9  97  10  92  11  97  12  97  13  92  14  98  15  94  16  92  17  97  18  98  19  99 
  0  94   1  98   2  99   3  98   4  93   5  94   6  99   7  97   8  92   9  95  10  92  11  97  12  99  13  92  14  98  15  91  16  91  17  98  18  98  19  99 
  0  87   1  90   2  99   3  99   4  95   5  93   6  97   7  96   8  89   9  95  10  90  11  96  12  99  13  90  14  97  15  88  16  92  17  90  18  92  19  99 
  0  89   1  91   2  98   3  99   4  95   5  94   6  97   7  97   8  90   9  91  10  91  11  93  12  96  13  92  14  97  15  89  16  91  17  94  18  92  19  99 
  0  87   1  89   2  99   3  97   4  93   5  92   6  99   7  99   8  89   9  91  10  92  11  94  12  96  13  90  14  96  15  84  16  90  17  90  18  92  19  99 
  0  88   1  93   2  98   3  99   4  95   5  92   6  99   7  98   8  91   9  93  10  91  11  94  12  96  13  92  14  98  15  90  16  90  17  90  18  92  19  98 
  0  87   1  92   2  96   3  99   4  94   5  93   6  98   7  96   8  89   9  93  10  93  11  93  12  96  13  92  14  96  15  85  16  90  17  88  18  89  19  96 
  0  91   1  92   2  99   3  97   4  93   5  92   6  97   7  97   8  92   9  92  10  91  11  93  12  97  13  92  14  98  15  88  16  92  17  95  18  91  19  98 
  0  90   1  92   2  99   3  99   4  93   5  93   6  98   7  99   8  90   9  95  10  93  11  94  12  97  13  92  14  98  15  86  16  92  17  94  18  90  19  99 
  0  91   1  97   2  99   3  99   4  94   5  93   6  99   7  99   8  93   9  94  10  94  11  95  12  99  13  90  14  98  15  92  16  90  17  96  18  95  19  99 


