
 20  20

  0  56   1  55   2  57   3  51   4  56   5  58   6  53   7  65   8  56   9  56  10  57  11  62  12  56  13  59  14  55  15  53  16  62  17  64  18  62  19  52 
  0  56   1  55   2  57   3  52   4  55   5  56   6  55   7  64   8  57   9  58  10  58  11  60  12  56  13  61  14  55  15  53  16  62  17  64  18  62  19  54 
  0  57   1  55   2  56   3  52   4  53   5  55   6  55   7  63   8  55   9  58  10  58  11  59  12  56  13  60  14  54  15  52  16  61  17  62  18  62  19  53 
  0  56   1  55   2  55   3  54   4  55   5  57   6  56   7  60   8  56   9  55  10  57  11  60  12  55  13  59  14  54  15  53  16  61  17  64  18  60  19  52 
  0  51   1  54   2  56   3  52   4  50   5  56   6  50   7  59   8  53   9  51  10  54  11  55  12  56  13  59  14  54  15  51  16  62  17  60  18  60  19  50 
  0  47   1  55   2  55   3  52   4  52   5  54   6  48   7  57   8  52   9  48  10  57  11  53  12  54  13  59  14  53  15  51  16  61  17  61  18  60  19  52 
  0  50   1  54   2  57   3  53   4  50   5  54   6  51   7  60   8  54   9  52  10  56  11  58  12  54  13  61  14  55  15  53  16  62  17  60  18  61  19  51 
  0  56   1  54   2  55   3  54   4  56   5  58   6  54   7  65   8  59   9  58  10  56  11  61  12  56  13  61  14  55  15  53  16  63  17  63  18  62  19  54 
  0  49   1  55   2  56   3  50   4  51   5  56   6  48   7  59   8  54   9  53  10  54  11  56  12  54  13  60  14  53  15  51  16  62  17  63  18  61  19  53 
  0  57   1  55   2  57   3  54   4  55   5  57   6  57   7  63   8  56   9  56  10  58  11  61  12  56  13  61  14  55  15  51  16  62  17  64  18  60  19  51 
  0  47   1  54   2  57   3  51   4  51   5  54   6  47   7  59   8  51   9  51  10  54  11  52  12  54  13  61  14  53  15  52  16  62  17  60  18  62  19  50 
  0  57   1  55   2  56   3  54   4  54   5  58   6  55   7  63   8  56   9  58  10  58  11  59  12  56  13  61  14  55  15  51  16  62  17  63  18  60  19  54 
  0  53   1  53   2  57   3  52   4  54   5  56   6  50   7  61   8  56   9  55  10  54  11  55  12  54  13  61  14  55  15  53  16  61  17  60  18  62  19  52 
  0  49   1  53   2  57   3  50   4  50   5  55   6  50   7  57   8  49   9  50  10  54  11  55  12  54  13  61  14  54  15  52  16  62  17  62  18  60  19  50 
  0  53   1  55   2  55   3  53   4  50   5  57   6  50   7  59   8  54   9  50  10  55  11  54  12  56  13  60  14  54  15  53  16  63  17  63  18  62  19  50 
  0  47   1  53   2  55   3  50   4  52   5  54   6  47   7  60   8  50   9  52  10  57  11  53  12  54  13  59  14  54  15  52  16  63  17  63  18  61  19  53 
  0  52   1  53   2  57   3  50   4  53   5  54   6  51   7  59   8  56   9  51  10  58  11  55  12  54  13  59  14  53  15  53  16  63  17  60  18  60  19  54 
  0  53   1  55   2  57   3  52   4  52   5  55   6  51   7  59   8  55   9  53  10  56  11  57  12  56  13  59  14  54  15  51  16  61  17  63  18  62  19  50 
  0  57   1  53   2  57   3  52   4  55   5  57   6  55   7  65   8  56   9  57  10  55  11  58  12  56  13  61  14  55  15  52  16  63  17  62  18  62  19  51 
  0  52   1  55   2  55   3  51   4  55   5  56   6  52   7  60   8  56   9  51  10  56  11  58  12  55  13  61  14  53  15  53  16  61  17  61  18  60  19  51 


