
 20  20

  0  11   1   6   2   3   3   5   4   9   5   8   6  11   7   4   8  10   9   9  10  10  11  16  12   6  13   6  14   8  15   8  16   2  17  12  18   2  19  10 
  0  14   1  12   2   7   3  10   4   9   5   8   6  11   7   4   8  12   9  13  10  15  11  15  12   7  13   6  14   6  15   9  16   9  17  12  18   7  19  13 
  0  11   1   6   2   5   3   9   4   9   5   8   6  15   7   6   8  11   9  13  10  13  11  16  12   8  13   7  14   8  15   7  16   6  17  14  18   6  19  12 
  0  13   1   7   2   9   3   9   4   9   5   8   6  14   7   4   8  12   9  11  10  12  11  16  12   9  13   6  14   6  15   7  16   6  17  12  18   5  19  14 
  0  10   1   6   2   6   3   4   4  11   5   8   6  11   7   4   8  10   9  11  10  10  11  15  12   4  13   6  14   6  15   5  16   2  17  13  18   3  19  11 
  0  11   1   8   2   4   3   7   4   9   5   9   6  11   7   4   8  10   9   9  10  10  11  14  12   2  13   6  14   6  15   6  16   2  17  14  18   4  19   9 
  0  14   1   8   2   9   3   9   4  11   5  10   6  14   7   4   8  12   9  10  10  15  11  16  12   6  13   9  14   6  15   5  16   3  17  13  18   5  19  11 
  0  16   1  10   2  13   3  10   4  11   5  10   6  15   7   6   8  16   9  15  10  18  11  16  12   9  13  10  14   8  15   6  16   7  17  14  18   8  19  14 
  0  16   1  10   2  13   3  12   4  11   5  10   6  15   7   6   8  13   9  15  10  14  11  16  12   8  13   9  14   6  15   8  16   7  17  14  18   6  19  14 
  0  14   1  11   2   9   3  12   4  11   5  10   6  14   7   4   8  14   9  14  10  14  11  15  12  10  13   7  14   8  15   5  16   8  17  13  18   8  19  15 
  0  13   1  10   2   6   3   8   4  11   5   9   6  11   7   4   8  12   9  15  10  13  11  14  12   5  13  10  14   6  15   5  16   7  17  12  18   4  19  12 
  0  11   1   7   2  10   3  11   4   9   5   8   6  12   7   4   8  14   9  12  10  16  11  14  12   7  13  10  14   8  15   8  16   7  17  14  18   5  19  11 
  0  14   1   8   2   8   3   8   4  11   5  10   6  15   7   6   8  11   9  16  10  15  11  15  12   6  13   7  14   6  15   5  16   8  17  14  18   6  19  12 
  0  13   1   8   2   5   3   8   4  10   5   8   6  13   7   6   8  14   9  13  10  11  11  14  12   5  13   6  14   6  15   8  16   3  17  14  18   5  19  10 
  0   8   1   5   2   3   3   6   4  11   5   8   6  11   7   4   8  12   9  13  10  11  11  16  12   4  13   6  14   8  15   5  16   6  17  14  18   2  19  12 
  0  12   1   7   2   6   3   9   4  11   5   8   6  13   7   6   8  13   9  13  10  15  11  14  12   6  13   9  14   6  15   5  16   4  17  14  18   6  19  12 
  0  15   1   9   2  13   3  10   4  10   5  10   6  13   7   5   8  14   9  16  10  15  11  16  12  10  13  10  14   6  15   6  16   9  17  13  18   8  19  15 
  0  15   1  12   2  13   3  12   4  10   5  10   6  15   7   6   8  16   9  17  10  18  11  16  12   9  13   9  14   8  15   9  16   7  17  14  18   8  19  17 
  0  11   1   9   2   6   3   9   4  11   5  10   6  15   7   6   8  12   9  11  10  16  11  15  12   7  13  10  14   6  15   8  16   4  17  13  18   5  19  13 
  0  12   1   7   2   9   3   9   4  10   5  10   6  15   7   5   8  13   9  13  10  16  11  16  12   8  13  10  14   6  15   5  16   8  17  12  18   6  19  13 


