
 20  20

  0  56   1  56   2  54   3  52   4  53   5  51   6  59   7  55   8  59   9  61  10  60  11  55  12  57  13  61  14  59  15  63  16  60  17  50  18  51  19  49 
  0  55   1  58   2  54   3  52   4  52   5  49   6  61   7  54   8  58   9  59  10  58  11  53  12  58  13  62  14  58  15  61  16  59  17  52  18  51  19  52 
  0  60   1  58   2  57   3  55   4  56   5  56   6  66   7  57   8  62   9  62  10  65  11  60  12  62  13  60  14  63  15  63  16  59  17  58  18  57  19  55 
  0  54   1  56   2  54   3  51   4  48   5  50   6  56   7  54   8  54   9  57  10  55  11  50  12  54  13  61  14  59  15  61  16  61  17  50  18  49  19  48 
  0  59   1  56   2  54   3  51   4  52   5  51   6  62   7  54   8  56   9  60  10  60  11  54  12  58  13  60  14  58  15  61  16  59  17  55  18  51  19  52 
  0  63   1  59   2  56   3  53   4  56   5  56   6  63   7  58   8  62   9  60  10  61  11  56  12  62  13  62  14  65  15  63  16  60  17  59  18  57  19  56 
  0  57   1  57   2  56   3  52   4  51   5  53   6  63   7  54   8  60   9  60  10  62  11  57  12  58  13  62  14  63  15  62  16  59  17  56  18  54  19  54 
  0  55   1  56   2  55   3  51   4  48   5  48   6  56   7  55   8  55   9  57  10  55  11  51  12  54  13  61  14  58  15  62  16  60  17  51  18  51  19  50 
  0  58   1  57   2  58   3  52   4  52   5  52   6  59   7  56   8  59   9  59  10  58  11  55  12  59  13  60  14  60  15  61  16  59  17  52  18  52  19  50 
  0  62   1  60   2  58   3  53   4  53   5  57   6  63   7  58   8  62   9  63  10  65  11  57  12  60  13  62  14  65  15  61  16  61  17  58  18  54  19  58 
  0  62   1  60   2  57   3  55   4  53   5  56   6  62   7  56   8  59   9  63  10  65  11  59  12  61  13  61  14  63  15  63  16  60  17  55  18  57  19  54 
  0  53   1  58   2  55   3  51   4  50   5  49   6  56   7  56   8  54   9  58  10  58  11  50  12  57  13  62  14  60  15  61  16  59  17  51  18  52  19  49 
  0  60   1  60   2  56   3  53   4  56   5  55   6  65   7  57   8  62   9  63  10  65  11  60  12  60  13  62  14  63  15  63  16  61  17  59  18  57  19  56 
  0  61   1  60   2  58   3  55   4  53   5  56   6  61   7  56   8  58   9  62  10  61  11  58  12  57  13  61  14  62  15  61  16  59  17  57  18  53  19  56 
  0  58   1  58   2  57   3  54   4  53   5  54   6  61   7  54   8  59   9  61  10  60  11  56  12  58  13  60  14  60  15  61  16  61  17  53  18  51  19  52 
  0  57   1  56   2  57   3  54   4  52   5  56   6  64   7  57   8  58   9  62  10  59  11  58  12  56  13  62  14  61  15  63  16  60  17  57  18  53  19  55 
  0  62   1  60   2  58   3  54   4  56   5  56   6  62   7  55   8  61   9  63  10  63  11  56  12  62  13  62  14  64  15  63  16  60  17  58  18  55  19  58 
  0  61   1  60   2  57   3  53   4  52   5  58   6  64   7  55   8  61   9  63  10  63  11  58  12  58  13  62  14  63  15  63  16  60  17  55  18  53  19  56 
  0  62   1  59   2  58   3  53   4  56   5  55   6  66   7  58   8  59   9  63  10  62  11  60  12  62  13  61  14  62  15  62  16  61  17  58  18  56  19  55 
  0  59   1  59   2  57   3  53   4  49   5  51   6  62   7  56   8  58   9  60  10  61  11  55  12  58  13  60  14  61  15  61  16  59  17  54  18  54  19  51 


