
 20  20

  0  26   1  30   2  30   3  25   4  26   5  24   6  25   7  34   8  23   9  28  10  31  11  25  12  29  13  28  14  28  15  33  16  32  17  24  18  27  19  29 
  0  24   1  30   2  31   3  21   4  23   5  23   6  25   7  32   8  24   9  28  10  29  11  24  12  24  13  24  14  29  15  30  16  30  17  27  18  23  19  26 
  0  21   1  25   2  29   3  23   4  20   5  18   6  26   7  26   8  23   9  28  10  24  11  25  12  25  13  23  14  29  15  28  16  29  17  21  18  21  19  28 
  0  28   1  29   2  29   3  25   4  26   5  27   6  25   7  34   8  24   9  30  10  31  11  28  12  29  13  30  14  31  15  33  16  34  17  25  18  28  19  30 
  0  28   1  31   2  29   3  25   4  26   5  27   6  26   7  34   8  24   9  28  10  32  11  27  12  29  13  29  14  31  15  33  16  35  17  26  18  28  19  28 
  0  28   1  29   2  31   3  25   4  23   5  24   6  27   7  34   8  24   9  30  10  29  11  27  12  26  13  27  14  29  15  31  16  35  17  27  18  25  19  27 
  0  23   1  24   2  29   3  21   4  22   5  22   6  24   7  29   8  23   9  27  10  28  11  27  12  24  13  26  14  30  15  29  16  29  17  23  18  21  19  25 
  0  29   1  28   2  29   3  25   4  26   5  27   6  27   7  33   8  24   9  30  10  32  11  27  12  26  13  30  14  30  15  31  16  34  17  27  18  28  19  29 
  0  21   1  26   2  29   3  19   4  21   5  17   6  23   7  28   8  20   9  26  10  24  11  24  12  22  13  22  14  27  15  29  16  27  17  23  18  22  19  25 
  0  28   1  30   2  31   3  24   4  25   5  27   6  27   7  34   8  24   9  30  10  31  11  28  12  29  13  30  14  31  15  33  16  34  17  26  18  28  19  30 
  0  30   1  28   2  31   3  25   4  23   5  26   6  27   7  32   8  22   9  27  10  30  11  27  12  27  13  29  14  30  15  30  16  32  17  27  18  26  19  28 
  0  30   1  30   2  31   3  25   4  24   5  27   6  25   7  32   8  24   9  30  10  31  11  28  12  28  13  30  14  31  15  33  16  32  17  26  18  28  19  30 
  0  23   1  23   2  29   3  19   4  21   5  20   6  23   7  26   8  21   9  28  10  23  11  24  12  22  13  22  14  27  15  27  16  28  17  23  18  20  19  24 
  0  27   1  30   2  31   3  24   4  25   5  27   6  24   7  34   8  24   9  30  10  32  11  28  12  28  13  27  14  31  15  32  16  35  17  24  18  26  19  29 
  0  22   1  24   2  31   3  19   4  18   5  17   6  23   7  28   8  20   9  27  10  23  11  24  12  22  13  20  14  27  15  27  16  27  17  21  18  20  19  25 
  0  22   1  28   2  31   3  19   4  23   5  21   6  23   7  30   8  23   9  26  10  24  11  24  12  26  13  21  14  27  15  28  16  26  17  21  18  23  19  26 
  0  23   1  26   2  30   3  19   4  21   5  20   6  23   7  26   8  21   9  28  10  23  11  26  12  22  13  22  14  29  15  28  16  27  17  24  18  22  19  27 
  0  25   1  29   2  29   3  22   4  20   5  21   6  27   7  29   8  20   9  26  10  27  11  26  12  26  13  27  14  29  15  32  16  30  17  25  18  26  19  25 
  0  20   1  26   2  29   3  19   4  18   5  19   6  23   7  26   8  20   9  28  10  26  11  24  12  23  13  20  14  27  15  27  16  25  17  21  18  20  19  24 
  0  22   1  26   2  29   3  19   4  22   5  20   6  24   7  29   8  23   9  29  10  28  11  26  12  21  13  21  14  28  15  29  16  29  17  24  18  24  19  27 


