
 20  20

  0  70   1  66   2  72   3  73   4  67   5  70   6  77   7  73   8  72   9  76  10  76  11  68  12  72  13  68  14  76  15  67  16  72  17  69  18  70  19  70 
  0  74   1  72   2  72   3  77   4  71   5  74   6  79   7  73   8  74   9  76  10  78  11  70  12  73  13  73  14  79  15  68  16  76  17  77  18  72  19  71 
  0  73   1  73   2  72   3  73   4  68   5  72   6  77   7  71   8  74   9  77  10  77  11  68  12  72  13  72  14  77  15  70  16  71  17  74  18  73  19  70 
  0  74   1  69   2  69   3  73   4  69   5  73   6  79   7  71   8  73   9  79  10  77  11  68  12  73  13  71  14  75  15  67  16  74  17  72  18  69  19  71 
  0  69   1  66   2  68   3  70   4  69   5  67   6  79   7  71   8  68   9  78  10  76  11  70  12  73  13  65  14  77  15  66  16  69  17  72  18  68  19  69 
  0  70   1  67   2  69   3  71   4  68   5  67   6  77   7  71   8  68   9  78  10  77  11  68  12  74  13  64  14  74  15  66  16  70  17  70  18  66  19  70 
  0  75   1  71   2  71   3  78   4  70   5  74   6  79   7  73   8  74   9  79  10  77  11  70  12  74  13  72  14  76  15  68  16  73  17  77  18  71  19  71 
  0  68   1  64   2  68   3  68   4  68   5  64   6  79   7  71   8  69   9  76  10  76  11  69  12  72  13  64  14  73  15  68  16  66  17  67  18  64  19  69 
  0  73   1  66   2  71   3  70   4  69   5  69   6  79   7  71   8  72   9  75  10  76  11  68  12  74  13  67  14  74  15  70  16  70  17  71  18  66  19  72 
  0  70   1  64   2  71   3  71   4  67   5  64   6  79   7  71   8  68   9  76  10  76  11  68  12  72  13  63  14  74  15  67  16  70  17  69  18  68  19  70 
  0  73   1  67   2  71   3  71   4  70   5  65   6  79   7  73   8  69   9  75  10  76  11  68  12  74  13  64  14  74  15  68  16  68  17  70  18  67  19  72 
  0  72   1  66   2  69   3  73   4  69   5  67   6  78   7  71   8  68   9  76  10  78  11  70  12  74  13  64  14  73  15  67  16  68  17  72  18  66  19  69 
  0  71   1  64   2  68   3  68   4  68   5  64   6  78   7  72   8  70   9  76  10  76  11  68  12  74  13  63  14  75  15  66  16  66  17  67  18  64  19  69 
  0  72   1  67   2  70   3  69   4  68   5  66   6  77   7  73   8  71   9  78  10  76  11  68  12  72  13  66  14  73  15  69  16  69  17  67  18  64  19  69 
  0  76   1  73   2  70   3  75   4  71   5  74   6  78   7  73   8  73   9  79  10  78  11  70  12  74  13  69  14  79  15  70  16  76  17  74  18  71  19  72 
  0  70   1  65   2  68   3  70   4  67   5  66   6  77   7  72   8  68   9  77  10  76  11  68  12  74  13  65  14  73  15  68  16  69  17  69  18  65  19  71 
  0  72   1  67   2  69   3  74   4  69   5  69   6  79   7  73   8  73   9  79  10  78  11  70  12  74  13  68  14  76  15  69  16  69  17  71  18  70  19  70 
  0  74   1  71   2  69   3  78   4  70   5  70   6  79   7  73   8  72   9  78  10  78  11  68  12  74  13  69  14  76  15  70  16  72  17  77  18  72  19  70 
  0  72   1  68   2  68   3  72   4  67   5  69   6  78   7  73   8  72   9  78  10  76  11  68  12  73  13  68  14  77  15  70  16  73  17  71  18  70  19  73 
  0  78   1  74   2  72   3  77   4  70   5  74   6  79   7  71   8  74   9  79  10  77  11  69  12  72  13  73  14  79  15  69  16  75  17  74  18  72  19  73 


