
 20  20

  0  14   1  10   2  11   3  15   4  11   5  15   6  15   7  13   8  14   9  13  10   8  11  11  12  10  13  11  14   8  15  14  16  10  17  17  18  12  19  10 
  0  17   1  13   2  17   3  20   4  14   5  16   6  19   7  14   8  18   9  15  10  11  11  17  12  15  13  12  14  11  15  17  16  10  17  22  18  14  19  15 
  0  20   1  12   2  16   3  19   4  16   5  17   6  17   7  17   8  18   9  11  10  10  11  15  12  10  13  14  14  11  15  14  16  13  17  20  18  15  19  13 
  0  24   1  13   2  21   3  21   4  19   5  19   6  18   7  16   8  22   9  17  10  14  11  20  12  17  13  17  14  14  15  17  16  14  17  20  18  16  19  17 
  0  24   1  11   2  17   3  20   4  17   5  19   6  18   7  17   8  18   9  16  10  14  11  20  12  17  13  17  14  14  15  16  16  12  17  23  18  15  19  19 
  0  18   1  11   2  13   3  18   4  13   5  16   6  15   7  13   8  17   9  14  10   6  11  11  12  11  13  11  14   6  15  15  16  10  17  17  18  12  19  12 
  0  24   1  13   2  18   3  21   4  18   5  19   6  21   7  17   8  22   9  15  10  14  11  19  12  16  13  17  14  12  15  17  16  13  17  23  18  16  19  19 
  0  17   1  10   2  17   3  21   4  17   5  16   6  16   7  15   8  19   9  14  10   9  11  16  12  15  13  14  14  12  15  14  16  14  17  19  18  12  19  13 
  0  14   1  12   2  12   3  15   4  12   5  15   6  18   7  14   8  16   9  12  10   7  11  10  12  11  13  12  14   6  15  12  16  13  17  19  18  15  19  10 
  0  16   1  13   2  15   3  19   4  16   5  17   6  16   7  17   8  18   9  13  10   7  11  13  12  12  13  11  14   9  15  14  16  12  17  17  18  12  19  13 
  0  20   1  12   2  18   3  21   4  15   5  15   6  16   7  17   8  17   9  12  10  13  11  16  12  13  13  12  14   9  15  18  16  11  17  22  18  16  19  16 
  0  22   1  13   2  19   3  23   4  18   5  18   6  20   7  17   8  20   9  17  10  13  11  19  12  18  13  17  14  14  15  20  16  12  17  23  18  15  19  20 
  0  20   1  11   2  13   3  19   4  16   5  17   6  20   7  14   8  16   9  13  10   8  11  12  12  11  13  13  14  11  15  16  16  10  17  18  18  15  19  12 
  0  19   1   9   2  19   3  22   4  15   5  19   6  21   7  15   8  17   9  16  10  10  11  15  12  16  13  13  14  11  15  16  16  11  17  20  18  12  19  16 
  0  14   1   9   2  13   3  16   4  13   5  15   6  15   7  14   8  16   9  13  10   7  11  10  12   8  13  11  14   7  15  12  16  11  17  17  18  12  19  10 
  0  15   1   9   2  12   3  15   4  13   5  16   6  15   7  14   8  15   9  11  10   6  11  10  12  10  13  13  14   8  15  12  16  10  17  17  18  13  19  12 
  0  15   1  11   2  13   3  17   4  13   5  17   6  16   7  13   8  14   9  14  10   6  11  12  12  11  13  13  14   7  15  13  16  10  17  19  18  14  19  10 
  0  24   1  13   2  19   3  23   4  19   5  19   6  21   7  17   8  21   9  16  10  12  11  20  12  18  13  16  14  13  15  20  16  14  17  23  18  15  19  19 
  0  18   1  11   2  16   3  19   4  13   5  16   6  18   7  17   8  19   9  14  10   9  11  14  12  12  13  13  14   9  15  17  16  10  17  21  18  13  19  13 
  0  15   1  12   2  14   3  18   4  14   5  16   6  18   7  13   8  18   9  14  10   8  11  11  12  12  13  13  14  10  15  14  16  10  17  19  18  12  19  12 


