
 20  20

  0  81   1  79   2  69   3  75   4  71   5  72   6  71   7  76   8  79   9  75  10  75  11  74  12  71  13  72  14  72  15  70  16  79  17  71  18  78  19  73 
  0  76   1  73   2  70   3  71   4  70   5  73   6  69   7  74   8  76   9  68  10  74  11  70  12  68  13  65  14  71  15  72  16  71  17  71  18  78  19  69 
  0  82   1  77   2  71   3  76   4  70   5  72   6  71   7  76   8  79   9  73  10  75  11  74  12  71  13  72  14  72  15  69  16  78  17  69  18  79  19  72 
  0  75   1  74   2  71   3  72   4  71   5  70   6  70   7  76   8  75   9  68  10  72  11  71  12  70  13  64  14  70  15  70  16  70  17  69  18  75  19  68 
  0  73   1  75   2  69   3  71   4  69   5  72   6  69   7  75   8  76   9  69  10  71  11  71  12  69  13  64  14  68  15  68  16  69  17  71  18  75  19  68 
  0  80   1  79   2  69   3  75   4  69   5  70   6  69   7  76   8  78   9  69  10  74  11  73  12  71  13  70  14  69  15  71  16  76  17  69  18  76  19  73 
  0  79   1  76   2  70   3  73   4  69   5  73   6  69   7  75   8  80   9  71  10  72  11  75  12  70  13  70  14  70  15  72  16  75  17  69  18  77  19  69 
  0  83   1  78   2  71   3  77   4  70   5  73   6  71   7  76   8  82   9  72  10  73  11  77  12  73  13  72  14  75  15  72  16  79  17  71  18  77  19  73 
  0  76   1  75   2  69   3  68   4  71   5  72   6  71   7  77   8  78   9  69  10  70  11  69  12  71  13  68  14  70  15  68  16  73  17  69  18  75  19  69 
  0  73   1  72   2  70   3  67   4  70   5  71   6  71   7  76   8  75   9  66  10  71  11  70  12  67  13  63  14  66  15  68  16  69  17  70  18  75  19  69 
  0  79   1  77   2  69   3  72   4  69   5  73   6  71   7  75   8  80   9  70  10  74  11  75  12  73  13  70  14  70  15  72  16  78  17  71  18  77  19  70 
  0  73   1  73   2  69   3  67   4  71   5  70   6  69   7  75   8  77   9  68  10  72  11  70  12  70  13  65  14  68  15  68  16  69  17  70  18  75  19  66 
  0  78   1  79   2  71   3  73   4  71   5  71   6  69   7  78   8  78   9  74  10  75  11  73  12  73  13  68  14  72  15  71  16  78  17  69  18  78  19  71 
  0  81   1  77   2  71   3  73   4  69   5  72   6  69   7  78   8  80   9  72  10  75  11  73  12  71  13  68  14  69  15  70  16  77  17  69  18  79  19  72 
  0  78   1  79   2  71   3  73   4  69   5  73   6  69   7  78   8  80   9  70  10  74  11  73  12  69  13  68  14  70  15  72  16  77  17  71  18  76  19  71 
  0  81   1  78   2  71   3  72   4  71   5  70   6  71   7  78   8  82   9  74  10  74  11  74  12  72  13  72  14  71  15  72  16  75  17  71  18  79  19  70 
  0  77   1  75   2  69   3  68   4  69   5  72   6  71   7  77   8  78   9  69  10  70  11  71  12  70  13  67  14  66  15  70  16  73  17  70  18  75  19  67 
  0  78   1  76   2  69   3  70   4  71   5  71   6  70   7  77   8  78   9  68  10  71  11  74  12  69  13  69  14  68  15  70  16  72  17  69  18  77  19  71 
  0  78   1  76   2  69   3  70   4  71   5  71   6  69   7  74   8  79   9  70  10  72  11  71  12  69  13  68  14  67  15  68  16  72  17  71  18  79  19  71 
  0  74   1  72   2  69   3  67   4  69   5  69   6  69   7  75   8  76   9  65  10  71  11  67  12  69  13  65  14  65  15  68  16  70  17  71  18  75  19  67 


