
 20  20

  0  29   1  33   2  25   3  25   4  30   5  27   6  25   7  25   8  32   9  26  10  26  11  33  12  32  13  32  14  31  15  33  16  29  17  31  18  34  19  27 
  0  29   1  33   2  26   3  26   4  33   5  28   6  25   7  25   8  32   9  26  10  29  11  31  12  32  13  31  14  34  15  31  16  27  17  31  18  34  19  30 
  0  33   1  34   2  25   3  27   4  33   5  26   6  26   7  27   8  32   9  27  10  29  11  32  12  31  13  32  14  31  15  33  16  27  17  31  18  35  19  28 
  0  37   1  36   2  30   3  29   4  38   5  27   6  31   7  29   8  39   9  31  10  34  11  34  12  31  13  35  14  37  15  37  16  29  17  33  18  38  19  37 
  0  32   1  35   2  29   3  28   4  36   5  28   6  27   7  29   8  34   9  29  10  29  11  35  12  33  13  30  14  33  15  32  16  27  17  31  18  36  19  30 
  0  34   1  34   2  26   3  26   4  34   5  28   6  27   7  29   8  33   9  25  10  27  11  30  12  31  13  32  14  33  15  34  16  29  17  31  18  34  19  28 
  0  36   1  34   2  28   3  29   4  37   5  27   6  29   7  31   8  39   9  31  10  34  11  38  12  31  13  34  14  37  15  40  16  29  17  32  18  38  19  34 
  0  29   1  33   2  27   3  28   4  33   5  26   6  25   7  25   8  31   9  27  10  26  11  32  12  33  13  30  14  32  15  30  16  27  17  31  18  34  19  27 
  0  39   1  37   2  30   3  29   4  36   5  28   6  29   7  31   8  39   9  31  10  32  11  38  12  33  13  35  14  36  15  40  16  29  17  31  18  37  19  36 
  0  31   1  37   2  27   3  26   4  35   5  27   6  26   7  27   8  34   9  28  10  27  11  33  12  33  13  32  14  33  15  34  16  28  17  32  18  35  19  32 
  0  38   1  36   2  31   3  29   4  38   5  28   6  31   7  30   8  39   9  31  10  31  11  35  12  33  13  35  14  37  15  38  16  29  17  33  18  38  19  37 
  0  36   1  37   2  30   3  28   4  37   5  28   6  28   7  28   8  36   9  27  10  34  11  38  12  31  13  35  14  37  15  39  16  29  17  32  18  38  19  36 
  0  39   1  37   2  31   3  29   4  38   5  28   6  31   7  31   8  39   9  31  10  34  11  38  12  31  13  35  14  36  15  37  16  29  17  33  18  38  19  37 
  0  30   1  34   2  25   3  26   4  30   5  27   6  25   7  25   8  29   9  25  10  27  11  30  12  31  13  29  14  31  15  31  16  27  17  31  18  34  19  27 
  0  29   1  33   2  25   3  25   4  30   5  26   6  25   7  26   8  29   9  27  10  27  11  30  12  33  13  29  14  32  15  31  16  27  17  31  18  34  19  29 
  0  36   1  35   2  28   3  26   4  36   5  28   6  28   7  31   8  38   9  28  10  34  11  36  12  32  13  32  14  37  15  38  16  29  17  33  18  36  19  34 
  0  32   1  33   2  25   3  27   4  33   5  28   6  27   7  28   8  32   9  25  10  27  11  33  12  31  13  29  14  34  15  32  16  27  17  31  18  37  19  31 
  0  35   1  37   2  26   3  25   4  33   5  28   6  26   7  27   8  32   9  30  10  31  11  31  12  32  13  30  14  35  15  35  16  27  17  31  18  37  19  30 
  0  35   1  37   2  31   3  29   4  38   5  28   6  28   7  31   8  38   9  29  10  33  11  37  12  33  13  32  14  37  15  38  16  27  17  33  18  38  19  35 
  0  38   1  37   2  29   3  28   4  38   5  28   6  30   7  31   8  39   9  29  10  34  11  37  12  33  13  33  14  35  15  38  16  29  17  32  18  38  19  37 


