
 20  20

  0  28   1  32   2  29   3  29   4  33   5  34   6  28   7  36   8  28   9  38  10  35  11  34  12  37  13  31  14  33  15  33  16  27  17  37  18  27  19  35 
  0  28   1  29   2  33   3  28   4  32   5  34   6  29   7  33   8  26   9  35  10  36  11  33  12  36  13  33  14  31  15  34  16  25  17  35  18  27  19  33 
  0  28   1  26   2  25   3  28   4  29   5  34   6  25   7  35   8  24   9  31  10  34  11  27  12  35  13  31  14  25  15  33  16  25  17  33  18  26  19  31 
  0  25   1  26   2  27   3  28   4  29   5  33   6  23   7  35   8  24   9  34  10  35  11  30  12  34  13  29  14  29  15  34  16  27  17  33  18  26  19  31 
  0  28   1  28   2  30   3  25   4  34   5  36   6  27   7  34   8  27   9  37  10  35  11  32  12  36  13  35  14  31  15  33  16  26  17  38  18  28  19  34 
  0  24   1  26   2  25   3  25   4  27   5  31   6  23   7  34   8  23   9  32  10  32  11  27  12  31  13  29  14  26  15  33  16  26  17  31  18  23  19  30 
  0  24   1  27   2  27   3  25   4  27   5  31   6  23   7  33   8  25   9  32  10  32  11  26  12  31  13  29  14  26  15  33  16  25  17  33  18  24  19  28 
  0  28   1  27   2  26   3  25   4  29   5  35   6  24   7  33   8  26   9  32  10  32  11  30  12  32  13  31  14  30  15  33  16  27  17  33  18  26  19  32 
  0  24   1  26   2  27   3  27   4  29   5  33   6  23   7  35   8  24   9  33  10  32  11  27  12  33  13  29  14  26  15  33  16  25  17  31  18  23  19  29 
  0  30   1  30   2  31   3  28   4  33   5  37   6  24   7  34   8  27   9  36  10  36  11  34  12  36  13  32  14  30  15  34  16  25  17  35  18  27  19  33 
  0  27   1  28   2  30   3  25   4  31   5  33   6  27   7  37   8  26   9  33  10  35  11  31  12  34  13  31  14  31  15  33  16  27  17  35  18  26  19  33 
  0  34   1  32   2  35   3  28   4  35   5  39   6  29   7  37   8  31   9  40  10  36  11  36  12  37  13  34  14  32  15  34  16  25  17  39  18  33  19  36 
  0  28   1  27   2  28   3  26   4  31   5  33   6  25   7  34   8  25   9  33  10  35  11  29  12  31  13  31  14  30  15  33  16  25  17  33  18  26  19  32 
  0  31   1  32   2  31   3  27   4  32   5  37   6  28   7  33   8  28   9  37  10  34  11  30  12  34  13  31  14  29  15  33  16  27  17  38  18  29  19  33 
  0  28   1  26   2  29   3  26   4  29   5  31   6  25   7  35   8  25   9  32  10  35  11  30  12  33  13  29  14  26  15  34  16  26  17  34  18  24  19  28 
  0  25   1  26   2  28   3  27   4  27   5  31   6  23   7  35   8  23   9  30  10  34  11  30  12  33  13  32  14  28  15  34  16  25  17  35  18  23  19  28 
  0  31   1  30   2  29   3  26   4  31   5  34   6  25   7  37   8  27   9  38  10  36  11  32  12  34  13  33  14  33  15  33  16  27  17  37  18  29  19  34 
  0  31   1  31   2  34   3  26   4  33   5  36   6  27   7  35   8  27   9  37  10  36  11  31  12  38  13  33  14  33  15  33  16  25  17  37  18  31  19  35 
  0  34   1  32   2  35   3  29   4  35   5  39   6  27   7  37   8  31   9  39  10  35  11  34  12  39  13  35  14  34  15  35  16  27  17  37  18  33  19  36 
  0  34   1  30   2  35   3  29   4  37   5  37   6  29   7  36   8  31   9  38  10  35  11  35  12  39  13  33  14  35  15  34  16  27  17  39  18  33  19  36 


