
 20  20

  0  20   1  18   2  23   3  19   4  25   5  23   6  21   7  23   8  25   9  24  10  22  11  26  12  20  13  19  14  27  15  20  16  20  17  29  18  30  19  18 
  0  17   1  19   2  23   3  20   4  24   5  24   6  21   7  26   8  21   9  21  10  24  11  25  12  20  13  21  14  24  15  19  16  19  17  29  18  30  19  19 
  0  12   1  17   2  22   3  15   4  23   5  24   6  18   7  21   8  18   9  18  10  22  11  24  12  17  13  21  14  20  15  18  16  14  17  25  18  23  19  16 
  0  17   1  19   2  22   3  20   4  24   5  23   6  24   7  23   8  22   9  22  10  24  11  26  12  16  13  21  14  25  15  20  16  21  17  25  18  28  19  17 
  0  17   1  18   2  23   3  17   4  23   5  23   6  24   7  25   8  23   9  22  10  24  11  26  12  17  13  21  14  23  15  20  16  20  17  29  18  26  19  17 
  0  17   1  17   2  23   3  17   4  24   5  23   6  20   7  23   8  18   9  20  10  22  11  26  12  16  13  21  14  22  15  19  16  16  17  27  18  26  19  18 
  0  19   1  17   2  23   3  16   4  23   5  25   6  24   7  23   8  20   9  23  10  22  11  24  12  18  13  19  14  24  15  19  16  18  17  26  18  27  19  18 
  0  16   1  17   2  23   3  14   4  25   5  25   6  20   7  21   8  21   9  19  10  24  11  25  12  17  13  19  14  22  15  18  16  16  17  26  18  26  19  16 
  0  14   1  18   2  21   3  14   4  23   5  23   6  18   7  22   8  16   9  18  10  22  11  24  12  15  13  19  14  18  15  18  16  14  17  23  18  20  19  12 
  0  16   1  19   2  23   3  18   4  23   5  23   6  23   7  23   8  22   9  21  10  22  11  25  12  20  13  21  14  21  15  18  16  18  17  27  18  27  19  15 
  0  15   1  17   2  23   3  14   4  25   5  23   6  21   7  23   8  16   9  21  10  22  11  24  12  15  13  19  14  18  15  18  16  17  17  23  18  23  19  16 
  0  19   1  18   2  22   3  16   4  24   5  23   6  21   7  25   8  21   9  24  10  24  11  25  12  16  13  19  14  23  15  18  16  17  17  27  18  26  19  19 
  0  19   1  18   2  22   3  17   4  25   5  25   6  21   7  25   8  25   9  22  10  22  11  26  12  20  13  21  14  23  15  20  16  21  17  29  18  28  19  20 
  0  20   1  19   2  21   3  19   4  25   5  25   6  24   7  24   8  22   9  24  10  24  11  24  12  18  13  20  14  24  15  18  16  21  17  29  18  30  19  17 
  0  13   1  17   2  21   3  12   4  25   5  24   6  18   7  23   8  19   9  18  10  22  11  24  12  17  13  21  14  18  15  19  16  13  17  23  18  23  19  15 
  0  15   1  18   2  22   3  15   4  23   5  23   6  20   7  21   8  17   9  18  10  23  11  24  12  15  13  19  14  19  15  18  16  14  17  26  18  20  19  16 
  0  15   1  17   2  21   3  12   4  25   5  24   6  20   7  24   8  18   9  22  10  24  11  24  12  16  13  19  14  22  15  19  16  16  17  26  18  24  19  12 
  0  19   1  19   2  23   3  20   4  25   5  24   6  24   7  26   8  25   9  24  10  24  11  25  12  18  13  21  14  26  15  20  16  22  17  29  18  30  19  18 
  0  19   1  18   2  23   3  20   4  23   5  23   6  24   7  26   8  21   9  23  10  24  11  26  12  20  13  21  14  25  15  20  16  22  17  26  18  29  19  17 
  0  15   1  17   2  22   3  16   4  24   5  23   6  20   7  22   8  20   9  22  10  22  11  25  12  19  13  21  14  24  15  20  16  20  17  26  18  26  19  17 


