
 20  20

  0  39   1  48   2  43   3  48   4  40   5  41   6  47   7  49   8  42   9  36  10  38  11  47  12  45  13  45  14  39  15  51  16  42  17  48  18  46  19  50 
  0  38   1  44   2  41   3  45   4  34   5  40   6  44   7  48   8  41   9  37  10  38  11  41  12  39  13  43  14  41  15  47  16  41  17  47  18  43  19  43 
  0  43   1  48   2  48   3  49   4  42   5  42   6  50   7  51   8  41   9  37  10  40  11  46  12  44  13  45  14  40  15  51  16  40  17  46  18  50  19  51 
  0  42   1  47   2  46   3  49   4  42   5  41   6  48   7  52   8  41   9  37  10  40  11  48  12  45  13  44  14  40  15  51  16  42  17  48  18  51  19  51 
  0  35   1  40   2  41   3  42   4  32   5  40   6  42   7  46   8  39   9  36  10  38  11  42  12  38  13  41  14  40  15  43  16  40  17  42  18  45  19  44 
  0  38   1  47   2  47   3  46   4  37   5  40   6  48   7  47   8  42   9  36  10  38  11  45  12  43  13  43  14  41  15  49  16  41  17  47  18  46  19  49 
  0  33   1  41   2  38   3  39   4  34   5  40   6  42   7  44   8  40   9  36  10  38  11  40  12  38  13  41  14  37  15  43  16  41  17  42  18  43  19  42 
  0  40   1  46   2  46   3  49   4  42   5  42   6  49   7  52   8  43   9  37  10  39  11  47  12  46  13  45  14  38  15  50  16  42  17  45  18  49  19  49 
  0  35   1  41   2  42   3  41   4  35   5  41   6  45   7  46   8  39   9  36  10  39  11  42  12  39  13  41  14  39  15  46  16  40  17  46  18  46  19  43 
  0  40   1  46   2  43   3  42   4  37   5  40   6  44   7  45   8  43   9  36  10  38  11  44  12  43  13  41  14  40  15  49  16  40  17  46  18  44  19  44 
  0  40   1  43   2  45   3  46   4  39   5  42   6  47   7  47   8  42   9  38  10  38  11  47  12  41  13  41  14  40  15  49  16  42  17  48  18  47  19  47 
  0  40   1  45   2  45   3  49   4  38   5  42   6  47   7  52   8  40   9  38  10  40  11  46  12  46  13  43  14  40  15  48  16  41  17  45  18  50  19  50 
  0  33   1  44   2  41   3  41   4  35   5  41   6  43   7  43   8  40   9  38  10  38  11  43  12  41  13  43  14  37  15  45  16  40  17  44  18  42  19  43 
  0  38   1  45   2  42   3  46   4  36   5  42   6  48   7  49   8  41   9  37  10  38  11  43  12  45  13  44  14  37  15  50  16  40  17  47  18  47  19  45 
  0  36   1  42   2  39   3  39   4  35   5  40   6  43   7  43   8  40   9  36  10  38  11  43  12  38  13  42  14  37  15  43  16  41  17  42  18  43  19  44 
  0  41   1  47   2  45   3  44   4  40   5  41   6  46   7  49   8  42   9  38  10  39  11  43  12  42  13  44  14  41  15  50  16  41  17  44  18  48  19  49 
  0  43   1  46   2  45   3  49   4  42   5  41   6  49   7  50   8  43   9  37  10  40  11  45  12  43  13  44  14  40  15  49  16  40  17  47  18  50  19  48 
  0  40   1  43   2  41   3  46   4  39   5  40   6  48   7  47   8  39   9  38  10  38  11  46  12  42  13  43  14  41  15  46  16  40  17  43  18  46  19  46 
  0  33   1  40   2  38   3  39   4  32   5  40   6  45   7  45   8  40   9  37  10  38  11  42  12  38  13  42  14  37  15  45  16  42  17  43  18  41  19  42 
  0  33   1  42   2  38   3  39   4  33   5  40   6  43   7  44   8  41   9  36  10  38  11  40  12  38  13  41  14  37  15  45  16  42  17  43  18  42  19  42 


