
 20  20

  0  20   1  23   2  22   3  18   4  20   5  22   6  18   7  19   8  22   9  15  10  15  11  21  12  22  13  20  14  16  15  17  16  15  17  20  18  16  19  15 
  0  16   1  23   2  21   3  13   4  22   5  19   6  19   7  20   8  21   9  16  10  15  11  21  12  21  13  20  14  14  15  17  16  15  17  19  18  16  19  16 
  0  17   1  23   2  24   3  17   4  22   5  22   6  17   7  18   8  20   9  15  10  13  11  23  12  21  13  20  14  15  15  17  16  13  17  20  18  17  19  16 
  0  16   1  21   2  21   3  13   4  20   5  19   6  16   7  17   8  20   9  13  10  14  11  20  12  21  13  19  14  17  15  17  16  11  17  20  18  16  19  15 
  0  26   1  24   2  25   3  21   4  26   5  26   6  21   7  19   8  24   9  21  10  19  11  22  12  22  13  20  14  20  15  19  16  21  17  20  18  20  19  19 
  0  17   1  22   2  21   3  15   4  21   5  20   6  16   7  17   8  23   9  12  10  14  11  20  12  21  13  19  14  16  15  17  16  12  17  20  18  17  19  16 
  0  24   1  24   2  25   3  21   4  23   5  26   6  19   7  21   8  23   9  22  10  17  11  24  12  22  13  19  14  19  15  19  16  17  17  20  18  19  19  19 
  0  21   1  22   2  22   3  18   4  22   5  22   6  20   7  21   8  25   9  20  10  19  11  23  12  22  13  19  14  19  15  17  16  20  17  20  18  20  19  18 
  0  16   1  20   2  22   3  16   4  21   5  19   6  16   7  20   8  21   9  13  10  14  11  21  12  20  13  20  14  15  15  17  16  12  17  19  18  14  19  16 
  0  26   1  23   2  22   3  17   4  26   5  24   6  22   7  19   8  24   9  20  10  17  11  24  12  22  13  21  14  17  15  18  16  20  17  19  18  20  19  19 
  0  24   1  23   2  24   3  21   4  26   5  26   6  22   7  20   8  26   9  22  10  20  11  23  12  21  13  21  14  19  15  17  16  18  17  18  18  20  19  18 
  0  23   1  22   2  25   3  17   4  24   5  26   6  20   7  18   8  26   9  20  10  16  11  23  12  21  13  21  14  20  15  19  16  18  17  20  18  18  19  19 
  0  17   1  23   2  24   3  13   4  22   5  21   6  18   7  18   8  22   9  12  10  16  11  20  12  21  13  19  14  16  15  17  16  15  17  19  18  14  19  17 
  0  20   1  22   2  21   3  16   4  23   5  21   6  17   7  17   8  22   9  13  10  16  11  23  12  20  13  21  14  14  15  19  16  12  17  18  18  18  19  17 
  0  18   1  21   2  25   3  14   4  21   5  22   6  17   7  20   8  24   9  17  10  16  11  20  12  22  13  21  14  14  15  19  16  13  17  20  18  18  19  19 
  0  24   1  23   2  22   3  16   4  26   5  24   6  20   7  20   8  25   9  17  10  18  11  23  12  22  13  21  14  18  15  18  16  19  17  20  18  20  19  18 
  0  24   1  24   2  22   3  19   4  25   5  21   6  18   7  21   8  23   9  19  10  17  11  20  12  20  13  21  14  15  15  18  16  18  17  18  18  15  19  15 
  0  20   1  22   2  21   3  17   4  22   5  22   6  16   7  20   8  20   9  13  10  16  11  21  12  20  13  21  14  14  15  19  16  13  17  20  18  16  19  16 
  0  26   1  24   2  25   3  21   4  26   5  26   6  22   7  20   8  26   9  21  10  20  11  23  12  22  13  19  14  20  15  19  16  18  17  19  18  19  19  18 
  0  21   1  24   2  22   3  17   4  22   5  19   6  19   7  20   8  21   9  18  10  16  11  23  12  20  13  21  14  15  15  17  16  16  17  20  18  17  19  19 


