
 20  20

  0  67   1  63   2  72   3  72   4  63   5  63   6  59   7  65   8  72   9  69  10  64  11  71  12  61  13  69  14  63  15  67  16  66  17  69  18  66  19  66 
  0  72   1  63   2  73   3  72   4  63   5  64   6  64   7  67   8  72   9  71  10  67  11  73  12  66  13  70  14  66  15  69  16  70  17  70  18  66  19  68 
  0  73   1  65   2  71   3  74   4  66   5  63   6  65   7  65   8  72   9  69  10  66  11  72  12  64  13  75  14  65  15  73  16  70  17  73  18  70  19  70 
  0  76   1  65   2  73   3  72   4  66   5  65   6  67   7  67   8  76   9  71  10  69  11  73  12  65  13  76  14  67  15  76  16  68  17  76  18  68  19  70 
  0  69   1  65   2  71   3  74   4  64   5  63   6  62   7  67   8  75   9  69  10  66  11  73  12  66  13  75  14  65  15  71  16  70  17  74  18  67  19  69 
  0  72   1  63   2  71   3  74   4  62   5  64   6  63   7  66   8  75   9  69  10  66  11  72  12  65  13  74  14  64  15  71  16  67  17  72  18  68  19  68 
  0  68   1  63   2  71   3  73   4  63   5  63   6  60   7  65   8  70   9  69  10  63  11  72  12  62  13  69  14  63  15  70  16  66  17  72  18  66  19  69 
  0  67   1  63   2  71   3  72   4  65   5  63   6  59   7  66   8  72   9  69  10  66  11  71  12  61  13  72  14  66  15  69  16  66  17  69  18  66  19  68 
  0  77   1  65   2  73   3  74   4  65   5  63   6  69   7  67   8  75   9  71  10  69  11  73  12  66  13  77  14  67  15  76  16  68  17  77  18  70  19  70 
  0  70   1  63   2  73   3  74   4  63   5  63   6  60   7  66   8  70   9  70  10  66  11  73  12  65  13  70  14  67  15  70  16  67  17  69  18  68  19  66 
  0  72   1  64   2  73   3  74   4  66   5  63   6  67   7  65   8  75   9  71  10  69  11  72  12  66  13  74  14  65  15  72  16  68  17  76  18  70  19  67 
  0  71   1  65   2  71   3  72   4  66   5  65   6  64   7  65   8  74   9  70  10  66  11  73  12  67  13  73  14  68  15  75  16  70  17  76  18  70  19  69 
  0  76   1  64   2  73   3  72   4  66   5  65   6  69   7  66   8  73   9  71  10  66  11  73  12  67  13  77  14  66  15  77  16  69  17  77  18  68  19  68 
  0  70   1  63   2  71   3  73   4  64   5  65   6  64   7  66   8  71   9  69  10  66  11  71  12  65  13  70  14  63  15  72  16  69  17  73  18  68  19  67 
  0  77   1  65   2  71   3  72   4  65   5  63   6  66   7  67   8  73   9  71  10  66  11  73  12  65  13  77  14  67  15  77  16  67  17  74  18  67  19  70 
  0  68   1  64   2  71   3  73   4  62   5  64   6  62   7  66   8  73   9  69  10  66  11  71  12  62  13  71  14  65  15  69  16  68  17  69  18  66  19  67 
  0  77   1  65   2  72   3  74   4  66   5  63   6  69   7  67   8  76   9  71  10  66  11  73  12  65  13  77  14  69  15  75  16  70  17  75  18  69  19  70 
  0  73   1  65   2  73   3  74   4  63   5  65   6  65   7  66   8  75   9  71  10  66  11  73  12  65  13  73  14  68  15  71  16  69  17  71  18  70  19  67 
  0  73   1  65   2  72   3  72   4  65   5  65   6  65   7  67   8  73   9  69  10  68  11  73  12  63  13  71  14  64  15  70  16  67  17  73  18  66  19  67 
  0  71   1  63   2  71   3  74   4  62   5  63   6  61   7  65   8  71   9  69  10  63  11  73  12  61  13  70  14  64  15  69  16  68  17  71  18  69  19  68 


