
 20  20

  0  94   1  97   2  88   3  98   4  92   5  88   6  97   7  95   8  94   9  92  10  93  11  91  12  87  13  92  14  88  15  98  16  98  17  95  18  92  19  88 
  0  97   1  98   2  90   3  98   4  93   5  93   6  97   7  93   8  95   9  92  10  96  11  91  12  93  13  92  14  95  15  97  16  99  17  95  18  94  19  88 
  0  93   1  96   2  89   3  99   4  94   5  89   6  96   7  95   8  94   9  90  10  93  11  95  12  91  13  92  14  91  15  98  16  99  17  95  18  93  19  90 
  0  91   1  97   2  88   3  99   4  91   5  88   6  95   7  94   8  97   9  90  10  93  11  91  12  86  13  90  14  88  15  93  16  98  17  92  18  93  19  87 
  0  94   1  97   2  89   3  98   4  92   5  91   6  95   7  93   8  95   9  92  10  93  11  91  12  92  13  90  14  89  15  98  16  99  17  94  18  96  19  90 
  0  89   1  98   2  85   3  99   4  91   5  87   6  97   7  93   8  96   9  90  10  91  11  91  12  86  13  92  14  88  15  93  16  99  17  95  18  92  19  89 
  0  96   1  97   2  93   3  98   4  94   5  94   6  99   7  95   8  96   9  90  10  98  11  95  12  96  13  92  14  96  15  99  16  99  17  96  18  97  19  89 
  0  91   1  96   2  85   3  98   4  91   5  87   6  95   7  93   8  95   9  90  10  92  11  91  12  88  13  90  14  88  15  93  16  99  17  92  18  93  19  87 
  0  94   1  97   2  88   3  99   4  96   5  88   6  99   7  95   8  96   9  90  10  97  11  91  12  90  13  91  14  89  15  98  16  99  17  94  18  96  19  88 
  0  99   1  98   2  90   3  99   4  96   5  92   6  96   7  95   8  95   9  92  10  98  11  94  12  93  13  92  14  92  15  99  16  99  17  98  18  97  19  89 
  0  94   1  98   2  89   3  99   4  93   5  93   6  96   7  93   8  95   9  92  10  97  11  91  12  93  13  92  14  91  15  98  16  98  17  94  18  96  19  87 
  0  89   1  96   2  88   3  98   4  93   5  87   6  95   7  93   8  94   9  92  10  92  11  92  12  87  13  90  14  90  15  95  16  98  17  94  18  93  19  87 
  0  94   1  98   2  90   3  99   4  96   5  92   6  99   7  93   8  95   9  92  10  96  11  95  12  95  13  90  14  96  15  99  16  98  17  95  18  96  19  88 
  0  98   1  97   2  93   3  99   4  97   5  95   6  99   7  95   8  98   9  91  10  99  11  95  12  93  13  91  14  94  15  99  16  99  17  98  18  97  19  89 
  0  95   1  96   2  88   3  98   4  91   5  91   6  95   7  95   8  94   9  92  10  96  11  91  12  91  13  90  14  89  15  95  16  98  17  93  18  96  19  87 
  0  96   1  98   2  93   3  98   4  96   5  95   6  98   7  95   8  98   9  91  10  98  11  95  12  93  13  92  14  95  15  99  16  99  17  95  18  96  19  88 
  0  95   1  96   2  86   3  99   4  92   5  88   6  96   7  93   8  95   9  91  10  95  11  92  12  92  13  91  14  92  15  98  16  98  17  97  18  97  19  90 
  0  97   1  98   2  89   3  98   4  97   5  95   6  97   7  94   8  96   9  92  10  98  11  93  12  94  13  90  14  95  15  99  16  99  17  96  18  96  19  91 
  0  93   1  97   2  91   3  99   4  95   5  90   6  96   7  94   8  97   9  92  10  98  11  95  12  92  13  90  14  92  15  99  16  98  17  93  18  96  19  91 
  0  95   1  96   2  91   3  98   4  94   5  90   6  96   7  95   8  96   9  91  10  97  11  94  12  95  13  90  14  91  15  99  16  99  17  98  18  95  19  91 


