
 20  20

  0  18   1  17   2  21   3  17   4  21   5  16   6  22   7  16   8  20   9  15  10  23  11  16  12  18  13  16  14  17  15  15  16  21  17  24  18  21  19  17 
  0  17   1  18   2  19   3  16   4  20   5  12   6  22   7  17   8  18   9  13  10  21  11  14  12  14  13  14  14  15  15  14  16  17  17  23  18  18  19  16 
  0  18   1  16   2  20   3  16   4  22   5  14   6  25   7  20   8  18   9  18  10  20  11  18  12  15  13  17  14  17  15  14  16  20  17  23  18  19  19  17 
  0  25   1  20   2  29   3  21   4  21   5  20   6  24   7  21   8  20   9  22  10  28  11  20  12  16  13  22  14  20  15  14  16  24  17  24  18  25  19  19 
  0  20   1  19   2  23   3  15   4  20   5  16   6  25   7  17   8  18   9  15  10  21  11  16  12  16  13  15  14  15  15  16  16  18  17  22  18  20  19  15 
  0  22   1  21   2  25   3  20   4  22   5  19   6  25   7  20   8  18   9  17  10  27  11  17  12  15  13  18  14  20  15  15  16  22  17  25  18  22  19  16 
  0  15   1  16   2  20   3  16   4  20   5  11   6  23   7  17   8  18   9  17  10  21  11  15  12  17  13  14  14  15  15  15  16  19  17  22  18  18  19  16 
  0  15   1  16   2  19   3  15   4  22   5  11   6  21   7  15   8  19   9  15  10  19  11  15  12  16  13  14  14  15  15  14  16  17  17  22  18  17  19  13 
  0  20   1  18   2  22   3  19   4  22   5  13   6  25   7  17   8  18   9  15  10  24  11  17  12  16  13  20  14  20  15  15  16  22  17  24  18  19  19  18 
  0  15   1  16   2  20   3  18   4  20   5  14   6  24   7  15   8  18   9  14  10  19  11  16  12  14  13  17  14  15  15  14  16  19  17  24  18  18  19  13 
  0  17   1  16   2  20   3  16   4  20   5  11   6  23   7  15   8  18   9  13  10  21  11  14  12  15  13  15  14  17  15  14  16  16  17  23  18  17  19  15 
  0  17   1  19   2  23   3  16   4  21   5  13   6  21   7  19   8  18   9  13  10  21  11  15  12  15  13  16  14  18  15  14  16  17  17  22  18  17  19  17 
  0  24   1  20   2  27   3  21   4  22   5  19   6  27   7  23   8  19   9  23  10  29  11  18  12  18  13  23  14  21  15  14  16  23  17  26  18  23  19  21 
  0  20   1  18   2  22   3  16   4  22   5  15   6  25   7  16   8  18   9  16  10  23  11  17  12  15  13  18  14  19  15  14  16  20  17  26  18  18  19  15 
  0  20   1  18   2  24   3  21   4  20   5  19   6  27   7  21   8  18   9  21  10  24  11  17  12  15  13  22  14  20  15  16  16  22  17  24  18  21  19  18 
  0  20   1  20   2  22   3  15   4  21   5  15   6  22   7  18   8  18   9  16  10  23  11  14  12  14  13  16  14  17  15  16  16  18  17  25  18  19  19  14 
  0  17   1  19   2  21   3  17   4  21   5  11   6  24   7  15   8  18   9  14  10  22  11  14  12  16  13  14  14  16  15  15  16  16  17  23  18  17  19  13 
  0  22   1  21   2  28   3  21   4  21   5  17   6  27   7  23   8  20   9  19  10  28  11  20  12  18  13  24  14  19  15  16  16  25  17  23  18  24  19  18 
  0  19   1  16   2  23   3  16   4  22   5  12   6  21   7  18   8  18   9  16  10  22  11  14  12  14  13  15  14  18  15  14  16  19  17  25  18  19  19  15 
  0  17   1  16   2  22   3  18   4  21   5  13   6  24   7  15   8  18   9  15  10  21  11  14  12  14  13  14  14  15  15  15  16  17  17  22  18  19  19  13 


