
 20  20

  0  61   1  55   2  51   3  58   4  57   5  54   6  60   7  58   8  58   9  56  10  60  11  53  12  58  13  59  14  56  15  54  16  53  17  51  18  58  19  53 
  0  60   1  51   2  51   3  57   4  59   5  56   6  56   7  54   8  55   9  56  10  59  11  54  12  58  13  57  14  53  15  54  16  54  17  51  18  57  19  50 
  0  59   1  55   2  51   3  58   4  59   5  55   6  58   7  57   8  56   9  56  10  59  11  55  12  57  13  59  14  56  15  56  16  53  17  51  18  56  19  53 
  0  52   1  48   2  47   3  53   4  57   5  54   6  50   7  49   8  54   9  55  10  55  11  51  12  54  13  51  14  48  15  48  16  48  17  49  18  56  19  49 
  0  60   1  54   2  51   3  56   4  59   5  55   6  57   7  54   8  55   9  56  10  58  11  55  12  58  13  58  14  56  15  55  16  51  17  51  18  56  19  53 
  0  55   1  48   2  48   3  53   4  58   5  54   6  57   7  54   8  54   9  54  10  56  11  54  12  55  13  53  14  54  15  50  16  49  17  49  18  56  19  53 
  0  56   1  49   2  47   3  52   4  55   5  54   6  55   7  51   8  54   9  55  10  54  11  53  12  56  13  53  14  50  15  52  16  52  17  49  18  54  19  49 
  0  58   1  49   2  48   3  57   4  55   5  54   6  54   7  55   8  57   9  56  10  58  11  54  12  55  13  53  14  51  15  52  16  53  17  50  18  58  19  53 
  0  51   1  45   2  49   3  53   4  56   5  55   6  52   7  51   8  54   9  55  10  54  11  51  12  54  13  54  14  50  15  51  16  48  17  49  18  54  19  50 
  0  54   1  46   2  50   3  56   4  55   5  54   6  53   7  49   8  54   9  55  10  57  11  53  12  55  13  55  14  52  15  48  16  50  17  51  18  56  19  52 
  0  53   1  50   2  48   3  56   4  56   5  54   6  52   7  52   8  54   9  56  10  58  11  54  12  54  13  54  14  52  15  51  16  48  17  49  18  56  19  50 
  0  61   1  55   2  51   3  56   4  58   5  55   6  58   7  57   8  56   9  56  10  60  11  55  12  56  13  59  14  56  15  56  16  51  17  49  18  56  19  53 
  0  54   1  46   2  47   3  56   4  57   5  55   6  51   7  49   8  55   9  54  10  55  11  51  12  54  13  56  14  51  15  50  16  52  17  50  18  55  19  50 
  0  58   1  53   2  50   3  57   4  59   5  54   6  57   7  57   8  56   9  54  10  57  11  53  12  58  13  59  14  54  15  55  16  51  17  49  18  56  19  53 
  0  61   1  54   2  50   3  57   4  57   5  54   6  60   7  56   8  57   9  54  10  57  11  55  12  57  13  56  14  54  15  53  16  51  17  51  18  55  19  50 
  0  56   1  48   2  50   3  55   4  55   5  56   6  55   7  52   8  57   9  55  10  56  11  51  12  54  13  53  14  52  15  48  16  52  17  49  18  55  19  49 
  0  60   1  53   2  48   3  57   4  59   5  55   6  59   7  55   8  58   9  56  10  58  11  55  12  55  13  57  14  54  15  54  16  51  17  51  18  55  19  50 
  0  61   1  53   2  51   3  56   4  59   5  56   6  59   7  58   8  58   9  56  10  60  11  55  12  58  13  59  14  56  15  56  16  52  17  51  18  58  19  53 
  0  54   1  47   2  47   3  55   4  57   5  54   6  50   7  51   8  54   9  54  10  57  11  51  12  54  13  51  14  49  15  48  16  48  17  49  18  54  19  50 
  0  56   1  49   2  49   3  54   4  59   5  54   6  56   7  52   8  55   9  56  10  58  11  54  12  58  13  55  14  51  15  50  16  53  17  51  18  56  19  51 


