
 20  20

  0  85   1  96   2  91   3  93   4  86   5  93   6  91   7  96   8  95   9  94  10  94  11  96  12  94  13  90  14  87  15  89  16  97  17  88  18  87  19  92 
  0  90   1  96   2  92   3  94   4  90   5  95   6  93   7  97   8  95   9  96  10  95  11  96  12  96  13  91  14  90  15  93  16  98  17  91  18  89  19  93 
  0  89   1  94   2  92   3  94   4  89   5  95   6  93   7  98   8  93   9  94  10  94  11  98  12  96  13  90  14  87  15  93  16  97  17  90  18  90  19  93 
  0  86   1  95   2  88   3  92   4  85   5  93   6  90   7  96   8  92   9  92  10  94  11  96  12  96  13  91  14  84  15  87  16  94  17  88  18  84  19  90 
  0  89   1  94   2  91   3  92   4  86   5  93   6  92   7  96   8  93   9  96  10  95  11  96  12  95  13  89  14  86  15  90  16  94  17  87  18  85  19  91 
  0  85   1  96   2  88   3  92   4  85   5  93   6  90   7  96   8  92   9  92  10  95  11  98  12  94  13  89  14  87  15  91  16  97  17  88  18  87  19  91 
  0  87   1  96   2  88   3  92   4  83   5  95   6  91   7  96   8  94   9  91  10  93  11  97  12  96  13  90  14  86  15  87  16  95  17  87  18  84  19  91 
  0  93   1  96   2  91   3  93   4  90   5  99   6  93   7  99   8  98   9  99  10  94  11  98  12  96  13  90  14  93  15  93  16  99  17  88  18  90  19  91 
  0  94   1  98   2  92   3  92   4  93   5  99   6  94   7  99   8  97   9  99  10  94  11  98  12  94  13  93  14  94  15  97  16  99  17  91  18  94  19  94 
  0  92   1  98   2  91   3  92   4  88   5  97   6  95   7  96   8  95   9  95  10  93  11  96  12  96  13  91  14  88  15  94  16  99  17  88  18  89  19  91 
  0  89   1  94   2  88   3  93   4  87   5  96   6  90   7  97   8  94   9  94  10  93  11  98  12  94  13  90  14  86  15  90  16  94  17  87  18  88  19  90 
  0  89   1  94   2  92   3  92   4  91   5  95   6  95   7  97   8  94   9  97  10  95  11  98  12  95  13  89  14  88  15  91  16  99  17  89  18  89  19  91 
  0  85   1  94   2  88   3  93   4  84   5  93   6  92   7  96   8  94   9  94  10  93  11  96  12  94  13  89  14  85  15  90  16  94  17  87  18  86  19  91 
  0  88   1  94   2  91   3  94   4  88   5  97   6  90   7  96   8  96   9  93  10  93  11  96  12  94  13  89  14  87  15  91  16  94  17  90  18  87  19  93 
  0  94   1  98   2  92   3  94   4  90   5  99   6  93   7  99   8  94   9  97  10  95  11  96  12  94  13  93  14  89  15  95  16  98  17  88  18  92  19  91 
  0  85   1  94   2  88   3  92   4  83   5  95   6  91   7  97   8  94   9  91  10  93  11  96  12  94  13  89  14  84  15  87  16  96  17  87  18  84  19  90 
  0  90   1  97   2  92   3  94   4  89   5  97   6  91   7  96   8  93   9  95  10  93  11  98  12  94  13  91  14  89  15  90  16  95  17  88  18  86  19  93 
  0  92   1  96   2  91   3  94   4  93   5  99   6  95   7  98   8  98   9  99  10  93  11  98  12  96  13  93  14  94  15  94  16  99  17  89  18  93  19  94 
  0  89   1  96   2  92   3  92   4  87   5  96   6  93   7  97   8  94   9  98  10  95  11  96  12  96  13  89  14  89  15  90  16  97  17  91  18  88  19  92 
  0  92   1  98   2  91   3  92   4  87   5  94   6  94   7  99   8  97   9  97  10  93  11  98  12  96  13  92  14  89  15  90  16  99  17  89  18  90  19  93 


