
 20  20

  0  20   1  17   2  21   3  20   4  19   5  21   6  28   7  21   8  24   9  22  10  22  11  23  12  30  13  23  14  27  15  17  16  20  17  28  18  15  19  20 
  0  22   1  18   2  21   3  22   4  20   5  20   6  27   7  18   8  26   9  20  10  20  11  23  12  31  13  23  14  27  15  20  16  21  17  27  18  17  19  22 
  0  18   1  19   2  23   3  20   4  20   5  21   6  26   7  18   8  26   9  19  10  22  11  24  12  31  13  26  14  29  15  16  16  20  17  27  18  17  19  19 
  0  22   1  22   2  23   3  20   4  22   5  23   6  28   7  21   8  24   9  21  10  21  11  27  12  29  13  25  14  27  15  16  16  22  17  27  18  19  19  22 
  0  23   1  22   2  23   3  24   4  23   5  24   6  31   7  25   8  31   9  25  10  22  11  27  12  30  13  29  14  29  15  19  16  20  17  30  18  23  19  21 
  0  22   1  21   2  21   3  23   4  20   5  21   6  29   7  23   8  27   9  20  10  22  11  26  12  31  13  27  14  27  15  17  16  20  17  29  18  17  19  20 
  0  23   1  22   2  22   3  22   4  20   5  23   6  29   7  20   8  27   9  21  10  22  11  28  12  30  13  27  14  29  15  22  16  20  17  28  18  19  19  23 
  0  18   1  17   2  21   3  20   4  19   5  21   6  26   7  19   8  25   9  19  10  21  11  26  12  29  13  25  14  27  15  16  16  20  17  29  18  17  19  22 
  0  21   1  19   2  21   3  22   4  18   5  23   6  26   7  18   8  27   9  19  10  20  11  24  12  30  13  23  14  27  15  18  16  20  17  27  18  18  19  20 
  0  21   1  19   2  22   3  21   4  22   5  21   6  28   7  19   8  28   9  20  10  20  11  24  12  31  13  26  14  29  15  18  16  22  17  28  18  21  19  21 
  0  25   1  23   2  23   3  24   4  24   5  22   6  33   7  25   8  27   9  23  10  20  11  29  12  29  13  25  14  29  15  19  16  22  17  30  18  21  19  24 
  0  26   1  27   2  23   3  24   4  24   5  25   6  33   7  24   8  32   9  24  10  22  11  30  12  30  13  26  14  27  15  20  16  20  17  28  18  23  19  22 
  0  24   1  19   2  23   3  20   4  22   5  22   6  28   7  24   8  27   9  23  10  22  11  26  12  29  13  25  14  28  15  18  16  20  17  29  18  20  19  22 
  0  18   1  17   2  21   3  20   4  18   5  20   6  28   7  18   8  23   9  21  10  22  11  23  12  31  13  24  14  27  15  16  16  20  17  27  18  15  19  20 
  0  22   1  25   2  23   3  24   4  24   5  24   6  32   7  23   8  27   9  22  10  20  11  30  12  31  13  27  14  29  15  20  16  22  17  28  18  22  19  21 
  0  25   1  20   2  21   3  23   4  20   5  21   6  29   7  23   8  30   9  22  10  20  11  27  12  29  13  26  14  29  15  18  16  20  17  30  18  20  19  21 
  0  28   1  27   2  23   3  24   4  24   5  25   6  32   7  25   8  32   9  25  10  21  11  28  12  31  13  29  14  28  15  23  16  22  17  29  18  22  19  25 
  0  24   1  21   2  21   3  22   4  23   5  23   6  30   7  23   8  27   9  21  10  20  11  25  12  29  13  26  14  28  15  17  16  20  17  31  18  19  19  19 
  0  24   1  26   2  23   3  23   4  24   5  26   6  33   7  25   8  33   9  22  10  21  11  31  12  31  13  28  14  27  15  24  16  21  17  29  18  25  19  24 
  0  18   1  17   2  21   3  20   4  18   5  22   6  26   7  18   8  23   9  19  10  20  11  23  12  31  13  25  14  28  15  16  16  21  17  28  18  15  19  20 


