
 20  20

  0  52   1  55   2  50   3  55   4  48   5  57   6  54   7  59   8  54   9  48  10  55  11  53  12  53  13  54  14  56  15  54  16  52  17  47  18  53  19  49 
  0  52   1  57   2  49   3  52   4  47   5  58   6  55   7  55   8  52   9  46  10  51  11  53  12  50  13  54  14  58  15  51  16  55  17  48  18  53  19  50 
  0  54   1  60   2  50   3  57   4  46   5  57   6  58   7  58   8  54   9  50  10  56  11  57  12  56  13  58  14  58  15  55  16  54  17  50  18  58  19  53 
  0  53   1  56   2  48   3  55   4  46   5  56   6  60   7  56   8  55   9  51  10  57  11  57  12  55  13  58  14  58  15  55  16  56  17  50  18  53  19  50 
  0  53   1  57   2  48   3  57   4  46   5  59   6  59   7  58   8  53   9  52  10  56  11  54  12  56  13  57  14  58  15  54  16  56  17  50  18  55  19  52 
  0  55   1  60   2  48   3  55   4  48   5  60   6  57   7  59   8  53   9  49  10  54  11  54  12  57  13  58  14  58  15  55  16  57  17  51  18  55  19  52 
  0  46   1  53   2  48   3  52   4  46   5  56   6  52   7  56   8  49   9  45  10  51  11  55  12  50  13  51  14  56  15  49  16  51  17  45  18  50  19  47 
  0  48   1  55   2  50   3  53   4  48   5  57   6  52   7  55   8  52   9  47  10  53  11  54  12  54  13  56  14  58  15  53  16  51  17  46  18  54  19  52 
  0  49   1  54   2  48   3  51   4  46   5  56   6  51   7  55   8  49   9  45  10  48  11  53  12  49  13  51  14  56  15  49  16  51  17  45  18  50  19  47 
  0  49   1  53   2  49   3  52   4  48   5  54   6  52   7  55   8  50   9  46  10  51  11  53  12  51  13  54  14  56  15  49  16  54  17  48  18  52  19  47 
  0  54   1  61   2  50   3  55   4  48   5  56   6  57   7  57   8  53   9  53  10  54  11  56  12  55  13  56  14  57  15  57  16  56  17  48  18  56  19  55 
  0  52   1  61   2  48   3  55   4  47   5  58   6  57   7  56   8  55   9  50  10  56  11  57  12  57  13  57  14  58  15  55  16  53  17  50  18  54  19  53 
  0  56   1  61   2  50   3  55   4  48   5  60   6  61   7  57   8  55   9  53  10  58  11  55  12  55  13  59  14  58  15  57  16  56  17  51  18  58  19  55 
  0  48   1  54   2  48   3  54   4  48   5  54   6  56   7  57   8  49   9  45  10  50  11  54  12  52  13  53  14  57  15  53  16  52  17  47  18  50  19  49 
  0  52   1  59   2  50   3  55   4  48   5  60   6  58   7  58   8  53   9  51  10  57  11  54  12  56  13  55  14  57  15  53  16  53  17  50  18  58  19  54 
  0  56   1  59   2  49   3  55   4  47   5  59   6  58   7  59   8  55   9  52  10  57  11  57  12  57  13  59  14  56  15  57  16  56  17  50  18  58  19  54 
  0  51   1  59   2  48   3  56   4  47   5  59   6  58   7  56   8  53   9  50  10  53  11  57  12  52  13  56  14  56  15  52  16  56  17  47  18  55  19  49 
  0  55   1  58   2  48   3  54   4  48   5  56   6  56   7  59   8  51   9  51  10  53  11  55  12  56  13  57  14  56  15  53  16  57  17  47  18  56  19  51 
  0  56   1  60   2  49   3  55   4  48   5  60   6  59   7  58   8  55   9  52  10  58  11  57  12  57  13  59  14  56  15  56  16  57  17  49  18  58  19  55 
  0  50   1  59   2  50   3  53   4  48   5  58   6  56   7  55   8  53   9  49  10  53  11  55  12  55  13  56  14  58  15  55  16  53  17  48  18  55  19  52 


