
 20  20

  0  98   1  93   2  96   3  92   4  89   5  93   6  92   7  93   8  89   9  90  10  96  11  94  12  90  13  90  14  88  15  91  16  91  17  94  18  90  19  89 
  0  88   1  85   2  88   3  88   4  87   5  91   6  89   7  88   8  80   9  82  10  90  11  88  12  86  13  83  14  80  15  86  16  87  17  88  18  86  19  85 
  0  95   1  87   2  90   3  88   4  88   5  91   6  92   7  92   8  84   9  85  10  94  11  90  12  89  13  84  14  86  15  89  16  91  17  93  18  88  19  86 
  0  88   1  85   2  91   3  88   4  88   5  93   6  88   7  89   8  80   9  85  10  92  11  90  12  86  13  82  14  83  15  89  16  90  17  92  18  87  19  83 
  0  96   1  89   2  92   3  90   4  89   5  93   6  91   7  90   8  86   9  87  10  96  11  93  12  92  13  89  14  88  15  89  16  93  17  92  18  90  19  88 
  0  96   1  92   2  93   3  91   4  89   5  92   6  91   7  89   8  85   9  86  10  94  11  91  12  91  13  86  14  86  15  90  16  93  17  93  18  90  19  89 
  0  96   1  92   2  93   3  92   4  87   5  91   6  92   7  89   8  86   9  85  10  93  11  92  12  88  13  85  14  86  15  90  16  91  17  94  18  87  19  90 
  0  95   1  88   2  94   3  92   4  87   5  91   6  90   7  88   8  85   9  85  10  92  11  90  12  91  13  86  14  84  15  87  16  92  17  94  18  88  19  87 
  0  88   1  85   2  88   3  88   4  88   5  91   6  88   7  90   8  82   9  84  10  92  11  88  12  89  13  82  14  80  15  87  16  88  17  89  18  86  19  85 
  0  91   1  85   2  89   3  88   4  88   5  91   6  88   7  87   8  80   9  83  10  91  11  86  12  88  13  84  14  81  15  89  16  88  17  88  18  86  19  84 
  0  88   1  85   2  88   3  88   4  87   5  91   6  88   7  87   8  79   9  84  10  91  11  86  12  86  13  82  14  80  15  86  16  87  17  88  18  86  19  84 
  0  96   1  91   2  93   3  89   4  88   5  92   6  90   7  91   8  86   9  89  10  94  11  93  12  91  13  88  14  88  15  92  16  90  17  95  18  90  19  88 
  0  89   1  89   2  88   3  89   4  88   5  92   6  88   7  90   8  82   9  83  10  91  11  90  12  88  13  83  14  80  15  86  16  88  17  92  18  86  19  83 
  0  88   1  85   2  88   3  88   4  87   5  91   6  89   7  90   8  81   9  84  10  90  11  87  12  88  13  84  14  80  15  88  16  90  17  88  18  86  19  83 
  0  94   1  93   2  93   3  89   4  89   5  93   6  90   7  93   8  84   9  86  10  94  11  91  12  92  13  90  14  84  15  89  16  92  17  93  18  87  19  91 
  0  91   1  90   2  90   3  88   4  87   5  93   6  90   7  91   8  82   9  88  10  95  11  89  12  87  13  84  14  82  15  87  16  89  17  92  18  88  19  88 
  0  94   1  86   2  90   3  90   4  87   5  93   6  92   7  89   8  81   9  83  10  90  11  91  12  86  13  83  14  83  15  88  16  87  17  89  18  88  19  87 
  0  98   1  92   2  96   3  92   4  88   5  93   6  90   7  92   8  89   9  90  10  96  11  93  12  91  13  90  14  88  15  92  16  93  17  96  18  90  19  91 
  0  96   1  93   2  93   3  91   4  89   5  92   6  92   7  93   8  85   9  88  10  94  11  94  12  92  13  88  14  88  15  92  16  91  17  92  18  89  19  88 
  0  98   1  93   2  94   3  92   4  88   5  91   6  92   7  92   8  89   9  89  10  93  11  92  12  89  13  88  14  87  15  91  16  93  17  96  18  90  19  91 


