
 20  20

  0  61   1  70   2  65   3  63   4  59   5  67   6  59   7  63   8  59   9  65  10  63  11  58  12  60  13  66  14  60  15  62  16  60  17  60  18  63  19  66 
  0  61   1  69   2  65   3  62   4  59   5  65   6  62   7  64   8  60   9  67  10  65  11  60  12  61  13  68  14  61  15  64  16  61  17  61  18  61  19  66 
  0  63   1  67   2  65   3  62   4  59   5  65   6  62   7  62   8  60   9  67  10  65  11  58  12  62  13  68  14  61  15  61  16  58  17  60  18  61  19  67 
  0  56   1  62   2  63   3  62   4  57   5  61   6  52   7  57   8  60   9  61  10  61  11  55  12  60  13  64  14  55  15  58  16  54  17  55  18  54  19  62 
  0  64   1  69   2  65   3  63   4  59   5  65   6  62   7  64   8  60   9  67  10  63  11  57  12  62  13  68  14  58  15  64  16  62  17  61  18  62  19  66 
  0  57   1  65   2  63   3  61   4  57   5  64   6  55   7  57   8  58   9  61  10  63  11  54  12  60  13  66  14  55  15  59  16  55  17  55  18  54  19  61 
  0  62   1  70   2  65   3  63   4  59   5  65   6  61   7  65   8  60   9  68  10  64  11  60  12  62  13  68  14  61  15  61  16  62  17  61  18  64  19  69 
  0  58   1  66   2  65   3  63   4  57   5  64   6  57   7  63   8  60   9  67  10  63  11  59  12  60  13  65  14  58  15  63  16  58  17  57  18  58  19  67 
  0  59   1  68   2  65   3  63   4  59   5  64   6  57   7  62   8  59   9  69  10  64  11  57  12  62  13  67  14  58  15  60  16  58  17  58  18  59  19  69 
  0  60   1  68   2  65   3  61   4  59   5  67   6  59   7  60   8  59   9  66  10  64  11  58  12  60  13  66  14  58  15  61  16  57  17  58  18  59  19  66 
  0  54   1  65   2  64   3  62   4  59   5  64   6  56   7  60   8  58   9  65  10  64  11  55  12  60  13  67  14  55  15  58  16  55  17  57  18  55  19  63 
  0  59   1  66   2  63   3  61   4  57   5  64   6  55   7  62   8  58   9  62  10  61  11  55  12  62  13  64  14  58  15  59  16  58  17  56  18  59  19  64 
  0  55   1  66   2  64   3  63   4  59   5  61   6  54   7  62   8  60   9  62  10  62  11  57  12  61  13  67  14  55  15  60  16  57  17  56  18  55  19  64 
  0  57   1  68   2  64   3  61   4  57   5  63   6  55   7  63   8  58   9  64  10  63  11  55  12  61  13  68  14  60  15  59  16  59  17  57  18  59  19  66 
  0  54   1  65   2  65   3  63   4  57   5  61   6  53   7  60   8  60   9  62  10  63  11  56  12  60  13  66  14  55  15  61  16  56  17  54  18  54  19  63 
  0  61   1  70   2  65   3  63   4  59   5  67   6  62   7  65   8  59   9  67  10  64  11  59  12  61  13  66  14  58  15  64  16  60  17  61  18  61  19  67 
  0  63   1  70   2  65   3  63   4  59   5  67   6  59   7  62   8  60   9  67  10  65  11  59  12  62  13  66  14  61  15  64  16  60  17  61  18  64  19  69 
  0  58   1  66   2  63   3  63   4  59   5  64   6  59   7  61   8  58   9  67  10  61  11  59  12  61  13  64  14  60  15  61  16  59  17  60  18  60  19  66 
  0  59   1  66   2  63   3  61   4  59   5  63   6  57   7  61   8  60   9  65  10  64  11  59  12  62  13  66  14  60  15  61  16  60  17  60  18  62  19  68 
  0  56   1  67   2  65   3  63   4  57   5  62   6  54   7  62   8  58   9  63  10  61  11  58  12  60  13  66  14  55  15  59  16  56  17  56  18  57  19  62 


