
 20  20

  0  55   1  55   2  59   3  53   4  60   5  60   6  55   7  60   8  53   9  63  10  58  11  62  12  53  13  58  14  59  15  59  16  56  17  61  18  57  19  55 
  0  52   1  53   2  54   3  56   4  59   5  59   6  54   7  55   8  53   9  60  10  56  11  59  12  51  13  57  14  60  15  60  16  54  17  59  18  53  19  52 
  0  61   1  57   2  62   3  57   4  63   5  61   6  62   7  63   8  55   9  64  10  58  11  61  12  58  13  66  14  64  15  60  16  55  17  60  18  61  19  55 
  0  60   1  55   2  59   3  57   4  61   5  61   6  62   7  60   8  55   9  63  10  57  11  60  12  59  13  65  14  63  15  61  16  56  17  60  18  63  19  54 
  0  60   1  55   2  59   3  57   4  61   5  61   6  59   7  61   8  54   9  63  10  58  11  63  12  56  13  65  14  65  15  59  16  56  17  62  18  62  19  54 
  0  53   1  54   2  57   3  55   4  62   5  59   6  56   7  56   8  53   9  63  10  56  11  59  12  50  13  59  14  62  15  59  16  54  17  59  18  55  19  55 
  0  62   1  59   2  60   3  55   4  61   5  60   6  60   7  63   8  55   9  64  10  56  11  62  12  59  13  66  14  66  15  60  16  56  17  62  18  61  19  56 
  0  54   1  52   2  57   3  53   4  63   5  59   6  58   7  57   8  55   9  62  10  58  11  63  12  52  13  61  14  61  15  61  16  54  17  60  18  55  19  54 
  0  57   1  56   2  59   3  54   4  63   5  59   6  59   7  62   8  55   9  60  10  57  11  63  12  57  13  62  14  64  15  60  16  56  17  58  18  60  19  54 
  0  55   1  51   2  55   3  56   4  62   5  61   6  52   7  58   8  53   9  62  10  56  11  62  12  53  13  59  14  60  15  59  16  56  17  58  18  57  19  55 
  0  60   1  59   2  62   3  57   4  63   5  59   6  60   7  62   8  55   9  62  10  58  11  63  12  58  13  65  14  64  15  61  16  54  17  62  18  62  19  56 
  0  57   1  55   2  60   3  57   4  59   5  59   6  58   7  60   8  55   9  64  10  56  11  59  12  53  13  63  14  61  15  60  16  55  17  59  18  60  19  54 
  0  59   1  53   2  59   3  53   4  62   5  61   6  59   7  59   8  53   9  61  10  58  11  61  12  54  13  64  14  61  15  61  16  56  17  62  18  59  19  55 
  0  60   1  56   2  59   3  56   4  63   5  61   6  60   7  59   8  55   9  61  10  56  11  62  12  55  13  62  14  63  15  60  16  56  17  60  18  60  19  55 
  0  60   1  57   2  62   3  56   4  63   5  61   6  58   7  63   8  55   9  64  10  58  11  60  12  59  13  63  14  66  15  60  16  56  17  62  18  60  19  56 
  0  53   1  52   2  57   3  54   4  59   5  61   6  56   7  59   8  53   9  63  10  56  11  59  12  52  13  58  14  60  15  59  16  56  17  61  18  58  19  52 
  0  55   1  55   2  55   3  56   4  61   5  60   6  56   7  57   8  54   9  63  10  58  11  59  12  52  13  58  14  59  15  61  16  56  17  58  18  57  19  56 
  0  58   1  54   2  59   3  53   4  61   5  59   6  55   7  57   8  53   9  62  10  56  11  62  12  54  13  59  14  62  15  61  16  55  17  58  18  56  19  52 
  0  53   1  51   2  58   3  56   4  59   5  59   6  56   7  58   8  53   9  63  10  56  11  61  12  49  13  58  14  62  15  59  16  55  17  61  18  57  19  52 
  0  55   1  55   2  55   3  56   4  59   5  60   6  52   7  56   8  54   9  63  10  58  11  59  12  53  13  57  14  61  15  60  16  55  17  58  18  57  19  53 


