
 20  20

  0  82   1  88   2  81   3  77   4  80   5  82   6  84   7  76   8  86   9  83  10  86  11  80  12  80  13  79  14  79  15  79  16  82  17  84  18  87  19  83 
  0  84   1  87   2  81   3  77   4  80   5  79   6  84   7  77   8  86   9  83  10  83  11  79  12  81  13  78  14  80  15  80  16  79  17  84  18  87  19  84 
  0  85   1  87   2  84   3  78   4  85   5  86   6  85   7  81   8  88   9  87  10  86  11  80  12  82  13  80  14  81  15  81  16  85  17  85  18  90  19  85 
  0  89   1  89   2  88   3  82   4  86   5  86   6  84   7  80   8  93   9  90  10  86  11  79  12  86  13  81  14  83  15  81  16  89  17  86  18  91  19  87 
  0  83   1  87   2  80   3  77   4  83   5  79   6  84   7  76   8  86   9  81  10  86  11  79  12  83  13  77  14  79  15  79  16  81  17  86  18  87  19  83 
  0  88   1  89   2  83   3  81   4  85   5  88   6  84   7  78   8  92   9  85  10  88  11  79  12  82  13  83  14  82  15  79  16  87  17  84  18  89  19  84 
  0  85   1  88   2  80   3  77   4  81   5  79   6  85   7  78   8  86   9  80  10  84  11  81  12  81  13  80  14  80  15  79  16  79  17  84  18  87  19  83 
  0  89   1  88   2  84   3  80   4  86   5  87   6  85   7  81   8  92   9  87  10  86  11  81  12  84  13  83  14  83  15  81  16  86  17  85  18  89  19  87 
  0  89   1  89   2  88   3  82   4  86   5  87   6  84   7  79   8  90   9  89  10  88  11  79  12  84  13  80  14  82  15  81  16  89  17  85  18  91  19  87 
  0  85   1  87   2  81   3  78   4  83   5  82   6  86   7  80   8  86   9  83  10  85  11  79  12  80  13  80  14  82  15  81  16  82  17  85  18  90  19  86 
  0  91   1  87   2  88   3  83   4  84   5  87   6  86   7  82   8  92   9  90  10  87  11  81  12  84  13  82  14  83  15  81  16  89  17  86  18  91  19  87 
  0  86   1  88   2  85   3  78   4  80   5  82   6  84   7  79   8  90   9  82  10  87  11  79  12  82  13  80  14  81  15  81  16  84  17  85  18  87  19  83 
  0  87   1  89   2  82   3  78   4  83   5  80   6  86   7  78   8  89   9  85  10  87  11  79  12  82  13  77  14  81  15  81  16  80  17  85  18  87  19  83 
  0  90   1  89   2  86   3  80   4  84   5  86   6  85   7  79   8  90   9  89  10  85  11  79  12  83  13  83  14  83  15  79  16  88  17  86  18  88  19  84 
  0  89   1  89   2  87   3  83   4  86   5  86   6  85   7  81   8  93   9  90  10  86  11  81  12  83  13  83  14  82  15  80  16  89  17  86  18  91  19  87 
  0  89   1  89   2  88   3  83   4  86   5  88   6  86   7  82   8  93   9  90  10  87  11  79  12  86  13  83  14  83  15  79  16  89  17  86  18  91  19  86 
  0  83   1  87   2  80   3  79   4  81   5  79   6  85   7  76   8  85   9  82  10  83  11  80  12  81  13  77  14  79  15  79  16  81  17  85  18  87  19  85 
  0  90   1  89   2  85   3  83   4  86   5  89   6  86   7  82   8  90   9  88  10  87  11  81  12  86  13  82  14  83  15  81  16  87  17  86  18  90  19  86 
  0  91   1  89   2  88   3  82   4  85   5  89   6  85   7  82   8  92   9  87  10  89  11  79  12  86  13  83  14  83  15  79  16  87  17  86  18  91  19  87 
  0  90   1  89   2  88   3  83   4  85   5  88   6  84   7  82   8  93   9  90  10  89  11  79  12  85  13  83  14  83  15  79  16  89  17  86  18  90  19  85 


