
 20  20

  0  16   1  22   2  13   3  16   4  21   5  15   6  12   7  18   8  18   9  17  10  21  11  13  12  16  13  13  14  14  15  18  16  18  17  11  18  17  19  13 
  0  13   1  21   2  14   3  18   4  17   5  11   6  12   7  20   8  16   9  16  10  18  11   9  12  14  13  13  14  15  15  19  16  20  17  13  18  14  19  12 
  0  13   1  18   2  13   3  18   4  15   5  14   6  15   7  19   8  15   9  15  10  20  11  13  12  16  13  11  14  13  15  17  16  19  17  13  18  14  19  14 
  0  16   1  22   2  16   3  20   4  21   5  17   6  17   7  19   8  21   9  17  10  25  11  15  12  14  13  16  14  13  15  23  16  19  17  15  18  21  19  20 
  0  15   1  21   2  13   3  15   4  16   5  11   6  12   7  18   8  16   9  16  10  18  11  13  12  14  13  14  14  13  15  16  16  18  17  11  18  14  19  13 
  0  10   1  20   2  16   3  14   4  14   5  13   6  14   7  18   8  16   9  15  10  16  11  10  12  16  13  10  14  14  15  18  16  21  17  12  18  15  19  10 
  0  14   1  21   2  15   3  14   4  16   5  14   6  11   7  19   8  19   9  17  10  17  11   9  12  16  13  15  14  14  15  21  16  21  17  12  18  16  19  13 
  0  20   1  24   2  17   3  23   4  24   5  17   6  16   7  18   8  21   9  17  10  25  11  15  12  15  13  17  14  15  15  23  16  21  17  14  18  22  19  20 
  0  18   1  24   2  15   3  20   4  24   5  17   6  15   7  20   8  21   9  16  10  23  11  15  12  16  13  18  14  15  15  21  16  22  17  14  18  21  19  19 
  0  19   1  25   2  17   3  23   4  24   5  17   6  16   7  20   8  21   9  16  10  24  11  13  12  14  13  16  14  15  15  23  16  22  17  15  18  22  19  19 
  0  18   1  23   2  17   3  21   4  21   5  14   6  14   7  20   8  18   9  17  10  22  11  13  12  14  13  17  14  15  15  22  16  22  17  13  18  19  19  17 
  0  12   1  20   2  15   3  15   4  15   5  15   6  12   7  19   8  16   9  15  10  19  11  10  12  14  13  12  14  14  15  19  16  21  17  13  18  17  19  11 
  0  15   1  20   2  13   3  17   4  18   5  11   6  13   7  18   8  18   9  17  10  18  11  11  12  15  13  13  14  13  15  21  16  19  17  10  18  15  19  14 
  0  19   1  24   2  17   3  23   4  24   5  17   6  15   7  20   8  20   9  16  10  25  11  15  12  16  13  18  14  15  15  23  16  20  17  13  18  22  19  20 
  0  18   1  20   2  13   3  21   4  19   5  16   6  13   7  18   8  19   9  16  10  20  11  12  12  16  13  14  14  13  15  21  16  20  17  11  18  19  19  16 
  0  20   1  25   2  17   3  23   4  24   5  16   6  17   7  20   8  21   9  15  10  23  11  15  12  16  13  18  14  15  15  24  16  22  17  14  18  21  19  20 
  0  13   1  17   2  14   3  13   4  17   5  11   6  11   7  18   8  16   9  15  10  17  11  12  12  15  13  13  14  14  15  16  16  18  17  12  18  15  19  11 
  0  10   1  17   2  16   3  15   4  14   5  14   6  12   7  19   8  17   9  17  10  16  11   9  12  16  13  13  14  13  15  16  16  18  17  12  18  14  19  10 
  0  12   1  18   2  13   3  15   4  14   5  11   6  11   7  18   8  15   9  15  10  15  11   9  12  16  13  11  14  13  15  18  16  18  17   9  18  14  19  12 
  0  18   1  24   2  14   3  18   4  20   5  13   6  16   7  18   8  16   9  17  10  19  11  12  12  14  13  13  14  14  15  22  16  21  17  12  18  18  19  18 


