
 20  20

  0  92   1  95   2  90   3  86   4  92   5  93   6  90   7  90   8  88   9  88  10  91  11  93  12  87  13  86  14  91  15  95  16  89  17  91  18  85  19  85 
  0  92   1  93   2  89   3  83   4  93   5  93   6  92   7  90   8  91   9  86  10  90  11  93  12  87  13  84  14  91  15  92  16  88  17  92  18  83  19  83 
  0  94   1  97   2  93   3  84   4  94   5  93   6  92   7  92   8  92   9  87  10  88  11  93  12  88  13  85  14  93  15  96  16  89  17  92  18  84  19  87 
  0  96   1  94   2  91   3  85   4  95   5  95   6  92   7  93   8  90   9  86  10  90  11  94  12  89  13  88  14  93  15  93  16  89  17  90  18  87  19  84 
  0  87   1  90   2  88   3  82   4  88   5  93   6  90   7  88   8  88   9  84  10  85  11  93  12  89  13  82  14  91  15  90  16  89  17  86  18  83  19  81 
  0  89   1  92   2  90   3  86   4  90   5  95   6  90   7  87   8  90   9  87  10  85  11  94  12  89  13  82  14  91  15  91  16  87  17  86  18  85  19  84 
  0  94   1  97   2  92   3  84   4  91   5  95   6  92   7  92   8  92   9  88  10  91  11  95  12  87  13  87  14  93  15  96  16  89  17  89  18  86  19  83 
  0  96   1  96   2  91   3  87   4  96   5  95   6  91   7  93   8  92   9  88  10  92  11  95  12  89  13  88  14  92  15  96  16  89  17  92  18  86  19  87 
  0  93   1  95   2  91   3  88   4  93   5  93   6  90   7  95   8  92   9  87  10  89  11  93  12  87  13  85  14  93  15  93  16  87  17  91  18  85  19  86 
  0  92   1  95   2  89   3  86   4  91   5  95   6  92   7  89   8  91   9  87  10  87  11  93  12  87  13  85  14  91  15  91  16  89  17  90  18  83  19  86 
  0  96   1  98   2  92   3  88   4  96   5  95   6  91   7  95   8  92   9  86  10  92  11  95  12  89  13  87  14  93  15  96  16  89  17  94  18  88  19  86 
  0  89   1  94   2  89   3  86   4  94   5  93   6  90   7  92   8  90   9  86  10  86  11  94  12  89  13  87  14  93  15  91  16  89  17  88  18  84  19  86 
  0  89   1  93   2  89   3  83   4  92   5  93   6  90   7  86   8  88   9  87  10  84  11  93  12  87  13  82  14  91  15  92  16  87  17  88  18  85  19  82 
  0  87   1  92   2  91   3  83   4  89   5  95   6  90   7  91   8  89   9  86  10  88  11  93  12  87  13  83  14  93  15  94  16  89  17  88  18  84  19  85 
  0  92   1  93   2  91   3  85   4  92   5  95   6  90   7  92   8  89   9  88  10  89  11  95  12  87  13  83  14  93  15  94  16  89  17  89  18  85  19  83 
  0  91   1  93   2  89   3  86   4  95   5  94   6  90   7  93   8  88   9  86  10  91  11  93  12  87  13  85  14  91  15  96  16  87  17  89  18  85  19  84 
  0  93   1  95   2  92   3  86   4  94   5  95   6  92   7  94   8  88   9  88  10  92  11  93  12  89  13  87  14  93  15  92  16  89  17  91  18  88  19  87 
  0  90   1  93   2  90   3  82   4  88   5  93   6  90   7  87   8  89   9  84  10  86  11  95  12  87  13  82  14  91  15  92  16  87  17  87  18  83  19  83 
  0  96   1  96   2  93   3  88   4  95   5  95   6  92   7  96   8  91   9  88  10  90  11  94  12  89  13  86  14  91  15  96  16  89  17  94  18  87  19  87 
  0  95   1  98   2  92   3  88   4  95   5  95   6  92   7  96   8  89   9  87  10  92  11  93  12  88  13  86  14  93  15  95  16  89  17  93  18  87  19  87 


