
 20  20

  0  93   1  95   2  89   3  89   4  91   5  94   6  92   7  94   8  90   9  91  10  90  11  96  12  96  13  90  14  95  15  94  16  93  17  87  18  88  19  87 
  0  94   1  96   2  89   3  91   4  91   5  98   6  91   7  98   8  90   9  91  10  92  11  99  12  98  13  92  14  93  15  96  16  93  17  89  18  92  19  91 
  0  95   1  94   2  91   3  89   4  93   5  98   6  94   7  94   8  92   9  92  10  92  11  99  12  98  13  92  14  92  15  98  16  96  17  89  18  90  19  92 
  0  97   1  97   2  91   3  90   4  96   5  99   6  93   7  98   8  97   9  98  10  98  11  99  12  99  13  96  14  98  15  99  16  96  17  96  18  94  19  94 
  0  97   1  96   2  91   3  91   4  95   5  97   6  95   7  97   8  96   9  97  10  94  11  99  12  99  13  96  14  97  15  99  16  95  17  92  18  92  19  93 
  0  94   1  93   2  91   3  89   4  90   5  97   6  93   7  97   8  93   9  95  10  95  11  99  12  99  13  93  14  94  15  96  16  93  17  92  18  91  19  90 
  0  92   1  95   2  89   3  91   4  88   5  95   6  91   7  94   8  89   9  89  10  91  11  97  12  96  13  89  14  94  15  96  16  93  17  89  18  87  19  86 
  0  95   1  93   2  89   3  89   4  89   5  94   6  91   7  96   8  93   9  93  10  93  11  99  12  99  13  90  14  94  15  93  16  94  17  91  18  91  19  88 
  0  93   1  96   2  89   3  91   4  95   5  99   6  92   7  95   8  93   9  92  10  93  11  98  12  98  13  94  14  95  15  95  16  92  17  90  18  89  19  92 
  0  89   1  92   2  90   3  89   4  87   5  94   6  91   7  95   8  88   9  89  10  89  11  95  12  96  13  88  14  90  15  91  16  94  17  87  18  86  19  87 
  0  98   1  98   2  91   3  91   4  95   5  99   6  93   7  95   8  96   9  93  10  98  11  99  12  98  13  96  14  97  15  99  16  93  17  95  18  90  19  92 
  0  92   1  93   2  89   3  91   4  91   5  95   6  93   7  95   8  95   9  93  10  96  11  99  12  99  13  90  14  92  15  96  16  94  17  91  18  90  19  88 
  0  92   1  97   2  91   3  91   4  92   5  98   6  94   7  96   8  93   9  91  10  95  11  98  12  99  13  90  14  95  15  94  16  94  17  89  18  88  19  88 
  0  99   1  98   2  91   3  90   4  95   5  99   6  93   7  97   8  96   9  98  10  99  11  99  12  98  13  95  14  98  15  99  16  96  17  94  18  94  19  94 
  0  98   1  98   2  90   3  89   4  92   5  99   6  95   7  96   8  95   9  96  10  94  11  99  12  98  13  96  14  96  15  97  16  95  17  94  18  90  19  92 
  0  93   1  95   2  89   3  89   4  90   5  99   6  92   7  97   8  92   9  92  10  93  11  98  12  99  13  90  14  95  15  95  16  93  17  89  18  92  19  92 
  0  89   1  92   2  89   3  89   4  88   5  92   6  92   7  93   8  88   9  88  10  90  11  95  12  96  13  89  14  90  15  93  16  93  17  86  18  88  19  87 
  0  95   1  95   2  91   3  91   4  91   5  94   6  91   7  95   8  94   9  92  10  91  11  99  12  99  13  89  14  95  15  97  16  92  17  90  18  89  19  88 
  0  96   1  95   2  91   3  90   4  94   5  99   6  94   7  99   8  96   9  98  10  99  11  99  12  99  13  96  14  96  15  99  16  96  17  96  18  94  19  94 
  0  92   1  95   2  89   3  89   4  92   5  97   6  92   7  96   8  91   9  95  10  93  11  99  12  96  13  91  14  92  15  95  16  94  17  91  18  89  19  92 


