
 20  20

  0  90   1  94   2  94   3  89   4  88   5  88   6  86   7  87   8  86   9  93  10  85  11  87  12  90  13  85  14  88  15  87  16  86  17  84  18  90  19  86 
  0  86   1  94   2  93   3  91   4  87   5  90   6  88   7  87   8  89   9  93  10  85  11  86  12  90  13  86  14  92  15  88  16  86  17  84  18  89  19  88 
  0  90   1  94   2  92   3  90   4  85   5  89   6  86   7  84   8  89   9  93  10  87  11  86  12  91  13  88  14  91  15  85  16  90  17  86  18  92  19  90 
  0  87   1  97   2  94   3  91   4  86   5  89   6  89   7  84   8  90   9  93  10  87  11  90  12  90  13  87  14  92  15  88  16  89  17  85  18  91  19  86 
  0  93   1  99   2  94   3  93   4  88   5  93   6  90   7  88   8  91   9  91  10  86  11  93  12  94  13  90  14  91  15  88  16  91  17  86  18  96  19  90 
  0  86   1  92   2  93   3  90   4  89   5  90   6  87   7  88   8  84   9  91  10  87  11  89  12  90  13  85  14  91  15  85  16  89  17  85  18  88  19  86 
  0  91   1  97   2  93   3  91   4  87   5  90   6  87   7  88   8  90   9  91  10  87  11  91  12  92  13  86  14  92  15  90  16  89  17  84  18  92  19  90 
  0  89   1  95   2  92   3  91   4  89   5  90   6  90   7  88   8  89   9  93  10  85  11  91  12  92  13  87  14  92  15  90  16  91  17  83  18  94  19  88 
  0  85   1  93   2  94   3  89   4  85   5  85   6  86   7  84   8  86   9  91  10  87  11  87  12  93  13  85  14  89  15  85  16  85  17  85  18  89  19  89 
  0  86   1  90   2  94   3  90   4  85   5  85   6  88   7  85   8  83   9  92  10  85  11  86  12  91  13  85  14  89  15  88  16  88  17  85  18  87  19  86 
  0  91   1  93   2  92   3  92   4  87   5  92   6  88   7  85   8  90   9  91  10  85  11  90  12  91  13  88  14  92  15  87  16  89  17  84  18  92  19  88 
  0  83   1  89   2  92   3  91   4  85   5  85   6  86   7  85   8  83   9  91  10  85  11  83  12  91  13  83  14  90  15  84  16  84  17  83  18  87  19  86 
  0  91   1  95   2  94   3  91   4  88   5  89   6  88   7  88   8  89   9  91  10  85  11  90  12  93  13  86  14  90  15  89  16  87  17  85  18  90  19  87 
  0  87   1  94   2  92   3  89   4  86   5  89   6  90   7  87   8  90   9  93  10  87  11  89  12  93  13  86  14  92  15  87  16  90  17  85  18  92  19  89 
  0  93   1  99   2  94   3  90   4  86   5  93   6  90   7  88   8  88   9  93  10  87  11  93  12  93  13  90  14  92  15  88  16  92  17  83  18  93  19  87 
  0  90   1  99   2  94   3  93   4  89   5  92   6  90   7  88   8  89   9  93  10  87  11  93  12  93  13  90  14  90  15  88  16  92  17  86  18  94  19  90 
  0  89   1  97   2  93   3  93   4  88   5  89   6  90   7  87   8  86   9  93  10  87  11  92  12  94  13  88  14  92  15  88  16  89  17  86  18  95  19  90 
  0  86   1  91   2  92   3  91   4  85   5  85   6  87   7  84   8  85   9  91  10  86  11  85  12  91  13  82  14  90  15  84  16  87  17  82  18  91  19  86 
  0  93   1  96   2  93   3  92   4  89   5  93   6  90   7  88   8  91   9  93  10  86  11  91  12  94  13  88  14  91  15  90  16  92  17  85  18  93  19  90 
  0  88   1  95   2  92   3  90   4  88   5  91   6  89   7  88   8  90   9  93  10  87  11  90  12  92  13  88  14  90  15  90  16  88  17  83  18  94  19  90 


