
 20  20

  0  79   1  80   2  84   3  80   4  82   5  80   6  84   7  86   8  80   9  80  10  79  11  88  12  85  13  78  14  85  15  78  16  83  17  89  18  79  19  88 
  0  81   1  80   2  86   3  79   4  80   5  79   6  84   7  85   8  83   9  80  10  78  11  88  12  86  13  79  14  86  15  79  16  82  17  87  18  80  19  85 
  0  80   1  82   2  86   3  79   4  82   5  79   6  84   7  84   8  82   9  80  10  78  11  86  12  85  13  78  14  87  15  77  16  83  17  90  18  83  19  84 
  0  80   1  79   2  84   3  80   4  79   5  79   6  83   7  86   8  80   9  81  10  78  11  88  12  86  13  79  14  82  15  79  16  77  17  86  18  77  19  85 
  0  77   1  80   2  83   3  79   4  80   5  81   6  84   7  86   8  78   9  79  10  78  11  86  12  87  13  76  14  86  15  78  16  80  17  86  18  80  19  84 
  0  81   1  79   2  82   3  78   4  81   5  77   6  82   7  86   8  81   9  77  10  80  11  88  12  85  13  77  14  86  15  79  16  80  17  86  18  79  19  86 
  0  79   1  78   2  80   3  80   4  79   5  77   6  82   7  85   8  79   9  78  10  79  11  88  12  86  13  80  14  84  15  79  16  76  17  83  18  80  19  83 
  0  85   1  81   2  88   3  83   4  84   5  81   6  84   7  85   8  84   9  83  10  80  11  88  12  87  13  82  14  91  15  79  16  83  17  91  18  84  19  89 
  0  84   1  80   2  87   3  82   4  84   5  82   6  83   7  85   8  81   9  80  10  80  11  86  12  86  13  82  14  90  15  79  16  85  17  92  18  85  19  90 
  0  81   1  82   2  83   3  81   4  78   5  81   6  84   7  86   8  83   9  80  10  79  11  88  12  87  13  80  14  87  15  79  16  77  17  85  18  81  19  84 
  0  83   1  78   2  84   3  79   4  83   5  80   6  83   7  84   8  84   9  83  10  80  11  86  12  87  13  81  14  88  15  79  16  79  17  88  18  79  19  84 
  0  79   1  79   2  83   3  78   4  84   5  78   6  82   7  84   8  79   9  82  10  78  11  86  12  87  13  77  14  89  15  77  16  83  17  90  18  79  19  85 
  0  82   1  80   2  84   3  79   4  84   5  83   6  83   7  85   8  82   9  83  10  80  11  86  12  86  13  78  14  87  15  78  16  82  17  88  18  84  19  85 
  0  79   1  81   2  83   3  77   4  80   5  79   6  84   7  84   8  81   9  81  10  80  11  86  12  85  13  77  14  85  15  79  16  79  17  85  18  77  19  83 
  0  75   1  80   2  79   3  79   4  77   5  77   6  83   7  84   8  80   9  77  10  78  11  86  12  87  13  76  14  81  15  77  16  75  17  82  18  75  19  81 
  0  80   1  81   2  81   3  77   4  79   5  77   6  84   7  86   8  79   9  80  10  78  11  88  12  85  13  79  14  84  15  77  16  78  17  87  18  78  19  81 
  0  80   1  78   2  83   3  78   4  78   5  79   6  83   7  85   8  78   9  80  10  80  11  87  12  86  13  79  14  84  15  77  16  76  17  84  18  76  19  85 
  0  79   1  80   2  82   3  78   4  79   5  77   6  84   7  84   8  81   9  80  10  78  11  86  12  87  13  79  14  83  15  77  16  77  17  83  18  76  19  83 
  0  77   1  78   2  81   3  77   4  78   5  77   6  82   7  84   8  78   9  77  10  80  11  87  12  87  13  76  14  81  15  79  16  76  17  82  18  75  19  82 
  0  83   1  81   2  86   3  83   4  83   5  80   6  84   7  85   8  83   9  83  10  78  11  87  12  87  13  79  14  88  15  78  16  82  17  92  18  82  19  86 


