
 20  20

  0  32   1  32   2  38   3  35   4  38   5  34   6  33   7  33   8  35   9  33  10  33  11  37  12  36  13  37  14  34  15  35  16  38  17  36  18  33  19  32 
  0  39   1  35   2  39   3  35   4  40   5  38   6  39   7  34   8  37   9  34  10  33  11  38  12  35  13  41  14  33  15  36  16  40  17  35  18  32  19  35 
  0  31   1  30   2  34   3  35   4  40   5  33   6  34   7  28   8  34   9  30  10  28  11  36  12  33  13  33  14  31  15  33  16  33  17  33  18  28  19  31 
  0  39   1  32   2  37   3  35   4  39   5  40   6  39   7  34   8  38   9  36  10  37  11  36  12  35  13  38  14  32  15  34  16  37  17  36  18  36  19  34 
  0  39   1  34   2  38   3  37   4  40   5  41   6  39   7  37   8  38   9  37  10  38  11  37  12  38  13  42  14  33  15  36  16  39  17  40  18  36  19  38 
  0  38   1  34   2  36   3  37   4  38   5  37   6  38   7  33   8  36   9  32  10  37  11  36  12  36  13  38  14  32  15  35  16  39  17  38  18  33  19  36 
  0  31   1  30   2  34   3  35   4  38   5  34   6  31   7  28   8  34   9  31  10  30  11  36  12  34  13  35  14  33  15  33  16  36  17  33  18  28  19  31 
  0  36   1  32   2  39   3  35   4  40   5  38   6  34   7  33   8  38   9  32  10  36  11  38  12  38  13  37  14  31  15  35  16  40  17  36  18  33  19  33 
  0  31   1  32   2  33   3  36   4  38   5  35   6  35   7  29   8  34   9  29  10  29  11  37  12  33  13  32  14  30  15  35  16  36  17  34  18  31  19  30 
  0  33   1  28   2  33   3  36   4  39   5  36   6  33   7  29   8  34   9  30  10  31  11  36  12  33  13  32  14  30  15  33  16  36  17  31  18  30  19  32 
  0  35   1  30   2  37   3  36   4  38   5  34   6  34   7  33   8  37   9  34  10  30  11  37  12  32  13  36  14  30  15  32  16  36  17  34  18  30  19  33 
  0  40   1  36   2  39   3  37   4  38   5  41   6  38   7  37   8  38   9  37  10  36  11  36  12  37  13  42  14  34  15  36  16  40  17  38  18  36  19  38 
  0  35   1  31   2  38   3  37   4  40   5  37   6  35   7  33   8  38   9  31  10  32  11  36  12  34  13  37  14  31  15  35  16  38  17  32  18  34  19  35 
  0  37   1  36   2  39   3  37   4  40   5  39   6  37   7  37   8  35   9  34  10  38  11  37  12  37  13  39  14  34  15  35  16  40  17  40  18  36  19  38 
  0  35   1  33   2  37   3  37   4  39   5  41   6  36   7  34   8  38   9  35  10  37  11  36  12  38  13  39  14  34  15  35  16  37  17  35  18  32  19  34 
  0  31   1  28   2  36   3  35   4  40   5  34   6  31   7  29   8  34   9  30  10  28  11  36  12  33  13  33  14  30  15  32  16  33  17  31  18  28  19  33 
  0  33   1  31   2  36   3  37   4  40   5  38   6  36   7  31   8  35   9  32  10  32  11  37  12  32  13  35  14  33  15  33  16  36  17  35  18  30  19  33 
  0  33   1  30   2  37   3  36   4  40   5  33   6  32   7  30   8  34   9  33  10  30  11  34  12  35  13  36  14  33  15  35  16  34  17  33  18  28  19  30 
  0  37   1  32   2  35   3  37   4  40   5  40   6  36   7  33   8  36   9  34  10  35  11  37  12  36  13  36  14  32  15  34  16  40  17  38  18  31  19  33 
  0  40   1  36   2  37   3  37   4  40   5  40   6  38   7  34   8  37   9  37  10  38  11  37  12  37  13  42  14  34  15  35  16  38  17  38  18  33  19  36 


