
 20  20

  0   8   1   4   2  10   3   7   4   9   5   9   6   9   7   9   8   7   9   4  10   3  11  10  12   3  13   6  14   2  15   8  16  13  17   9  18   5  19  10 
  0   9   1   4   2  12   3   6   4  11   5   9   6  11   7  11   8   7   9   6  10   2  11  11  12   5  13   6  14   2  15   8  16  13  17   9  18   8  19  10 
  0   4   1   2   2   9   3   7   4  11   5   3   6   9   7   8   8   2   9   4  10   4  11  10  12   3  13   1  14   1  15   1  16  11  17   6  18   5  19   8 
  0   4   1   4   2  10   3   7   4  11   5   7   6  11   7   8   8   2   9   3  10   2  11  10  12   2  13   3  14   1  15   3  16  11  17   6  18   6  19   8 
  0   6   1   3   2   9   3   5   4  11   5   4   6   9   7   7   8   2   9   2  10   2  11   8  12   5  13   4  14   1  15   2  16  12  17   9  18   6  19   9 
  0   3   1   4   2  12   3   5   4  11   5   4   6  10   7   8   8   3   9   6  10   4  11  11  12   2  13   5  14   2  15   2  16   9  17   8  18   7  19   8 
  0   9   1   4   2  10   3   7   4  11   5   7   6  11   7  11   8   6   9   7  10   4  11  13  12   5  13   4  14   2  15   8  16  11  17   9  18   8  19   9 
  0   5   1   2   2   9   3   7   4  10   5   7   6   9   7   6   8   4   9   5  10   2  11   9  12   2  13   1  14   2  15   1  16  10  17   5  18   3  19  10 
  0   7   1   4   2  12   3   8   4  11   5   9   6   9   7  11   8   7   9   5  10   4  11  13  12   3  13   6  14   2  15   8  16  12  17   7  18   8  19  10 
  0   2   1   2   2   8   3   7   4  11   5   1   6   9   7   7   8   1   9   1  10   2  11   6  12   1  13   1  14   2  15   1  16   5  17   3  18   1  19   9 
  0   5   1   4   2   9   3   7   4  10   5   2   6   9   7   5   8   2   9   1  10   3  11   9  12   3  13   3  14   1  15   4  16   8  17   4  18   5  19  10 
  0   7   1   4   2   9   3   8   4  11   5   7   6   9   7  11   8   7   9   3  10   3  11  12  12   4  13   6  14   2  15   7  16  13  17   9  18   4  19  10 
  0   5   1   3   2  12   3   8   4  11   5   5   6  11   7   9   8   6   9   4  10   4  11  10  12   3  13   4  14   1  15   3  16  13  17   5  18   5  19   9 
  0   1   1   3   2   8   3   4   4  11   5   2   6   9   7   6   8   1   9   1  10   2  11   6  12   1  13   1  14   2  15   1  16   8  17   3  18   2  19   9 
  0   1   1   2   2  10   3   6   4  11   5   1   6   9   7   5   8   1   9   1  10   2  11   7  12   1  13   1  14   2  15   1  16   6  17   3  18   1  19   8 
  0   8   1   4   2  12   3   8   4  10   5   8   6  10   7  11   8   7   9   7  10   3  11  13  12   2  13   6  14   2  15   8  16  13  17   9  18   6  19  10 
  0   6   1   3   2  11   3   7   4  10   5   5   6   9   7  10   8   2   9   4  10   2  11  11  12   3  13   2  14   1  15   4  16  13  17   5  18   5  19  10 
  0   1   1   2   2   8   3   4   4  11   5   1   6  10   7   5   8   1   9   1  10   2  11   7  12   1  13   1  14   1  15   1  16   6  17   3  18   1  19   9 
  0   7   1   4   2  10   3   8   4   9   5   7   6  10   7   9   8   7   9   6  10   4  11  11  12   4  13   2  14   2  15   6  16  10  17   9  18   6  19   9 
  0   4   1   4   2  11   3   5   4  10   5   9   6   9   7   8   8   4   9   4  10   4  11  10  12   1  13   5  14   1  15   5  16  12  17   7  18   8  19  10 


